# POSITION WT RMS_dPI dPI_A dPI_C dPI_G dPI_T Pr_dPI_A_lt0 Pr_dPI_A_gt0 Pr_dPI_C_lt0 Pr_dPI_C_gt0 Pr_dPI_G_lt0 Pr_dPI_G_gt0 Pr_dPI_T_lt0 Pr_dPI_T_gt0
20 C 0.0623423 -0.0930496 0.067529 -0.01888 0.0444006 1 0 0 1 0.9275 0.0725 0.0106667 0.989333
21 A 0.0316386 0.0416567 0.00738236 -0.0470119 -0.00202725 0.15 0.85 0.452333 0.547667 0.996 0.004 0.647667 0.352333
22 A 0.0129619 -0.0128757 -0.00841173 0.000423024 0.0208644 0.662333 0.337667 0.565667 0.434333 0.494667 0.505333 0.208 0.792
23 G 0.0531321 -0.0890856 0.0513361 0.0168845 0.0208649 0.999333 0.000666667 0.097 0.903 0.168 0.832 0.219667 0.780333
24 C 0.0140282 -0.00446593 0.0186471 -0.019719 0.0055379 0.535333 0.464667 0.342 0.658 0.929667 0.0703333 0.412 0.588
25 T 0.0317353 0.0262535 -0.0170993 0.0341849 -0.0433391 0.126 0.874 0.828667 0.171333 0.145333 0.854667 0.997667 0.00233333
26 T 0.0293017 0.0345989 -0.0364469 0.0222218 -0.0203739 0.061 0.939 0.996667 0.00333333 0.214667 0.785333 0.863 0.137
27 T 0.0381836 0.0594273 -0.0114476 -0.0465537 -0.00142596 0 1 0.799 0.201 0.927 0.073 0.548667 0.451333
28 C 0.102284 -0.141985 0.144315 -0.0218818 0.0195517 0.999667 0.000333333 0.0493333 0.950667 0.704 0.296 0.24 0.76
29 A 0.0368647 0.0303177 0.0117721 0.0207433 -0.0628331 0.031 0.969 0.368667 0.631333 0.067 0.933 1 0
30 G 0.059219 0.00336565 0.0929475 -0.0673771 -0.0289361 0.422333 0.577667 0.004 0.996 0.981667 0.0183333 0.971333 0.0286667
31 G 0.0579078 0.09527 -0.0550589 -0.0358685 -0.0043426 0 1 0.952333 0.0476667 0.831667 0.168333 0.556333 0.443667
32 T 0.0958925 -0.0656391 0.0734952 -0.120205 0.112349 0.990667 0.00933333 0 1 0.992333 0.00766667 0.000666667 0.999333
33 A 0.0420466 0.0421253 -0.0463798 -0.0374769 0.0417313 0.0543333 0.945667 0.845 0.155 0.966 0.034 0.0353333 0.964667
34 G 0.0465188 -0.0384284 -0.0344592 0.0772819 -0.00439429 0.944 0.056 0.863 0.137 0 1 0.642 0.358
35 A 0.0477347 0.0677562 -0.0148563 -0.0645524 0.0116526 0.00466667 0.995333 0.629667 0.370333 0.979333 0.0206667 0.286667 0.713333
36 T 0.0337299 0.0535295 -0.0357683 -0.0200232 0.00226195 0.001 0.999 0.948 0.052 0.694 0.306 0.417333 0.582667
37 T 0.0201485 -0.0123375 -0.014425 0.0346585 -0.00789601 0.758333 0.241667 0.829667 0.170333 0.275667 0.724333 0.602 0.398
38 G 0.0655957 -0.0140041 0.0148863 0.0911915 -0.0920737 0.711667 0.288333 0.265 0.735 0 1 0.986667 0.0133333
39 C 0.0352525 -0.0486197 0.0046579 -0.00647136 0.0504332 0.956333 0.0436667 0.397333 0.602667 0.537667 0.462333 0.0906667 0.909333
40 T 0.0327058 -0.048155 0.0101976 -0.00484772 0.0428051 0.988333 0.0116667 0.024 0.976 0.578667 0.421333 0.003 0.997
41 T 0.0418249 0.0249096 -0.055504 -0.0223066 0.052901 0.0826667 0.917333 0.999333 0.000666667 0.798333 0.201667 0.000666667 0.999333
42 T 0.0184522 0.0171726 -0.0234543 -0.0126261 0.0189079 0.309667 0.690333 0.914 0.086 0.589 0.411 0.204333 0.795667
43 C 0.108181 -0.074421 -0.0170494 -0.0899111 0.181382 0.988333 0.0116667 0.731 0.269 0.915 0.085 0 1
44 T 0.0550316 0.0146782 -0.018043 -0.0743678 0.0777326 0.176667 0.823333 0.859667 0.140333 0.998333 0.00166667 0 1
45 T 0.0127065 -0.0177228 0.0181747 0.000578943 -0.00103085 0.888 0.112 0.038 0.962 0.486333 0.513667 0.539 0.461
46 T 0.016506 0.00722743 -0.00125067 -0.0255508 0.0195741 0.326 0.674 0.542 0.458 0.804333 0.195667 0.0566667 0.943333
47 G 0.223265 -0.0207203 0.365785 -0.119494 -0.225571 0.991667 0.00833333 0 1 1 0 1 0
48 G 0.0402429 -0.0458558 -0.0200889 0.0629498 0.00299486 0.994333 0.00566667 0.812667 0.187333 0 1 0.302333 0.697667
49 C 0.068018 -0.107539 0.0564154 -0.00945031 0.0605737 1 0 0.015 0.985 0.774667 0.225333 0.000666667 0.999333
50 A 0.0614438 0.0984194 -0.0235799 -0.0695016 -0.00533795 0.023 0.977 0.689 0.311 1 0 0.700333 0.299667
51 T 0.0749369 -0.0407403 0.0130552 0.114462 -0.0867773 0.962667 0.0373333 0.227667 0.772333 0.005 0.995 0.996667 0.00333333
52 G 0.0666896 0.0552368 -0.00486489 -0.107182 0.0568098 0 1 0.617667 0.382333 0.980667 0.0193333 0.147667 0.852333
53 T 0.0751668 -0.00841244 0.0250543 -0.112636 0.095994 0.975667 0.0243333 0.0106667 0.989333 0.99 0.01 0.0206667 0.979333
54 C 0.0987881 -0.161503 0.080283 0.0806697 0.000549877 1 0 0.114333 0.885667 0.126667 0.873333 0.49 0.51
55 C 0.0476758 -0.0334549 0.0778904 -0.000787563 -0.0436479 0.994 0.006 0.0256667 0.974333 0.568667 0.431333 0.997 0.003
56 G 0.0264737 -0.0107067 0.0122006 0.0348819 -0.0363758 0.803 0.197 0.224 0.776 0.0776667 0.922333 0.974667 0.0253333
57 C 0.0168571 -0.0100884 0.0278959 -0.0159088 -0.00189864 0.639667 0.360333 0.212333 0.787667 0.972 0.028 0.592 0.408
58 A 0.00840041 -0.0107511 -0.00543694 0.00983977 0.00634825 0.646 0.354 0.616667 0.383333 0.228 0.772 0.313333 0.686667
59 A 0.0624038 0.0449092 -0.107553 0.0274345 0.0352096 0.068 0.932 0.972 0.028 0.0286667 0.971333 0.059 0.941
60 A 0.0454512 0.0351233 -0.0721787 -0.00527642 0.0423318 0.103667 0.896333 0.930667 0.0693333 0.603 0.397 0.0173333 0.982667
61 A 0.0926788 0.0547467 -0.160508 0.0513589 0.0544026 0.026 0.974 0.999667 0.000333333 0 1 0.00133333 0.998667
62 G 0.0551997 0.0527197 -0.08083 0.0492693 -0.021159 0.134667 0.865333 0.879667 0.120333 0.107333 0.892667 0.918667 0.0813333
63 A 0.0451148 -0.028279 0.0126924 -0.0516167 0.0672033 0.824667 0.175333 0.406 0.594 0.975333 0.0246667 0 1
64 G 0.0145942 0.0175606 0.00638929 -0.00158344 -0.0223664 0.213667 0.786333 0.423 0.577 0.523667 0.476333 0.684 0.316
65 T 0.0357666 -0.00242195 0.0383396 -0.0566639 0.0207462 0.556667 0.443333 0.0256667 0.974333 0.989667 0.0103333 0.111667 0.888333
66 T 0.0372856 0.0117297 0.0524698 -0.0146438 -0.0495557 0.213333 0.786667 0 1 0.988333 0.0116667 0.994 0.006
67 G 0.0247987 0.0181457 -0.0287909 0.0302732 -0.0196279 0.0283333 0.971667 0.963 0.037 0.18 0.82 0.773 0.227
68 C 0.0649914 -0.0955545 0.087652 -0.00108714 0.00898971 0.999667 0.000333333 0.0303333 0.969667 0.545 0.455 0.146667 0.853333
69 A 0.00955631 -0.0104594 -0.00746827 0.0134034 0.00452428 0.836 0.164 0.942667 0.0573333 0.00166667 0.998333 0.204333 0.795667
70 G 0.109833 0.00548788 0.01351 0.145194 -0.164192 0.350333 0.649667 0.316333 0.683667 0 1 1 0
71 A 0.0103872 0.00791644 -0.0152418 0.011071 -0.00374562 0.373333 0.626667 0.938333 0.0616667 0.228 0.772 0.990333 0.00966667
72 C 0.028121 -0.0261171 0.0412457 0.0106759 -0.0258044 0.758333 0.241667 0.173667 0.826333 0.361 0.639 0.946667 0.0533333
73 C 0.0208478 -0.00199932 0.0328855 -0.0248263 -0.0060599 0.656 0.344 0.204 0.796 0.762667 0.237333 0.992667 0.00733333
74 A 0.0228501 0.0304367 0.000766049 0.00276601 -0.0339688 0.152 0.848 0.501667 0.498333 0.125 0.875 0.974333 0.0256667
75 A 0.071767 -0.0198814 -0.0979594 0.0160983 0.101743 0.787333 0.212667 0.992333 0.00766667 0.007 0.993 0 1
76 G 0.104817 -0.00364439 -0.01875 0.15839 -0.135995 0.993 0.007 0.873667 0.126333 0.00133333 0.998667 1 0
77 A 0.088278 -0.150397 0.0426118 0.0754358 0.0323493 0.996 0.004 0.243 0.757 0.000333333 0.999667 0.0536667 0.946333
78 A 0.0242128 -0.0336842 -0.0105134 0.0299464 0.0142511 0.885 0.115 0.577 0.423 0.023 0.977 0.317333 0.682667
79 C 0.0865826 0.149265 -0.0622366 -0.0483005 -0.0387278 0.000333333 0.999667 0.863667 0.136333 0.721 0.279 0.887 0.113
80 T 0.050307 0.0755984 -0.0146161 0.00367768 -0.0646599 0.00833333 0.991667 0.820333 0.179667 0.48 0.52 0.975 0.025
81 A 0.0474187 -0.0695354 -0.0168171 0.0517715 0.0345809 1 0 0.986333 0.0136667 0.000666667 0.999333 0.0403333 0.959667
82 G 0.0702865 -0.00883308 -0.0998876 0.0979215 0.0107991 0.668333 0.331667 0.999333 0.000666667 0.000333333 0.999667 0.226 0.774
83 G 0.0763007 0.0336671 -0.0430732 0.105337 -0.0959304 0.126667 0.873333 0.979667 0.0203333 0.00166667 0.998333 0.986333 0.0136667
84 T 0.0746619 -0.0224724 0.0998769 0.0277111 -0.105116 0.965 0.035 0 1 0.162333 0.837667 1 0
85 G 0.0595052 0.0217088 -0.0225385 0.0816055 -0.0807758 0.228333 0.771667 0.833333 0.166667 0.00933333 0.990667 1 0
86 A 0.0262486 0.0254772 -0.0135156 -0.0364164 0.0244548 0.113667 0.886333 0.970667 0.0293333 0.996 0.004 0.0513333 0.948667
87 T 0.0276049 -0.0466975 0.0234689 0.0164564 0.00677214 0.965667 0.0343333 0.108 0.892 0.372 0.628 0.366 0.634
88 G 0.0362867 0.0390968 -0.0586303 0.00234854 0.0171849 0.0136667 0.986333 0.984 0.016 0.403667 0.596333 0.251333 0.748667
89 C 0.0643895 -0.101344 0.0355626 -0.00509123 0.0708723 1 0 0.036 0.964 0.845667 0.154333 0.000333333 0.999667
90 C 0.0324046 0.0390623 -0.0447117 -0.0153314 0.0209808 0.0633333 0.936667 0.966 0.034 0.643667 0.356333 0.151333 0.848667
91 C 0.0450875 -0.0273802 0.0778735 -0.0206204 -0.0298729 0.923 0.077 0.00833333 0.991667 0.870167 0.129833 0.910833 0.0891667
92 C 0.0834154 -0.0660471 0.0360067 0.119238 -0.0891974 0.987 0.013 0.299333 0.700667 0.187 0.813 0.971 0.029
93 A 0.0218927 0.011789 -0.00865315 -0.0307088 0.0275729 0.249 0.751 0.837 0.163 0.927667 0.0723333 0.154 0.846
94 T 0.0163534 0.0229036 0.00378492 -0.0226902 -0.00399829 0.0446667 0.955333 0.404333 0.595667 0.856667 0.143333 0.578 0.422
95 T 0.0466115 -0.000335892 0.0252639 -0.0746791 0.0497511 0.639333 0.360667 0.000666667 0.999333 1 0 0.000333333 0.999667
96 C 0.0626553 -0.00805262 0.0492379 -0.0992228 0.0580376 0.626 0.374 0.254333 0.745667 0.847 0.153 0.009 0.991
97 C 0.0438811 -0.0208489 -0.0405718 0.0739262 -0.0125054 0.699 0.301 0.864667 0.135333 0.205333 0.794667 0.638333 0.361667
98 T 0.0401912 -0.00992782 -0.000503113 0.0613764 -0.0509455 0.680333 0.319667 0.513667 0.486333 0.0486667 0.951333 0.996333 0.00366667
99 T 0.0385509 0.0131961 0.0334449 0.018895 -0.065536 0.266 0.734 0.00133333 0.998667 0.329667 0.670333 0.991667 0.00833333
100 G 0.015727 -0.0156099 0.0170107 0.0143883 -0.0157892 0.836 0.164 0.24 0.76 0.115667 0.884333 0.999667 0.000333333
101 A 0.0172879 -0.0242029 0.0116658 -0.0077855 0.0203226 0.745 0.255 0.425333 0.574667 0.667667 0.332333 0.185333 0.814667
102 T 0.0688882 0.0133533 0.0312564 0.069434 -0.114044 0.0346667 0.965333 0.073 0.927 0.144 0.856 0.978333 0.0216667
103 C 0.105535 -0.130527 0.163279 -0.0289593 -0.00379247 1 0 0.0123333 0.987667 0.683 0.317 0.608 0.392
104 G 0.0804931 -0.0511994 -0.0803114 0.129778 0.00173315 0.999667 0.000333333 0.993667 0.00633333 0 1 0.474667 0.525333
105 G 0.0283519 0.0465883 -0.0256575 -0.00131398 -0.0196168 0.00133333 0.998667 0.855333 0.144667 0.516667 0.483333 0.754 0.246
106 C 0.0317699 0.000716516 -0.0118155 -0.0382431 0.0493421 0.496333 0.503667 0.620667 0.379333 0.848333 0.151667 0.01 0.99
107 T 0.0336945 -0.00716193 -0.00928521 0.0544216 -0.0379745 0.635333 0.364667 0.735 0.265 0.09 0.91 0.860667 0.139333
108 T 0.200413 0.0175906 -0.0095396 0.279019 -0.28707 0.120667 0.879333 0.744667 0.255333 0.000333333 0.999667 1 0
109 C 0.0850916 -0.0413983 -0.049919 0.147116 -0.0557986 0.838 0.162 0.819333 0.180667 0.121 0.879 0.929 0.071
110 G 0.0735292 0.046995 0.0330434 -0.126975 0.0469369 0 1 0.127667 0.872333 1 0 0.0286667 0.971333
111 C 0.0475527 0.0282303 -0.0133668 -0.0705148 0.0556514 0.199 0.801 0.618667 0.381333 0.898 0.102 0.00566667 0.994333
112 C 0.0449906 -0.0117273 0.0730198 -0.0499956 -0.0112969 0.777 0.223 0.00633333 0.993667 0.914667 0.0853333 0.751667 0.248333
113 G 0.0919815 -0.0101983 -0.0300357 0.146661 -0.106427 0.734667 0.265333 0.801333 0.198667 0 1 1 0
114 A 0.107631 0.0695187 -0.185974 0.0665188 0.0499365 0.026 0.974 1 0 0 1 0 1
115 G 0.0632607 0.0611977 0.0330197 0.0109162 -0.105134 0.00666667 0.993333 0.149667 0.850333 0.29 0.71 1 0
116 A 0.0424295 -0.0211673 -0.0496852 0.0652117 0.00564079 0.807667 0.192333 0.821667 0.178333 0.00533333 0.994667 0.399 0.601
117 T 0.0240357 0.0143882 -0.0137145 -0.0312846 0.0306109 0.294 0.706 0.737 0.263 0.655333 0.344667 0.21 0.79
118 C 0.123526 -0.177148 0.164092 -0.0298189 0.0428749 1 0 0 1 0.880667 0.119333 0.0406667 0.959333
119 A 0.0659823 0.0344481 -0.114201 0.0381481 0.0416043 0.0676667 0.932333 0.997667 0.00233333 0.00266667 0.997333 0.00133333 0.998667
120 G 0.0443487 0.0132079 0.0284306 0.0340333 -0.0756718 0.362 0.638 0.402333 0.597667 0.270667 0.729333 0.993667 0.00633333
121 A 0.0442291 0.048707 0.0384863 -0.0528142 -0.0343792 0.0203333 0.979667 0.187 0.813 0.991333 0.00866667 0.97 0.03
122 A 0.0880313 0.133493 -0.0961272 0.0215619 -0.0589273 0 1 0.994333 0.00566667 0.100333 0.899667 0.996 0.004
123 G 0.0254577 -0.00240005 0.0364018 0.00148514 -0.0354869 0.534 0.466 0.147 0.853 0.483667 0.516333 0.736 0.264
124 T 0.0807543 0.0259924 -0.0312571 0.113128 -0.107863 0.132667 0.867333 0.946 0.054 0.0196667 0.980333 0.990333 0.00966667
125 C 0.104796 0.000604338 0.102874 -0.170042 0.0665632 0.491 0.509 0.025 0.975 0.973333 0.0266667 0.0426667 0.957333
126 C 0.0591111 0.00771954 0.0415339 -0.0987175 0.0494641 0.394 0.606 0.150333 0.849667 0.921 0.079 0.048 0.952
127 C 0.0399348 0.0268629 0.0147176 -0.0686257 0.0270452 0 1 0.001 0.999 1 0 0 1
128 T 0.0565998 0.0116191 0.00924715 -0.0890968 0.0682305 0.311 0.689 0.322 0.678 0.977333 0.0226667 0.00466667 0.995333
129 A 0.0535278 -0.0426434 0.072285 -0.059419 0.0297773 0.952667 0.0473333 0.0896667 0.910333 0.993333 0.00666667 0.0983333 0.901667
130 A 0.0516317 -0.0340623 0.0871712 -0.0108384 -0.0422706 0.962333 0.0376667 0.013 0.987 0.710667 0.289333 0.995 0.005
131 G 0.0656666 0.0160204 -0.0584721 -0.0583722 0.100824 0.260333 0.739667 0.884 0.116 0.988 0.012 0.00166667 0.998333
132 A 0.0364017 0.0108582 0.0178221 0.0328484 -0.0615287 0.367 0.633 0.344667 0.655333 0.0463333 0.953667 0.991667 0.00833333
133 G 0.0623225 0.0393007 -0.0936744 0.0704228 -0.0160491 0.0686667 0.931333 0.993667 0.00633333 0.001 0.999 0.805333 0.194667
134 G 0.0506115 0.0197758 -0.0297046 0.0717602 -0.0618314 0.255667 0.744333 0.934667 0.0653333 0.00266667 0.997333 0.991667 0.00833333
135 A 0.0513903 -0.00835051 -0.0807288 0.0423706 0.0467087 0.653333 0.346667 0.975333 0.0246667 0.000666667 0.999333 0.0353333 0.964667
136 A 0.0488974 0.0814051 -0.0488159 -0.019686 -0.0129032 0 1 0.907667 0.0923333 0.927 0.073 0.771667 0.228333
137 G 0.0449766 -0.0284368 0.0559435 0.0296916 -0.0571983 0.752333 0.247667 0.238667 0.761333 0.203667 0.796333 0.953333 0.0466667
138 A 0.0543049 0.0596061 -0.0858632 0.0293457 -0.00308858 0.0223333 0.977667 0.948 0.052 0.0373333 0.962667 0.555333 0.444667
139 G 0.0160748 -0.0133542 0.0204859 0.0107547 -0.0178864 0.724 0.276 0.301333 0.698667 0.255333 0.744667 0.82 0.18
140 G 0.0607875 0.00502358 -0.0911733 0.00611688 0.0800328 0.409 0.591 0.948 0.052 0.414 0.586 0.012 0.988
141 C 0.0157843 0.00535113 0.0193426 -0.0243659 -0.000327893 0.433333 0.566667 0.236333 0.763667 0.722333 0.277667 0.505667 0.494333
142 A 0.0353528 0.0245497 -0.0475591 0.0420825 -0.0190732 0.103 0.897 0.889 0.111 0.0103333 0.989667 0.858667 0.141333
143 G 0.0292685 0.0285843 0.000238799 -0.0475331 0.01871 0.0206667 0.979333 0.503667 0.496333 0.959 0.041 0.221 0.779
144 C 0.0466749 -0.0519872 -0.038113 0.0608597 0.0292405 0.979 0.021 0.942 0.058 0.0796667 0.920333 0.07 0.93
145 A 0.0459884 0.00162247 -0.0751021 0.0443924 0.0290873 0.477333 0.522667 0.936667 0.0633333 0.0196667 0.980333 0.124 0.876
146 C 0.088033 0.100292 0.0647267 -0.122104 -0.0429146 0.002 0.998 0.0173333 0.982667 0.983 0.017 0.912667 0.0873333
147 T 0.0495251 0.0825746 -0.0101334 -0.0246923 -0.0477489 0.000666667 0.999333 0.664667 0.335333 0.676 0.324 0.958333 0.0416667
148 C 0.0569861 -0.0147901 0.0945009 -0.0216401 -0.0580708 0.719333 0.280667 0.012 0.988 0.618333 0.381667 0.961 0.039
149 T 0.0571239 0.0108881 0.0140584 -0.0912934 0.0663469 0.228333 0.771667 0.149667 0.850333 0.996 0.004 0 1
150 T 0.0218992 -0.00428138 0.0159049 -0.0339138 0.0222902 0.586333 0.413667 0.0593333 0.940667 0.857333 0.142667 0.0266667 0.973333
151 G 0.0428739 0.00142901 0.0416048 0.0269275 -0.0699613 0.467 0.533 0.128 0.872 0.0793333 0.920667 0.999667 0.000333333
152 G 0.0215162 -0.0121843 -0.0236733 0.00211701 0.0337406 0.861333 0.138667 0.84 0.16 0.428333 0.571667 0.125667 0.874333
153 T 0.015958 0.0211672 0.00155647 -0.0238113 0.00108756 0.221667 0.778333 0.476667 0.523333 0.693 0.307 0.475333 0.524667
154 C 0.1412 -0.0272703 0.0683909 -0.212241 0.171121 0.913333 0.0866667 0 1 1 0 0 1
155 T 0.0189568 -0.0207568 -0.0111864 0.0295966 0.00234651 0.878 0.122 0.772 0.228 0.179 0.821 0.43 0.57
156 G 0.0260194 0.0113766 0.0323186 -0.00482567 -0.0388695 0.280333 0.719667 0.11 0.89 0.640667 0.359333 0.996333 0.00366667
157 G 0.106917 0.0665295 -0.112109 0.140457 -0.0948778 0.00366667 0.996333 0.985667 0.0143333 0 1 1 0
158 A 0.0376032 -0.0478277 0.0575646 -0.00294364 -0.00679329 1 0 0.039 0.961 0.546333 0.453667 0.729 0.271
159 C 0.025709 0.0181476 -0.0221322 0.0321311 -0.0281464 0.354 0.646 0.793667 0.206333 0.232333 0.767667 0.893 0.107
160 A 0.0505304 -0.0148895 -0.0727918 0.0644434 0.0232379 0.755667 0.244333 0.934333 0.0656667 0.00233333 0.997667 0.160667 0.839333
161 T 0.0593911 0.00365648 -0.00657005 0.0852674 -0.0823538 0.447333 0.552667 0.629667 0.370333 0.0553333 0.944667 1 0
162 C 0.0723764 -0.109063 -0.0152119 0.085644 0.0386309 1 0 0.814333 0.185667 0.0156667 0.984333 0.0366667 0.963333
163 G 0.0605133 0.023638 0.0647488 0.010534 -0.0989208 0.118333 0.881667 0.0543333 0.945667 0.263333 0.736667 1 0
164 A 0.0162074 -0.027722 0.00779483 0.013348 0.00657913 0.975667 0.0243333 0.43 0.57 0.242333 0.757667 0.336 0.664
165 A 0.0314553 -0.0252211 0.053423 -0.00818665 -0.0200152 0.968667 0.0313333 0.0576667 0.942333 0.674 0.326 0.857667 0.142333
166 A 0.0213705 0.0228892 -0.0350538 0.00631813 0.00584651 0.00666667 0.993333 0.841333 0.158667 0.303667 0.696333 0.384333 0.615667
167 C 0.0942511 -0.14592 0.0805461 -0.0203029 0.0856769 0.989 0.011 0.031 0.969 0.649333 0.350667 0.004 0.996
168 A 0.061971 0.0215733 -0.106005 0.0353307 0.049101 0.00433333 0.995667 1 0 0.00633333 0.993667 0 1
169 G 0.0405407 -0.0629764 0.0202844 -0.00400558 0.0466976 1 0 0.251667 0.748333 0.727333 0.272667 0.0303333 0.969667
170 C 0.0272625 -0.0142912 -0.0191006 0.04708 -0.0136882 0.715 0.285 0.846333 0.153667 0.137 0.863 0.91 0.09
171 C 0.0523717 -0.0546592 -0.0113274 0.0862761 -0.0202895 0.997667 0.00233333 0.815333 0.184667 0.0136667 0.986333 0.837 0.163
172 A 0.0248878 0.0252365 -0.0253574 -0.0244112 0.024532 0 1 0.806667 0.193333 0.989 0.011 0.0776667 0.922333
173 C 0.0241145 0.0282201 0.0182527 -0.0308728 -0.0156 0.2695 0.7305 0.0305 0.9695 0.777833 0.222167 0.836667 0.163333
174 C 0.0624424 0.0517841 0.0261626 -0.106768 0.0288214 0.000666667 0.999333 0.001 0.999 0.999333 0.000666667 0.0773333 0.922667
175 C 0.0590636 -0.0341001 0.0309615 0.0784707 -0.0753321 0.817667 0.182333 0.086 0.914 0.178 0.822 0.988667 0.0113333
176 G 0.037116 0.0308776 -0.0631178 0.0212863 0.0109539 0.0353333 0.964667 0.933667 0.0663333 0.22 0.78 0.391 0.609
177 T 0.042961 0.022943 -0.0286279 0.0577081 -0.0520232 0.129667 0.870333 0.969333 0.0306667 0.0446667 0.955333 1 0
178 G 0.104882 0.0986782 -0.170851 0.0712232 0.000949332 0 1 1 0 0 1 0.492667 0.507333
179 C 0.125341 0.0542014 0.0856351 -0.216195 0.0763581 0.001 0.999 0 1 1 0 0.000333333 0.999667
180 T 0.0146811 0.0157352 -0.0221793 0.0103586 -0.0039144 0.198 0.802 0.879333 0.120667 0.387333 0.612667 0.611667 0.388333
181 G 0.058215 0.027796 -0.0608926 0.0818466 -0.04875 0.063 0.937 0.913333 0.0866667 0.000333333 0.999667 0.978 0.022
182 G 0.0546024 -0.0838553 -0.00103265 0.0678401 0.0170478 0.999333 0.000666667 0.528 0.472 0.00133333 0.998667 0.272 0.728
183 A 0.0312392 -0.012139 0.0516217 -0.0322305 -0.00725228 0.796 0.204 0.143 0.857 0.887667 0.112333 0.687 0.313
184 A 0.0198396 0.0236787 0.0020921 0.00551718 -0.031288 0.016 0.984 0.486667 0.513333 0.356333 0.643667 0.933333 0.0666667
185 A 0.0138763 0.0107022 -0.0116392 -0.0156524 0.0165894 0.169333 0.830667 0.638333 0.361667 0.761333 0.238667 0.0916667 0.908333
186 G 0.0482982 0.00220262 -0.0568202 0.075298 -0.0206804 0.454667 0.545333 0.95 0.05 0 1 0.803 0.197
187 C 0.101291 -0.128213 0.152599 -0.0347474 0.0103614 0.992 0.008 0.001 0.999 0.686667 0.313333 0.383 0.617
188 A 0.076159 0.0822858 -0.0890834 0.068479 -0.0616815 0 1 0.985667 0.0143333 0.001 0.999 0.994 0.006
189 A 0.0383607 0.0160664 0.0268774 0.0231575 -0.0661013 0.101 0.899 0.256 0.744 0.0963333 0.903667 0.999667 0.000333333
190 A 0.0977093 0.0813665 -0.166549 0.0325632 0.0526198 0 1 1 0 0.062 0.938 0.000666667 0.999333
191 T 0.0989006 0.035282 0.0510188 -0.168756 0.0824555 0.0876667 0.912333 0.06 0.94 0.989 0.011 0.001 0.999
192 A 0.0164969 -0.00856083 0.0138503 -0.022763 0.0174736 0.706667 0.293333 0.384333 0.615667 0.822667 0.177333 0.191667 0.808333
193 G 0.0148781 0.0243574 -0.01581 -0.00595713 -0.00259023 0.0996667 0.900333 0.654667 0.345333 0.627333 0.372667 0.531333 0.468667
194 T 0.0346304 -0.00631748 0.00575599 -0.0483189 0.0488804 0.601 0.399 0.366 0.634 0.869667 0.130333 0.003 0.997
195 G 0.0352999 -0.02077 0.0595377 -0.00805411 -0.0307137 0.731 0.269 0.220667 0.779333 0.571667 0.428333 0.814333 0.185667
196 G 0.0564877 -0.00909822 0.0794754 0.00890132 -0.0792785 0.598 0.402 0.131 0.869 0.364 0.636 1 0
197 A 0.0783388 0.0711458 -0.13259 0.0276825 0.0337613 0.000333333 0.999667 0.997333 0.00266667 0.127667 0.872333 0.003 0.997
198 G 0.0317788 0.0474911 -0.00930898 0.00291563 -0.0410977 0.014 0.986 0.621 0.379 0.388667 0.611333 0.984333 0.0156667
199 C 0.0686248 0.0347351 -0.110371 0.00183954 0.0737961 0.191667 0.808333 0.997667 0.00233333 0.482333 0.517667 0 1
200 G 0.0589509 -0.0433302 0.0876447 -0.0631442 0.0188296 0.989 0.011 0.00766667 0.992333 1 0 0.197667 0.802333
201 G 0.084801 0.0962915 0.0284123 -0.13621 0.011506 0.00333333 0.996667 0.302667 0.697333 0.999667 0.000333333 0.266333 0.733667
202 A 0.0957928 -0.0768468 0.0553054 -0.106509 0.12805 0.989 0.011 0.227 0.773 0.998667 0.00133333 0 1
203 T 0.044421 -0.0671378 0.0273418 0.0502786 -0.0104826 0.994 0.006 0.0326667 0.967333 0.096 0.904 0.654667 0.345333
204 T 0.0284048 -0.0106192 -0.0150349 -0.0229462 0.0486003 0.629 0.371 0.731 0.269 0.719 0.281 0.0333333 0.966667
205 C 0.047921 -0.00281034 0.0208884 -0.0745298 0.0564517 0.583667 0.416333 0.0796667 0.920333 0.928333 0.0716667 0.0836667 0.916333
206 T 0.0957163 0.0696235 -0.00344554 -0.154739 0.088561 0.000333333 0.999667 0.585 0.415 1 0 0 1
207 G 0.0407823 0.0701896 -0.0165486 -0.0242068 -0.0294343 0.00533333 0.994667 0.671667 0.328333 0.869667 0.130333 0.953333 0.0466667
208 A 0.0544065 -0.0368001 0.0583033 -0.0692988 0.0477955 0.924333 0.0756667 0.0973333 0.902667 1 0 0.00333333 0.996667
209 A 0.020287 -0.0310968 0.0252525 0.00642041 -0.000576093 0.960667 0.0393333 0.267667 0.732333 0.382333 0.617667 0.505333 0.494667
210 G 0.0857225 0.0190715 0.126773 -0.0388435 -0.107002 0.226333 0.773667 0 1 0.974333 0.0256667 1 0
211 G 0.0613391 -0.0444114 0.0960273 -0.061334 0.00971811 0.875333 0.124667 0.116667 0.883333 0.88 0.12 0.170333 0.829667
212 A 0.0160108 0.00269294 -0.0135072 -0.014306 0.0251203 0.462333 0.537667 0.612 0.388 0.700333 0.299667 0.00333333 0.996667
213 A 0.0195907 -0.0128805 -0.0217402 0.0295033 0.00511739 0.695 0.305 0.652667 0.347333 0.033 0.967 0.387 0.613
214 G 0.0322227 0.0227147 -0.0200318 0.0388604 -0.0415433 0.316667 0.683333 0.721 0.279 0.190167 0.809833 0.922 0.078
215 A 0.0464063 -0.0503229 0.0710996 -0.0305231 0.00974649 0.964 0.036 0.0713333 0.928667 0.92 0.08 0.0886667 0.911333
216 A 0.196785 -0.209646 0.322058 -0.0349191 -0.077492 1 0 0 1 0.927667 0.0723333 0.997333 0.00266667
217 T 0.0528145 -0.0593435 0.0811951 0.00912973 -0.0309814 0.965667 0.0343333 0.019 0.981 0.456 0.544 0.866333 0.133667
218 C 0.0541262 -0.0332108 0.00613108 -0.0579143 0.084994 0.891667 0.108333 0.456333 0.543667 0.74 0.26 0.00866667 0.991333
219 T 0.0537132 0.0612966 0.0260899 -0.0842164 -0.00317007 0 1 0.069 0.931 0.987667 0.0123333 0.574667 0.425333
220 G 0.0888272 0.0690176 -0.0551956 0.101845 -0.115667 0.007 0.993 0.936667 0.0633333 0 1 1 0
221 A 0.00626004 0.00930982 -0.0083014 -0.00107775 6.93305e-05 0.128 0.872 0.745333 0.254667 0.578333 0.421667 0.455667 0.544333
222 T 0.0126763 0.0150136 -0.00176652 -0.0194 0.00615296 0.198 0.802 0.634667 0.365333 0.944333 0.0556667 0.418333 0.581667
223 G 0.00809585 -0.000437938 0.0133573 -0.00622907 -0.0066903 0.646 0.354 0.044 0.956 1 0 0.85 0.15
224 A 0.0673618 -0.109806 0.0629896 0.000718952 0.0460972 0.985667 0.0143333 0.142 0.858 0.386333 0.613667 0.0196667 0.980333
225 G 0.0595716 0.0175033 0.0817167 -0.083439 -0.0157811 0.281667 0.718333 0.214667 0.785333 0.914667 0.0853333 0.715 0.285
226 G 0.071596 -0.00300014 0.090216 -0.109002 0.0217859 0.562667 0.437333 0.014 0.986 0.999 0.001 0.165333 0.834667
227 C 0.038067 0.0189395 0.0340974 -0.0643906 0.0113537 0.299 0.701 0.281 0.719 0.855 0.145 0.0786667 0.921333
228 A 0.0369426 -0.058029 0.0399618 0.0219079 -0.00384067 0.963333 0.0366667 0.180667 0.819333 0.0576667 0.942333 0.565 0.435
229 C 0.0406637 -0.0470596 -0.00933242 -0.00869861 0.0650906 0.969833 0.0301667 0.613167 0.386833 0.619333 0.380667 0.113333 0.886667
230 T 0.0874228 -0.0239055 -0.0654689 0.148897 -0.0595228 0.88 0.12 0.999333 0.000666667 0.00333333 0.996667 0.963667 0.0363333
231 C 0.100334 -0.156628 -0.0155079 0.104496 0.0676399 1 0 0.586333 0.413667 0.160667 0.839333 0.0853333 0.914667
232 A 0.0290649 -0.0369219 0.0375408 -0.0177214 0.0171025 0.960333 0.0396667 0.172333 0.827667 0.891333 0.108667 0.218 0.782
233 A 0.0784333 0.0200372 -0.124027 0.0933229 0.0106668 0.158 0.842 0.994 0.006 0 1 0.262 0.738
234 A 0.0655608 0.0518212 -0.0831106 0.0752708 -0.0439814 0.000666667 0.999333 0.988 0.012 0 1 0.99 0.01
235 A 0.0967473 -0.134587 0.138598 0.00537468 -0.0093854 1 0 0.00733333 0.992667 0.401 0.599 0.809333 0.190667
236 T 0.0661117 -0.104908 0.0382995 -0.00405934 0.0706681 1 0 0.016 0.984 0.815667 0.184333 0.00333333 0.996667
237 G 0.0710867 0.00654633 0.0564522 0.0551009 -0.118099 0.366333 0.633667 0.258 0.742 0.143 0.857 1 0
238 A 0.00829789 -0.00497602 -0.0110482 0.00833393 0.00769032 0.607 0.393 0.989667 0.0103333 0.305333 0.694667 0.369667 0.630333
239 C 0.0360801 -0.0277856 -0.000204816 0.0589579 -0.0309675 0.948333 0.0516667 0.504667 0.495333 0.126333 0.873667 0.947333 0.0526667
240 C 0.159565 -0.072285 -0.098008 0.275558 -0.105265 1 0 1 0 0 1 1 0
241 A 0.0403106 0.0512076 -0.0301733 0.0265363 -0.0475706 0.002 0.998 0.862 0.138 0.0556667 0.944333 0.987 0.013
242 T 0.0629236 0.036919 0.019708 -0.107316 0.050689 0.024 0.976 0.0813333 0.918667 0.994667 0.00533333 0.005 0.995
243 G 0.123641 -0.0268942 0.208294 -0.107814 -0.0735862 0.844667 0.155333 0.004 0.996 0.997 0.003 0.997667 0.00233333
244 G 0.015737 0.000161079 0.00493033 -0.0243782 0.0192868 0.486 0.514 0.47 0.53 0.674667 0.325333 0.311 0.689
245 C 0.103042 -0.0101444 0.116439 -0.160759 0.0544642 0.776333 0.223667 0.016 0.984 0.993333 0.00666667 0.008 0.992
246 C 0.0577111 -0.00281448 0.0827349 -0.0804303 0.000509859 0.570667 0.429333 0.0216667 0.978333 0.905667 0.0943333 0.494333 0.505667
247 T 0.0425314 0.004633 0.0356678 -0.070796 0.0304951 0.406667 0.593333 0.05 0.95 0.977667 0.0223333 0.106 0.894
248 C 0.0352289 0.008364 -0.0401421 -0.0213805 0.0531586 0.400667 0.599333 0.873333 0.126667 0.650333 0.349667 0.042 0.958
249 T 0.0544835 0.0797712 0.0206863 -0.0545058 -0.0459518 0 1 0.0226667 0.977333 0.950667 0.0493333 0.998667 0.00133333
250 G 0.0383667 0.00632251 -0.0198051 0.0585337 -0.0450511 0.393333 0.606667 0.711667 0.288333 0.088 0.912 0.755333 0.244667
251 T 0.129122 -0.0489731 -0.000705423 0.202403 -0.152724 0.952667 0.0473333 0.495667 0.504333 0.00433333 0.995667 0.999333 0.000666667
252 A 0.041083 -0.0356258 -0.0394269 0.013956 0.0610967 0.843667 0.156333 0.766667 0.233333 0.255667 0.744333 0.00633333 0.993667
253 C 0.00813958 0.00943829 0.0040534 -0.000894071 -0.0125976 0.342333 0.657667 0.312 0.688 0.501 0.499 0.767333 0.232667
254 C 0.0171409 -0.025229 0.0117069 -0.00569438 0.0192164 0.869333 0.130667 0.152333 0.847667 0.556 0.444 0.056 0.944
255 T 0.0185876 0.0011243 0.0297439 -0.0123025 -0.0185656 0.470667 0.529333 0.00333333 0.996667 0.654667 0.345333 0.966 0.034
256 G 0.0290283 0.0267755 0.025766 -0.0437273 -0.00881415 0.0456667 0.954333 0.238333 0.761667 0.949 0.051 0.624333 0.375667
257 C 0.0481495 -0.0388801 0.0332068 -0.0547961 0.0604694 0.936667 0.0633333 0.0336667 0.966333 0.916667 0.0833333 0.00166667 0.998333
258 A 0.0225673 -0.0297928 -0.0138371 0.0235849 0.020045 0.800333 0.199667 0.590333 0.409667 0.240333 0.759667 0.166 0.834
259 T 0.0222798 0.0338598 -0.0117322 -0.0261737 0.00404613 0.0423333 0.957667 0.737333 0.262667 0.662333 0.337667 0.451333 0.548667
260 C 0.0906836 -0.106024 -0.015162 0.144498 -0.0233114 1 0 0.605 0.395 0.0626667 0.937333 0.765667 0.234333
261 G 0.0430423 0.0592306 -0.0298697 -0.0505905 0.0212295 0 1 0.877667 0.122333 0.998333 0.00166667 0.205667 0.794333
262 C 0.00891626 0.000820345 0.002056 0.0109909 -0.0138672 0.48 0.52 0.376667 0.623333 0.264 0.736 0.940667 0.0593333
263 G 0.0446806 0.0214804 -0.0368422 0.0626749 -0.047313 0.129 0.871 0.907667 0.0923333 0.001 0.999 0.971667 0.0283333
264 C 0.01252 0.0186197 -0.00135585 -0.000586714 -0.0166771 0.161 0.839 0.567333 0.432667 0.506 0.494 0.820333 0.179667
265 T 0.0656634 -0.0737426 0.0503139 -0.0553782 0.0788069 0.998333 0.00166667 0.00233333 0.997667 0.825333 0.174667 0.008 0.992
266 A 0.0539685 0.0378632 -0.0931905 0.0267264 0.0286009 0.00566667 0.994333 0.993333 0.00666667 0.0946667 0.905333 0.159667 0.840333
267 C 0.0565019 -0.0595378 0.0735405 -0.0501224 0.0361197 0.918667 0.0813333 0.022 0.978 0.71 0.29 0.179333 0.820667
268 C 0.0379416 0.0517754 -0.0211766 0.0175713 -0.0481701 0.086 0.914 0.904 0.096 0.393667 0.606333 0.996 0.004
269 T 0.0209341 -0.0276123 -0.00290741 -0.000807737 0.0313274 0.87 0.13 0.558667 0.441333 0.508 0.492 0.114667 0.885333
270 A 0.0249723 -0.0256108 -0.00675702 -0.009006 0.0413738 0.817 0.183 0.546 0.454 0.758667 0.241333 0.085 0.915
271 A 0.0259057 0.0115283 -0.0440105 0.00964425 0.022838 0.296 0.704 0.883 0.117 0.296 0.704 0.098 0.902
272 C 0.0171395 -0.0279415 0.00371385 0.0187105 0.00551714 0.767 0.233 0.437667 0.562333 0.327 0.673 0.433333 0.566667
273 T 0.0217724 -0.00681009 0.0092695 -0.0309014 0.028442 0.669333 0.330667 0.255333 0.744667 0.793333 0.206667 0.0916667 0.908333
274 G 0.13082 0.0842748 -0.143682 0.169246 -0.109839 0 1 0.998333 0.00166667 0 1 1 0
275 A 0.0496483 0.0659248 -0.0677026 0.0224355 -0.0206577 0 1 0.987333 0.0126667 0.0753333 0.924667 0.980667 0.0193333
276 C 0.0262559 0.00282726 -0.00763873 -0.0341973 0.0390087 0.48 0.52 0.56 0.44 0.758333 0.241667 0.067 0.933
277 A 0.0581345 -0.0320293 0.0988722 -0.0489601 -0.0178828 0.839667 0.160333 0.0336667 0.966333 0.992333 0.00766667 0.846 0.154
278 T 0.0413842 -0.0362319 -0.0415022 0.0189406 0.0587934 0.985333 0.0146667 0.977667 0.0223333 0.305 0.695 0.000666667 0.999333
279 G 0.0847652 -0.0277642 -0.0665166 0.144867 -0.0505857 0.825333 0.174667 0.888667 0.111333 0 1 1 0
280 A 0.072248 -0.0169599 0.120827 -0.0346432 -0.0692244 0.772 0.228 0.013 0.987 0.939667 0.0603333 1 0
281 C 0.0508287 0.0165652 0.0642464 -0.0769228 -0.00388883 0.324667 0.675333 0.0153333 0.984667 0.925333 0.0746667 0.565 0.435
282 T 0.0334733 0.0006204 0.0501111 -0.0438521 -0.0068794 0.478667 0.521333 0.053 0.947 0.805667 0.194333 0.632333 0.367667
283 C 0.0593074 -0.0722733 0.0841461 -0.0350484 0.0231756 0.970333 0.0296667 0.0483333 0.951667 0.707333 0.292667 0.162333 0.837667
284 T 0.0304814 0.0208186 -0.0405681 0.0367286 -0.0169791 0.108 0.892 0.993667 0.00633333 0.0826667 0.917333 0.917 0.083
285 T 0.213651 -0.168245 -0.0983668 0.366827 -0.100215 1 0 1 0 0 1 1 0
286 G 0.0669873 0.0359405 0.0493982 0.0300491 -0.115388 0.127667 0.872333 0.175667 0.824333 0.0473333 0.952667 1 0
287 A 0.0279531 0.0107295 0.0364002 -0.00661186 -0.0405178 0.314 0.686 0.233667 0.766333 0.645 0.355 0.99 0.01
288 G 0.0584508 0.0248313 -0.100474 0.0309898 0.0446534 0.0946667 0.905333 0.999667 0.000333333 0 1 0.00133333 0.998667
289 G 0.122772 -0.0824372 0.188703 0.0250995 -0.131365 0.997333 0.00266667 0.0233333 0.976667 0.313 0.687 0.999 0.001
290 A 0.053554 0.084599 -0.0345914 0.00555914 -0.0555668 0.001 0.999 0.754 0.246 0.371667 0.628333 0.999333 0.000666667
291 A 0.0375396 -0.0252539 0.0645351 -0.0252456 -0.0140356 0.938667 0.0613333 0.0673333 0.932667 0.875 0.125 0.868333 0.131667
292 A 0.0283801 -0.0444759 0.031484 0.0156604 -0.0026685 1 0 0.148 0.852 0.252 0.748 0.588 0.412
293 T 0.0342786 -0.0383109 0.0438059 -0.0282261 0.0227311 0.952 0.048 0.012 0.988 0.811 0.189 0.0376667 0.962333
294 G 0.081522 -0.0329997 0.133911 -0.0153075 -0.0856035 1 0 0 1 0.998 0.002 1 0
295 T 0.0420791 0.058229 -0.0605864 0.00421841 -0.00186103 0.0143333 0.985667 0.998667 0.00133333 0.473333 0.526667 0.541 0.459
296 C 0.121236 -0.204814 0.0631122 0.108409 0.0332921 1 0 0.0663333 0.933667 0.0573333 0.942667 0.100667 0.899333
297 A 0.0306396 -0.022647 -0.0318632 0.00800277 0.0465074 0.932667 0.0673333 0.841667 0.158333 0.339 0.661 0 1
298 A 0.0418219 0.0214747 0.0566292 -0.0508451 -0.0272587 0.173 0.827 0.123667 0.876333 0.983 0.017 0.992 0.008
299 G 0.0399431 0.00963241 -0.0675143 0.0342174 0.0236645 0.409667 0.590333 0.847333 0.152667 0.153333 0.846667 0.194 0.806
300 G 0.0351543 0.0547751 -0.000758338 -0.0114601 -0.0425566 0.017 0.983 0.516 0.484 0.723667 0.276333 0.922 0.078
301 C 0.0590382 0.00713476 -0.0595632 0.0931806 -0.0407522 0.432667 0.567333 0.960667 0.0393333 0.138333 0.861667 0.914333 0.0856667
302 A 0.0355017 0.00241507 0.0388417 -0.0572064 0.0159496 0.412333 0.587667 0.17 0.83 0.996 0.004 0.158333 0.841667
303 C 0.0844171 -0.0417998 -0.0278906 0.143361 -0.0736709 0.950667 0.0493333 0.983 0.017 0.00133333 0.998667 0.999667 0.000333333
304 T 0.0248158 -0.0401477 0.00772281 0.0277476 0.00467734 0.976333 0.0236667 0.232 0.768 0.182667 0.817333 0.321 0.679
305 G 0.108277 0.118665 -0.166441 0.0684422 -0.0206669 0 1 1 0 0 1 0.946667 0.0533333
306 G 0.0150088 -0.010206 -0.0115747 0.0254801 -0.00369944 0.723667 0.276333 0.756 0.244 0.188667 0.811333 0.540333 0.459667
307 T 0.0081989 0.00177738 -0.0091145 0.0124929 -0.00515578 0.478333 0.521667 0.846667 0.153333 0.39 0.61 0.588333 0.411667
308 T 0.0448652 -0.076176 0.0310322 0.0110223 0.0341215 1 0 0.0416667 0.958333 0.363333 0.636667 0.00333333 0.996667
309 C 0.0931555 -0.135969 0.109238 -0.0309853 0.0577158 1 0 0.001 0.999 0.859 0.141 0.0233333 0.976667
310 A 0.0514795 0.0428434 -0.0871715 0.031746 0.0125821 0.0283333 0.971667 0.983333 0.0166667 0.00466667 0.995333 0.288333 0.711667
311 T 0.0583724 0.0585615 0.037273 -0.0938438 -0.00199068 0.00866667 0.991333 0.0226667 0.977333 0.980333 0.0196667 0.538333 0.461667
312 G 0.0237732 -0.00784727 -0.0313436 0.0345737 0.00461724 0.749 0.251 0.902333 0.0976667 0.00266667 0.997333 0.434 0.566
313 C 0.0631891 0.0674946 0.0585035 -0.0577304 -0.0682677 0 1 0 1 0.979333 0.0206667 1 0
314 T 0.0244874 -0.0166567 -0.0260008 0.00496987 0.0376875 0.834333 0.165667 0.957 0.043 0.465667 0.534333 0.077 0.923
315 C 0.0916258 -0.147934 0.103478 0.0215863 0.0228696 1 0 0.00166667 0.998333 0.370333 0.629667 0.187667 0.812333
316 A 0.0249473 0.020562 -0.0426324 0.0127101 0.00936031 0.166667 0.833333 0.858333 0.141667 0.242333 0.757667 0.311333 0.688667
317 T 0.0291661 0.00249716 0.0374991 -0.0443945 0.0043982 0.44 0.56 0.00766667 0.992333 0.859333 0.140667 0.415667 0.584333
318 G 0.0140705 -0.0147339 -0.00701992 -0.00114253 0.0228964 0.865667 0.134333 0.594333 0.405667 0.530667 0.469333 0.220667 0.779333
319 C 0.0440981 0.01678 0.0620809 -0.0557621 -0.0230989 0.235667 0.764333 0.00433333 0.995667 0.926667 0.0733333 0.934 0.066
320 C 0.0636214 -0.0194188 0.0857889 -0.0890931 0.022723 0.827667 0.172333 0.00166667 0.998333 0.949667 0.0503333 0.084 0.916
321 C 0.0634908 -0.0975406 -0.00332678 0.0779288 0.0229385 1 0 0.562333 0.437667 0.0423333 0.957667 0.127 0.873
322 A 0.0239409 0.039687 -0.00266079 -0.0220528 -0.0149735 0.00233333 0.997667 0.526667 0.473333 0.952333 0.0476667 0.830667 0.169333
323 A 0.0468869 0.0495683 -0.0688623 0.0361836 -0.0168896 0 1 0.997667 0.00233333 0.000666667 0.999333 0.858 0.142
324 G 0.0416854 -0.0149303 -0.0616059 0.0396074 0.0369288 0.870333 0.129667 0.995667 0.00433333 0 1 0.0516667 0.948333
325 C 0.0767928 -0.104135 0.0964841 -0.0374411 0.0450924 0.997333 0.00266667 0.00566667 0.994333 0.808667 0.191333 0.00733333 0.992667
326 A 0.0310254 -0.00207649 -0.0327239 -0.0155362 0.0503366 0.529 0.471 0.807667 0.192333 0.870667 0.129333 0.00733333 0.992667
327 G 0.0677685 0.0416176 0.079408 -0.0217248 -0.0993008 0.0876667 0.912333 0.013 0.987 0.828667 0.171333 1 0
328 A 0.0533361 0.0644348 -0.0824434 0.0205812 -0.00257265 0.0106667 0.989333 0.961667 0.0383333 0.148667 0.851333 0.544333 0.455667
329 A 0.078491 0.0323261 -0.113586 0.101437 -0.0201777 0.001 0.999 0.999667 0.000333333 0 1 0.847667 0.152333
330 A 0.0467565 0.0245366 -0.0402098 0.0644184 -0.0487451 0.0866667 0.913333 0.867 0.133 0.000666667 0.999333 0.999667 0.000333333
331 G 0.0597352 -0.0934307 0.0674236 0.0311662 -0.00515906 1 0 0.0616667 0.938333 0.122 0.878 0.551 0.449
332 T 0.0547915 0.0252047 0.0243351 -0.0938853 0.0443454 0.129 0.871 0.0463333 0.953667 0.993333 0.00666667 0.00766667 0.992333
333 G 0.0548455 0.0359357 0.0538588 -0.00125973 -0.0885348 0.113667 0.886333 0.171 0.829 0.537333 0.462667 1 0
334 G 0.0367686 -0.0244019 -0.046641 0.0279935 0.0430495 0.949333 0.0506667 0.973667 0.0263333 0.00333333 0.996667 0.014 0.986
335 C 0.0391579 0.0671605 -0.0140663 -0.0293295 -0.0237647 0.00433333 0.995667 0.852 0.148 0.857667 0.142333 0.91 0.09
336 A 0.0437024 -0.0417066 -0.0432922 0.0568792 0.0281196 1 0 0.939333 0.0606667 0 1 0.0533333 0.946667
337 G 0.0745052 -0.0167222 -0.0299617 0.123185 -0.0765006 0.784667 0.215333 0.724667 0.275333 0.006 0.994 0.999 0.001
338 G 0.0489601 -0.0431355 -0.00713372 0.081762 -0.0314928 0.999667 0.000333333 0.663667 0.336333 0.00533333 0.994667 0.811333 0.188667
339 C 0.0258311 0.0379074 0.00461108 -0.0336456 -0.00887279 0.107667 0.892333 0.465667 0.534333 0.712333 0.287667 0.675667 0.324333
340 C 0.0197369 -0.0112924 -0.0230647 0.00475928 0.0295978 0.675667 0.324333 0.567667 0.432333 0.603333 0.396667 0.123667 0.876333
341 C 0.00953417 -0.00490574 0.0101928 -0.0131712 0.00788413 0.997667 0.00233333 0.362667 0.637333 0.665333 0.334667 0.245333 0.754667
342 T 0.0307991 -0.00449305 0.0131885 0.0378566 -0.0465521 0.835333 0.164667 0.312 0.688 0.215333 0.784667 0.925333 0.0746667
343 C 0.0642306 0.0213529 -0.104103 0.0115006 0.0712498 0.107333 0.892667 0.937667 0.0623333 0.564667 0.435333 0.134333 0.865667
344 T 0.0601025 0.0194571 0.0586821 0.0224698 -0.100609 0.00233333 0.997667 0.00233333 0.997667 0.101667 0.898333 1 0
345 T 0.0308508 -0.00055671 0.0505441 -0.0238279 -0.0261594 0.549 0.451 0 1 0.922667 0.0773333 0.903667 0.0963333
346 T 0.0102906 -0.00741145 0.00131136 -0.0101471 0.0162472 0.868333 0.131667 0.396333 0.603667 0.977333 0.0226667 0.0973333 0.902667
347 G 0.0224308 -0.00574924 -0.00468633 -0.0256294 0.0360649 0.83375 0.16625 0.986417 0.0135833 0.645167 0.354833 0.295917 0.704083
348 T 0.029454 -0.011071 -0.00724089 0.0487003 -0.0303883 0.874 0.126 0.981333 0.0186667 0.275667 0.724333 0.630333 0.369667
349 A 0.0151455 0.018604 -0.0232298 0.00556213 -0.000936347 0.273 0.727 0.9265 0.0735 0.232333 0.767667 0.521 0.479
350 T 0.0630653 0.0795927 0.0266282 -0.0129642 -0.0932566 0 1 0.006 0.994 0.625 0.375 0.983 0.017
351 C 0.0445832 -0.00372542 -0.0480454 -0.0204195 0.0721903 0.740667 0.259333 0.945667 0.0543333 0.907667 0.0923333 0.005 0.995
352 A 0.0252468 -0.0294204 -0.0109762 0.00086398 0.0395326 0.832 0.168 0.640333 0.359667 0.388 0.612 0.000666667 0.999333
353 G 0.0888879 0.0669706 0.0702767 -0.148505 0.0112574 0.004 0.996 0.026 0.974 1 0 0.143 0.857
354 A 0.0963247 -0.130623 -0.00483364 0.141396 -0.00593974 1 0 0.578667 0.421333 0 1 0.832333 0.167667
355 A 0.146632 -0.225252 0.184459 0.00611976 0.0346726 1 0 0 1 0.207 0.793 0.027 0.973
356 T 0.0310347 0.0472641 0.00441426 -0.0143521 -0.0373263 0.0583333 0.941667 0.203667 0.796333 0.940667 0.0593333 0.876333 0.123667
357 G 0.0248118 0.0310314 -0.0230628 -0.0256165 0.0176478 0.037 0.963 0.779333 0.220667 0.698 0.302 0.241 0.759
358 G 0.0224506 0.00881577 -0.0346306 0.0271537 -0.00133888 0.146333 0.853667 0.918 0.082 0.172667 0.827333 0.563667 0.436333
359 A 0.0182392 0.012033 -0.0272163 0.0204348 -0.00525144 0.301 0.699 0.972667 0.0273333 0.084 0.916 0.983667 0.0163333
360 C 0.0655485 0.10106 -0.0820518 -0.0149901 -0.00401803 0.00266667 0.997333 0.986667 0.0133333 0.994 0.006 0.859333 0.140667
361 C 0.0242068 -0.0107761 0.0417685 -0.0142955 -0.0166969 0.832667 0.167333 0.00566667 0.994333 0.958667 0.0413333 0.994667 0.00533333
362 A 0.0778579 -0.117809 0.100895 0.00368215 0.0132325 0.999333 0.000666667 0.00866667 0.991333 0.174 0.826 0.089 0.911
363 G 0.141711 0.0871185 0.139856 -0.230578 0.00360376 0 1 0.00166667 0.998333 1 0 0.338 0.662
364 G 0.0123611 0.00887243 -0.0138166 0.0153045 -0.0103604 0.161667 0.838333 0.949333 0.0506667 0.201667 0.798333 0.989333 0.0106667
365 C 0.00580993 -0.00770363 0.000723681 0.0085294 -0.00154945 0.994667 0.00533333 0.458333 0.541667 0.402667 0.597333 0.627 0.373
366 G 0.0457844 -0.00184604 0.0659517 -0.0634937 -0.000612005 1 0 0.054 0.946 0.937667 0.0623333 0.57 0.43
367 A 0.0208738 0.0322387 -0.0260206 -0.00122224 -0.00499588 0.0975 0.9025 0.884333 0.115667 0.672 0.328 0.9855 0.0145
368 T 0.126219 -0.00139171 -0.00132214 0.179847 -0.177133 0.614333 0.385667 1 0 0 1 1 0
369 C 0.0198366 -0.00517123 0.0320246 -0.0224017 -0.00445162 0.999333 0.000666667 0.095 0.905 0.870333 0.129667 0.986333 0.0136667
370 A 0.0243016 -0.0405063 0.020898 0.0166065 0.00300186 0.848667 0.151333 0.292667 0.707333 0.000333333 0.999667 0.162 0.838
371 T 0.0532237 0.0763136 0.00663708 -0.00967256 -0.0732782 0 1 0.160333 0.839667 0.979333 0.0206667 0.9995 0.0005
372 G 0.0791643 0.00581837 0.0368898 -0.128034 0.085326 0.212667 0.787333 0.158667 0.841333 0.999333 0.000666667 0 1
373 G 0.0496164 -0.00478488 0.0720027 -0.0681106 0.000892791 0.778 0.222 0.205667 0.794333 0.783 0.217 0.442 0.558
374 A 0.0489461 -0.0486055 -0.0292701 0.0797504 -0.00187484 0.959 0.041 0.961667 0.0383333 0 1 0.588 0.412
375 T 0.0160039 -0.00102401 0.0196368 -0.0245483 0.00593555 0.544333 0.455667 0.0896667 0.910333 0.84 0.16 0.455 0.545
376 A 0.00789089 -0.00345061 0.00900142 -0.0111637 0.00561287 0.516667 0.483333 0.435 0.565 0.987667 0.0123333 0.327333 0.672667
377 A 0.0232663 -0.036447 -0.00352502 0.0164084 0.0235636 0.943667 0.0563333 0.599 0.401 0.0183333 0.981667 0.00233333 0.997667
378 G 0.134622 0.206849 -0.0208308 -0.170374 -0.0156445 0 1 0.932 0.068 1 0 0.995 0.005
379 A 0.0335075 -0.0281295 -0.0218416 0.0564031 -0.00643203 0.864667 0.135333 0.966333 0.0336667 0 1 0.804167 0.195833
380 A 0.00745683 0.00900101 -0.0100771 0.0049693 -0.00389319 0.256333 0.743667 0.968167 0.0318333 0.218167 0.781833 0.673 0.327
381 C 0.190882 0.280458 -0.25824 -0.0198479 -0.00236998 0 1 1 0 0.857667 0.142333 0.627667 0.372333
382 A 0.106753 0.107189 -0.171755 0.0677203 -0.00315467 0.00133333 0.998667 1 0 0 1 0.565 0.435
383 T 0.0321412 0.0294731 -0.037117 -0.0266466 0.0342905 0.099 0.901 0.987667 0.0123333 0.662667 0.337333 0.189 0.811
384 C 0.083836 -0.0886176 0.0694668 -0.077751 0.0969018 0.999333 0.000666667 0.003 0.997 0.957667 0.0423333 0 1
385 A 0.0189687 -0.0249791 0.00503068 0.0271644 -0.00721602 0.849667 0.150333 0.463667 0.536333 0.0573333 0.942667 0.682 0.318
386 T 0.0353368 0.0235765 0.0445715 -0.0260055 -0.0421425 0.167333 0.832667 0.001 0.999 0.644 0.356 0.807 0.193
387 A 0.0275877 -0.0409133 0.0343117 -0.0059551 0.0125567 0.974 0.026 0.202 0.798 0.668 0.332 0.190667 0.809333
388 C 0.033061 -0.0545715 0.0058037 0.0151309 0.0336369 0.979333 0.0206667 0.389667 0.610333 0.307333 0.692667 0.025 0.975
389 T 0.0245074 -0.0169769 -0.0268882 0.00728335 0.0365817 0.868333 0.131667 0.982667 0.0173333 0.439667 0.560333 0.124 0.876
390 G 0.0314551 0.0304481 -0.0269467 0.0321488 -0.0356502 0.150333 0.849667 0.658667 0.341333 0.196 0.804 0.902333 0.0976667
391 A 0.0406859 0.0571257 0.0196994 -0.0353378 -0.0414873 0.0156667 0.984333 0.281667 0.718333 0.996667 0.00333333 0.981 0.019
392 A 0.0385313 0.0659166 -0.0317417 -0.0181196 -0.0160553 0.00133333 0.998667 0.823333 0.176667 0.848 0.152 0.828 0.172
393 A 0.0183449 -0.00550186 -0.0253098 0.025421 0.00539072 0.618 0.382 0.839333 0.160667 0.076 0.924 0.338 0.662
394 G 0.0412208 0.0475901 -0.0113238 0.0251447 -0.061411 0.000333333 0.999667 0.607 0.393 0.288 0.712 0.933667 0.0663333
395 C 0.130207 -0.101444 -0.0413586 0.222428 -0.0796249 1 0 0.898667 0.101333 0 1 1 0
396 G 0.0560964 0.0799708 -0.0166203 0.0125346 -0.0758851 0.0123333 0.987667 0.584 0.416 0.387 0.613 0.995667 0.00433333
397 A 0.0191003 -0.0152764 0.0239021 -0.0218828 0.0132571 0.664333 0.335667 0.317333 0.682667 0.897667 0.102333 0.261 0.739
398 A 0.0177278 0.0152438 0.000888081 0.0130742 -0.0292061 0.305 0.695 0.492667 0.507333 0.275 0.725 0.933 0.067
399 C 0.0335835 -0.0263981 0.0456316 -0.0374317 0.0181982 0.726333 0.273667 0.0376667 0.962333 0.855667 0.144333 0.235333 0.764667
400 T 0.0067775 0.00302723 0.00676322 0.00146505 -0.0112555 0.449 0.551 0.34 0.66 0.493 0.507 0.672333 0.327667
401 T 0.0448567 0.0445934 -0.044813 -0.0448996 0.0451192 0.00566667 0.994333 0.997667 0.00233333 0.858 0.142 0.095 0.905
402 C 0.134975 -0.0803723 -0.135357 0.219269 -0.00353973 0.999667 0.000333333 0.997 0.003 0.00566667 0.994333 0.529667 0.470333
403 A 0.0108016 0.00835453 -0.00208399 -0.01679 0.0105194 0.349333 0.650667 0.521333 0.478667 0.901667 0.0983333 0.24 0.76
404 G 0.0113281 -0.0141152 0.0100955 0.0121111 -0.00809136 0.821333 0.178667 0.364667 0.635333 0.316 0.684 0.614333 0.385667
405 T 0.0376128 -0.0138623 0.0529231 0.011316 -0.0503768 0.773667 0.226333 0.00233333 0.997667 0.359 0.641 0.991667 0.00833333
406 G 0.0732331 0.0671371 -0.0224196 0.0655118 -0.110229 0 1 0.796333 0.203667 0.009 0.991 0.992667 0.00733333
407 T 0.049786 -0.00666721 0.0305247 -0.0777079 0.0538504 0.658 0.342 0.0156667 0.984333 0.978667 0.0213333 0.0163333 0.983667
408 G 0.077628 0.0623307 0.0663825 -0.00300044 -0.125713 0.0533333 0.946667 0.255333 0.744667 0.481333 0.518667 1 0
409 A 0.0983895 -0.122753 0.152275 -0.0186621 -0.0108601 0.989 0.011 0.03 0.97 0.840667 0.159333 0.646667 0.353333
410 T 0.0414704 -0.034842 -0.0458007 0.052889 0.0277538 0.902 0.098 0.995667 0.00433333 0.136 0.864 0.165 0.835
411 T 0.0259986 -0.0395198 -0.0043534 0.012978 0.0308952 0.979667 0.0203333 0.590333 0.409667 0.355 0.645 0.067 0.933
412 T 0.0589333 -0.0333519 -0.0186695 0.100437 -0.0484156 0.986667 0.0133333 0.847667 0.152333 0.00433333 0.995667 0.986333 0.0136667
413 T 0.0839493 -0.0635815 -0.0461173 0.144302 -0.0346035 1 0 0.997667 0.00233333 0.002 0.998 0.915667 0.0843333
414 T 0.0332387 0.00169895 0.0472841 -0.00234545 -0.0466376 0.464 0.536 0.00666667 0.993333 0.52 0.48 0.925667 0.0743333
415 G 0.0589068 0.0584417 0.000973524 0.0362415 -0.0956567 0.0273333 0.972667 0.536 0.464 0.147 0.853 1 0
416 A 0.0594179 0.0294011 -0.0669142 0.0823034 -0.0447903 0.143333 0.856667 0.914333 0.0856667 0 1 0.992667 0.00733333
417 C 0.0565054 -0.0192293 -0.0835323 0.0598686 0.042893 0.721 0.279 0.998333 0.00166667 0.0253333 0.974667 0.008 0.992
418 C 0.0234348 0.0280255 -0.00655736 0.0131185 -0.0345867 0.012 0.988 0.758667 0.241333 0.266667 0.733333 0.998667 0.00133333
419 G 0.0458832 0.00311266 0.0241173 0.0474546 -0.0746846 0.420667 0.579333 0.193667 0.806333 0.003 0.997 1 0
420 G 0.0522998 0.066305 -0.0490333 0.0360368 -0.0533086 0 1 0.98 0.02 0.007 0.993 0.997333 0.00266667
421 C 0.0378088 -0.0623084 0.0330355 0.00206873 0.0272041 0.998667 0.00133333 0.0563333 0.943667 0.486667 0.513333 0.08 0.92
422 T 0.0250882 -0.00153329 0.00397733 -0.0365527 0.0341086 0.541333 0.458667 0.351 0.649 0.815333 0.184667 0.113 0.887
423 G 0.0184609 -0.0199991 0.0224915 -0.0163173 0.0138249 0.865333 0.134667 0.201333 0.798667 0.905 0.095 0.188667 0.811333
424 G 0.0726141 -0.00599526 0.057345 0.0650127 -0.116362 0.556667 0.443333 0.188 0.812 0.025 0.975 1 0
425 A 0.0367909 0.0551466 -0.0477956 -0.00923027 0.00187926 0.0423333 0.957667 0.807 0.193 0.709 0.291 0.457667 0.542333
426 G 0.0658015 0.0771272 0.0246789 0.00191467 -0.103721 0.008 0.992 0.299 0.701 0.475333 0.524667 1 0
427 A 0.0704308 -0.107252 0.024863 0.0877069 -0.00531789 1 0 0.197333 0.802667 0 1 0.594 0.406
428 C 0.0482136 -0.0831282 0.0341588 0.027808 0.0211614 0.984667 0.0153333 0.179 0.821 0.340667 0.659333 0.216333 0.783667
429 T 0.0200775 -0.0137583 -0.00648564 0.0343724 -0.0141284 0.711333 0.288667 0.621333 0.378667 0.322667 0.677333 0.635667 0.364333
430 C 0.0598842 -0.0172361 0.0174149 -0.0829873 0.0828084 0.759333 0.240667 0.255 0.745 0.933333 0.0666667 0.0106667 0.989333
431 T 0.0422513 -0.048497 -0.00907368 -0.0102608 0.0678315 0.995 0.005 0.702333 0.297667 0.577333 0.422667 0.022 0.978
432 A 0.0326007 -0.0553387 0.0226628 0.00792997 0.024746 0.979667 0.0203333 0.360667 0.639333 0.159 0.841 0.271667 0.728333
433 A 0.0464301 -0.0431478 0.0661233 0.0211088 -0.0440843 0.969333 0.0306667 0.149667 0.850333 0.264 0.736 0.995667 0.00433333
434 T 0.0216641 -0.0255877 -0.0160555 0.0138306 0.0278126 0.804 0.196 0.647667 0.352333 0.455333 0.544667 0.202 0.798
435 A 0.0338215 -0.00199255 0.0281386 -0.054534 0.028388 0.497 0.503 0.424 0.576 0.913667 0.0863333 0.281667 0.718333
436 T 0.0372381 0.00421733 0.0141424 -0.0599755 0.0416158 0.420333 0.579667 0.292 0.708 0.915 0.085 0.0296667 0.970333
437 T 0.11688 -0.0130454 -0.00810929 -0.15402 0.175174 0.659333 0.340667 0.666667 0.333333 0.993 0.007 0 1
438 A 0.0764354 0.0564764 -0.131504 0.0315169 0.0435109 0.07 0.93 0.970333 0.0296667 0.143333 0.856667 0.0863333 0.913667
439 C 0.059571 -0.0217312 0.0231945 -0.0819213 0.080458 0.676 0.324 0.0826667 0.917333 0.979333 0.0206667 0.000333333 0.999667
440 T 0.065708 -0.044426 -0.00117091 -0.0616277 0.107225 0.942333 0.0576667 0.538667 0.461333 0.794333 0.205667 0.013 0.987
441 A 0.0612806 -0.039242 0.00787264 -0.0647122 0.0960816 0.981 0.019 0.42 0.58 0.999 0.001 0 1
442 A 0.0548464 0.0931512 -0.0173559 -0.0474281 -0.0283672 0 1 0.658333 0.341667 1 0 0.974 0.026
443 G 0.0253767 -0.0211191 -0.0222131 0.0403427 0.00298946 0.789667 0.210333 0.722667 0.277333 0.201667 0.798333 0.456667 0.543333
444 G 0.0772826 0.0214424 -0.1261 0.0843661 0.0202916 0.265 0.735 0.963 0.037 0.0146667 0.985333 0.261333 0.738667
445 G 0.0203213 -0.0328206 0.00323426 0.0227459 0.00684045 0.968 0.032 0.492 0.508 0.323 0.677 0.45 0.55
446 C 0.102842 0.033321 -0.101835 0.153585 -0.0850704 0.197 0.803 1 0 0.00233333 0.997667 1 0
447 C 0.0692612 -0.055497 -0.0817413 0.0708228 0.0664155 0.941 0.059 0.991333 0.00866667 0.200667 0.799333 0.0326667 0.967333
448 T 0.0566382 -0.0772451 0.00767709 -0.0120451 0.0816131 1 0 0.119667 0.880333 0.671333 0.328667 0.000333333 0.999667
449 T 0.0596457 -0.0330799 0.0136064 -0.0701427 0.0896161 0.961667 0.0383333 0.160333 0.839667 0.911333 0.0886667 0.00766667 0.992333
450 C 0.0793491 -0.0976985 0.075257 -0.0585097 0.0809512 1 0 0.00133333 0.998667 0.906333 0.0936667 0.00366667 0.996333
451 A 0.0185365 0.0313138 -0.0104011 -0.00466808 -0.0162445 0.0966667 0.903333 0.666 0.334 0.627333 0.372667 0.790333 0.209667
452 C 0.0238469 -0.025127 -0.000980579 0.0385642 -0.0124566 0.688667 0.311333 0.516 0.484 0.181333 0.818667 0.781 0.219
453 C 0.0127059 -0.0199224 0.00951131 0.0124236 -0.00201248 0.962 0.038 0.203 0.797 0.269 0.731 0.551667 0.448333
454 G 0.0603867 0.00801758 -0.0142453 0.0876704 -0.0814427 0.256333 0.743667 0.698 0.302 0.00866667 0.991333 1 0
455 A 0.0244761 0.0303746 -0.0336909 -0.0112479 0.0145642 0.136667 0.863333 0.891667 0.108333 0.922 0.078 0.135667 0.864333
456 A 0.0356969 0.032712 -0.0567643 -0.00402929 0.0280817 0.0736667 0.926333 0.998333 0.00166667 0.637 0.363 0.015 0.985
457 G 0.0439441 -0.0161453 0.00574795 0.0659299 -0.0555326 0.761 0.239 0.504333 0.495667 0.231333 0.768667 0.98 0.02
458 A 0.0635925 -0.0779073 -0.0138197 0.0992889 -0.00756198 1 0 0.713667 0.286333 0 1 0.788667 0.211333
459 G 0.032332 0.0106682 -0.00840417 0.0435582 -0.0458223 0.256333 0.743667 0.974333 0.0256667 0.0286667 0.971333 0.983 0.017
460 G 0.100858 -0.158224 0.122364 0.0223088 0.0135516 1 0 0.0296667 0.970333 0.315333 0.684667 0.269667 0.730333
461 G 0.0246895 -0.00412072 -0.0309867 0.0381069 -0.00299949 0.631 0.369 0.795333 0.204667 0.162333 0.837667 0.613333 0.386667
462 G 0.021874 0.0335462 -0.0154015 0.004833 -0.0229777 0.03 0.97 0.717333 0.282667 0.435 0.565 0.946333 0.0536667
463 A 0.0517843 0.0681022 -0.076932 -0.00367855 0.0125083 0 1 0.995 0.005 0.591667 0.408333 0.0313333 0.968667
464 C 0.0204119 0.0314884 -0.0247635 0.00106582 -0.00779069 0.344 0.656 0.624 0.376 0.497333 0.502667 0.739667 0.260333
465 A 0.013867 0.0150947 0.0111517 -0.0191452 -0.00710121 0.258667 0.741333 0.396333 0.603667 0.907667 0.0923333 0.634 0.366
466 A 0.0470241 -0.0418235 0.03552 0.0570699 -0.0507664 0.997667 0.00233333 0.239667 0.760333 0.0766667 0.923333 1 0
467 T 0.0471053 -0.0217441 -0.00866902 -0.0475038 0.077917 0.821 0.179 0.628333 0.371667 0.789667 0.210333 0.004 0.996
468 T 0.034637 -0.00971273 0.0552015 -0.0403898 -0.00509902 0.705667 0.294333 0.00366667 0.996333 0.833 0.167 0.654333 0.345667
469 G 0.04944 0.0280582 -0.0234323 0.062611 -0.0672369 0.0636667 0.936333 0.680667 0.319333 0.038 0.962 0.898667 0.101333
470 T 0.0471752 -0.0562197 0.0445486 -0.03711 0.0487811 1 0 0.009 0.991 0.866667 0.133333 0 1
471 T 0.043551 -0.0171117 -0.017847 0.0738902 -0.0389316 0.879 0.121 0.895333 0.104667 0.0373333 0.962667 0.930667 0.0693333
472 G 0.114142 -0.00938609 0.159327 0.012778 -0.162719 0.769333 0.230667 0 1 0.346 0.654 1 0
473 G 0.0173126 0.00792833 -0.000493001 0.0198213 -0.0272567 0.239667 0.760333 0.514333 0.485667 0.319333 0.680667 0.868667 0.131333
474 C 0.0473245 -0.0580434 -0.022998 0.0107163 0.0703252 0.997 0.003 0.852333 0.147667 0.254667 0.745333 0 1
475 G 0.158557 0.0246246 -0.0684773 0.239072 -0.195219 0.1 0.9 0.928 0.072 0 1 1 0
476 A 0.0408324 -0.0355581 0.062202 0.0109755 -0.0376194 0.713667 0.286333 0.214667 0.785333 0.287 0.713 0.995667 0.00433333
477 A 0.0560698 -0.030635 0.0949638 -0.0155876 -0.0487412 0.929333 0.0706667 0.00766667 0.992333 0.778 0.222 0.965 0.035
478 A 0.0417713 0.0544598 -0.0269422 0.0243792 -0.0518967 0.113333 0.886667 0.659 0.341 0.044 0.956 0.923333 0.0766667
479 T 0.0570345 0.00390381 -0.0208296 -0.0703388 0.0872645 0.447667 0.552333 0.868 0.132 0.944333 0.0556667 0.006 0.994
480 T 0.0455652 -0.0662851 0.0220495 -0.0128571 0.0570927 0.998333 0.00166667 0.114 0.886 0.711 0.289 0 1
481 T 0.0165977 0.0101514 -0.00995959 -0.0213052 0.0211135 0.353 0.647 0.875667 0.124333 0.655333 0.344667 0.277 0.723
482 C 0.139732 -0.181754 0.209546 -0.0335246 0.00573229 1 0 0.00133333 0.998667 0.682333 0.317667 0.375 0.625
483 A 0.0187443 0.0168106 -0.0241943 0.0196634 -0.0122798 0.269667 0.730333 0.839 0.161 0.094 0.906 0.817 0.183
484 C 0.0501291 -0.0644755 0.0761637 -0.00228021 -0.00940799 0.980333 0.0196667 0.012 0.988 0.609333 0.390667 0.81 0.19
485 C 0.0691616 -0.0977843 0.0974097 0.00662322 -0.00624861 1 0 0 1 0.316667 0.683333 0.711333 0.288667
486 A 0.030968 -0.012788 -0.0447853 0.0266102 0.0309631 0.656333 0.343667 0.877 0.123 0.0483333 0.951667 0.0166667 0.983333
487 C 0.040268 -0.065829 0.0146434 0.00787032 0.0433153 0.999333 0.000666667 0.154333 0.845667 0.359333 0.640667 0.00566667 0.994333
488 T 0.0563747 0.0212411 -0.0433637 -0.060129 0.0822516 0.044 0.956 0.999333 0.000666667 0.996667 0.00333333 0 1
489 G 0.0172042 -0.00434775 -0.0262344 0.0174309 0.0131512 0.676333 0.323667 0.892667 0.107333 0.303333 0.696667 0.334667 0.665333
490 C 0.0236842 -0.0141877 0.0100513 0.0331559 -0.0290195 0.702333 0.297667 0.374667 0.625333 0.121 0.879 0.904333 0.0956667
491 C 0.067886 -0.0863663 0.103482 -0.0162975 -0.000818634 0.996333 0.00366667 0 1 0.979667 0.0203333 0.560667 0.439333
492 C 0.039623 0.0525886 -0.0468185 -0.0284366 0.0226665 0.00966667 0.990333 0.880333 0.119667 0.882667 0.117333 0.042 0.958
493 T 0.0367296 0.0557912 -0.0349611 0.0101322 -0.0309623 0.013 0.987 1 0 0.441 0.559 0.77 0.23
494 C 0.0154387 0.0153148 -0.0255723 0.00761027 0.00264721 0.285667 0.714333 0.641 0.359 0.495333 0.504667 0.439333 0.560667
495 T 0.017902 0.00098286 0.0147746 -0.0295412 0.0137837 0.464667 0.535333 0.198667 0.801333 0.942333 0.0576667 0.316333 0.683667
496 C 0.0582925 -0.077105 0.0652705 -0.0348052 0.0466397 0.9985 0.0015 0.107333 0.892667 0.8105 0.1895 0.0303333 0.969667
497 T 0.0121975 -0.0159742 0.0160158 -0.00647967 0.00643802 0.963 0.037 0.09 0.91 0.614 0.386 0.404667 0.595333
498 T 0.0190851 0.0101094 -0.00197032 -0.0297382 0.0215992 0.151667 0.848333 0.560667 0.439333 0.936333 0.0636667 0.197667 0.802333
499 C 0.0562812 -0.0495472 0.0922803 -0.0411992 -0.00153382 0.985 0.015 0.001 0.999 0.971 0.029 0.551333 0.448667
500 C 0.0449361 -0.0573719 -0.030119 0.0386947 0.0487961 1 0 0.867 0.133 0.174333 0.825667 0.0123333 0.987667
501 A 0.0537631 -0.0640479 -0.0423812 0.0532027 0.0532264 0.946333 0.0536667 0.805667 0.194333 0 1 0.00266667 0.997333
502 G 0.0295413 0.00333119 0.0388301 -0.0443517 0.00219047 0.451 0.549 0.154667 0.845333 0.949667 0.0503333 0.436333 0.563667
503 G 0.0357964 -0.0108287 0.0608081 -0.0194369 -0.0305425 0.602333 0.397667 0.246 0.754 0.648667 0.351333 0.975 0.025
504 A 0.0718036 -0.114869 0.0721104 -0.00425422 0.0470127 0.996333 0.00366667 0.055 0.945 0.723 0.277 0.002 0.998
505 C 0.0581027 -0.088074 0.0575689 -0.01611 0.046615 0.949 0.051 0.025 0.975 0.735667 0.264333 0.0626667 0.937333
506 A 0.0371334 0.0125172 -0.0472668 -0.0181283 0.052878 0.352667 0.647333 0.855333 0.144667 0.84 0.16 0.001 0.999
507 T 0.0555749 -0.0688838 -0.000619714 -0.0162067 0.0857102 0.998 0.002 0.501667 0.498333 0.700667 0.299333 0.00166667 0.998333
508 A 0.0240766 0.040248 -0.00652249 -0.0102454 -0.0234801 0.137 0.863 0.562333 0.437667 0.684 0.316 0.867667 0.132333
509 C 0.0860682 0.133145 -0.101575 0.00753583 -0.0391054 0 1 0.999667 0.000333333 0.377 0.623 0.994333 0.00566667
510 T 0.116424 0.108652 -0.00886772 0.0867753 -0.18656 0 1 0.778 0.222 0.00266667 0.997333 1 0
511 G 0.0994616 0.155151 -0.115022 0.00698465 -0.0471138 0 1 0.979333 0.0206667 0.384333 0.615667 0.989 0.011
512 A 0.0585067 0.00289121 -0.0889738 0.0109292 0.0751533 0.470333 0.529667 0.951 0.049 0.216667 0.783333 0 1
513 T 0.0343092 -0.00402912 0.053446 -0.00717624 -0.0422406 0.617333 0.382667 0.005 0.995 0.570667 0.429333 0.974333 0.0256667
514 G 0.0467383 -0.00103881 -0.0438698 0.0763239 -0.0314153 0.999 0.001 0.640667 0.359333 0.2 0.8 0.823 0.177
515 A 0.0114966 0.0181054 -0.0137896 -0.0013163 -0.00299957 0.0296667 0.970333 0.959333 0.0406667 0.996333 0.00366667 0.988333 0.0116667
516 G 0.0416993 0.0138936 -0.0705411 0.0187903 0.0378573 0.27 0.73 0.972 0.028 0.188333 0.811667 0.03 0.97
517 G 0.038539 0.0651186 -0.0319935 -0.0245746 -0.00855046 0.00933333 0.990667 0.739667 0.260333 0.714333 0.285667 0.832 0.168
518 A 0.0427342 0.0471519 -0.0678687 -0.00106096 0.0217778 0.207333 0.792667 0.855333 0.144667 1 0 0.074 0.926
519 T 0.0153438 -0.0177496 0.00131105 0.0238694 -0.00743081 0.903667 0.0963333 0.473 0.527 0.310333 0.689667 0.584 0.416
520 G 0.058734 -0.0435438 -0.0161811 -0.040342 0.100067 0.96 0.04 0.766667 0.233333 0.930667 0.0693333 0.0186667 0.981333
521 T 0.0329515 -0.0265387 0.0349723 -0.0387152 0.0302816 0.879333 0.120667 0.0403333 0.959667 0.705333 0.294667 0.265 0.735
522 C 0.0602393 -0.0756715 0.0131337 -0.0264412 0.0889791 1 0 0.360333 0.639667 0.700333 0.299667 0 1
523 A 0.0765795 0.0650434 -0.110827 0.077189 -0.0314057 0.003 0.997 0.997667 0.00233333 0 1 0.993333 0.00666667
524 A 0.0315313 -0.00704809 -0.0424862 0.0459251 0.00360918 0.634 0.366 0.872667 0.127333 0.00166667 0.998333 0.424 0.576
525 A 0.0249098 -0.00722681 -0.0318609 0.0375816 0.00150608 0.618333 0.381667 0.751333 0.248667 0.0456667 0.954333 0.456333 0.543667
526 A 0.0382493 -0.0466916 0.0594868 -0.00132775 -0.0114674 0.997333 0.00266667 0.009 0.991 0.540333 0.459667 0.693333 0.306667
527 A 0.0592096 -0.0818395 0.0721806 0.0369908 -0.0273318 1 0 0.0303333 0.969667 0.0383333 0.961667 0.999667 0.000333333
528 T 0.0562715 0.0296779 0.0626086 -0.00367608 -0.0886104 0.0923333 0.907667 0.000333333 0.999667 0.998667 0.00133333 1 0
529 G 0.0335425 -0.043974 -0.00466999 0.0504157 -0.00177175 0.981333 0.0186667 0.920333 0.0796667 0.0246667 0.975333 0.535333 0.464667
530 C 0.0182382 -0.0239309 0.0174705 -0.0114626 0.017923 0.991 0.009 0.183 0.817 0.737333 0.262667 0.0643333 0.935667
531 A 0.0217576 -0.0282678 -0.0132108 0.0152738 0.0262047 0.998333 0.00166667 0.931333 0.0686667 0.0676667 0.932333 0.037 0.963
532 G 0.0191066 0.0274922 -0.0125646 0.00728632 -0.022214 0.0546667 0.945333 0.609333 0.390667 0.408667 0.591333 0.997667 0.00233333
533 T 0.0391508 -0.0537596 0.0175798 -0.0156555 0.0518354 0.999667 0.000333333 0.150667 0.849333 0.975333 0.0246667 0.001 0.999
534 T 0.0354809 0.0499743 0.0135697 -0.0447162 -0.0188278 0.00133333 0.998667 0.134333 0.865667 0.926 0.074 0.811 0.189
535 G 0.0303947 0.00671319 -0.0384791 -0.012971 0.0447369 0.377333 0.622667 0.870333 0.129667 0.691 0.309 0.00466667 0.995333
536 G 0.0320078 0.0227455 -0.0552218 0.0176201 0.0148562 0.134667 0.865333 0.938667 0.0613333 0.219333 0.780667 0.295333 0.704667
537 G 0.070384 0.0713559 -0.116366 0.0317233 0.0132869 0.001 0.999 0.997333 0.00266667 0.0986667 0.901333 0.294333 0.705667
538 G 0.121927 -0.0253611 -0.0765733 -0.103569 0.205503 0.883333 0.116667 0.951333 0.0486667 0.996667 0.00333333 0 1
539 T 0.0298088 0.0212858 0.0113102 0.0186448 -0.0512408 0.0226667 0.977333 0.321 0.679 0.342 0.658 0.973333 0.0266667
540 C 0.0174177 0.0151936 -0.024604 -0.00819874 0.0176091 0.223667 0.776333 0.671667 0.328333 0.555333 0.444667 0.320667 0.679333
541 C 0.0441392 -0.0269453 0.0762392 -0.0291003 -0.0201935 0.844 0.156 0.000666667 0.999333 0.918 0.082 0.808 0.192
542 T 0.0385031 -0.0024604 0.0204834 -0.0606929 0.0426698 0.567 0.433 0.075 0.925 0.996 0.004 0.0576667 0.942333
543 C 0.0662005 -0.0545372 -0.0187342 -0.0392602 0.112532 0.988 0.012 0.721 0.279 0.892667 0.107333 0 1
544 A 0.0320185 -0.0269891 0.0355179 0.0279415 -0.0364702 0.844 0.156 0.216667 0.783333 0.0443333 0.955667 0.951333 0.0486667
545 T 0.0695378 0.00785221 0.03715 -0.114391 0.0693891 0.271667 0.728333 0.009 0.991 0.975333 0.0246667 0.0413333 0.958667
546 C 0.0519797 -0.0650167 0.0297961 -0.0327501 0.0679707 1 0 0.223667 0.776333 0.695333 0.304667 0.000333333 0.999667
547 G 0.0383333 -0.0380323 0.0574505 0.011996 -0.0314142 0.974 0.026 0.0666667 0.933333 0.292 0.708 0.999333 0.000666667
548 G 0.047716 -0.00699029 0.0786224 -0.0482926 -0.0233395 0.631333 0.368667 0.0576667 0.942333 0.933 0.067 0.797 0.203
549 A 0.0437288 -0.0564836 -0.0274595 0.0514898 0.0324532 0.989667 0.0103333 0.782667 0.217333 0 1 0.058 0.942
550 G 0.0584778 0.0103102 0.0495859 0.0383153 -0.0982114 0.340333 0.659667 0.294333 0.705667 0.267333 0.732667 1 0
551 G 0.0901962 0.1067 0.0441447 -0.01285 -0.137995 0.00566667 0.994333 0.324667 0.675333 0.586667 0.413333 1 0
552 A 0.0273348 -0.031606 -0.0203625 0.036587 0.0153815 0.890667 0.109333 0.658667 0.341333 0.0323333 0.967667 0.280667 0.719333
553 C 0.0462399 -0.0336004 -0.0101168 0.0782748 -0.0345576 0.841333 0.158667 0.633333 0.366667 0.0736667 0.926333 0.871 0.129
554 T 0.080654 -0.00370725 0.0157123 -0.119333 0.107328 0.566333 0.433667 0.112667 0.887333 0.985 0.015 0.002 0.998
555 T 0.096665 -0.0301635 0.0141637 0.142421 -0.126421 0.955333 0.0446667 0.11 0.89 0 1 1 0
556 G 0.0748231 0.0664749 0.0377657 0.022431 -0.126671 0.0156667 0.984333 0.208 0.792 0.168333 0.831667 1 0
557 A 0.0214598 0.0283066 0.0114677 -0.0121955 -0.0275788 0.086 0.914 0.405 0.595 0.828333 0.171667 0.881 0.119
558 A 0.0422083 0.0286952 -0.0496848 0.0530029 -0.0320132 0.131667 0.868333 0.849 0.151 0.001 0.999 0.934333 0.0656667
559 T 0.0518656 0.015122 -0.0566899 0.0775897 -0.0360218 0.233333 0.766667 0.997 0.003 0.046 0.954 0.929 0.071
560 G 0.102196 0.0232336 -0.0682053 0.155852 -0.11088 0.206333 0.793667 0.822667 0.177333 0.001 0.999 1 0
561 G 0.0969108 0.0273544 -0.0648799 0.145066 -0.107541 0.16 0.84 0.888667 0.111333 0 1 1 0
562 A 0.104259 -0.0793858 0.178598 -0.0362181 -0.0629941 0.991333 0.00866667 0.000333333 0.999667 0.998333 0.00166667 1 0
563 A 0.083719 0.0806359 -0.0960889 0.0857678 -0.0703148 0.00133333 0.998667 0.977 0.023 0.000333333 0.999667 1 0
564 T 0.0883948 0.145398 -0.0335501 -0.0189534 -0.0928941 0 1 0.935333 0.0646667 0.682333 0.317667 0.998667 0.00133333
565 A 0.0593332 0.0103354 0.0642738 0.0221113 -0.0967205 0.393667 0.606333 0.197 0.803 0.193667 0.806333 0.996667 0.00333333
566 A 0.0866231 0.088095 -0.102637 0.083473 -0.0689314 0 1 0.982 0.018 0 1 1 0
567 T 0.0282928 -0.0279077 0.0439922 0.0053446 -0.0214291 0.779 0.221 0.132 0.868 0.495667 0.504333 0.732333 0.267667
568 A 0.046965 0.0152115 0.0641519 -0.0654376 -0.0139258 0.317 0.683 0.103333 0.896667 0.992 0.008 0.707 0.293
569 A 0.0276599 0.0432332 -0.0255615 -0.0226496 0.00497792 0.0476667 0.952333 0.750667 0.249333 0.909333 0.0906667 0.409333 0.590667
570 C 0.0777779 -0.0117659 -0.001768 -0.102696 0.11623 0.592333 0.407667 0.523 0.477 0.997667 0.00233333 0 1
571 A 0.0148855 0.0119058 0.0174832 -0.0128183 -0.0165708 0.293 0.707 0.324667 0.675333 0.737333 0.262667 0.817333 0.182667
572 C 0.0436235 -0.00870301 -0.0377578 0.0733868 -0.026926 0.612 0.388 0.947333 0.0526667 0.0236667 0.976333 0.989 0.011
573 A 0.0169838 -0.0146071 0.0143754 0.0192699 -0.0190381 0.764 0.236 0.339667 0.660333 0.168333 0.831667 0.939333 0.0606667
574 G 0.0724855 0.0942105 -0.0756013 0.0466072 -0.0652164 0 1 0.991 0.009 0.00966667 0.990333 0.987333 0.0126667
575 T 0.0448711 -0.0283609 -0.0207226 -0.0284455 0.077529 0.880667 0.119333 0.906333 0.0936667 0.748333 0.251667 0.00366667 0.996333
576 T 0.0421298 0.0665878 -0.0187498 -0.0481051 0.000267174 0.00133333 0.998667 0.893333 0.106667 0.921 0.079 0.512667 0.487333
577 C 0.119824 -0.170452 0.0598753 0.151929 -0.0413526 1 0 0.123667 0.876333 0.0223333 0.977667 0.996667 0.00333333
578 G 0.0606339 0.0147794 0.0568764 0.0300707 -0.101726 0.305333 0.694667 0.146 0.854 0.086 0.914 1 0
579 A 0.041491 -0.00545564 0.00308871 -0.057314 0.0596809 0.596333 0.403667 0.502 0.498 0.994667 0.00533333 0.000666667 0.999333
580 G 0.0383222 0.0499213 -0.0574924 0.00869518 -0.00112415 0.001 0.999 0.890333 0.109667 0.322 0.678 0.521333 0.478667
581 T 0.0313781 -0.0497318 0.00175879 0.0364621 0.0115109 0.989667 0.0103333 0.449 0.551 0.217667 0.782333 0.325667 0.674333
582 C 0.0983984 -0.127632 -0.0282559 0.146829 0.00905935 1 0 0.888333 0.111667 0.00433333 0.995667 0.388333 0.611667
583 T 0.0439099 0.0568169 -0.0587596 -0.0217178 0.0236605 0.005 0.995 0.999667 0.000333333 0.699667 0.300333 0.0856667 0.914333
584 C 0.0589627 -0.0265005 0.100731 -0.0248199 -0.0494105 0.765667 0.234333 0.0296667 0.970333 0.737333 0.262667 0.949333 0.0506667
585 T 0.0236839 -0.0170884 0.023682 -0.0294609 0.0228672 0.862667 0.137333 0.031 0.969 0.897667 0.102333 0.105 0.895
586 G 0.0703175 0.0823846 0.0266015 0.00182894 -0.110815 0.1 0.9 0.446333 0.553667 0.453333 0.546667 1 0
587 A 0.0281444 0.0228543 -0.0379038 0.0309359 -0.0158864 0.216667 0.783333 0.799667 0.200333 0.0603333 0.939667 0.866333 0.133667
588 A 0.00738753 -0.012313 0.00239312 0.00738519 0.00253467 0.747667 0.252333 0.487667 0.512333 0.354 0.646 0.449667 0.550333
589 A 0.0757435 0.0177528 -0.10066 -0.0258658 0.108773 0.213333 0.786667 0.992667 0.00733333 0.877667 0.122333 0.000333333 0.999667
590 C 0.0148094 0.0203597 0.00700754 -0.00925794 -0.0181093 0.354667 0.645333 0.375333 0.624667 0.593667 0.406333 0.763 0.237
591 T 0.0506499 0.084481 -0.00601819 -0.036973 -0.0414898 0.000333333 0.999667 0.599333 0.400667 0.764 0.236 0.937333 0.0626667
592 C 0.0580619 -0.0470564 0.0867653 -0.058285 0.0185761 0.981 0.019 0.00666667 0.993333 0.860333 0.139667 0.31 0.69
593 T 0.0553547 -0.0589965 -0.0290749 0.0890488 -0.000977463 0.998667 0.00133333 0.952333 0.0476667 0.02 0.98 0.511333 0.488667
594 A 0.0594778 -0.0214577 0.090587 0.00477089 -0.0739001 0.815 0.185 0.0513333 0.948667 0.427667 0.572333 1 0
595 C 0.0639519 0.0627304 0.0208738 0.0233658 -0.10697 0.0743333 0.925667 0.258 0.742 0.232333 0.767667 1 0
596 A 0.0355107 0.0439453 -0.0551311 0.00792164 0.00326413 0.000666667 0.999333 0.980667 0.0193333 0.319 0.681 0.388667 0.611333
597 G 0.0283919 -0.0250939 0.0290035 0.0275904 -0.0315 0.668667 0.331333 0.418667 0.581333 0.192667 0.807333 0.869333 0.130667
598 A 0.0877439 0.142609 -0.0835764 -0.0589376 -9.49195e-05 0 1 0.988 0.012 0.997333 0.00266667 0.496333 0.503667
599 G 0.0708712 0.034667 0.00107321 0.0776529 -0.113393 0.210667 0.789333 0.496 0.504 0.004 0.996 1 0
600 A 0.0335086 0.0122461 -0.0413553 0.0477766 -0.0186674 0.273333 0.726667 0.768 0.232 0.0893333 0.910667 0.787333 0.212667
601 T 0.0305136 -0.0517465 0.0182466 0.0254838 0.00801606 0.928667 0.0713333 0.0776667 0.922333 0.365333 0.634667 0.420667 0.579333
602 T 0.0280618 0.0322363 -0.0352195 -0.0193149 0.0222981 0.0923333 0.907667 0.993 0.007 0.662 0.338 0.205667 0.794333
603 C 0.107163 -0.0998437 0.151112 -0.102503 0.0512347 1 0 0 1 0.949667 0.0503333 0.0326667 0.967333
604 G 0.0293537 0.00406359 -0.000127061 0.0393977 -0.0433343 0.422333 0.577667 0.505333 0.494667 0.00433333 0.995667 0.945 0.055
605 C 0.0260913 0.0372553 0.00532112 -0.0354371 -0.00713938 0.0876667 0.912333 0.441 0.559 0.752667 0.247333 0.596333 0.403667
606 T 0.0485711 -0.00783653 0.072334 -0.000131575 -0.0643659 0.740667 0.259333 0 1 0.494 0.506 1 0
607 T 0.0198251 -0.0110928 0.0236873 0.013811 -0.0264055 0.794667 0.205333 0.0496667 0.950333 0.342 0.658 0.985667 0.0143333
608 G 0.0345147 0.0273686 0.0143751 0.0174563 -0.0592 0.047 0.953 0.397667 0.602333 0.286667 0.713333 0.997333 0.00266667
609 G 0.0492327 0.0115619 0.0644599 -0.00253544 -0.0734863 0.312333 0.687667 0.265 0.735 0.512667 0.487333 0.950667 0.0493333
610 A 0.0584048 -0.0799353 0.0850282 -0.00500321 -8.96948e-05 0.999333 0.000666667 0.043 0.957 0.629667 0.370333 0.504667 0.495333
611 G 0.0400164 0.0641266 -0.0282894 0.00270399 -0.0385412 0.006 0.994 0.911667 0.0883333 0.464 0.536 0.990333 0.00966667
612 A 0.0759291 0.0382035 -0.100378 -0.0381689 0.100343 0.0953333 0.904667 0.987667 0.0123333 0.993333 0.00666667 0 1
613 A 0.050894 -0.0540059 0.0826419 -0.0244287 -0.00420734 0.982333 0.0176667 0.0473333 0.952667 0.882333 0.117667 0.599667 0.400333
614 G 0.0733828 -0.0159087 0.123767 -0.045204 -0.0626538 0.869333 0.130667 0 1 1 0 0.997333 0.00266667
615 C 0.0184034 -0.00750057 -0.0157388 -0.00813806 0.0313775 0.589333 0.410667 0.712 0.288 0.561 0.439 0.0146667 0.985333
616 A 0.0515245 0.0289127 0.0624495 -0.0749188 -0.0164434 0.0676667 0.932333 0.0763333 0.923667 1 0 0.785 0.215
617 G 0.0363074 0.00451045 0.0134521 -0.0585306 0.0405681 0.428 0.572 0.330667 0.669333 0.999333 0.000666667 0.143333 0.856667
618 T 0.056218 -0.00923628 0.041461 -0.0879396 0.0557148 0.680667 0.319333 0.0373333 0.962667 0.931 0.069 0.0276667 0.972333
619 A 0.0126543 0.0134259 0.00415236 -0.0208003 0.00322198 0.24 0.76 0.467 0.533 0.907333 0.0926667 0.445333 0.554667
620 A 0.0765399 -0.127879 0.0253988 0.0269083 0.0755722 1 0 0.303333 0.696667 0.0183333 0.981667 0.000666667 0.999333
621 T 0.0267912 -0.0211906 0.040058 -0.0273137 0.00844634 0.765333 0.234667 0.037 0.963 0.693333 0.306667 0.403667 0.596333
622 G 0.106414 0.176523 -0.0291625 -0.0388409 -0.108519 0.00233333 0.997667 0.771 0.229 0.847333 0.152667 1 0
623 A 0.0787583 -0.0878354 0.127652 -0.0219794 -0.0178376 1 0 0.000333333 0.999667 0.931333 0.0686667 0.925667 0.0743333
624 G 0.141154 -0.0676061 0.243436 -0.102213 -0.0736169 0.921 0.079 0.0166667 0.983333 0.966667 0.0333333 0.998333 0.00166667
625 A 0.106566 -0.0570311 0.144398 -0.137239 0.049872 0.971333 0.0286667 0.00433333 0.995667 1 0 0.000666667 0.999333
626 A 0.041276 0.0274639 0.0487935 -0.0184794 -0.0577779 0.0696667 0.930333 0.1 0.9 0.944667 0.0553333 0.995 0.005
627 T 0.0866733 0.0127267 -0.0276379 0.127897 -0.112985 0.288 0.712 0.944 0.056 0.002 0.998 1 0
628 G 0.0476512 0.0773221 -0.0490611 -0.0019341 -0.0263268 0.025 0.975 0.774333 0.225667 0.532333 0.467667 0.851 0.149
629 G 0.0271904 -0.0426612 0.0203349 0.0265668 -0.00424056 0.974667 0.0253333 0.371333 0.628667 0.278667 0.721333 0.585667 0.414333
630 G 0.0148049 -0.00359575 -0.0191268 0.000410823 0.0223117 0.533 0.467 0.829333 0.170667 0.467667 0.532333 0.188 0.812
631 A 0.0377278 -0.0489387 0.0358151 -0.0245003 0.0376239 0.899667 0.100333 0.267 0.733 0.907 0.093 0.00133333 0.998667
632 G 0.0879814 -0.104706 -0.0204573 0.139224 -0.0140611 0.999333 0.000666667 0.900333 0.0996667 0 1 0.747 0.253
633 A 0.0736148 -0.051506 0.0849901 -0.091708 0.0582238 0.844 0.156 0.078 0.922 1 0 0.001 0.999
634 C 0.109656 -0.111325 -0.0285244 0.181978 -0.0421286 0.997 0.003 0.870333 0.129667 0 1 0.997333 0.00266667
635 C 0.0707617 -8.59996e-05 0.101098 -0.0990154 -0.00199667 0.497667 0.502333 0.0153333 0.984667 0.910333 0.0896667 0.531333 0.468667
636 T 0.0666392 -0.0829258 -0.0142912 0.103182 -0.00596534 1 0 0.883667 0.116333 0.0396667 0.960333 0.548 0.452
637 C 0.0693842 0.103417 -0.0859733 -0.0312829 0.0138389 0 1 1 0 0.782333 0.217667 0.281667 0.718333
638 C 0.0508138 -0.0851596 0.0255077 0.0118509 0.047801 1 0 0.140667 0.859333 0.382333 0.617667 0.0156667 0.984333
639 A 0.0662037 -0.0228152 0.033139 0.0838878 -0.0942116 0.851 0.149 0.162667 0.837333 0 1 1 0
640 C 0.0584657 -0.0387277 -0.0696989 0.0810181 0.0274086 0.903 0.097 0.999667 0.000333333 0.014 0.986 0.145333 0.854667
641 T 0.0431067 0.0716174 -0.0100028 -0.0184486 -0.043166 0 1 0.880667 0.119333 0.688 0.312 0.986667 0.0133333
642 C 0.0571285 -0.00415316 0.0778402 0.00932687 -0.0830139 0.965667 0.0343333 0.00433333 0.995667 0.421 0.579 0.998 0.002
643 A 0.0168824 0.0244419 -0.0218273 -0.00691095 0.00429639 0.0443333 0.955667 0.989667 0.0103333 0.824333 0.175667 0.252 0.748
644 C 0.156156 -0.213299 -0.0123544 0.227784 -0.00213015 1 0 0.944667 0.0553333 0 1 0.672 0.328
645 T 0.114738 0.116608 0.00704028 0.0634112 -0.187059 0 1 0.0506667 0.949333 0.09 0.91 1 0
646 C 0.0549272 -0.0928458 0.0272347 0.0494412 0.0161699 1 0 0.172667 0.827333 0.162333 0.837667 0.250333 0.749667
647 C 0.0544892 -0.0616721 0.0868019 -0.0231131 -0.00201683 0.999667 0.000333333 0.00133333 0.998667 0.809667 0.190333 0.546667 0.453333
648 A 0.0886664 -0.11822 -0.00866725 0.131802 -0.00491427 1 0 0.692333 0.307667 0 1 0.619 0.381
649 A 0.0597926 -0.0756063 -0.0412394 0.0637675 0.0530782 1 0 0.94 0.06 0 1 0 1
650 A 0.084806 0.0439862 -0.109811 -0.046487 0.112312 0.00233333 0.997667 0.999667 0.000333333 0.999667 0.000333333 0 1
651 A 0.0357617 -0.0291461 0.0472914 -0.0396095 0.0214641 0.904667 0.0953333 0.129667 0.870333 0.996 0.004 0.113667 0.886333
652 C 0.0531081 0.0176811 -0.0812109 0.0660872 -0.00255742 0.385333 0.614667 0.993 0.007 0.0666667 0.933333 0.539667 0.460333
653 A 0.150922 -0.13057 0.254338 -0.0326086 -0.091159 1 0 0 1 0.999 0.001 1 0
654 G 0.0124078 0.0143583 -0.00435815 0.00805101 -0.0180511 0.353333 0.646667 0.628667 0.371333 0.397333 0.602667 0.703 0.297
655 A 0.0317201 -0.0220115 0.00635508 -0.0332644 0.0489208 0.685 0.315 0.469 0.531 0.955667 0.0443333 0 1
656 A 0.0593318 0.072849 -0.0881312 -0.0134562 0.0287384 0.00266667 0.997333 0.998333 0.00166667 0.724333 0.275667 0.0843333 0.915667
657 A 0.0332769 -0.00529971 -0.0518148 0.0220178 0.0350966 0.605 0.395 0.986667 0.0133333 0.0973333 0.902667 0.014 0.986
658 C 0.0772124 0.0205494 -0.115066 -0.00621129 0.100728 0.065 0.935 1 0 0.671333 0.328667 0 1
659 G 0.0353552 -0.0160616 0.0445491 0.0200461 -0.0485337 0.804 0.196 0.000333333 0.999667 0.052 0.948 0.996 0.004
660 G 0.0641999 -0.0201898 0.109159 -0.0343461 -0.0546227 0.720333 0.279667 0.124667 0.875333 0.759333 0.240667 0.988667 0.0113333
661 A 0.0298969 -0.0255655 0.0353593 0.0235939 -0.0333877 0.866 0.134 0.226 0.774 0.078 0.922 0.937333 0.0626667
662 A 0.16596 0.0134369 -0.245371 0.22294 0.00899427 0.217333 0.782667 1 0 0 1 0.172 0.828
663 A 0.0484033 -0.0575733 -0.0341176 0.0644091 0.0272817 1 0 0.910333 0.0896667 0.000666667 0.999333 0.0766667 0.923333
664 A 0.0848672 -0.131208 0.0121621 0.106216 0.0128299 1 0 0.405667 0.594333 0 1 0.231333 0.768667
665 T 0.0467464 0.064305 -0.033179 0.0232991 -0.054425 0.00833333 0.991667 0.860667 0.139333 0.397333 0.602667 0.84 0.16
666 G 0.0386598 0.0537203 0.00800691 -0.00716558 -0.0545617 0.0353333 0.964667 0.492333 0.507667 0.549333 0.450667 0.965333 0.0346667
667 G 0.0767406 0.0173853 0.103018 -0.11213 -0.0082731 0.203333 0.796667 0.011 0.989 1 0 0.651333 0.348667
668 C 0.0893453 0.110357 -0.0681056 -0.105449 0.063197 0 1 1 0 1 0 0 1
669 G 0.0575078 0.0124592 -0.0158324 -0.0783666 0.0817398 0.233 0.767 0.683 0.317 1 0 0 1
670 G 0.0678153 0.0937047 -0.0614857 -0.0676632 0.0354442 0.001 0.999 0.939667 0.0603333 1 0 0.0246667 0.975333
671 G 0.0665097 0.0647324 0.0486136 -0.00810894 -0.105237 0.0656667 0.934333 0.295667 0.704333 0.576667 0.423333 1 0
672 A 0.0341952 0.00292574 0.0545945 -0.0328728 -0.0246475 0.452333 0.547667 0.189 0.811 0.995667 0.00433333 0.801333 0.198667
673 A 0.054531 -0.0817513 0.0112251 0.0713065 -0.000780337 1 0 0.407333 0.592667 0.00266667 0.997333 0.495 0.505
674 C 0.0923125 0.127797 -0.131981 -0.0106892 0.0148733 0.0853333 0.914667 0.974333 0.0256667 0.672 0.328 0.307667 0.692333
675 A 0.0417974 -0.066816 0.039757 0.0305148 -0.00345584 1 0 0.103333 0.896667 0.0383333 0.961667 0.558333 0.441667
676 A 0.0911223 0.0079408 -0.108247 0.140712 -0.040406 0.359333 0.640667 0.989 0.011 0 1 0.931 0.069
677 T 0.0888549 -0.00538751 -0.103797 0.140666 -0.0314809 0.606667 0.393333 1 0 0.00466667 0.995333 0.880333 0.119667
678 T 0.0419377 0.0235921 0.0104887 0.0367542 -0.0708351 0.098 0.902 0.300667 0.699333 0.216 0.784 0.989667 0.0103333
679 A 0.0547705 0.0878402 -0.0626049 -0.00784417 -0.0173911 0.00366667 0.996333 0.916 0.084 0.636 0.364 0.902667 0.0973333
680 G 0.0360279 -0.016061 -0.0264707 0.0620636 -0.0195319 0.754 0.246 0.977667 0.0223333 0 1 0.816333 0.183667
681 G 0.075387 -0.0209144 0.052188 0.0820433 -0.113317 0.802333 0.197667 0.171333 0.828667 0.0173333 0.982667 0.991 0.009
682 T 0.116398 -0.12459 0.190828 -0.0275513 -0.0386871 1 0 0 1 0.757333 0.242667 0.988 0.012
683 C 0.110994 -0.173559 0.115663 0.0742396 -0.0163434 1 0 0.007 0.993 0.0846667 0.915333 0.842667 0.157333
684 A 0.0301483 -0.0120753 -0.0240328 0.0516724 -0.0155644 0.746333 0.253667 0.778 0.222 0 1 0.835667 0.164333
685 G 0.0333361 -0.0290956 0.0563068 -0.00822315 -0.018988 0.709667 0.290333 0.284 0.716 0.558 0.442 0.726333 0.273667
686 A 0.0287077 0.0110586 -0.0431459 -0.00392969 0.0360169 0.395333 0.604667 0.771667 0.228333 0.589667 0.410333 0.00766667 0.992333
687 A 0.0149272 -0.0216506 0.0191705 0.00633665 -0.00385659 0.857 0.143 0.243333 0.756667 0.344 0.656 0.574333 0.425667
688 G 0.0241872 -0.0403149 0.00694617 0.00927435 0.0240944 0.834 0.166 0.449667 0.550333 0.420333 0.579667 0.364333 0.635667
689 T 0.0925966 0.103034 -0.0547919 0.0746583 -0.1229 0.00533333 0.994667 0.997667 0.00233333 0.0263333 0.973667 1 0
690 T 0.0364984 0.0530534 0.0145289 -0.0307008 -0.0368815 0.0183333 0.981667 0.120667 0.879333 0.813333 0.186667 0.893333 0.106667
691 T 0.0060954 0.00296316 0.00855064 -0.00528887 -0.00622494 0.454667 0.545333 0.283 0.717 0.533333 0.466667 0.600667 0.399333
692 G 0.105068 0.0884113 0.0568535 0.0335684 -0.178833 0.000666667 0.999333 0.266667 0.733333 0.264 0.736 1 0
693 A 0.0359841 -0.0429828 0.0499594 -0.0236331 0.0166565 0.842 0.158 0.219 0.781 0.884 0.116 0.0846667 0.915333
