#Relative solvent accessibilities from a DSSP analysis of the 1ND4 dimer, taking result for chain A. Absolute solvent accessibilities are normalized to relative ones using the maximum solvent accessibilities of Tien et al, PLoS One, 8:e80635.
#SITE RSA
10 0.990384615385
11 0.290322580645
12 0.0
13 0.527131782946
14 0.581395348837
15 0.00350877192982
16 0.528735632184
17 0.80269058296
18 0.405109489051
19 0.0597014925373
20 0.670833333333
21 0.490384615385
22 0.0836501901141
23 0.60103626943
24 0.308771929825
25 0.356589147287
26 0.355555555556
27 0.475555555556
28 0.343023255814
29 0.604060913706
30 0.490384615385
31 0.694610778443
32 0.516129032258
33 0.347150259067
34 0.341085271318
35 0.100775193798
36 0.218390804598
37 0.1625
38 0.310218978102
39 0.0
40 0.277419354839
41 0.139534883721
42 0.844444444444
43 0.769230769231
44 0.416058394161
45 0.559748427673
46 0.126436781609
47 0.0995024875622
48 0.220833333333
49 0.0
50 0.110169491525
51 0.0348837209302
52 0.181347150259
53 0.422885572139
54 0.329032258065
55 0.394230769231
56 0.658914728682
57 0.199004975124
58 0.112820512821
59 0.130044843049
60 0.0547263681592
61 0.4
62 0.212435233161
63 0.0313901345291
64 0.062015503876
65 0.356589147287
66 0.0839416058394
67 0.00497512437811
68 0.4
69 0.119298245614
70 0.0
71 0.457364341085
72 0.627906976744
73 0.232558139535
74 0.490384615385
75 0.0229885057471
76 0.276729559748
77 0.137724550898
78 0.062015503876
79 0.434108527132
80 0.241379310345
81 0.303482587065
82 0.305699481865
83 0.235632183908
84 0.183908045977
85 0.447674418605
86 0.295964125561
87 0.798449612403
88 0.451923076923
89 0.20802919708
90 0.0310880829016
91 0.0561403508772
92 0.0
93 0.0
94 0.0398009950249
95 0.105769230769
96 0.37668161435
97 0.0574712643678
98 0.333333333333
99 0.317307692308
100 0.493333333333
101 0.181347150259
102 0.0
103 0.298507462687
104 0.4
105 0.0322580645161
106 0.825892857143
107 0.26368159204
108 0.372093023256
109 0.295597484277
110 0.317829457364
111 0.417040358744
112 0.0805084745763
113 0.0
114 0.283870967742
115 0.0203045685279
116 0.0
117 0.0
118 0.321243523316
119 0.0
120 0.0
121 0.350364963504
122 0.423357664234
123 0.0
124 0.0580357142857
125 0.645348837209
126 0.169154228856
127 0.461139896373
128 0.188679245283
129 0.666666666667
130 0.43023255814
131 0.0778443113772
132 0.553459119497
133 0.125
134 0.430051813472
135 0.0535714285714
136 0.271111111111
137 0.0077519379845
138 0.576271186441
139 0.348214285714
140 0.0875912408759
141 0.0609137055838
142 0.349775784753
143 0.28102189781
144 0.0
145 0.321167883212
146 0.296511627907
147 0.0802919708029
148 0.120535714286
149 0.565022421525
150 0.441860465116
151 0.615384615385
152 0.358208955224
153 0.109195402299
154 0.424870466321
155 0.484444444444
156 0.839378238342
157 0.611398963731
158 0.0547263681592
159 0.155440414508
160 0.578475336323
161 0.713004484305
162 0.0625
163 0.573333333333
164 0.798076923077
165 0.203980099502
166 0.426356589147
167 0.169811320755
168 0.511627906977
169 0.367713004484
170 0.0199004975124
171 0.0875
172 0.403100775194
173 0.266423357664
174 0.0
175 0.478813559322
176 0.62015503876
177 0.463503649635
178 0.348214285714
179 0.0817610062893
180 0.854922279793
181 0.346153846154
182 0.219730941704
183 0.129533678756
184 0.28855721393
185 0.0229885057471
186 0.0
187 0.0
188 0.0
189 0.0288461538462
190 0.165803108808
191 0.0
192 0.0778443113772
193 0.00497512437811
194 0.245283018868
195 0.0410256410256
196 0.0
197 0.0848214285714
198 0.0459770114943
199 0.412556053812
200 0.774358974359
201 0.384615384615
202 0.715328467153
203 0.133333333333
204 0.116129032258
205 0.0
206 0.00416666666667
207 0.203045685279
208 0.321243523316
209 0.0
210 0.0865384615385
211 0.113138686131
212 0.0
213 0.0
214 0.0919540229885
215 0.031007751938
216 0.0155440414508
217 0.0948905109489
218 0.0798479087452
219 0.0755555555556
220 0.0
221 0.0
222 0.0
223 0.0
224 0.0
225 0.0290697674419
226 0.197080291971
227 0.134715025907
228 0.00507614213198
229 0.279069767442
230 0.632286995516
231 0.448430493274
232 0.189054726368
233 0.192307692308
234 0.365384615385
235 0.547085201794
236 0.238596491228
237 0.062015503876
238 0.518134715026
239 0.448905109489
240 0.0
241 0.0547263681592
242 0.51724137931
243 0.258706467662
244 0.0532319391635
245 0.173076923077
246 0.0710659898477
247 0.434108527132
248 0.170542635659
249 0.314465408805
250 0.274611398964
251 0.567741935484
252 0.733333333333
253 0.171532846715
254 0.0964467005076
255 0.403100775194
256 0.00833333333333
257 0.0152091254753
258 0.259124087591
259 0.0248756218905
260 0.00995024875622
261 0.103626943005
262 0.0538116591928
263 0.00416666666667
264 0.2
