KKA2_S1_Paro11_L1
Position	1	2	3	4	5	6	7	8	9	10	11	12	13	14	15	16	17	18	19	20	21	22	23	24	25	26	27	28	29	30	31	32	33	34	35	36	37	38	39	40	41	42	43	44	45	46	47	48	49	50	51	52	53	54	55	56	57	58	59	60	61	62	63	64	65	66	67	68	69	70	71	72	73	74	75	76	77	78	79	80	81	82	83	84	85	86	87	88	89	90	91	92	93	94	95	96	97	98	99	100	101	102	103	104	105	106	107	108	109	110	111	112	113	114	115	116	117	118	119	120	121	122	123	124	125	126	127	128	129	130	131	132	133	134	135	136	137	138	139	140	141	142	143	144	145	146	147	148	149	150	151	152	153	154	155	156	157	158	159	160	161	162	163	164	165	166	167	168	169	170	171	172	173	174	175	176	177	178	179	180	181	182	183	184	185	186	187	188	189	190	191	192	193	194	195	196	197	198	199	200	201	202	203	204	205	206	207	208	209	210	211	212	213	214	215	216	217	218	219	220	221	222	223	224	225	226	227	228	229	230	231	232	233	234	235	236	237	238	239	240	241	242	243	244	245	246	247	248	249	250	251	252	253	254	255	256	257	258	259	260	261	262	263	264
Wild-type	M	I	E	Q	D	G	L	H	A	G	S	P	A	A	W	V	E	R	L	F	G	Y	D	W	A	Q	Q	T	I	G	C	S	D	A	A	V	F	R	L	S	A	Q	G	R	P	V	L	F	V	K	T	D	L	S	G	A	L	N	E	L	Q	D	E	A	A	R	L	S	W	L	A	T	T	G	V	P	C	A	A	V	L	D	V	V	T	E	A	G	R	D	W	L	L	L	G	E	V	P	G	Q	D	L	L	S	S	H	L	A	P	A	E	K	V	S	I	M	A	D	A	M	R	R	L	H	T	L	D	P	A	T	C	P	F	D	H	Q	A	K	H	R	I	E	R	A	R	T	R	M	E	A	G	L	V	D	Q	D	D	L	D	E	E	H	Q	G	L	A	P	A	E	L	F	A	R	L	K	A	R	M	P	D	G	E	D	L	V	V	T	H	G	D	A	C	L	P	N	I	M	V	E	N	G	R	F	S	G	F	I	D	C	G	R	L	G	V	A	D	R	Y	Q	D	I	A	L	A	T	R	D	I	A	E	E	L	G	G	E	W	A	D	R	F	L	V	L	Y	G	I	A	A	P	D	S	Q	R	I	A	F	Y	R	L	L	D	E	F	F
A	0	0	1	0	8	25	0	0	51851	3	0	3	51899	50921	0	6	1	0	0	0	4	0	5	0	54311	0	0	68	1	6	0	0	5	54390	54268	8	0	0	0	0	52039	0	3	0	1	36	0	0	7	0	3	13	0	0	1	52395	0	0	2	0	0	1	9	51000	48792	0	0	0	1	0	49513	5	14	7	14	1	0	45565	44934	4	0	3	15	5	5	1	42282	3	0	3	0	0	0	0	1	6	3	1	2	0	11	0	0	0	0	0	0	42455	0	42535	0	0	1	0	0	0	43719	0	32604	0	0	0	0	0	49	0	2	1	34985	1	0	2	0	1	0	0	39492	0	0	0	0	2	0	40119	0	8	0	0	0	43213	1	0	1	1	0	2	0	0	1	1	6	0	0	2	0	47315	18	48121	1	0	0	47162	0	0	0	46188	12	0	0	3	2	8	5	0	8	17	17	0	4	5	51694	0	0	0	0	0	0	27	13	0	0	0	0	0	5	0	0	52	0	0	0	0	1	5	51270	0	0	0	0	6	0	48138	0	44950	4	0	4	0	49084	3	4	0	1	1	1	0	46826	0	0	0	0	24	0	0	2	0	43659	41491	40	6	0	0	0	0	45517	1	0	0	0	0	0	1	0	0
C	0	0	14	0	0	44	40	16	0	22	315	1	6	1	20	0	2	1	0	0	20	8	4	46	12	0	0	0	0	16	56397	2	3	0	0	0	1	1	0	0	3	0	14	0	0	15	0	0	0	0	1	15	0	0	18	2	1	0	0	1	0	0	0	9	11	1	0	0	21	3	6	0	0	17	3	0	42288	0	2	1	0	0	2	0	6	1	0	26	3	0	13	0	8	0	31	0	1	1	25	0	0	1	0	0	0	6	0	2	2	0	0	0	0	588	0	0	0	1	0	0	3	1	0	0	0	0	1	0	0	0	35389	0	0	0	0	0	0	0	0	2	0	2	3	0	6	0	2	0	0	0	15	0	0	0	2	0	0	0	1	1	0	3	0	25	0	1	2	2	1	0	2	1	2	23	0	0	94	0	0	0	14	0	1	0	0	0	0	3	17	8	2	50311	0	0	1	0	6	5	7	0	27	1	0	2	15	28	0	0	51386	35	3	0	21	0	0	14	1	4	1	0	1	4	0	0	0	3	0	0	0	5	1	0	16	10	4	30	0	1	2	14	0	1	0	2	27	8	71	0	0	0	0	0	5	1	0	1	3	1	7	1	0	0	2	1
D	0	0	10	0	55266	19	0	4	1	2	0	8	1	4	0	0	3	2	0	3	9	3	55117	0	2	4	0	1	5	8	0	0	53323	1	3	4	0	4	0	0	26	0	1	0	1	4	2	0	0	0	4	53540	0	0	1	24	0	4	9	13	0	55577	8	0	0	0	0	2	1	1	0	1	0	2	2	0	0	5	27	3	1	50139	0	0	0	0	0	2	0	41277	0	5	0	0	2	1	1	0	3	0	46083	5	1	0	0	6	0	0	0	0	0	3	0	0	8	0	0	33615	0	0	20	11	0	2	0	0	39408	1	0	0	0	0	0	37043	5	0	4	0	14	0	0	1	0	0	0	2	0	0	4	1	0	2	0	45920	0	47273	47701	0	49162	2	7	2	0	7	0	0	0	0	3	0	0	20	0	0	6	0	0	0	1	49210	0	1	49619	4	3	0	0	16	2	49470	0	1	15	1	36	7	9	0	2	3	8	0	0	0	6	0	0	50088	1	5	1	0	4	0	0	44566	0	11	0	48959	0	8	0	2	5	0	47074	0	0	3	1	0	3	0	7	0	0	44294	0	0	3	8	0	1	1	0	0	7	0	45311	0	0	0	0	1	0	5	0	0	0	46256	2	0	0
E	0	0	53011	11	6	9	0	0	14	0	0	1	42	9	0	0	49232	0	0	8	0	0	2	0	20	2	5	0	0	0	0	0	0	15	24	1	0	0	2	0	18	0	0	0	0	0	0	0	0	5	0	9	1	0	0	9	0	0	53026	2	3	0	51970	19	11	0	0	0	0	3	14	0	0	0	0	1	0	19	11	1	0	4	1	2	0	41428	10	1	0	1	0	0	0	0	1	42530	3	0	0	8	2	0	0	0	0	0	0	10	0	13	42146	17	2	1	1	0	16	0	11	0	0	0	0	1	0	0	3	0	10	0	0	0	0	6	0	3	9	1	0	0	0	40233	0	13	1	0	0	0	44568	24	0	0	0	0	7	2	1	0	0	37635	47937	0	3	0	0	8	0	11	43015	0	6	13	1	0	2	8	0	0	0	0	0	48610	1	0	7	5	0	1	0	0	16	0	1	0	0	0	0	1	55445	0	0	0	4	0	0	0	0	3	0	0	0	0	0	0	19	4	0	0	4	2	0	10	0	5	3	0	15	0	7	46667	47447	0	0	1	46026	0	27	7	0	0	1	1	0	0	0	0	22	9	0	3	0	8	0	0	14	0	0	0	0	0	4	44709	0	0
F	0	0	1	0	1	8	0	0	0	3	7	0	0	0	0	0	0	0	1	53820	0	1	0	0	0	0	0	0	2	0	14	0	0	0	0	0	49128	0	0	0	0	0	0	0	0	0	0	56406	0	0	0	0	0	0	0	0	0	1	0	1	0	0	0	0	0	0	0	0	1	0	0	0	0	0	0	0	7	0	0	0	0	0	0	0	0	0	0	0	0	0	0	0	0	0	0	0	0	0	0	0	0	0	0	0	0	0	0	0	0	0	1	0	0	0	0	0	0	0	0	0	0	0	0	0	0	0	0	0	0	0	12	0	37408	0	0	0	0	0	0	1	0	0	0	0	0	0	0	0	0	0	1	0	0	0	0	0	0	173	0	0	0	0	1	0	0	0	0	0	0	0	47106	1	0	1	0	0	24	0	0	0	0	0	0	0	0	0	0	0	0	0	33	12	0	0	0	1	0	2	0	0	1	0	52619	0	0	56111	0	0	7	0	0	0	0	0	0	0	0	2	0	0	1	0	0	0	0	0	0	0	0	0	0	0	0	0	0	0	0	0	0	48282	0	1	0	3	0	0	0	0	0	0	1	0	0	4	0	43828	1	0	0	0	0	0	45146	46008
G	0	0	6	0	25	54059	1	0	0	49927	27	0	0	2	60	1	3	2	0	0	56709	0	2	5	1	0	0	0	0	59409	2	11	6	2	0	15	0	7	0	2	1	0	49373	38	0	2	0	0	4	0	0	1	1	11	51755	0	0	0	1	0	0	1	3	1	1	2	0	8	55	0	2	0	0	49848	0	1	7	1	0	8	0	4	16	3	0	3	0	41670	3	1	19	0	0	0	44944	1	8	0	43724	0	4	0	0	11	30	0	0	4	0	1	5	0	0	56	0	0	2	1	2	0	3	5	0	0	0	0	2	0	1	0	2	0	0	1	0	0	3	0	0	19	0	4	2	0	0	0	16	0	3	0	44217	1	1	5	0	5	4	0	2	2	3	0	0	49887	0	3	0	0	0	0	0	2	13	0	0	0	12	0	0	1	49551	2	2	0	1	5	0	0	56001	1	0	8	0	0	0	0	0	0	5	0	50631	5	0	2	52336	0	0	6	3	50081	4	0	53324	16	0	0	9	0	0	1	0	6	0	3	0	11	1	0	0	2	4	0	47894	45022	3	12	0	4	13	0	0	0	1	0	55048	0	0	0	0	2	8	0	3	0	2	0	0	2	0	0	3	1	0	0
H	0	0	0	22	2	0	0	54422	0	0	4	0	0	0	0	0	1	3	0	2	0	1	2	0	0	7	10	0	0	0	0	0	2	0	0	0	0	6	0	0	0	3	0	3	20	0	0	0	0	0	0	2	0	0	0	0	0	1	0	0	9	4	0	0	0	3	0	0	0	0	0	0	0	0	0	0	0	0	0	0	0	2	0	0	0	1	0	0	0	0	0	0	0	0	0	0	0	0	0	16	1	0	0	0	0	43646	0	0	0	0	0	0	0	0	1	0	0	4	0	0	2	2	0	37425	0	0	1	0	0	1	0	0	0	2	37981	14	0	0	39897	2	0	0	4	0	9	0	4	0	0	0	0	0	0	2	17	3	1	0	2	5	0	50487	23	0	0	0	0	0	0	0	0	1	6	0	0	0	8	0	0	3	0	0	0	0	0	0	0	55101	0	1	0	0	0	0	0	0	0	0	0	1	0	3	0	0	0	0	0	1	0	0	8	0	0	0	0	2	2	3	11	4	0	0	0	0	0	6	1	0	0	0	0	0	0	0	0	0	0	5	2	0	0	1	0	4	0	0	0	0	0	2	0	14	1	0	0	0	1	6	0	0	2	0	0	0
I	24	52599	0	0	0	25	0	0	0	0	90	0	1	0	0	0	0	0	1	1	0	0	0	0	0	0	2	2	56691	0	0	9	0	0	28	0	0	0	0	6	0	0	0	0	1	0	0	1	0	5	2	0	0	13	0	0	0	1	0	0	0	0	0	0	0	0	0	6	0	0	0	1	1	0	0	0	0	0	14	0	0	0	0	0	0	0	0	0	0	0	0	0	0	0	0	0	0	0	0	0	0	0	1	5	8	0	1	0	0	0	0	0	0	11	45637	15	0	0	0	9	0	0	0	0	1	0	0	0	0	1	0	0	1	0	0	0	0	0	0	0	41697	0	0	0	0	1	0	19	0	0	0	0	0	0	0	0	0	0	0	0	0	0	0	0	0	0	0	0	0	0	0	0	0	0	0	0	95	13	0	0	0	0	0	0	0	0	2	1	0	0	0	0	0	0	0	53918	38	0	0	0	0	0	0	10	0	0	57073	0	0	0	0	0	0	0	0	0	0	0	0	0	48339	0	0	0	62	0	0	46120	0	1	0	0	0	0	0	0	0	0	0	0	1	0	0	0	0	44095	0	0	0	0	15	0	0	43338	0	0	0	0	0	0	0	0	1	1
K	3	20	2	14	106	106	0	0	0	0	0	1	12	0	0	21	3	0	0	2	0	0	0	0	0	15	7	0	0	0	0	1	1	0	1	0	0	0	0	0	0	13	0	8	0	0	1	0	0	51927	0	0	1	0	0	1	0	11	4	0	10	0	3	0	0	0	0	1	0	0	0	0	1	0	0	0	0	0	8	0	1	0	0	0	0	3	0	0	0	0	0	0	0	0	0	2	0	1	0	16	0	0	0	0	0	0	0	0	0	0	1	43780	0	1	1	6	0	0	0	2	0	0	0	0	0	0	0	0	0	0	0	0	0	0	0	12	0	39527	0	0	0	7	0	0	0	0	0	1	2	0	0	0	0	4	17	1	0	0	0	3	1	0	16	0	0	0	0	0	2	0	0	0	0	0	48499	1	1	5	0	0	0	2	0	0	0	0	0	0	0	0	0	0	0	0	9	0	6	0	2	9	0	0	0	0	0	0	0	0	0	0	0	0	0	0	0	0	0	0	16	0	0	0	0	0	0	0	0	0	0	1	0	0	0	9	2	0	0	0	0	0	0	1	1	0	0	0	0	0	0	0	0	13	0	0	0	0	0	0	0	0	0	2	0	0
L	20	5	2	4	3	4	54080	7	4	1	90	4	0	0	9	12	0	25	52312	5	5	4	0	52	1	6	0	0	15	0	15	3	30	0	0	13	5	10	52334	0	0	3	0	27	1	12	58493	23	24	0	0	1	54949	0	78	0	53356	1	4	55710	1	9	27	1	0	15	50519	2	10	51643	0	0	0	0	11	6	3	2	0	10	49440	2	24	3	1	0	0	0	5	0	26	45792	46155	44684	4	1	5	4	1	4	0	46162	46225	7	12	1	44227	0	6	0	1	0	4	3	2	0	0	1	0	11	4	9	36495	0	0	41997	0	3	0	0	0	4	2	0	0	1	3	0	0	14	0	0	8	0	8	5	10	2	8	0	0	43944	13	2	0	0	0	47526	0	1	0	2	3	0	46830	2	19	0	0	46730	26	8	26	45802	0	0	77	0	3	0	0	0	0	55112	11	14	0	11	2	7	3	1	52335	6	3	10	1	19	1	9	11	15	6	0	2	11	3	1	3	6	28	51853	0	16	0	4	17	0	0	0	21	0	45466	0	2	12	0	0	0	0	2	48305	12	16	0	16	2	0	10	6	50658	9	51264	10	13	15	1	0	2	0	2	2	12	39	0	14	0	11	44222	45873	2	0	1	13
M	52820	1	0	0	0	0	9	0	0	0	5	0	0	0	0	2	0	0	29	0	0	0	0	0	0	0	1	0	13	0	0	0	0	0	0	2	0	0	12	0	0	0	0	0	0	3	6	0	4	0	0	0	27	0	0	0	10	0	0	17	0	0	0	0	0	0	23	0	0	11	0	0	1	0	3	0	0	0	1	1	13	0	2	0	0	0	0	0	0	0	0	9	8	10	0	0	0	0	0	0	0	18	6	0	0	0	13	0	0	0	0	0	1	0	1	45584	0	0	0	32660	0	0	12	0	0	19	0	0	0	0	0	0	0	0	0	0	0	0	0	0	1	0	0	0	0	0	0	43450	0	0	1	15	0	0	3	0	0	17	0	0	0	0	0	0	13	0	0	0	0	4	0	0	1	13	0	0	40	49094	0	0	0	0	0	11	2	1	0	0	0	0	0	0	12	0	0	1	57606	2	0	0	0	0	0	0	0	0	5	0	0	0	0	18	0	2	0	0	0	0	0	0	1	0	9	0	0	0	0	0	0	0	0	12	0	0	0	0	0	0	0	0	11	2	20	1	0	0	0	0	0	0	1	0	0	0	1	0	0	0	10	6	0	0	0	0
N	0	6	2	1	23	27	0	21	0	1	1	0	0	0	0	0	0	0	0	0	0	0	185	1	0	0	0	19	2	0	0	0	195	0	21	0	0	0	0	1	0	0	0	0	0	1	0	0	0	6	6	7	0	3	0	0	0	53813	0	0	0	0	0	0	0	0	0	2	0	0	0	6	15	0	0	0	0	0	0	0	0	1	0	0	8	0	0	0	0	1	0	0	0	0	0	0	0	0	0	0	0	0	0	0	1	13	0	0	0	0	0	3	0	2	1	0	0	4	0	0	0	0	0	12	6	0	3	0	0	7	0	0	0	1	10	0	0	3	8	0	0	0	1	0	0	4	0	0	0	0	0	0	0	1	0	1	6	0	1	0	0	14	0	0	0	0	0	0	0	0	0	0	1	0	1	0	31	0	0	1	0	0	1	0	0	0	9	14	0	3	0	0	0	0	48754	1	0	0	0	47360	0	0	0	1	0	0	0	0	0	0	0	0	0	0	0	1	0	0	0	3	2	0	0	0	12	1	5	4	0	0	0	0	0	0	0	0	0	1	0	0	0	0	1	1	0	0	0	0	0	0	3	0	0	3	0	0	0	0	0	0	1	0	0	0
P	0	22	0	18	0	107	74	1	2	0	19	51033	2	1	0	0	0	9	8	0	0	0	0	0	0	2	7	0	0	0	0	0	0	2	2	0	0	0	11	0	1	3	0	3	56369	0	18	0	0	0	3	0	21	0	0	0	3	0	0	5	1	0	0	4	0	2	2	0	0	7	0	2	0	0	0	45713	0	2	5	0	3	0	1	0	1	0	1	0	0	0	0	13	7	10	0	0	0	41779	0	10	0	5	4	0	0	8	11	1	40036	0	0	0	0	0	0	0	1	0	1	0	0	2	2	6	3	4	0	36670	0	0	1	37370	0	0	5	0	1	0	4	0	0	0	0	0	1	2	1	0	0	1	0	3	0	0	2	0	0	2	0	0	0	1	7	0	6	2	44147	11	0	12	0	0	3	11	0	0	1	0	50612	0	0	0	0	9	0	0	0	27	0	0	1	0	7	52937	0	0	0	0	0	0	0	1	0	0	0	0	0	0	0	0	1	4	0	0	1	0	1	0	5	0	0	1	4	1	0	1	0	0	0	0	0	51	0	5	0	0	0	0	1	0	5	0	15	0	0	0	0	0	42849	0	0	8	2	0	1	0	0	0	8	6	0	0	0	0
Q	1	18	6	53757	33	1	23	0	1	48	12	23	14	5	8	14	7	1	0	18	0	4	7	7	33	55534	56559	7	18	0	1	1	4	30	92	0	0	0	1	3	0	49345	0	15	38	1	1	3	0	3	25	0	2	0	19	4	0	5	53	0	57339	0	4	1	4	0	0	0	3	1	0	0	5	1	0	25	0	13	282	1	2	1	0	0	1	1	2	0	0	2	4	17	1	0	0	13	0	38	0	44923	21	1	1	1	6	1	0	0	26	7	2	0	0	0	0	1	10	9	0	0	0	4	1	33	0	1	4	14	0	0	2	20	0	0	1	38019	15	7	7	0	29	0	2	0	0	1	0	16	1	29	1	6	6	0	46922	35	0	4	8	10846	39	7	50017	0	2	0	29	2	4	0	1	4	0	3	1	2	3	3	17	1	1	6	2	61	0	8	0	29	0	0	0	1	2	18	1	28	175	1	5	0	0	0	1	0	4	0	4	0	1	18	0	5	0	2	0	0	1	0	50293	1	3	3	3	2	1	0	7	10	12	14	3	3	0	6	3	3	6	5	0	6	42	33	0	0	0	1	10	5	19	48	0	45350	0	8	0	0	5	0	1	0	4	6	0	0
R	26	12	45	40	15	15	27	5	2	1	29999	2	27	0	29	9	0	49733	28	8	1	1	7	20	1	12	26	5	0	4	12	16	26	26	1	3	0	53571	6	16	0	34	8	50179	3	1	12	0	0	21	2	0	15	26	12	0	32	7	0	9	17	0	0	1	0	48925	8	22	5	2	2	2	0	2	3	20	7	56	8	34	9	0	0	0	0	1	0	1	41362	3	8	3	8	7	9	0	10	7	2	7	0	30	7	13	8	5	2	0	3	0	0	10	4	19	0	20	5	0	0	2	33476	33636	37	3	0	2	0	3	0	0	2	2	0	0	1	21	5	24	2	40860	0	0	40253	0	38811	0	42200	2	6	1	4	10	2	2	11	1	1	9	16	20	4	3	4	2	9	11	1	0	0	2	11	0	44594	2	0	5	44218	2	2	0	0	1	27	34	10	4	1	2	3	0	0	4	12	37	8	35	32	10	3	0	2	51116	0	29	3	0	0	1	15	2	51414	3	2	1	2	0	46678	0	18	2	1	0	13	1	0	47046	2	10	3	14	1	5	0	4	0	9	0	0	44699	2	21	6	117	0	2	9	1	5	55	0	29	2	45059	0	4	1	0	44385	1	2	1	1	0	0
S	1	4	3	1	0	26	3	1	14	3	17538	8	12	12	3	0	0	10	0	8	9	17	1	4	24	0	0	6	7	15	59	56282	9	12	19	0	10	9	0	51749	7	0	1579	0	2	0	0	5	0	10	0	28	0	54588	4	23	0	4	1	2	0	0	0	35	15	16	3	52383	2	0	17	4	3	10	0	0	2	13	15	0	0	0	1	3	17	0	12	3	16	1	1	2	0	0	0	0	0	4	3	0	5	0	2	45537	44266	3	0	10	9	9	0	0	0	42896	10	0	14	0	9	0	7	47	0	2	7	0	1	2	22	3	1	0	2	0	1	0	14	0	0	49	1	0	13	10	8	2	25	0	0	8	5	0	0	0	0	0	1	0	0	0	0	1	0	3	0	17	2	14	0	0	6	6	97	5	0	7	281	1	2	1	2	0	0	0	0	1	13	5	4	0	9	1	0	2	14	8	0	2	0	2	5	34	3	53260	2	12	0	1	6	21	24	0	4	0	21	0	23	5	0	0	12	17	0	14	35	18	0	8	11	0	0	1	1	21	0	3	22	2	17	1	0	0	1	5	7	6	26	13	2	1	45915	0	13	3	13	5	0	21	1	0	0	1	2	3
T	2	2	1	0	76	1	0	0	2	5	1	27	2	44	0	0	0	0	0	0	3	3	5	0	5	1	62	55359	4	1	1	4	1	1	27	0	1	0	0	1	0	4	39	0	16	18	1	0	3	6	53259	10	4	2	0	3	1	1	0	0	2	0	0	2	1	0	0	40	0	0	3	41968	42436	0	1	11	5	4	3	1	0	0	0	1	42375	0	1	2	1	9	0	0	0	5	0	2	0	18	2	0	0	0	2	27	1	0	0	0	13	0	1	1	18	2	6	2	1	3	0	3	2	3	0	39	35602	0	0	23	2	34546	1	15	0	0	2	0	0	4	2	3	1	0	0	0	3	37968	1	5	1	2	9	0	0	0	1	13	0	0	25	0	1	0	3	0	2	7	18	1	0	0	0	8	1	0	0	0	383	0	13	6	3	11	0	1	0	12	53980	0	2	0	2	0	0	26	3	5	4	0	0	2	0	0	0	45	0	0	1	2	0	2	0	0	0	0	2	2	0	0	6	3	5	1	0	2	43189	5	0	13	4	2	0	0	0	1	0	0	0	2	6	0	0	8	0	2	0	2	3	7	9	2	5	0	1	1	2	0	0	0	0	0	0	2	0	0
V	47	1	0	0	15	20	3	3	4	33	6	0	3	3	1	35935	2	0	8	0	9	0	1	0	11	0	3	0	9	8	2	8	0	1	5	46292	3	0	1	4	2	0	6	0	0	59866	1	9	55831	2	0	1	0	0	24	3	0	0	0	1	0	1	3	4	4	1	5	0	1	2	8	0	5	17	46637	0	6	2	2	45441	8	0	45298	40873	1	1	2	9	1	0	0	0	6	2	20	1	41302	1	14	0	4	1	2	0	0	0	1	7	9	9	0	0	41432	0	11	7	4	17	4	1	0	0	9	0	0	4	0	0	3	0	0	0	6	0	0	0	3	0	0	0	8	0	0	3	0	0	0	7	0	1	17	16	44549	4	3	0	1	2	1	0	0	0	4	15	3	2	0	9	0	2	8	4	1	4	0	2	2	5	0	0	14	3	0	0	54183	49761	6	0	18	0	5	1	2	0	3	33	4	54909	5	8	17	0	4	1	17	9	7	0	40	22	1	1	24	49227	2	0	0	0	0	0	5	6	4	1	2	0	2	2	2	1	0	7	35	18	4	0	3	3	0	29	0	48818	6	0	21	3	10	0	0	2	0	0	0	4	1	2	1	0	1	2	2	0	2	3
W	0	1	0	7	1	15	0	0	0	0	1	0	0	0	44697	0	0	0	0	0	0	0	0	54834	0	0	0	0	0	0	1	0	0	0	0	0	0	0	0	0	0	0	0	0	0	0	0	0	0	0	0	0	0	0	0	0	0	0	0	0	0	0	0	0	0	0	0	0	53343	0	0	0	0	0	0	0	2	0	0	0	1	0	0	0	0	0	0	0	0	0	46112	0	0	0	0	0	0	0	0	0	0	0	0	0	0	0	0	0	0	0	0	0	0	0	0	0	0	0	0	0	0	1	0	0	0	0	0	0	0	0	1	0	0	0	0	0	0	0	0	0	0	0	0	0	0	0	0	0	0	0	0	0	0	0	1	0	0	4	0	0	0	0	0	0	0	0	0	0	0	0	0	0	2	0	0	0	26	0	0	0	0	0	0	0	0	0	0	0	0	0	0	1	0	0	0	0	0	0	0	0	0	0	0	0	0	0	0	0	2	0	0	1	0	0	0	0	0	0	0	0	0	0	0	0	0	0	0	0	0	0	0	0	0	1	0	46044	0	0	0	0	0	0	0	0	0	0	0	0	0	0	8	0	0	0	0	7	0	0	0	0	0	0	0	0
Y	0	0	0	0	17	8	0	6	1	0	312	0	0	0	0	0	0	0	0	0	0	55580	15	0	0	0	0	0	0	0	2	0	20	0	0	0	1	0	0	0	0	0	0	0	0	0	0	2	0	0	0	24	0	0	0	0	0	4	0	0	0	19	0	0	0	0	0	0	0	0	0	0	0	0	0	0	2	0	0	0	0	23	0	0	0	0	0	0	0	10	0	0	0	0	0	0	0	0	0	0	29	0	0	0	0	3	0	0	0	0	0	0	0	0	0	0	0	18	0	0	0	0	0	5	0	0	18	0	0	0	1	0	0	11	2	0	0	0	1	0	0	0	0	0	0	0	0	0	0	0	0	0	0	25	0	18	16	580	23	0	0	2	0	0	0	0	0	0	0	0	3	0	0	0	0	0	1	0	0	19	0	0	18	0	0	0	0	8	0	18	1	1	0	0	1	0	0	0	11	0	0	0	0	0	0	0	0	13	2	0	0	0	0	0	0	28	0	49739	0	31	0	0	0	0	0	0	16	0	0	0	0	0	0	0	0	0	0	22	0	2	0	0	0	55539	0	0	0	0	0	28	0	0	0	0	0	0	45630	0	0	0	14	0	1	1
