KKA2_S1_Ami18_L1
Position	1	2	3	4	5	6	7	8	9	10	11	12	13	14	15	16	17	18	19	20	21	22	23	24	25	26	27	28	29	30	31	32	33	34	35	36	37	38	39	40	41	42	43	44	45	46	47	48	49	50	51	52	53	54	55	56	57	58	59	60	61	62	63	64	65	66	67	68	69	70	71	72	73	74	75	76	77	78	79	80	81	82	83	84	85	86	87	88	89	90	91	92	93	94	95	96	97	98	99	100	101	102	103	104	105	106	107	108	109	110	111	112	113	114	115	116	117	118	119	120	121	122	123	124	125	126	127	128	129	130	131	132	133	134	135	136	137	138	139	140	141	142	143	144	145	146	147	148	149	150	151	152	153	154	155	156	157	158	159	160	161	162	163	164	165	166	167	168	169	170	171	172	173	174	175	176	177	178	179	180	181	182	183	184	185	186	187	188	189	190	191	192	193	194	195	196	197	198	199	200	201	202	203	204	205	206	207	208	209	210	211	212	213	214	215	216	217	218	219	220	221	222	223	224	225	226	227	228	229	230	231	232	233	234	235	236	237	238	239	240	241	242	243	244	245	246	247	248	249	250	251	252	253	254	255	256	257	258	259	260	261	262	263	264
Wild-type	M	I	E	Q	D	G	L	H	A	G	S	P	A	A	W	V	E	R	L	F	G	Y	D	W	A	Q	Q	T	I	G	C	S	D	A	A	V	F	R	L	S	A	Q	G	R	P	V	L	F	V	K	T	D	L	S	G	A	L	N	E	L	Q	D	E	A	A	R	L	S	W	L	A	T	T	G	V	P	C	A	A	V	L	D	V	V	T	E	A	G	R	D	W	L	L	L	G	E	V	P	G	Q	D	L	L	S	S	H	L	A	P	A	E	K	V	S	I	M	A	D	A	M	R	R	L	H	T	L	D	P	A	T	C	P	F	D	H	Q	A	K	H	R	I	E	R	A	R	T	R	M	E	A	G	L	V	D	Q	D	D	L	D	E	E	H	Q	G	L	A	P	A	E	L	F	A	R	L	K	A	R	M	P	D	G	E	D	L	V	V	T	H	G	D	A	C	L	P	N	I	M	V	E	N	G	R	F	S	G	F	I	D	C	G	R	L	G	V	A	D	R	Y	Q	D	I	A	L	A	T	R	D	I	A	E	E	L	G	G	E	W	A	D	R	F	L	V	L	Y	G	I	A	A	P	D	S	Q	R	I	A	F	Y	R	L	L	D	E	F	F
A	0	2	7	6	6	14	2	4	26678	4	3	4	25700	24919	2	3	0	3	2	1	6	4	2	0	26376	2	3	8	2	6	3	1	3	25693	25506	3	0	7	3	4	24414	2	4	3	8	7	10	3	7	2	7	5	6	1	2	24741	3	0	2	2	1	3	3	24113	22781	4	2	2	2	1	23216	5	16	6	2	6	3	20852	20804	19	3	5	4	0	3	0	19771	1	2	3	4	2	7	5	5	6	5	1	1	7	4	2	7	1	6	3	3	20056	1	20196	5	1	5	5	5	4	21202	1	15339	2	2	0	3	3	18	0	2	5	16874	5	0	5	0	3	2	3	19167	0	0	2	1	8	4	19281	2	8	1	7	4	21035	7	0	6	6	8	6	5	4	0	5	7	4	2	4	3	22533	6	22940	6	2	0	22013	2	4	3	21548	5	2	8	0	2	7	1	5	3	11	14	3	3	14	24652	5	3	7	1	2	4	5	8	3	5	3	4	0	7	7	5	11	4	1	2	4	6	5	25700	1	2	2	9	7	2	24424	3	22748	6	3	6	3	25407	5	2	4	6	7	9	1	24688	5	4	1	1	13	3	1	5	1	23816	22700	15	6	2	1	3	1	25503	5	1	4	2	4	9	2	0	4
C	0	3	6	0	1	23	1	7	1	21	7	3	1	1	32	2	5	4	3	4	18	7	4	43	10	2	0	5	5	24	26818	2	2	4	7	6	5	8	2	6	1	2	20	4	7	6	2	3	5	3	7	9	0	7	24	3	0	2	3	1	4	0	1	5	3	2	4	4	10	2	5	1	3	30	4	3	19186	3	3	5	2	3	4	1	2	2	5	17	6	2	16	2	5	4	17	7	1	2	19	4	1	3	1	2	1	4	4	3	3	4	2	3	1	7	6	2	3	1	2	1	6	16	3	2	3	2	2	1	2	4	16980	2	3	4	2	2	6	3	4	4	2	3	5	2	11	3	4	1	1	1	27	2	2	1	1	9	6	0	2	2	1	1	1	24	5	5	5	4	7	2	1	12	16	9	5	9	20	1	1	2	22	1	3	7	2	2	4	5	21	4	4	23597	1	7	3	7	3	6	6	6	23	5	1	4	24	7	4	0	25272	25	2	2	17	1	4	1	4	7	5	0	2	2	4	2	7	4	2	2	0	4	3	3	26	21	5	31	1	7	5	12	1	9	6	10	23	2	22	1	2	6	1	3	4	6	4	4	5	11	11	4	5	1	2	4
D	0	3	5	3	28511	14	3	6	3	19	0	7	1	4	3	4	4	5	1	4	11	3	27159	4	2	4	5	2	1	11	1	1	25107	4	10	3	5	3	1	5	10	5	8	2	6	5	3	2	3	1	3	25101	5	3	4	7	1	6	2	3	5	26117	6	5	4	2	3	2	2	1	7	3	4	8	8	2	4	7	4	12	1	23469	1	2	1	4	2	6	1	19272	5	4	1	1	8	5	1	1	6	4	21830	5	4	3	2	7	4	1	4	3	1	3	3	2	4	1	7	15703	1	1	8	5	1	3	1	1	18847	2	0	3	0	1	4	17873	6	1	12	7	8	1	5	8	1	4	3	1	3	2	6	7	8	2	7	22153	0	22944	23314	2	23961	9	2	5	1	1	3	4	3	6	1	0	0	8	6	1	4	17	10	4	2	23049	5	2	22944	2	5	2	5	8	8	23415	6	3	6	3	11	9	0	5	5	5	7	3	2	3	4	5	1	24243	2	5	2	1	6	4	4	21293	4	8	2	24744	2	5	4	3	3	3	24168	2	3	8	7	0	13	13	7	3	4	22959	4	1	2	12	2	9	12	2	6	4	3	25317	5	4	6	4	4	2	6	6	7	0	26601	4	2	6
E	0	3	27337	11	5	7	2	2	14	4	5	2	24	12	3	6	23814	5	0	4	6	7	3	1	21	3	5	0	4	0	3	3	6	12	19	4	3	3	2	4	16	8	3	5	2	6	7	4	6	14	4	6	0	3	3	9	3	1	24841	3	9	0	24484	11	19	3	4	2	1	2	15	5	4	11	9	9	5	20	12	5	1	7	1	4	3	19245	17	2	1	5	4	2	1	7	4	20033	5	5	6	6	5	4	2	2	5	5	1	12	3	12	20266	11	4	2	1	3	11	3	9	0	0	2	1	0	0	2	2	1	7	1	2	1	1	8	3	8	13	6	4	2	3	19447	0	15	1	4	1	2	21630	20	6	0	4	8	4	6	8	1	6	23634	23321	8	3	4	3	18	4	14	19902	2	4	9	9	2	8	35	6	1	1	1	4	22498	2	4	7	6	6	2	4	4	19	2	4	2	1	5	7	0	26614	2	2	0	2	2	3	3	3	5	3	2	3	3	5	3	13	9	4	3	4	7	3	12	3	15	4	2	5	1	11	24046	24393	5	0	7	23955	5	19	8	1	2	3	15	10	1	4	8	24	17	3	9	6	9	4	1	22	4	2	4	4	2	3	25273	6	7
F	0	4	6	2	5	4	2	6	3	7	0	1	2	4	27	2	6	4	4	26484	4	2	2	5	2	2	7	2	4	2	5	5	4	1	3	4	22772	2	2	6	3	3	11	2	3	8	0	26758	3	2	3	4	7	2	0	3	2	2	5	0	1	5	0	3	2	1	2	1	4	2	4	5	8	4	6	4	18	5	5	13	0	1	14	5	0	3	1	3	5	2	3	2	0	5	6	3	4	4	2	5	4	2	4	2	2	4	0	3	4	2	2	5	0	5	1	5	4	4	1	3	0	0	3	0	1	3	3	1	2	0	8	0	18205	5	4	7	5	0	6	1	2	3	6	1	2	1	4	3	6	1	2	4	1	5	4	2	4	2	8	0	1	4	6	5	7	3	1	5	2	5	22414	12	12	1	2	8	9	2	5	4	4	6	10	6	3	10	4	6	5	1	5	12	6	9	3	6	6	3	6	2	4	2	25213	5	4	27285	5	1	14	4	3	0	4	3	2	7	1	2	3	3	4	1	2	1	7	5	2	8	3	1	11	3	1	3	1	3	3	2	4	25691	5	2	3	6	2	3	3	4	2	2	6	4	10	3	2	24192	1	5	4	2	4	1	25660	26232
G	0	3	4	4	6	27545	0	4	8	25449	11	2	7	5	24	5	7	5	3	6	28196	0	1	9	4	4	3	5	2	28483	7	12	5	2	2	7	2	5	4	9	7	5	23450	14	0	3	2	2	8	2	1	5	0	3	24547	4	2	1	1	4	2	6	4	5	6	4	0	5	7	1	6	0	11	23122	11	3	4	6	5	8	1	2	9	6	2	0	1	19265	1	5	8	2	1	0	21246	11	4	2	20527	2	6	0	3	3	12	2	0	1	2	6	4	3	3	17	6	6	5	2	4	1	3	4	0	0	3	5	9	3	4	2	4	1	2	5	0	3	8	3	2	5	1	3	5	3	5	4	9	4	3	8	21088	3	8	6	2	4	4	0	8	6	8	1	1	23995	3	4	1	7	7	3	0	16	12	0	4	9	7	2	3	2	23311	0	4	1	12	4	6	5	26896	0	4	5	3	1	3	4	8	12	5	6	23878	9	3	5	24965	1	3	5	9	24357	4	1	26041	10	6	2	5	2	3	11	4	8	4	3	0	7	4	3	4	3	6	9	24753	22952	6	10	9	5	10	5	3	4	7	3	29549	2	4	4	5	10	4	2	5	3	7	7	3	4	3	3	5	5	3	2
H	0	5	1	23	7	1	3	27640	1	2	2	6	2	4	1	2	4	7	4	1	3	3	6	3	4	12	14	2	6	3	2	5	6	1	5	3	6	7	3	3	6	3	5	5	26	1	8	2	5	1	4	6	5	1	2	5	4	0	0	0	17	3	2	0	3	8	4	2	1	3	2	2	9	3	5	1	5	3	6	3	2	3	1	3	7	1	4	0	5	3	3	3	5	1	6	2	3	6	2	17	4	2	4	1	4	20759	1	1	6	4	4	4	1	2	11	2	1	3	1	3	8	4	2	17937	1	2	2	7	4	3	2	4	3	5	18409	18	2	1	19289	8	3	5	5	2	6	4	6	0	3	1	4	7	5	6	12	6	6	5	4	4	2	24415	21	4	3	1	7	3	5	4	0	9	19	8	7	11	20	1	2	11	2	4	4	9	3	6	3	26425	6	5	3	0	2	2	3	4	1	6	7	4	4	5	1	4	4	4	4	12	0	6	7	2	4	2	2	4	8	5	24	4	3	2	4	3	3	9	2	4	1	2	3	8	5	6	2	4	0	9	6	3	6	6	6	6	7	6	4	3	3	5	2	9	2	4	2	1	6	5	6	1	8	5	4	7
I	19	27423	2	4	5	4	6	2	1	1	8	4	2	1	2	3	2	2	4	2	4	1	4	2	2	4	3	7	27130	1	4	10	3	1	0	2	5	4	4	13	3	2	2	4	1	2	4	3	3	1	5	6	1	12	2	2	2	2	4	1	4	4	2	1	2	3	2	9	2	5	4	7	11	8	10	10	6	9	9	7	4	5	4	3	3	3	3	6	1	3	2	4	4	3	2	2	3	1	5	2	6	6	2	6	9	2	3	4	5	3	4	4	4	6	22177	19	2	4	0	8	0	0	0	3	4	4	2	2	3	7	3	4	5	4	1	2	2	2	7	2	20347	2	4	6	3	4	3	27	4	6	3	5	6	2	1	4	5	3	4	7	3	4	2	16	6	6	2	1	2	1	3	13	11	3	6	3	19	11	5	1	2	3	0	3	4	8	15	7	4	5	3	6	3	2	3	25661	22	3	3	5	2	5	8	10	7	2	28081	3	3	4	3	4	0	7	6	6	5	6	2	5	24374	3	6	2	17	2	3	23627	3	4	4	5	0	7	5	2	2	3	1	7	8	2	0	2	6	24356	4	2	6	4	20	5	6	24066	3	7	0	1	8	8	3	6	10	5
K	4	5	5	12	8	3	2	3	1	3	3	6	4	2	6	2	3	4	0	2	4	1	6	4	0	10	13	3	3	1	4	6	3	3	2	1	3	5	4	3	2	18	2	5	6	4	7	9	2	24319	6	2	1	3	0	2	2	20	3	2	9	5	4	2	4	4	3	5	3	2	2	9	15	5	7	5	6	11	7	4	2	4	1	1	1	7	4	0	1	1	2	1	3	3	2	4	2	3	2	13	5	1	4	2	3	4	1	4	3	4	6	21142	4	3	10	5	6	1	0	2	0	2	1	2	4	5	2	1	1	6	2	1	3	1	3	11	2	18995	4	4	3	7	5	0	4	4	5	5	3	2	2	3	5	6	21	5	7	1	7	4	4	3	13	0	1	2	2	2	1	3	3	10	6	4	22807	3	5	3	3	5	3	8	6	6	3	7	5	5	3	1	5	5	1	0	9	5	3	1	3	5	1	2	4	4	1	1	4	3	2	1	0	0	1	3	2	1	3	4	19	4	2	5	3	6	1	1	5	4	2	3	8	5	3	10	7	4	7	4	2	1	7	3	8	4	1	4	5	4	4	6	3	16	3	3	5	4	6	1	3	5	2	10	0	3
L	7	5	5	6	2	4	27735	4	9	2	4	5	5	4	16	17	3	21	25850	11	4	3	0	44	1	5	6	2	6	3	11	5	11	2	7	10	6	12	24755	4	11	8	0	15	6	14	28136	12	28	3	3	5	25782	0	28	4	25303	0	6	26346	2	4	11	3	3	11	23593	4	6	24538	1	4	2	4	16	6	4	4	4	23	22877	2	11	7	2	0	1	3	11	1	10	21991	21898	21100	3	1	11	8	4	9	1	22212	22151	5	3	6	21017	2	4	7	4	0	6	1	5	8	3	4	5	4	9	12	17550	5	3	20465	4	2	0	1	2	6	6	0	5	5	2	2	2	17	1	3	13	11	4	2	8	5	2	2	6	21133	11	2	4	2	1	23654	2	2	3	3	1	4	22280	4	8	3	2	22226	10	22	29	21516	4	9	13	7	7	1	6	7	2	26424	17	18	2	9	4	3	3	5	25020	10	9	9	5	18	7	6	4	14	7	1	4	10	5	5	4	1	9	25221	5	21	4	7	13	5	5	1	10	5	22858	9	4	12	2	6	9	2	3	25115	2	4	7	15	6	1	14	8	27180	17	27590	5	4	15	1	11	10	3	3	8	8	18	7	18	5	8	24976	26215	4	2	9	16
M	27893	3	5	3	3	6	25	1	2	3	13	1	5	3	1	6	3	3	13	1	2	0	5	1	6	8	3	8	21	3	2	4	2	2	6	6	4	2	14	3	10	2	1	3	3	6	15	3	10	7	4	0	12	2	3	4	11	0	2	10	0	6	3	7	2	2	9	4	1	12	3	10	8	1	13	11	4	4	13	17	10	2	5	7	0	0	3	3	1	3	5	11	5	12	2	2	4	5	6	6	0	17	15	2	4	0	13	2	3	12	7	4	2	1	4	22119	2	2	2	15414	0	5	9	3	3	18	3	3	4	2	3	6	3	3	2	1	6	4	2	0	7	4	4	5	4	4	2	21012	3	5	3	18	6	4	3	3	3	13	1	1	3	2	9	4	16	5	3	6	3	18	6	8	5	10	2	9	21	23137	3	1	1	2	1	9	8	5	7	0	4	2	8	1	24	3	3	8	28038	3	3	9	4	2	5	7	3	4	2	2	2	3	6	14	3	10	3	4	2	2	2	0	4	4	10	4	11	2	2	3	5	5	3	14	3	6	1	10	5	1	0	4	17	5	21	8	1	4	6	7	7	3	8	6	5	3	3	6	2	6	10	15	4	3	5	7
N	0	9	2	6	5	2	2	21	2	3	4	2	1	2	3	4	1	3	4	2	4	6	3	4	11	3	5	16	6	5	5	6	5	3	3	7	2	1	1	4	4	3	1	1	3	4	4	1	3	1	4	8	0	7	3	1	1	25245	2	2	5	4	1	5	0	3	2	4	3	3	4	11	18	15	8	5	11	4	6	7	8	3	2	2	8	3	2	1	4	2	3	1	1	4	4	3	3	4	7	7	6	2	8	7	4	15	5	2	3	2	7	4	2	10	3	2	1	9	2	2	0	2	0	10	9	0	3	0	1	19	3	1	0	1	28	4	3	4	7	3	3	1	6	4	5	4	6	3	3	1	7	2	0	6	1	7	1	3	3	9	4	9	2	6	1	3	5	1	6	5	5	13	13	7	10	3	14	2	3	3	3	6	4	2	4	4	16	24	7	10	7	5	2	4	22585	5	5	5	6	21906	5	2	1	5	4	3	2	5	4	2	4	2	7	3	4	3	2	11	9	7	4	0	0	1	6	6	3	3	10	3	3	4	5	9	6	4	1	4	2	3	6	6	3	8	2	2	0	4	3	7	7	10	2	2	2	7	6	0	2	2	7	3	3	1
P	0	1	2	8	1	4	21	2	7	2	4	25156	7	3	3	7	3	2	5	0	3	2	0	5	0	10	3	5	1	0	2	5	4	4	6	8	4	5	6	4	8	3	3	8	26593	3	10	1	8	3	2	1	10	2	0	5	3	0	2	7	3	2	2	2	2	1	4	1	1	4	5	5	5	6	6	20920	4	10	4	6	5	0	5	2	2	0	2	3	1	3	3	4	6	6	1	2	3	19701	3	7	1	6	7	2	2	8	3	2	18735	6	2	0	4	0	2	3	5	1	1	2	3	1	5	8	4	8	0	17766	8	4	5	18210	0	0	4	3	1	1	5	6	0	3	4	2	2	1	5	2	2	6	1	6	7	1	2	2	0	7	2	2	2	5	5	3	2	3	20844	4	4	6	0	16	4	7	3	13	13	4	23925	1	2	0	2	4	3	4	7	14	1	4	5	1	10	25461	5	0	3	6	7	3	1	1	5	1	3	3	3	2	7	6	3	7	0	3	2	0	4	3	8	1	3	4	4	2	4	2	7	2	6	1	2	17	3	2	4	4	6	2	9	2	7	1	10	3	0	4	4	6	23579	7	3	11	7	1	3	4	6	5	6	6	2	3	2	4
Q	0	10	8	27688	7	7	8	5	4	6	4	20	5	6	4	4	7	1	5	6	0	3	4	3	7	26829	27386	1	3	2	3	4	4	6	16	4	1	5	3	3	6	23120	3	9	5	1	2	2	4	3	8	1	10	2	7	3	3	1	8	3	27329	16	1	2	9	2	2	4	1	1	1	3	6	9	4	17	5	7	56	10	2	4	6	2	1	4	5	1	2	7	2	5	1	2	2	100	4	15	4	21347	6	4	4	1	1	6	2	4	16	3	4	9	3	3	0	6	10	8	2	1	2	3	2	11	3	4	1	10	6	2	0	15	1	5	3	18445	3	4	4	5	6	2	2	5	1	0	1	5	3	5	0	5	8	6	22958	14	5	6	8	6	10	24	24233	7	4	3	15	4	8	3	2	15	5	7	4	10	6	5	17	2	3	5	5	20	5	4	7	13	2	3	6	4	7	11	5	6	48	9	9	7	2	3	2	3	5	4	5	3	1	7	5	0	7	0	4	5	8	0	25204	3	5	7	7	8	3	9	4	10	8	4	4	4	7	7	8	4	6	1	2	3	19	24	3	4	2	5	6	2	22	29	2	25342	7	9	3	2	9	1	5	4	5	7	3	3
R	14	5	3	14	11	12	19	9	4	3	30	3	8	3	12	2	1	24213	4	5	5	2	7	6	1	6	5	3	5	4	5	11	7	4	2	3	4	25181	5	16	3	12	4	23397	5	5	9	3	5	10	2	2	9	15	11	3	6	1	1	3	12	0	0	4	3	22538	4	13	10	1	4	3	10	15	7	13	11	13	9	7	8	2	5	4	0	1	4	2	19250	1	4	4	5	3	6	4	5	4	8	10	3	10	4	14	15	5	4	4	2	3	2	3	0	8	2	14	1	5	2	0	15862	16029	16	2	1	4	3	6	2	1	5	2	2	4	7	7	1	10	3	19938	2	2	19513	4	18553	1	20494	0	5	2	2	11	0	0	5	6	5	3	0	3	4	5	7	7	8	2	4	5	3	3	0	16	20714	7	1	6	20976	8	7	4	3	1	10	12	2	8	6	5	14	4	3	11	11	8	2	13	19	8	10	3	2	24202	8	13	3	1	4	1	11	8	24995	5	7	3	2	3	22654	3	10	8	5	0	10	3	4	23791	2	4	0	0	3	8	10	7	2	10	1	0	23077	4	20	8	51	2	8	8	3	3	24	5	24	8	25159	1	11	0	9	24934	5	2	2	0	3	1
S	0	6	0	5	4	13	1	5	15	7	24033	10	17	9	7	3	4	16	2	8	3	9	3	4	27	0	5	9	1	16	17	26689	11	7	21	3	6	7	1	24339	12	4	11	5	2	4	5	3	0	6	4	4	3	25555	7	18	6	4	0	4	3	0	3	12	12	10	7	24597	4	2	12	1	17	15	2	12	2	18	14	14	4	2	4	2	3	0	5	4	15	4	9	1	2	0	10	1	1	15	5	4	5	0	2	21834	21189	1	2	12	4	16	6	2	0	20983	4	5	12	1	11	0	8	14	0	1	4	3	1	3	12	4	4	1	2	4	4	2	19	3	4	30	5	5	5	10	11	6	21	4	1	13	4	0	0	4	1	1	6	2	1	5	1	5	1	2	4	10	6	11	4	4	5	20	28	5	0	13	35	3	26	2	4	4	4	2	5	4	10	0	9	1	11	7	2	7	11	9	6	1	4	6	4	21	2	25604	6	5	3	2	5	9	21	1	17	2	12	0	17	6	1	0	15	17	2	13	18	18	4	4	16	0	1	7	7	9	2	8	14	2	21	3	2	2	3	5	6	3	12	15	6	1	25357	1	15	3	9	4	5	26	1	4	2	1	3	2
T	1	5	6	4	11	3	3	0	1	6	2	43	8	19	4	4	2	4	1	4	11	3	7	4	5	7	10	26570	5	6	0	6	3	1	3	1	1	3	1	2	6	3	7	4	14	6	7	1	8	7	25060	2	0	3	3	4	1	5	2	1	2	2	2	4	3	1	1	6	3	2	4	18941	19190	19	13	21	9	12	11	7	1	2	2	5	19746	0	3	4	2	2	2	1	1	11	5	1	1	8	6	5	1	1	2	3	5	0	2	6	15	4	2	5	13	2	3	5	8	3	4	1	3	3	1	8	16766	1	2	21	10	16504	5	18	2	1	4	0	3	9	3	5	8	2	1	6	4	18068	4	7	1	7	5	4	3	4	0	2	0	1	10	0	0	3	0	6	1	11	16	3	3	6	4	17	10	5	6	11	12	5	17	5	7	7	3	2	5	2	25549	2	6	4	3	6	5	22	8	11	9	3	4	5	1	4	1	19	6	6	5	4	1	0	8	1	3	6	6	4	2	2	2	3	6	4	2	4	21408	7	2	14	10	3	5	13	3	6	8	2	6	4	5	1	5	3	6	9	5	1	9	11	16	3	5	7	6	3	2	2	3	5	3	4	3	5	3	5
V	13	5	2	5	19	22	2	4	6	17	5	2	4	7	2	17018	8	1	4	0	16	1	5	9	13	4	6	1	4	14	4	6	3	3	4	21437	6	2	3	5	6	6	7	6	4	28680	9	11	26574	3	3	4	3	0	12	5	0	4	3	4	2	4	0	5	7	2	3	0	0	3	8	9	7	22	21401	8	2	7	10	20832	2	4	21448	18824	3	0	7	8	0	3	3	2	5	10	14	10	19303	3	24	1	3	8	4	2	2	4	1	5	4	12	5	2	19818	3	7	3	7	8	9	3	0	1	8	2	1	6	11	2	9	4	2	5	7	4	4	3	5	3	4	2	5	2	4	2	1	2	1	4	1	6	19	7	21288	2	2	2	5	2	7	3	3	5	4	19	5	8	3	5	4	4	7	29	10	5	1	22	10	6	1	4	14	6	4	4	25605	23087	6	5	13	9	9	5	6	4	4	13	7	26528	4	4	10	2	7	0	16	6	9	4	7	14	1	5	22	24301	12	4	3	1	5	2	5	20	8	9	2	6	8	6	12	4	3	10	20	19	2	4	10	3	3	10	3	26020	12	3	20	4	26	7	4	2	4	2	2	7	5	11	8	3	2	4	2	8	5	4
W	0	4	2	4	3	5	4	0	9	6	9	5	7	2	21368	2	1	6	3	3	4	6	3	26792	3	5	2	3	4	4	5	2	1	4	1	2	1	3	10	1	12	0	4	8	21	3	7	2	1	3	5	2	2	1	2	2	12	2	2	8	2	1	1	3	3	2	3	1	25638	1	2	6	4	7	9	6	3	4	9	5	2	1	0	5	0	1	0	1	2	2	22218	2	4	5	6	2	4	4	2	6	0	2	3	1	3	1	5	1	0	5	3	2	0	3	3	5	5	3	0	1	4	1	2	1	0	1	3	3	7	1	8	5	3	2	0	3	7	0	4	2	3	4	2	3	3	4	2	2	4	1	5	4	6	4	4	2	3	4	2	3	0	4	3	1	1	5	4	2	3	2	4	16	12	0	2	19	7	9	4	2	5	1	3	5	5	4	5	2	3	4	9	7	4	2	1	1	4	5	2	1	5	7	1	1	2	6	3	2	9	9	2	3	8	5	4	2	4	2	4	2	2	2	3	7	1	7	5	0	6	4	3	9	4	6	3	23813	2	0	7	4	6	7	4	2	6	2	3	6	0	4	12	3	5	5	3	6	4	4	4	4	3	1	2	5
Y	0	3	2	6	24	3	2	7	6	2	1	5	1	1	2	2	3	1	2	4	3	27410	24	7	2	6	4	0	2	2	7	3	23	4	8	6	3	3	2	3	4	7	8	2	7	5	4	2	6	1	6	17	4	6	2	2	0	5	2	1	3	14	1	1	1	1	0	3	4	2	3	3	9	8	0	9	8	11	6	7	3	17	1	2	2	0	0	3	4	13	6	1	1	5	1	2	1	2	4	5	30	3	2	4	3	6	6	2	5	0	4	5	5	3	3	4	4	23	5	3	1	0	1	6	3	1	20	2	2	0	3	3	5	16	7	3	0	3	8	3	2	1	3	11	0	1	0	1	3	5	2	3	2	17	4	10	15	3	17	2	7	5	4	2	5	5	2	3	5	2	8	9	13	4	5	12	22	1	3	12	3	3	9	3	4	1	2	10	2	18	0	5	8	2	3	3	4	3	6	10	2	4	2	3	6	4	3	16	2	1	3	1	2	2	5	30	0	24803	0	22	3	2	3	1	5	2	22	1	4	1	7	3	6	5	4	3	1	21	3	6	5	1	2	29444	5	1	4	0	2	26	6	5	1	0	5	2	25669	3	6	1	10	7	3	5
