KKA2_S2_G41811_L2
Position	1	2	3	4	5	6	7	8	9	10	11	12	13	14	15	16	17	18	19	20	21	22	23	24	25	26	27	28	29	30	31	32	33	34	35	36	37	38	39	40	41	42	43	44	45	46	47	48	49	50	51	52	53	54	55	56	57	58	59	60	61	62	63	64	65	66	67	68	69	70	71	72	73	74	75	76	77	78	79	80	81	82	83	84	85	86	87	88	89	90	91	92	93	94	95	96	97	98	99	100	101	102	103	104	105	106	107	108	109	110	111	112	113	114	115	116	117	118	119	120	121	122	123	124	125	126	127	128	129	130	131	132	133	134	135	136	137	138	139	140	141	142	143	144	145	146	147	148	149	150	151	152	153	154	155	156	157	158	159	160	161	162	163	164	165	166	167	168	169	170	171	172	173	174	175	176	177	178	179	180	181	182	183	184	185	186	187	188	189	190	191	192	193	194	195	196	197	198	199	200	201	202	203	204	205	206	207	208	209	210	211	212	213	214	215	216	217	218	219	220	221	222	223	224	225	226	227	228	229	230	231	232	233	234	235	236	237	238	239	240	241	242	243	244	245	246	247	248	249	250	251	252	253	254	255	256	257	258	259	260	261	262	263	264
Wild-type	M	I	E	Q	D	G	L	H	A	G	S	P	A	A	W	V	E	R	L	F	G	Y	D	W	A	Q	Q	T	I	G	C	S	D	A	A	V	F	R	L	S	A	Q	G	R	P	V	L	F	V	K	T	D	L	S	G	A	L	N	E	L	Q	D	E	A	A	R	L	S	W	L	A	T	T	G	V	P	C	A	A	V	L	D	V	V	T	E	A	G	R	D	W	L	L	L	G	E	V	P	G	Q	D	L	L	S	S	H	L	A	P	A	E	K	V	S	I	M	A	D	A	M	R	R	L	H	T	L	D	P	A	T	C	P	F	D	H	Q	A	K	H	R	I	E	R	A	R	T	R	M	E	A	G	L	V	D	Q	D	D	L	D	E	E	H	Q	G	L	A	P	A	E	L	F	A	R	L	K	A	R	M	P	D	G	E	D	L	V	V	T	H	G	D	A	C	L	P	N	I	M	V	E	N	G	R	F	S	G	F	I	D	C	G	R	L	G	V	A	D	R	Y	Q	D	I	A	L	A	T	R	D	I	A	E	E	L	G	G	E	W	A	D	R	F	L	V	L	Y	G	I	A	A	P	D	S	Q	R	I	A	F	Y	R	L	L	D	E	F	F
A	0	0	0	0	33	22	0	1	53012	3	31	1	51915	50077	0	48	1	0	0	16	1	0	1	0	52326	0	0	21	0	8	0	0	2	51522	50554	8	0	0	0	4	49256	2	17	2	1	67	0	0	7	0	4	98	11	2	1	50247	0	0	2	0	1	2	5	50399	47722	0	0	0	0	0	49095	5	14	3	6	1	0	45396	45038	5	0	2	15	5	3	1	45412	0	0	3	0	0	0	0	0	7	1	0	2	1	9	0	2	0	2	3	0	47353	0	47769	1	0	2	20	0	0	50136	0	34563	0	0	0	0	0	52	0	1	1	38161	3	0	4	0	0	0	4	43364	0	0	0	0	5	23	44894	0	5	0	0	4	47960	1	0	2	0	10	8	9	0	0	5	7	0	6	0	12	50608	3	50241	0	0	0	49498	21	0	0	47699	481	0	1	1	7	8	0	0	8	6	9	0	0	8	50558	1	0	2	0	0	0	8	4	0	1	0	0	0	5	0	0	12	80	0	0	0	1	3	53663	0	0	0	0	7	0	51102	0	47960	4	0	2	0	53409	249	7	0	1	61	2	0	51774	16	0	0	0	16	2	0	3	0	47289	44870	9	7	1	4	0	0	49077	0	0	0	0	2	0	0	0	0
C	0	0	10	1	2	77	49	13	1	29	221	0	4	5	23	1	0	9	0	18	14	6	2	34	12	0	0	0	0	9	52883	1	2	0	0	0	0	2	0	1	123	0	20	0	0	43	1	0	0	0	4	50	2	12	16	2	2	0	0	1	2	0	0	2	6	2	0	1	9	2	1	0	2	16	3	0	40947	0	1	0	0	0	0	1	3	1	0	14	7	0	9	0	2	1	18	0	0	0	19	0	0	0	0	0	0	1	0	1	0	0	0	0	0	0	0	0	0	0	0	0	4	2	0	2	0	0	0	0	0	4	38546	0	3	0	0	0	0	0	0	0	0	1	8	0	3	0	3	0	0	0	10	0	10	0	168	0	0	0	0	15	2	1	0	26	10	0	1	0	0	9	1	2	11	14	22	5	1373	14	0	2	9	1	0	0	0	0	0	0	25	0	4	48222	0	0	0	0	1	7	3	0	14	4	0	1	14	6	0	0	52264	21	6	0	19	0	0	3	3	3	0	0	0	5	0	0	32	3	1	0	0	0	0	0	18	22	0	38	0	2	2	15	1	9	0	5	20	5	41	0	0	0	5	0	8	0	0	2	3	1	1	0	0	0	0	2
D	0	0	25	0	55762	43	0	18	1	4	0	1	18	1	0	7	1	6	0	0	2	3	53731	0	4	0	50	2	3	3	0	0	49880	0	365	1	0	2	0	0	8	2	15	0	0	87	0	0	0	0	28	48923	14	0	1	31	0	2	6	2	3	53844	7	0	5	1	0	2	1	2	0	0	0	1	2	0	0	0	12	2	0	51191	0	0	0	1	0	3	0	43148	0	0	0	3	1	2	2	0	5	2	50511	2	0	1	0	46	0	1	0	2	2	2	0	0	1	0	0	35279	0	0	10	6	0	8	5	0	42421	0	0	1	0	0	0	40801	1	0	0	0	4	0	0	6	17	1	1	2	0	0	3	0	15	0	0	48626	1	51289	51044	0	53218	17	5	1	0	3	0	0	0	8	17	0	0	10	1	1	1	64	226	1	0	49194	0	3	48782	2	1	1	0	21	1	48147	0	0	2	2	19	3	3	0	4	4	5	0	0	0	1	0	0	50245	0	8	0	0	1	0	0	45071	0	7	0	51660	0	3	3	1	4	0	48571	1	0	3	1	0	2	19	5	0	0	47805	0	0	6	29	0	1	1	0	39	8	0	49676	0	22	0	0	0	0	1	0	0	0	50717	0	0	0
E	0	1	52846	31	81	27	5	15	11	0	4	0	23	29	0	3	47713	0	0	88	0	0	7	0	77	112	7	0	0	0	9	0	1	9	72	2	0	0	0	1	8	43	0	0	11	3	0	0	2	7	0	56	143	14	0	30	8	0	50710	1	2	4	50856	5	12	0	0	0	0	0	12	1	0	1	0	0	0	8	7	0	0	0	0	1	1	44231	10	0	0	1	0	0	0	0	0	45486	0	0	0	6	1	0	0	0	0	3	0	17	2	14	46744	6	3	6	0	0	7	16	9	0	0	0	0	0	6	0	2	0	13	0	0	0	0	4	0	2	6	4	0	0	0	44459	0	13	1	2	1	0	49157	9	14	0	2	3	92	3	3	0	1	52257	51125	3	42	0	22	7	0	15	44898	0	1	50	116	1	5	56	282	11	0	2	5	47848	0	0	5	6	0	1	0	5	10	0	0	0	0	0	0	0	54933	0	0	1	1	0	0	0	0	5	0	0	0	0	0	0	11	5	0	0	6	1	0	8	0	18	0	0	2076	0	19	49564	50793	0	0	20	50366	1	12	28	0	0	0	179	109	0	0	0	24	14	0	0	2	17	0	0	16	0	0	0	0	0	1	48176	0	0
F	0	13	9	30	74	25	6	0	0	4	108	0	0	0	0	0	0	2	0	51946	0	1	0	0	0	0	0	75	0	0	4	0	0	0	48	0	45199	0	0	0	1	0	0	0	0	0	5	53811	0	0	0	0	27	0	1	0	3	0	0	0	0	0	0	0	0	0	0	0	0	0	0	0	0	0	0	0	3	0	0	0	0	0	1	0	0	0	0	0	0	0	0	0	0	0	0	0	0	0	0	0	0	0	5	0	0	0	0	0	0	0	0	0	0	0	1	0	0	0	0	0	0	0	0	0	0	0	0	0	0	0	3	0	41173	0	0	0	32	0	3	0	1	0	0	0	1	0	0	0	1	0	0	0	176	0	12	4	0	480	0	4	0	0	34	0	244	0	0	1	0	0	48692	0	1	0	0	0	625	63	0	14	2	0	0	0	0	0	0	0	0	0	134	9	0	0	0	1	0	0	0	0	1	0	51834	0	0	56307	0	0	11	0	0	0	0	0	0	0	0	2	0	0	1	0	0	4	0	0	0	1	0	0	10	16	0	1	0	0	0	14	0	53148	0	4	0	3	0	0	0	0	0	0	30	0	0	3	0	46380	0	0	0	0	0	0	48822	50169
G	0	0	3	8	45	54115	42	10	5	50717	19	3	2	3	20	21	2	2	0	5	55809	0	1	4	0	0	0	0	0	56414	1	6	5	1	10	10	0	4	137	6	1	3	47086	13	1	73	0	0	4	0	0	42	3	8	49810	2	0	0	0	0	0	0	1	0	2	1	0	8	7	0	4	0	0	49201	0	0	4	1	8	6	0	1	12	1	0	4	2	44319	5	1	15	0	0	2	48988	29	2	0	47307	0	4	0	0	11	15	0	0	3	0	0	4	0	1	21	0	0	1	2	3	0	2	4	0	0	8	0	8	0	1	3	1	0	0	3	0	0	2	1	0	9	0	6	3	3	23	0	11	0	3	7	48367	0	1	17	352	7	17	0	5	6	2	0	1	53042	0	3	0	1	2	0	0	17	3	0	0	2	721	1	0	2	49581	4	2	0	5	5	0	0	55642	0	1	21	0	0	0	0	0	2	4	1	49241	2	0	2	51778	0	0	3	2	50815	5	0	54867	14	1	1	6	0	0	3	0	4	0	4	0	10	5	0	29	62	5	0	52516	47977	6	9	0	7	5	0	0	0	0	0	59826	0	12	0	0	5	5	0	1	0	19	0	0	1	0	0	4	4	0	0
H	0	7	5	9	4	12	0	54685	3	0	29	0	1	1	0	17	0	4	0	30	0	4	15	0	0	5	9	23	0	0	0	0	1	0	62	0	0	2	0	14	0	2	3	0	14	0	30	0	0	0	29	5	68	6	6	19	0	1	0	0	20	2	0	0	2	3	0	0	0	0	1	0	0	0	0	0	0	0	6	0	0	3	0	0	0	3	7	0	2	108	0	0	0	0	0	0	0	1	0	15	0	0	0	0	0	48557	0	2	0	1	0	0	0	0	0	0	0	2	0	0	4	3	0	39877	0	0	3	0	1	0	0	0	0	1	42075	9	0	0	43757	2	0	0	93	0	20	0	1	0	19	1	0	0	0	8	9	35	3	0	6	0	6	53260	29	1	100	2	0	8	17	0	0	4	43	0	0	9	735	31	0	10	0	0	1	0	0	0	0	54689	0	3	16	0	0	0	0	0	0	0	87	1	0	3	0	0	0	0	0	0	0	0	1	0	0	0	0	1	3	2	11	2	0	0	0	0	3	3	7	0	1	135	0	0	0	22	0	0	0	31	3	0	0	15	0	12	0	0	5	0	0	5	24	9	5	0	0	0	2	3	0	0	4	0	0	0
I	74	52912	3	22	0	18	0	0	2	5	462	0	0	2	0	1	0	0	12	3	0	0	1	0	6	0	35	1	53358	0	0	7	0	0	0	0	1	0	1	9	0	6	0	8	0	0	1	0	2	1	0	583	9	11	0	1	0	1	0	0	1	0	0	0	0	0	0	4	0	0	0	2	0	0	0	0	0	0	0	88	0	0	0	0	2	0	0	0	0	0	0	3	0	8	0	0	0	0	0	0	0	0	0	5	5	0	0	0	0	3	0	0	0	8	51713	25	0	0	0	7	0	0	0	0	0	4	0	3	0	1	0	0	0	0	0	0	111	1	0	0	46576	3	12	0	0	30	0	13	13	0	0	0	1	0	21	0	0	0	0	0	1	0	53	0	41	0	48	12	0	0	2	0	3	0	44	4	1126	135	8	11	0	0	0	0	0	1	4	0	0	0	0	0	0	0	0	52177	82	0	0	0	0	0	0	6	0	0	57645	0	0	0	0	0	0	1	0	0	0	0	0	0	50458	0	1	0	12	0	0	49456	0	0	49	0	0	20	0	0	0	2	0	0	3	1	0	0	0	47963	0	5	0	0	22	0	0	46108	0	1	0	0	0	0	0	0	1	1
K	1	36	11	75	86	42	3	13	0	0	1	0	0	1	0	32	2	13	0	61	0	0	5	0	1	12	5	0	0	0	91	0	54	0	2	0	0	0	0	5	50	58	1	2	32	0	0	0	0	48959	0	0	35	1	0	4	0	40	1	0	32	0	0	0	0	0	0	4	0	0	0	1	0	0	0	0	0	0	21	0	4	0	7	1	0	2	0	0	0	0	0	0	0	0	9	0	0	3	0	10	0	0	0	0	0	15	0	4	0	0	2	49290	2	8	2	3	0	0	0	2	0	2	0	0	2	0	0	0	1	3	0	0	0	0	0	15	3	43386	5	0	0	3	0	0	6	0	1	0	48	0	1	24	0	383	9	0	1	0	0	1	0	0	9	0	3	10	0	10	1	0	0	7	0	0	50042	0	10	11	0	0	0	2	0	0	0	0	0	0	0	0	0	0	0	0	12	0	1	0	1	7	0	0	0	6	1	0	0	0	0	0	1	0	0	0	0	0	0	0	11	0	0	0	0	0	0	0	0	0	0	1	10	0	0	200	5	0	0	101	1	0	0	74	0	0	0	0	27	8	3	0	86	24	48	0	0	0	0	1	0	0	0	0	0	0
L	11	34	2	28	34	4	54581	14	26	10	374	5	4	5	10	10	1	14	51306	52	4	1	0	41	0	3	1	3	8	0	42	0	18	0	87	9	5	17	49735	0	0	1	0	7	2	9	56689	22	21	0	0	5	51716	0	25	0	51023	0	7	53897	6	0	5	0	0	3	49547	0	11	51649	0	0	1	1	21	5	1	0	0	204	49877	0	16	5	0	0	0	1	17	0	27	50033	50014	48289	0	2	4	2	0	2	0	51106	51303	3	8	1	49591	0	5	3	0	0	5	2	3	7	0	1	0	63	9	13	39421	0	0	45792	0	3	18	0	0	2	5	0	0	1	156	0	2	12	0	0	15	0	11	10	13	2	8	0	0	48451	32	0	9	0	0	51600	4	0	1	3	26	1	49206	5	174	31	0	49355	18	4	163	48079	10	10	993	9	3	0	0	1	0	55225	12	13	0	2	0	0	5	0	51004	6	2	4	3	9	0	2	0	11	0	0	0	7	2	0	3	2	21	53168	0	13	0	3	11	1	1	1	105	0	48405	0	1	8	0	0	0	0	85	52931	2	10	0	11	0	8	8	4	55935	29	56134	7	2	30	1	23	4	0	17	1	8	19	0	10	0	10	48014	50274	0	0	6	20
M	53908	5	3	33	0	54	8	17	0	1	175	0	2	0	0	7	0	0	29	7	2	0	0	0	0	6	2	15	12	0	109	0	0	0	2	0	0	0	7	0	4	0	0	2	0	1	7	0	6	0	0	14	20	2	0	0	3	0	0	58	1	0	0	0	0	0	129	0	0	4	0	0	0	0	9	0	0	0	0	4	1	0	0	0	0	0	0	0	0	0	0	6	5	99	0	0	1	0	0	0	0	9	11	0	0	0	11	0	0	0	0	0	3	5	0	51740	0	0	0	34476	0	0	7	0	1	14	0	0	4	4	0	0	0	0	0	0	59	0	2	0	0	0	3	0	0	9	0	48552	4	0	0	8	85	0	113	1	58	8	0	0	0	0	97	1	33	4	10	13	0	15	0	4	570	10	0	14	741	49043	0	3	3	3	0	11	1	3	0	0	0	0	0	0	19	0	0	0	57816	3	0	0	0	1	0	0	0	0	7	0	0	0	2	10	0	2	0	0	0	0	2	0	3	0	6	0	4	0	0	0	2	0	3	9	0	5	0	0	0	19	0	0	13	24	16	0	0	2	0	33	0	0	3	0	0	3	0	0	0	0	15	15	0	0	0	0
N	0	34	20	15	188	53	0	15	0	1	7	0	1	1	0	0	0	2	0	15	1	0	2	0	2	0	460	7	3	0	2	2	38	0	50	0	0	0	0	1	7	6	5	0	13	3	0	0	0	3	5	2	3	0	1	0	2	51542	0	1	0	3	0	0	0	0	0	2	0	0	0	9	11	0	0	0	0	0	10	0	0	2	4	1	6	0	0	0	0	1	0	0	0	0	0	0	0	0	0	0	0	0	0	4	0	27	0	0	0	0	0	1	0	0	0	0	0	4	0	0	0	0	0	3	24	0	3	0	1	18	0	0	0	3	14	0	0	0	7	0	2	0	0	0	0	11	1	0	14	0	9	0	0	121	0	2	429	4	1	0	0	284	0	0	16	0	0	0	0	0	0	14	1	0	3	8	1040	2	0	2	1	0	1	0	0	0	6	16	0	4	0	0	0	0	46423	2	0	0	22	44333	6	0	0	3	0	0	2	2	0	0	0	0	0	0	0	1	0	1	0	1	3	0	0	0	9	0	6	2	0	0	0	0	0	23	0	0	0	10	1	0	0	13	0	1	0	0	8	6	0	4	13	2	0	12	0	0	0	0	0	0	0	0	0	0
P	0	0	5	41	0	184	26	25	16	1	119	50673	0	25	0	0	0	7	1	0	0	0	0	0	0	4	2	0	0	0	0	0	32	1	0	0	0	1	6	6	2	26	0	2	53257	50	5	0	0	0	3	0	9	0	0	4	3	0	1	6	2	0	0	0	0	1	4	0	0	7	1	6	1	0	0	44595	0	3	0	7	2	0	0	0	0	0	1	0	0	1	0	6	6	8	0	0	0	45132	0	8	0	3	3	0	0	40	5	21	44268	6	0	0	0	0	0	0	0	0	0	0	0	0	1	15	4	9	0	40077	0	0	0	41345	0	0	1	0	0	0	7	4	0	3	3	1	1	3	2	0	0	0	0	4	0	0	5	0	0	3	0	12	0	0	2	0	4	0	46460	1	0	8	0	0	3	13	0	0	0	42	50907	0	0	0	0	10	0	0	0	27	0	0	1	0	254	51809	0	0	0	0	0	0	0	1	0	0	0	0	0	0	0	0	2	3	0	0	1	0	3	3	1	0	0	0	6	0	0	3	0	0	0	0	0	25	0	122	0	0	1	0	1	0	6	0	7	0	0	0	0	1	46399	0	7	14	0	4	2	0	0	1	3	7	0	0	0	0
Q	2	5	30	53540	24	10	10	24	2	9	163	9	9	12	4	19	7	0	1	26	0	0	10	0	22	52129	52909	3	7	0	166	0	13	10	69	0	0	0	2	5	10	45912	3	10	10	0	0	1	0	5	12	48	16	3	7	2	3	1	18	0	55802	0	1	0	4	0	0	6	2	0	1	3	0	0	0	14	0	3	101	0	5	1	1	8	10	0	4	0	1	0	3	2	0	1	0	6	0	16	0	49193	8	0	1	96	0	7	1	0	8	0	8	3	0	34	3	0	3	4	0	0	3	2	0	17	7	1	3	8	0	0	0	15	0	0	1	42072	2	6	17	0	14	1	0	0	0	8	0	6	7	8	0	0	0	0	50043	16	24	4	11	15	13	9	53076	0	10	2	20	20	3	0	0	21	43	1	1	27	418	43	17	4	2	4	0	18	0	5	0	25	2	0	0	3	0	18	0	9	65	42	3	0	0	2	0	0	3	1	0	0	1	4	0	0	0	2	0	0	1	0	52244	0	0	5	0	0	1	0	3	5	6	7	2	3	0	49	4	1	2	39	1	2	13	71	6	0	0	1	11	1	15	27	2	49556	0	3	1	0	0	0	0	0	3	1	0	0
R	29	9	16	14	8	44	21	17	1	13	8	3	30	37	6	49	0	47964	10	21	3	0	2	7	8	7	7	0	0	4	6	7	60	9	0	0	0	50427	7	9	11	25	8	47182	27	0	7	0	0	8	1	0	27	8	12	0	13	3	0	11	9	0	0	2	5	47578	2	21	8	1	2	1	0	6	2	17	1	26	7	19	12	0	0	1	0	3	3	1	43694	2	4	0	1	3	7	0	2	7	3	10	0	12	4	8	16	1	0	0	3	1	0	5	2	15	0	11	0	0	0	1	35496	35640	25	2	0	1	0	0	5	1	6	5	0	0	3	21	93	9	7	45329	0	1	45029	1	42981	0	47374	1	13	1	1	6	0	747	8	2	40	2	5	3	1	7	10	4	8	9	0	10	0	2	2	8	44844	2	6	1	30572	131	4	3	5	1	10	11	2	4	0	4	5	0	2	3	4	13	1	8	20	6	2	0	4	49588	3	13	5	0	0	0	8	0	52300	4	3	2	0	0	47743	0	10	0	0	0	7	1	0	50423	0	4	11	0	0	0	2	186	0	13	0	37	48334	3	15	60	52	0	5	4	0	0	20	0	72	2	48910	0	0	0	0	47901	2	0	0	1	0	0
S	0	5	17	11	22	68	4	2	26	4	45891	1	18	9	8	2	0	10	0	41	2	11	0	8	28	0	19	2	2	12	23	53174	351	8	184	2	6	8	0	49415	17	3	2	0	0	58	0	5	0	3	23	46	6	51650	4	12	0	2	0	5	0	0	0	10	13	7	1	51908	4	0	7	4	0	3	2	6	0	3	18	0	0	0	10	0	10	0	12	3	18	1	1	1	0	1	3	0	0	2	1	0	3	0	0	50756	49716	3	0	27	3	7	0	0	0	49020	2	0	3	0	10	0	7	15	0	0	48	0	0	2	8	5	2	1	3	0	1	10	5	0	1	24	1	0	15	5	10	1	17	7	0	7	3	0	0	3	5	1	2	0	0	4	0	0	1	3	2	29	5	357	9	0	2	14	31	1	0	9	2480	0	2	0	18	1	1	0	0	1	3	1	5	0	11	12	0	2	7	11	0	1	0	1	5	15	4	52838	5	7	1	0	2	9	11	0	5	0	13	0	9	4	0	0	24	7	0	12	14	22	0	2	15	15	0	0	2	41	0	2	8	3	9	4	0	1	0	2	5	2	13	10	0	0	49342	4	6	2	12	4	0	10	0	0	0	2	4	3
T	9	33	11	13	58	93	2	3	1	11	42	22	8	12	0	2	0	0	0	14	1	0	2	0	7	2	27	51853	0	0	0	1	70	3	34	0	2	0	0	5	9	4	11	0	5	79	0	0	0	7	50416	63	4	0	1	5	0	0	0	0	2	0	0	1	0	0	0	6	0	0	9	40457	41237	0	2	4	3	1	30	0	0	0	7	0	45241	0	1	2	0	2	0	0	0	50	0	0	0	8	1	0	0	0	0	17	1	2	0	6	10	1	1	2	6	2	9	3	0	1	4	1	2	2	0	16	37836	0	0	9	2	37537	1	18	0	0	0	8	3	1	1	0	2	0	30	5	1	41331	0	3	4	2	0	1	0	9	53	9	0	0	7	0	0	0	9	0	8	80	8	8	3	1	0	3	4	0	3	1	3814	13	9	6	7	2	2	0	0	3	53394	0	1	0	1	619	0	17	4	2	7	0	1	4	0	6	0	25	0	0	3	1	43	1	0	0	0	0	3	1	1	0	2	0	1	1	0	1	45764	1	1	11	1	0	0	1	0	33	0	0	2	1	7	0	0	38	3	3	0	4	15	4	10	1	28	0	0	2	3	0	0	0	0	0	0	0	0	0
V	30	22	1	63	5	21	18	17	20	11	103	0	6	3	0	32042	1	0	3	23	7	1	17	0	40	0	35	0	3	4	11	6	1	6	8	41184	1	0	3	7	1	4	5	0	0	57036	18	5	53261	1	0	297	21	1	5	5	0	0	0	2	0	1	3	3	11	2	4	0	0	2	4	0	0	5	45286	0	1	5	3	43280	2	3	47565	42674	1	1	4	8	0	1	0	0	2	2	7	0	44102	0	13	1	3	0	0	0	0	0	4	4	5	5	5	0	46155	1	7	6	2	3	4	2	0	0	4	0	0	1	0	0	2	0	0	0	6	1	0	0	41	0	3	0	132	0	2	4	0	67	0	1	21	4	7	6	48640	1	117	0	5	0	1	2	0	0	50	4	6	9	7	25	2	0	7	74	0	1	14	28	124	33	3	1	10	0	0	2	53460	48244	0	0	8	1	5	0	3	0	0	19	8	55084	3	2	4	0	0	0	8	7	5	2	9	7	0	5	9	51331	7	1	0	0	0	2	3	5	0	1	5	0	1	2	7	3	5	6	20	84	0	0	5	3	0	17	2	53088	3	0	8	3	34	2	0	0	13	0	0	3	4	4	0	0	0	1	3	3	2	0
W	0	16	0	75	10	35	0	5	1	3	44	0	0	0	43129	0	0	4	0	4	0	6	0	53259	0	0	0	8	0	0	1	0	0	0	83	0	0	0	0	0	0	0	0	0	0	0	0	0	0	0	0	0	3	0	0	2	0	0	0	5	0	0	0	0	0	0	0	0	53942	0	0	0	0	0	0	0	2	0	0	0	0	0	0	0	0	0	0	0	0	0	50376	0	0	0	0	0	0	0	0	0	0	0	4	0	0	0	0	0	0	1	0	0	0	0	0	1	0	0	0	0	0	2	0	0	0	0	0	0	0	0	0	0	0	0	0	0	0	0	0	0	0	0	0	0	0	8	0	1	2	0	0	0	1	0	240	0	0	49	0	0	2	0	12	2	68	4	1	7	0	0	1	0	39	0	0	3	290	56	0	1	5	0	0	0	0	0	0	0	0	0	0	1	0	0	0	0	0	0	0	0	0	0	0	0	0	1	0	0	1	0	0	0	0	0	0	0	0	0	0	0	0	0	0	0	0	0	0	0	0	32	0	0	0	32	0	50534	0	4	0	0	0	11	0	5	0	0	0	0	0	0	116	0	0	0	0	384	0	1	5	0	0	0	0	0
Y	0	20	59	0	50	27	0	3	1	1	229	0	3	0	0	0	0	0	3	15	2	54386	13	6	0	3	0	12	0	0	4	0	9	0	17	0	7	0	0	0	0	7	6	0	0	0	18	1	0	0	2	11	71	0	1	0	3	0	0	0	3	16	0	0	0	0	0	0	0	0	0	0	0	0	0	0	1	0	1	0	0	12	8	0	0	0	0	0	0	9	0	0	0	0	0	0	0	0	0	0	18	0	15	0	0	1	0	0	0	0	0	0	0	0	0	0	0	24	3	0	0	0	0	3	2	0	17	0	1	0	3	0	0	7	1	0	30	0	2	0	0	0	0	0	3	0	0	0	0	0	1	0	0	33	9	37	17	72	12	35	0	5	14	0	95	0	0	11	0	0	1	5	0	0	0	2	585	38	0	15	16	0	7	2	0	0	0	2	0	11	0	1	0	3	2	0	0	0	5	0	0	0	0	0	0	1	0	9	3	0	0	0	0	0	0	20	0	51490	0	16	0	0	0	0	7	0	16	0	0	16	250	2	0	5	3	0	0	59	0	0	0	3	0	59838	0	0	0	0	0	15	31	0	0	0	8	24	49250	0	0	0	7	0	1	0
