KKA2_S2_Kan12_L2
Position	1	2	3	4	5	6	7	8	9	10	11	12	13	14	15	16	17	18	19	20	21	22	23	24	25	26	27	28	29	30	31	32	33	34	35	36	37	38	39	40	41	42	43	44	45	46	47	48	49	50	51	52	53	54	55	56	57	58	59	60	61	62	63	64	65	66	67	68	69	70	71	72	73	74	75	76	77	78	79	80	81	82	83	84	85	86	87	88	89	90	91	92	93	94	95	96	97	98	99	100	101	102	103	104	105	106	107	108	109	110	111	112	113	114	115	116	117	118	119	120	121	122	123	124	125	126	127	128	129	130	131	132	133	134	135	136	137	138	139	140	141	142	143	144	145	146	147	148	149	150	151	152	153	154	155	156	157	158	159	160	161	162	163	164	165	166	167	168	169	170	171	172	173	174	175	176	177	178	179	180	181	182	183	184	185	186	187	188	189	190	191	192	193	194	195	196	197	198	199	200	201	202	203	204	205	206	207	208	209	210	211	212	213	214	215	216	217	218	219	220	221	222	223	224	225	226	227	228	229	230	231	232	233	234	235	236	237	238	239	240	241	242	243	244	245	246	247	248	249	250	251	252	253	254	255	256	257	258	259	260	261	262	263	264
Wild-type	M	I	E	Q	D	G	L	H	A	G	S	P	A	A	W	V	E	R	L	F	G	Y	D	W	A	Q	Q	T	I	G	C	S	D	A	A	V	F	R	L	S	A	Q	G	R	P	V	L	F	V	K	T	D	L	S	G	A	L	N	E	L	Q	D	E	A	A	R	L	S	W	L	A	T	T	G	V	P	C	A	A	V	L	D	V	V	T	E	A	G	R	D	W	L	L	L	G	E	V	P	G	Q	D	L	L	S	S	H	L	A	P	A	E	K	V	S	I	M	A	D	A	M	R	R	L	H	T	L	D	P	A	T	C	P	F	D	H	Q	A	K	H	R	I	E	R	A	R	T	R	M	E	A	G	L	V	D	Q	D	D	L	D	E	E	H	Q	G	L	A	P	A	E	L	F	A	R	L	K	A	R	M	P	D	G	E	D	L	V	V	T	H	G	D	A	C	L	P	N	I	M	V	E	N	G	R	F	S	G	F	I	D	C	G	R	L	G	V	A	D	R	Y	Q	D	I	A	L	A	T	R	D	I	A	E	E	L	G	G	E	W	A	D	R	F	L	V	L	Y	G	I	A	A	P	D	S	Q	R	I	A	F	Y	R	L	L	D	E	F	F
A	0	11	0	0	27	27	5	13	27363	7	16	0	26626	25593	0	24	9	0	0	4	5	0	3	0	27142	3	0	24	0	1	7	0	3	26948	26853	4	0	1	0	11	25243	8	10	1	4	21	2	0	7	0	3	44	23	6	0	25688	0	1	0	0	8	0	5	25805	24010	0	0	4	0	0	24754	7	14	1	3	6	0	22677	22706	13	0	0	8	15	3	3	22862	0	1	2	0	0	0	0	7	8	2	4	2	4	3	0	1	0	8	5	0	24446	0	24485	8	0	0	7	0	0	26273	0	17222	0	1	0	0	0	33	0	0	2	19148	6	0	2	0	7	0	5	22042	0	2	0	1	5	15	22590	2	11	0	0	2	24302	1	0	1	0	6	3	0	0	0	3	5	0	11	2	1	25214	7	25312	1	0	0	24485	16	9	1	23396	128	1	0	5	12	5	1	0	3	3	7	0	0	2	24970	0	1	1	0	0	0	10	18	2	1	5	0	8	1	0	0	1	10	1	0	0	1	1	26590	0	0	0	1	3	0	25547	0	23786	4	0	2	0	26973	15	3	2	0	28	1	0	26353	34	6	0	0	28	5	0	2	2	24017	22472	9	4	6	13	0	2	25190	0	0	0	0	0	0	0	0	0
C	0	4	19	5	1	45	22	1	4	10	38	4	8	11	14	2	1	2	0	9	11	2	3	17	9	0	9	4	0	3	27631	0	0	0	7	0	0	2	1	14	83	2	14	0	0	20	9	0	6	0	3	12	0	6	10	1	0	0	0	0	1	0	0	3	0	2	0	0	5	1	3	0	17	11	6	1	20395	0	9	12	1	0	7	9	4	4	2	8	1	0	1	0	0	2	8	0	3	2	4	6	0	0	0	0	5	4	0	4	0	3	3	0	1	7	0	0	0	0	2	0	5	4	0	0	3	0	1	0	3	3	19135	0	1	2	0	8	1	1	6	1	5	2	10	0	3	8	1	0	0	0	10	1	2	0	24	0	0	0	0	5	1	0	12	7	8	5	2	5	2	0	0	22	15	8	22	11	206	13	0	6	15	0	0	0	1	0	4	1	12	1	8	23752	0	0	0	0	1	3	7	2	7	10	1	0	7	3	0	0	25982	6	0	0	3	0	0	3	1	0	1	0	0	1	0	2	23	0	13	0	1	6	4	0	6	14	1	6	1	10	3	6	0	20	6	7	4	6	15	5	5	4	20	2	3	3	0	2	1	2	1	1	0	0	0	1
D	0	9	23	3	28799	21	2	6	0	10	5	0	9	4	0	6	8	7	0	24	8	1	27923	0	9	0	10	1	0	0	0	0	26210	0	7	0	0	0	0	6	8	12	15	1	5	12	1	0	0	0	4	25457	2	1	4	16	0	1	1	0	11	27341	0	1	12	0	0	5	0	0	1	8	1	13	1	1	0	1	8	0	0	25603	0	0	0	4	1	3	0	21505	0	1	0	0	3	1	0	0	3	3	25597	0	1	0	0	20	0	16	0	4	9	1	0	1	1	0	0	17572	0	0	1	0	1	1	11	0	21294	1	8	3	0	0	0	20533	0	0	0	0	4	0	0	9	7	0	0	2	0	0	13	0	31	0	0	25560	3	26170	26418	0	27098	33	3	0	4	4	0	10	0	5	9	0	0	15	4	0	5	55	70	0	0	24536	8	0	24475	0	1	0	0	5	2	23838	0	1	1	0	6	0	0	0	14	2	0	0	0	1	1	1	0	24813	0	1	0	0	2	0	0	21903	0	3	0	25559	0	0	0	0	2	0	25218	0	1	12	1	0	0	37	1	0	3	23919	0	0	3	14	0	0	1	2	26	3	0	25550	28	18	0	1	2	0	0	0	0	0	26473	0	0	0
E	0	8	27086	25	34	24	12	21	25	10	14	0	11	12	0	7	24577	4	0	7	7	0	16	0	24	12	4	2	0	0	1	0	8	5	6	1	0	0	1	15	9	15	11	1	8	1	0	0	1	2	0	24	26	12	0	18	0	0	25671	1	10	10	25975	6	11	0	1	6	0	0	4	4	0	4	3	2	0	3	32	0	0	6	10	3	11	22256	9	1	0	3	0	0	0	0	4	22529	1	0	0	14	0	0	0	0	0	16	0	19	0	20	23719	0	0	4	0	0	3	20	3	0	0	0	0	0	2	0	2	1	3	3	0	0	0	7	0	2	3	2	3	0	1	22214	0	0	2	20	0	0	24546	10	13	0	1	1	47	2	1	0	16	26618	25896	0	19	0	12	18	0	19	22454	0	0	61	57	0	7	46	63	15	0	9	2	23775	2	0	4	1	0	1	0	5	8	0	0	0	0	0	0	0	27253	4	0	1	1	0	0	0	0	2	0	0	0	0	0	1	3	2	0	0	3	0	0	7	0	2	0	0	18	0	20	24904	25367	0	0	16	25247	0	3	17	5	0	0	55	54	0	0	5	31	24	6	3	23	27	0	0	15	0	0	0	0	0	0	24894	0	0
F	0	20	20	14	22	30	2	12	10	5	23	0	6	1	3	2	0	5	6	26989	0	1	0	0	10	11	0	6	3	0	5	0	0	0	5	0	23531	0	1	1	0	5	3	0	0	1	8	27738	0	0	0	0	7	0	0	3	1	0	0	0	5	0	0	2	2	0	0	0	0	0	3	0	0	0	2	0	2	0	0	1	2	0	27	1	0	0	2	0	0	0	4	0	0	0	0	0	0	0	0	1	0	0	6	0	0	0	0	0	0	1	0	0	0	3	0	0	0	0	0	0	0	2	0	0	0	0	0	0	1	2	5	0	20717	0	0	0	24	2	9	0	2	1	0	0	13	2	0	0	4	0	0	1	40	0	14	7	0	96	0	4	0	0	32	2	24	4	5	11	1	0	24417	3	2	2	0	15	141	40	7	22	6	1	0	3	0	2	0	0	0	0	73	0	5	0	0	2	0	0	7	0	0	0	25748	0	0	27912	1	1	5	0	0	0	0	0	0	0	0	1	0	0	0	0	0	0	2	0	2	0	0	4	31	16	0	13	9	0	0	11	1	26807	0	13	0	2	0	0	1	7	0	0	31	2	0	0	0	23731	2	0	0	0	0	0	25292	26087
G	0	3	6	7	15	27927	12	10	4	26140	14	0	9	10	7	2	8	1	0	11	29159	0	13	0	1	0	1	3	0	29557	0	6	32	0	1	7	0	3	17	0	7	5	24093	7	4	32	0	0	2	0	1	11	7	6	25726	6	0	0	0	0	8	2	2	0	3	0	0	5	10	0	7	3	0	24879	0	0	4	2	13	2	0	3	7	0	3	0	12	22245	3	0	6	0	0	0	24606	6	1	1	23750	0	2	0	0	4	4	2	0	10	0	1	4	0	0	9	0	0	1	0	0	0	2	2	0	0	8	0	2	0	10	1	0	0	0	2	0	5	0	0	1	3	0	1	1	1	12	4	2	0	5	5	24561	0	2	1	19	11	4	0	3	2	3	0	0	26903	0	3	0	8	1	0	0	13	3	1	2	7	171	0	0	6	24972	1	2	0	4	2	0	0	27791	3	3	7	0	1	0	0	0	2	2	3	24170	2	0	2	25850	0	0	3	0	25209	1	0	27378	8	1	0	0	0	0	2	0	2	0	1	0	3	0	0	2	11	0	0	26551	24183	1	5	0	4	1	0	0	7	0	0	30157	0	21	7	1	4	5	3	0	0	28	0	0	0	2	0	1	2	0	0
H	0	15	18	9	32	6	0	28232	7	3	6	1	1	5	0	14	5	11	0	27	2	2	23	0	7	10	1	13	1	0	0	0	4	0	6	0	0	0	0	4	12	7	9	5	10	9	7	0	0	0	1	14	3	6	7	20	1	1	0	0	17	1	0	1	6	1	0	3	0	0	4	1	2	3	0	0	1	0	20	0	2	0	5	5	2	9	2	0	0	20	0	0	0	0	0	0	0	0	0	9	0	0	0	2	2	24909	0	8	0	5	4	0	0	3	0	0	1	10	0	0	1	2	0	19965	2	0	0	0	1	4	0	0	0	0	21464	3	4	2	22098	0	1	1	24	0	18	3	2	1	31	5	12	1	0	2	9	3	1	0	2	0	3	27033	27	4	26	9	0	18	3	0	0	10	30	0	1	18	176	26	0	15	12	0	0	1	0	1	0	27216	0	3	6	0	0	0	0	0	0	0	41	2	0	5	0	0	0	0	0	1	1	0	2	0	0	0	0	0	3	2	6	0	0	0	0	0	1	4	5	0	1	34	49	0	1	23	8	0	0	14	11	1	0	8	5	3	0	1	8	3	1	1	13	10	0	0	1	0	2	1	0	0	1	0	0	0
I	34	27353	20	10	22	52	2	10	5	5	56	0	7	13	0	15	1	3	13	14	1	0	1	1	7	4	20	5	27695	0	0	4	0	0	5	0	0	1	0	4	0	7	0	0	0	5	3	0	9	0	1	26	10	14	1	4	2	0	0	3	1	0	0	0	3	0	1	6	0	0	0	0	13	1	22	0	0	0	2	34	5	0	1	7	0	0	0	0	0	0	0	5	2	4	0	0	4	0	0	2	0	0	0	6	7	0	4	0	0	5	8	0	5	6	26764	21	0	0	0	11	0	1	1	0	0	18	0	2	1	10	0	0	0	0	0	4	38	0	5	1	23543	4	5	0	0	41	0	9	16	1	0	1	9	0	14	0	0	0	0	4	1	0	59	1	27	8	16	14	0	0	0	9	2	0	26	6	193	23	25	12	2	1	0	1	0	10	1	0	1	0	0	24	0	0	1	25962	27	0	0	0	0	0	0	2	0	0	28633	0	0	0	0	0	0	6	0	0	0	0	0	0	25129	0	7	0	15	0	0	24813	0	0	4	0	0	27	2	0	0	6	1	0	0	13	0	0	0	24370	2	10	2	1	42	0	1	23638	0	0	0	0	0	0	0	0	0	0
K	0	47	30	29	32	24	9	4	1	5	16	0	11	7	0	18	8	9	0	25	5	0	9	0	13	7	6	0	1	0	69	0	9	0	13	0	0	7	0	14	12	35	8	19	10	0	4	0	0	25145	0	0	22	7	0	8	0	9	1	0	16	0	1	0	10	0	1	10	0	0	2	23	6	0	1	4	0	0	54	0	21	1	7	8	1	2	2	2	4	0	0	0	0	0	15	3	0	11	0	22	0	0	9	0	0	31	0	5	1	0	3	25228	0	23	1	1	0	0	0	0	4	4	0	1	12	0	0	0	7	13	0	1	0	6	0	9	11	21961	7	0	0	2	8	0	14	12	0	1	33	6	0	8	0	1	9	0	0	0	2	4	0	0	21	0	2	9	0	18	2	0	0	23	10	0	24677	8	20	5	0	6	5	4	0	0	0	0	0	0	0	0	0	15	0	0	6	0	3	0	7	8	0	7	0	4	0	0	0	0	0	0	0	0	0	0	0	0	0	0	8	1	0	0	0	0	0	0	1	1	3	1	25	0	0	54	0	0	0	35	4	0	0	28	4	0	0	0	32	19	17	4	38	19	18	0	0	0	0	12	0	0	0	0	0	0
L	3	26	20	13	17	22	28404	16	16	4	45	3	5	3	13	18	1	9	26796	20	1	1	0	13	1	16	0	8	7	0	19	1	2	0	11	4	1	1	25961	0	4	6	0	14	0	9	29367	9	12	0	0	1	26710	1	12	2	26046	0	2	27546	16	0	4	0	5	2	25247	1	4	26148	2	3	3	2	43	2	0	0	1	38	24511	0	11	5	1	2	0	0	2	0	5	25264	25189	24333	0	1	5	1	0	2	0	26004	26314	0	3	4	25585	0	4	7	3	0	3	0	0	16	0	1	1	32	1	141	19699	1	1	23269	0	3	15	6	0	1	0	1	0	1	30	1	7	8	1	3	9	0	4	12	2	1	20	1	0	24577	19	0	27	1	0	26422	0	4	0	0	38	0	24306	22	58	27	1	24756	6	26	60	23841	6	14	164	13	5	11	0	1	0	28039	4	2	0	1	2	1	6	1	25191	4	1	0	3	5	6	1	0	4	2	0	2	3	2	0	1	0	5	26404	0	7	1	1	2	1	0	0	31	0	24019	0	0	3	0	2	0	0	7	26800	2	27	0	8	3	12	6	4	28521	23	28375	2	1	21	1	19	9	0	13	0	4	39	1	9	0	3	24944	26228	0	0	4	8
M	28170	12	12	23	3	22	22	2	13	2	41	1	5	9	0	9	0	0	5	5	0	0	7	0	7	21	4	6	7	0	4	0	1	0	11	0	0	0	3	3	7	1	3	5	0	3	11	0	0	0	0	8	14	6	0	0	0	0	0	12	12	0	0	3	6	0	20	2	0	4	3	12	28	1	38	0	1	0	6	11	14	0	11	4	0	0	3	0	0	0	0	11	8	15	0	0	1	0	0	5	0	2	14	0	0	2	1	1	0	8	4	0	1	12	0	26802	0	0	0	17170	0	9	5	0	13	4	0	0	10	11	0	0	0	0	0	2	44	0	8	0	4	0	11	0	0	39	0	24560	7	9	2	23	30	0	47	0	0	6	0	2	2	1	50	0	36	12	13	25	2	6	0	35	106	5	2	21	150	24552	4	4	3	0	0	11	0	2	0	0	0	0	6	0	26	0	0	1	29122	3	3	0	0	4	0	3	0	0	6	0	0	0	0	10	0	5	0	0	0	2	5	0	0	0	2	0	8	0	0	0	1	0	2	11	0	16	0	0	0	24	3	0	5	43	12	15	0	13	4	34	9	0	35	1	2	13	1	0	0	0	4	27	0	0	0	0
N	0	34	13	21	60	35	4	23	3	6	6	1	7	1	0	15	4	11	0	13	12	0	16	0	3	0	25	7	3	0	2	0	9	0	8	0	0	1	0	3	2	21	4	1	9	9	0	0	0	2	5	1	6	5	7	0	0	26187	0	0	3	2	0	0	3	0	0	6	0	0	4	1	4	6	1	9	1	0	12	0	0	5	5	1	11	0	9	1	2	2	0	0	0	0	1	1	0	0	0	5	5	0	0	4	2	9	0	9	0	1	1	1	0	2	0	0	0	6	0	0	0	0	0	6	30	0	12	0	6	16	0	0	0	7	4	8	4	2	2	0	0	2	1	0	3	6	0	0	18	1	31	0	0	7	3	7	2	0	0	9	1	80	7	1	3	2	0	8	0	0	0	11	14	0	9	13	157	3	0	14	11	0	0	0	0	0	5	10	0	2	0	6	0	0	22882	0	0	0	19	21443	2	1	0	1	0	0	1	2	0	0	0	0	0	0	0	2	0	0	0	0	0	0	0	0	2	0	2	1	0	1	9	0	0	50	1	0	0	15	0	0	0	11	1	1	0	0	24	3	1	3	17	13	0	11	3	0	1	0	0	0	0	0	0	0
P	0	9	7	28	6	49	25	3	39	12	21	25907	7	12	0	1	5	1	0	0	3	0	0	0	1	5	2	0	0	0	0	0	14	1	0	0	1	0	2	0	0	15	2	0	27374	22	4	0	0	0	1	0	6	0	0	12	2	0	0	10	0	0	0	0	0	0	4	0	0	1	0	5	2	0	0	22468	0	8	4	65	0	0	0	2	2	0	0	0	0	0	0	5	4	4	0	0	0	22543	0	6	0	4	4	0	0	23	3	23	22775	0	0	0	0	0	0	0	0	0	0	0	0	1	3	9	3	2	0	20197	0	0	0	20829	0	3	2	0	1	0	4	1	0	1	2	1	0	1	2	0	0	1	0	5	0	0	2	0	0	0	0	1	8	0	3	0	2	5	23143	12	0	2	0	1	2	2	4	32	4	17	25635	0	0	0	0	2	0	1	0	3	0	0	3	0	3	25713	0	0	0	0	1	0	0	0	0	0	0	0	0	0	0	0	1	2	0	0	0	0	1	0	2	0	0	0	0	0	0	0	0	0	0	0	0	12	0	45	2	0	0	0	1	0	2	0	4	0	0	0	10	7	23294	0	6	10	1	0	1	0	0	1	1	2	0	0	0	0
Q	2	2	15	27591	25	15	8	10	11	2	20	6	19	9	0	11	7	4	0	22	6	0	8	0	24	26967	27819	2	0	0	28	0	6	2	35	0	0	3	0	11	7	23618	16	6	11	0	5	0	0	1	10	26	19	10	3	15	1	2	4	1	28388	1	3	3	4	0	0	9	0	1	9	10	14	7	2	9	0	1	73	0	6	0	11	10	9	3	5	1	5	0	0	0	0	0	12	17	1	17	0	24720	3	0	2	16	0	14	0	3	3	12	20	0	0	10	0	0	3	6	0	0	1	4	0	4	9	0	2	3	3	3	0	6	0	6	1	21245	9	4	14	0	3	5	3	1	0	14	0	1	11	5	7	1	0	0	25801	9	0	3	0	11	10	2	26638	2	22	10	4	17	9	0	0	34	17	0	11	29	111	25	6	8	2	4	1	10	1	0	0	13	0	0	0	1	0	9	0	5	16	13	14	0	0	8	0	0	2	0	1	0	0	2	0	1	0	0	0	0	0	0	25712	0	0	4	0	1	0	0	3	0	2	6	3	0	0	37	5	0	0	45	7	0	1	29	16	0	0	3	19	5	14	17	19	25409	0	5	4	0	0	1	0	2	3	0	0	0
R	13	20	14	15	17	26	9	19	7	17	35	1	18	11	7	17	5	24823	3	13	3	0	8	3	8	25	1	1	0	0	25	8	10	2	0	1	0	26259	0	13	3	9	3	24305	9	1	7	0	0	5	0	0	30	9	1	2	3	0	0	1	7	0	1	1	3	24073	1	12	1	0	2	0	9	2	0	5	2	6	38	1	6	0	5	9	3	0	4	1	21881	0	3	0	1	3	14	0	4	7	2	5	0	6	2	3	2	11	1	2	1	1	2	3	1	22	0	5	1	0	1	1	17700	17679	5	2	3	1	1	1	18	1	1	4	0	0	1	12	16	16	14	22979	0	2	22710	0	21534	13	23838	2	12	3	1	10	0	5	5	1	0	3	1	2	2	1	4	2	4	9	3	21	1	2	1	50	22538	0	3	3	20209	34	2	14	7	1	5	5	0	1	0	1	2	0	1	1	1	4	1	4	6	0	12	0	5	24481	0	9	1	0	0	0	2	3	25932	0	3	0	1	0	23504	0	7	0	0	0	0	0	0	25048	0	0	4	0	23	2	0	42	2	2	0	15	24280	1	7	32	11	0	2	1	7	19	17	0	30	9	25206	0	5	0	0	24721	0	1	0	0	0	0
S	0	2	13	4	6	26	13	5	12	9	24084	2	9	9	3	22	4	19	0	11	9	9	3	0	19	0	11	2	0	2	9	27764	28	2	45	0	3	3	0	25505	19	11	7	5	17	27	0	2	1	2	10	8	13	26639	9	20	0	3	0	1	6	0	0	6	6	1	0	26450	0	0	7	0	17	12	0	3	1	4	20	1	0	0	11	1	8	1	8	9	8	0	1	0	0	0	3	1	0	10	3	2	2	0	0	26066	25500	1	0	19	2	6	0	0	0	25202	4	0	5	0	5	0	1	14	0	0	18	0	3	0	8	5	1	0	1	3	0	13	10	1	1	10	1	4	12	3	4	4	11	0	2	8	9	0	0	0	10	1	1	0	0	1	0	0	2	1	13	15	6	117	3	0	0	27	15	0	1	21	332	1	2	3	15	0	1	0	0	0	5	0	3	0	15	2	0	2	3	6	0	0	15	3	1	11	1	26311	6	4	1	0	4	2	7	0	0	0	6	0	4	6	1	1	4	5	0	4	2	11	18	2	7	26	2	0	2	32	2	1	6	25	5	1	0	15	2	1	5	0	24	13	8	6	25107	11	6	0	20	2	0	8	0	0	0	0	2	5
T	1	10	8	6	33	33	5	3	2	13	36	5	20	9	2	11	2	6	2	10	5	0	2	0	8	2	22	26934	2	3	1	1	25	0	29	0	1	0	0	12	9	3	11	0	4	21	2	0	0	5	26159	13	9	8	1	14	1	0	0	0	6	0	0	0	9	0	0	12	0	0	4	19558	19770	5	21	2	18	5	54	2	1	0	4	5	23102	2	6	0	0	0	0	0	0	13	3	0	0	3	2	7	0	0	1	12	2	10	0	21	4	1	5	0	0	16	3	3	2	3	3	1	0	1	0	10	19104	0	0	10	16	18558	0	3	0	0	0	5	3	3	3	3	5	2	11	3	0	20616	0	2	7	1	1	1	6	1	17	7	0	0	0	3	1	0	13	1	10	15	5	22	2	0	0	15	15	0	5	12	340	10	5	16	9	0	0	0	0	5	26697	0	0	0	1	103	0	5	1	2	2	2	0	2	0	3	0	13	0	0	4	0	14	1	0	0	0	0	2	0	1	0	16	0	4	2	1	1	22653	0	0	7	8	8	0	0	0	23	0	0	0	4	3	0	0	22	1	1	0	2	25	14	4	1	29	17	0	1	3	0	0	1	0	0	0	0	1	0
V	9	30	0	22	11	22	10	9	18	8	18	5	6	15	0	16132	2	0	2	6	3	0	2	0	25	0	20	0	14	4	0	5	0	2	6	21593	2	1	4	6	0	4	1	0	0	29594	8	4	27750	1	0	33	34	4	0	7	0	0	0	4	3	1	1	2	2	0	1	1	0	1	2	0	8	4	22595	0	0	1	4	20927	1	0	23919	21655	0	1	2	1	0	0	0	3	1	2	4	0	21923	0	1	5	0	1	1	0	2	0	0	3	1	3	9	0	23461	1	7	4	2	0	5	0	2	0	1	0	0	3	0	8	4	4	0	0	2	0	0	3	18	4	3	1	32	1	16	2	0	16	0	2	17	4	5	3	24693	3	43	1	0	3	0	4	0	1	52	3	18	18	9	10	0	2	1	45	3	1	12	31	63	18	16	6	3	0	1	2	26709	23770	2	0	8	0	7	3	0	0	0	13	4	27662	2	1	4	8	3	0	2	3	1	1	8	6	0	0	7	25366	6	3	0	0	0	2	2	1	0	1	4	0	1	2	2	1	15	1	8	39	2	0	11	9	3	4	0	26724	0	0	6	2	18	17	4	1	35	1	0	3	1	2	0	0	2	1	0	1	1	1
W	0	5	7	48	10	34	8	3	3	1	8	2	4	0	21816	1	0	5	0	4	0	0	0	27817	4	7	0	3	0	0	1	0	0	0	10	0	0	0	0	1	0	1	0	0	0	0	1	0	0	0	0	0	5	0	0	5	1	0	0	0	9	0	0	2	2	0	0	1	27500	0	0	0	0	0	0	0	1	1	0	0	0	0	2	2	0	2	0	0	0	0	25635	0	0	0	0	0	0	0	0	0	0	0	2	0	0	0	0	0	0	3	0	0	0	5	0	0	0	0	0	0	0	7	0	0	0	0	0	0	2	0	0	0	1	0	0	0	14	0	0	0	1	1	0	0	3	3	0	0	7	6	1	0	3	0	64	0	0	55	0	1	0	0	18	0	9	1	0	9	0	0	9	0	43	0	0	4	131	38	3	3	5	1	0	0	0	0	0	0	1	0	0	1	0	0	0	0	0	0	1	0	0	0	0	0	0	5	0	0	1	0	0	0	0	0	0	0	0	6	0	0	0	0	0	0	8	0	0	0	0	3	19	1	0	28	0	25579	0	9	0	0	0	5	0	0	0	0	1	6	1	0	55	7	0	0	0	57	0	0	0	0	0	0	0	0
Y	0	15	27	4	39	41	2	9	8	4	26	0	2	0	0	9	1	7	1	22	0	28323	10	1	4	10	0	11	0	0	3	0	5	0	8	0	4	0	0	5	3	7	5	0	0	0	17	5	0	0	0	5	12	4	14	6	0	1	0	0	19	10	0	0	3	0	0	0	1	0	0	0	0	0	0	0	2	0	4	0	0	6	15	2	2	1	2	0	0	2	9	0	0	0	0	0	1	0	0	0	2	0	2	0	0	2	0	1	0	6	0	0	0	0	0	0	0	9	0	0	0	4	0	0	0	0	7	0	1	5	4	0	7	4	1	0	21	1	4	0	0	0	4	0	8	3	0	0	15	3	0	0	0	4	42	22	8	37	4	11	1	5	28	1	22	5	0	13	0	0	3	13	1	0	0	8	156	33	1	9	11	0	1	0	0	0	0	1	0	4	17	2	0	0	1	1	0	0	13	1	0	0	0	0	0	0	0	0	0	0	0	0	0	0	0	3	0	25220	0	9	0	0	0	0	3	0	6	0	4	16	111	6	0	17	52	1	0	36	6	2	0	10	0	30063	0	0	0	2	0	7	41	5	0	0	23	23	25264	0	0	0	9	0	1	6
