KKA2_S3_Kan11_L1
Position	1	2	3	4	5	6	7	8	9	10	11	12	13	14	15	16	17	18	19	20	21	22	23	24	25	26	27	28	29	30	31	32	33	34	35	36	37	38	39	40	41	42	43	44	45	46	47	48	49	50	51	52	53	54	55	56	57	58	59	60	61	62	63	64	65	66	67	68	69	70	71	72	73	74	75	76	77	78	79	80	81	82	83	84	85	86	87	88	89	90	91	92	93	94	95	96	97	98	99	100	101	102	103	104	105	106	107	108	109	110	111	112	113	114	115	116	117	118	119	120	121	122	123	124	125	126	127	128	129	130	131	132	133	134	135	136	137	138	139	140	141	142	143	144	145	146	147	148	149	150	151	152	153	154	155	156	157	158	159	160	161	162	163	164	165	166	167	168	169	170	171	172	173	174	175	176	177	178	179	180	181	182	183	184	185	186	187	188	189	190	191	192	193	194	195	196	197	198	199	200	201	202	203	204	205	206	207	208	209	210	211	212	213	214	215	216	217	218	219	220	221	222	223	224	225	226	227	228	229	230	231	232	233	234	235	236	237	238	239	240	241	242	243	244	245	246	247	248	249	250	251	252	253	254	255	256	257	258	259	260	261	262	263	264
Wild-type	M	I	E	Q	D	G	L	H	A	G	S	P	A	A	W	V	E	R	L	F	G	Y	D	W	A	Q	Q	T	I	G	C	S	D	A	A	V	F	R	L	S	A	Q	G	R	P	V	L	F	V	K	T	D	L	S	G	A	L	N	E	L	Q	D	E	A	A	R	L	S	W	L	A	T	T	G	V	P	C	A	A	V	L	D	V	V	T	E	A	G	R	D	W	L	L	L	G	E	V	P	G	Q	D	L	L	S	S	H	L	A	P	A	E	K	V	S	I	M	A	D	A	M	R	R	L	H	T	L	D	P	A	T	C	P	F	D	H	Q	A	K	H	R	I	E	R	A	R	T	R	M	E	A	G	L	V	D	Q	D	D	L	D	E	E	H	Q	G	L	A	P	A	E	L	F	A	R	L	K	A	R	M	P	D	G	E	D	L	V	V	T	H	G	D	A	C	L	P	N	I	M	V	E	N	G	R	F	S	G	F	I	D	C	G	R	L	G	V	A	D	R	Y	Q	D	I	A	L	A	T	R	D	I	A	E	E	L	G	G	E	W	A	D	R	F	L	V	L	Y	G	I	A	A	P	D	S	Q	R	I	A	F	Y	R	L	L	D	E	F	F
A	0	33	1	1	70	122	4	3	73033	2	33	0	72545	70199	0	108	2	0	0	26	4	0	0	0	72877	0	0	16	0	2	2	0	4	73354	73193	2	1	0	0	2	65467	2	24	0	2	94	0	0	9	0	3	267	9	9	0	68718	0	0	0	1	5	0	0	69049	62895	0	0	7	0	0	66831	4	10	15	18	0	0	59590	60174	6	0	0	10	5	1	0	60658	0	0	1	0	0	0	0	1	1	2	3	1	0	1	0	0	0	3	2	0	63407	0	65001	0	0	2	37	0	2	70105	0	48327	0	0	0	0	0	42	0	0	1	49876	1	0	2	0	0	0	1	56382	0	0	0	0	1	1	58044	0	6	0	0	2	65040	2	0	2	0	1	8	0	0	0	7	6	0	9	2	0	64127	1	67007	0	0	0	64938	3	0	0	63433	612	3	3	11	1	3	0	0	8	6	4	0	0	4	67206	0	0	0	0	0	0	5	8	0	2	0	0	1	0	0	0	1	0	0	0	0	0	1	68338	0	0	0	0	6	0	63098	0	58892	2	0	0	0	66739	4	0	0	0	159	0	0	65810	38	0	0	0	63	3	0	1	0	63253	58529	4	1	5	24	0	0	66484	0	0	0	1	0	0	0	0	1
C	0	0	47	1	2	269	111	4	0	12	460	1	5	14	9	2	0	3	0	22	12	3	3	12	5	0	4	0	4	9	74845	0	0	0	11	0	0	6	0	14	5	12	5	1	0	71	1	1	1	0	0	118	2	4	15	0	0	0	0	0	2	0	0	1	2	2	0	0	2	0	0	0	0	11	0	0	52705	0	0	5	0	0	4	1	1	0	6	4	4	0	5	0	0	0	6	0	1	0	8	0	0	0	0	0	1	4	0	2	1	0	0	0	0	3	0	0	0	0	0	0	4	3	0	0	4	0	0	0	0	0	49799	0	1	0	0	2	1	0	0	3	7	1	4	0	3	12	4	0	1	0	7	0	0	0	143	0	0	1	0	0	0	0	15	5	3	1	0	0	0	0	0	7	2	1	25	3	1449	14	0	0	22	1	0	0	0	0	1	0	12	0	17	63836	0	0	0	0	7	0	34	0	5	5	0	1	8	5	0	0	67023	12	1	0	8	1	0	0	6	7	0	0	1	0	0	0	8	4	10	0	0	0	0	0	6	10	0	13	0	2	4	12	0	14	0	2	11	0	7	0	2	2	0	0	2	0	0	2	3	3	1	0	0	0	1	1
D	0	1	45	7	78069	98	0	8	1	12	0	3	18	1	0	3	21	1	1	63	9	1	75151	0	6	4	11	1	1	4	0	0	71508	0	3	1	0	3	0	0	14	2	16	0	1	39	0	0	0	0	1	65452	0	0	1	17	0	2	1	2	12	73581	3	0	6	0	0	0	0	0	0	0	0	0	0	0	0	0	8	0	0	67714	0	0	0	4	1	2	0	56628	0	0	0	0	2	0	0	0	2	1	68130	0	0	0	0	34	0	9	0	1	0	0	0	0	1	0	0	49665	0	0	2	0	0	0	5	0	54234	0	0	0	0	0	0	54012	2	0	1	0	1	0	0	5	3	0	0	1	1	0	5	0	28	0	0	69238	0	71405	71377	0	73211	95	0	1	0	2	0	3	0	0	1	0	0	7	0	0	0	60	106	0	0	67999	2	3	65940	0	0	0	0	4	3	63666	0	2	1	0	18	0	0	0	3	5	3	0	1	0	1	0	0	63662	0	3	0	0	1	0	0	53335	0	5	0	63893	0	3	0	1	1	0	60890	0	1	5	4	0	1	39	2	0	0	59330	0	0	2	79	0	1	0	0	39	4	0	65708	2	36	0	0	1	0	1	0	0	0	68855	4	0	0
E	0	3	75680	60	183	138	34	25	64	0	7	0	38	10	0	14	66269	3	0	93	0	0	18	0	79	26	2	0	0	0	0	0	2	2	11	0	0	1	0	6	11	67	4	3	6	0	0	0	1	7	0	107	19	12	0	40	0	0	67862	0	19	7	70618	3	19	0	0	4	0	0	5	5	0	0	6	0	0	5	30	3	0	0	2	2	1	58436	4	0	0	0	0	0	0	0	0	59434	0	0	0	4	2	1	0	0	0	11	0	7	0	25	62556	7	1	5	0	0	9	18	3	0	0	0	0	0	0	0	1	0	4	0	0	0	0	2	0	2	8	3	0	0	0	56282	0	5	0	40	0	0	64453	3	1	0	3	0	298	2	3	0	1	69407	68681	1	37	0	1	5	0	12	57359	0	0	36	159	0	3	48	317	12	1	2	9	64682	0	0	3	2	0	1	0	0	11	0	0	0	0	0	0	3	70223	0	0	0	1	0	0	0	0	2	0	0	0	0	0	0	3	3	0	0	1	3	0	3	0	7	2	0	2	0	15	59251	62268	3	0	59	62618	0	9	63	5	0	0	191	115	0	0	0	27	20	0	1	5	34	0	0	13	0	0	0	0	0	1	66096	0	0
F	0	146	130	8	60	147	0	4	5	9	142	0	2	1	0	0	0	0	13	73038	0	3	0	0	1	2	0	1	1	2	9	0	0	0	0	0	58703	0	0	0	0	6	0	0	0	3	7	72341	0	0	0	0	35	0	0	0	0	0	0	0	0	0	0	0	0	0	0	0	0	1	0	0	0	0	0	0	7	0	0	0	0	0	1189	0	0	0	0	0	0	0	0	0	0	0	0	0	0	2	0	0	0	0	0	0	0	0	0	0	0	0	0	0	0	0	2	0	0	0	0	0	0	1	0	0	0	0	0	0	0	0	3	0	54468	1	0	0	59	0	1	0	0	0	0	0	1	4	0	0	0	1	0	0	39	0	23	0	0	1659	0	1	0	0	74	0	39	0	3	5	1	0	62628	0	0	0	0	7	477	92	3	42	2	0	0	0	0	0	0	0	0	0	359	5	0	0	0	2	0	0	0	0	0	0	65555	0	0	70457	6	0	1	0	0	0	0	0	0	0	0	0	0	0	0	0	0	0	0	0	0	2	1	0	42	3	0	1	0	0	0	5	0	67564	0	6	1	3	0	0	0	3	0	0	67	0	1	1	0	61491	0	0	0	0	0	0	67486	68837
G	0	1	2	13	57	73377	31	10	4	70761	17	0	5	1	8	15	6	10	0	9	79499	0	8	1	4	0	0	0	0	79662	1	8	124	0	4	18	0	3	8	6	1170	0	61858	7	18	39	0	0	1	0	0	15	1	12	68729	1	0	0	0	0	0	4	6	0	0	1	0	8	6	0	1	0	0	67629	0	0	1	0	15	8	0	2	0	0	0	2	2	59165	2	2	5	0	0	0	67662	4	1	0	61791	0	5	0	0	5	6	3	0	9	0	0	7	0	0	19	0	0	2	4	2	0	0	1	0	0	2	0	4	0	0	0	0	0	0	6	0	0	2	0	0	5	0	4	0	0	7	0	2	0	3	2	66281	0	2	10	16	7	3	0	2	6	3	0	0	69976	0	2	0	0	1	0	0	2	4	0	0	3	675	0	0	2	69100	1	2	0	5	0	0	1	75045	3	2	5	0	0	0	0	0	0	4	0	62983	3	0	7	66901	0	0	3	0	64223	3	0	69559	1	1	6	1	0	0	2	0	1	0	3	0	2	2	0	1	3	4	0	65735	59342	3	1	1	1	8	0	0	11	0	0	72970	0	2	0	0	2	4	4	2	0	116	0	0	1	0	0	6	8	0	0
H	0	43	41	134	33	2	1	77027	2	0	55	1	2	8	0	23	1	7	2	56	0	1	18	0	3	8	3	26	1	0	0	0	7	0	28	0	0	7	0	7	1	0	18	0	11	11	8	0	0	0	0	2	42	6	60	25	0	0	0	0	41	2	0	0	0	2	0	1	0	0	0	0	0	0	0	0	0	0	18	0	1	1	4	0	0	3	0	0	3	0	0	0	0	0	1	1	0	0	0	6	1	0	0	0	0	66109	0	9	0	11	5	0	0	2	0	0	0	0	1	0	2	0	0	52420	0	1	0	0	0	0	0	0	0	0	55097	6	0	0	57174	2	0	0	70	0	8	10	2	0	24	1	1	0	0	2	11	3	1	0	2	1	0	70761	18	1	11	2	0	7	0	0	0	12	8	0	0	6	674	8	0	1	9	0	2	0	0	0	0	74051	0	0	12	0	0	0	0	0	0	0	114	1	0	1	0	0	0	0	0	2	0	0	3	0	0	0	0	2	4	2	11	2	0	0	0	0	2	5	2	0	0	111	160	1	0	53	0	0	0	24	5	0	0	53	0	4	0	1	1	0	0	2	29	7	5	0	0	0	5	4	0	0	0	0	0	0
I	291	75098	27	23	64	234	0	0	4	1	542	0	8	0	0	8	0	3	1	5	0	0	0	0	9	1	113	6	75710	0	0	1	0	0	0	0	1	0	0	4	1	7	0	0	0	0	8	0	0	0	2	102	23	9	0	0	0	1	0	9	0	0	0	0	0	0	0	2	0	0	0	2	0	0	7	0	0	0	121	22	1	1	1	0	6	0	0	0	0	0	0	0	0	0	0	0	0	0	0	0	0	0	1	6	9	1	0	0	0	0	0	0	1	1	72487	15	0	0	0	8	0	0	0	0	3	3	2	2	0	6	0	2	0	0	0	0	206	0	6	0	60812	0	5	0	0	94	0	14	25	0	0	9	2	0	117	0	0	0	0	1	0	0	295	0	54	1	11	5	0	0	1	5	1	0	3	2	887	8	3	6	1	0	0	0	0	0	2	0	0	0	0	75	0	0	0	68642	13	0	0	0	0	1	0	4	0	0	73525	0	0	0	0	0	0	0	0	0	0	0	0	0	63032	0	0	0	35	0	0	59994	0	0	11	0	0	15	0	0	0	3	0	1	1	0	0	0	0	62767	0	4	0	0	32	0	0	61426	0	1	0	0	0	0	0	0	4	1
K	3	162	51	188	215	265	11	35	5	0	20	1	48	1	0	61	10	41	0	153	0	0	39	0	40	5	4	0	0	0	1165	0	4	0	8	1	0	4	0	4	3	83	4	8	18	0	3	0	0	65350	0	0	57	1	0	12	0	6	5	0	49	0	2	0	4	0	0	12	0	0	2	2	3	0	1	0	0	0	108	0	9	0	9	0	0	5	6	0	0	0	0	0	0	0	1	5	0	2	1	14	0	0	28	0	0	20	0	0	0	0	2	67374	0	25	1	2	0	1	0	2	1	0	0	0	1	0	0	0	10	63	0	0	0	0	0	8	4	56958	6	0	0	3	0	0	1	7	0	2	34	0	0	6	0	0	2	0	0	0	0	3	2	0	43	0	2	5	0	11	3	0	0	16	8	0	66292	0	5	3	0	3	1	2	0	0	0	0	1	0	0	0	0	27	0	0	7	0	2	0	6	6	1	14	0	0	0	0	0	0	0	0	0	0	0	0	0	0	0	0	6	0	0	0	0	0	0	0	0	0	0	0	8	0	0	300	5	0	0	129	1	0	0	132	1	0	0	0	22	42	1	0	117	13	28	0	0	0	0	1	0	0	0	2	0	0
L	3	87	28	32	180	58	77403	20	5	5	455	4	4	0	14	3	0	14	72980	14	2	5	0	24	1	17	0	5	4	0	40	0	2	0	10	7	5	3	67813	0	0	0	0	2	0	6	77804	7	4	0	0	0	69830	0	8	7	68948	0	4	73896	2	3	2	0	0	1	65174	0	5	70870	2	0	0	0	43	2	1	0	0	11	65358	0	6	6	0	0	0	0	6	0	5	67746	67902	65396	1	0	1	3	0	2	0	68778	69647	0	0	1	67497	0	1	0	0	0	3	0	1	3	0	0	0	47	6	2	53950	2	0	60120	0	4	1	1	0	4	4	0	1	0	149	0	10	4	0	0	7	0	4	78	3	2	12	0	0	64897	20	0	108	0	0	68325	0	4	0	2	284	1	61977	8	159	14	5	65941	10	12	110	62008	9	0	850	2	2	2	0	0	0	75316	5	6	0	2	1	1	0	0	68272	5	0	2	2	4	0	0	1	4	3	0	1	4	0	0	0	0	1	66629	0	4	0	1	3	0	0	0	175	0	58702	0	0	7	0	1	0	0	4	66865	1	8	0	11	0	8	8	5	71256	32	71590	2	0	39	0	58	5	0	32	0	4	15	0	5	0	7	65127	68590	0	0	7	7
M	77188	17	2	81	4	148	8	10	31	0	261	0	13	1	0	2	1	0	8	37	0	2	0	0	0	4	8	3	2	0	1	0	5	0	13	1	0	0	4	1	0	1	0	0	0	7	45	0	8	0	1	0	8	0	0	2	3	0	0	23	3	1	0	0	4	0	3	1	0	2	0	0	7	0	22	0	0	0	0	3	2	0	13	5	0	0	0	0	0	0	0	9	4	13	0	0	3	0	0	0	0	4	5	0	0	0	2	0	0	0	1	0	2	2	0	72475	0	0	0	48217	0	2	5	0	3	5	0	0	0	5	0	0	0	0	2	0	173	0	1	0	0	0	2	0	0	92	0	64520	14	0	0	23	110	0	291	0	1	3	0	0	0	0	383	2	92	9	8	13	0	2	6	5	537	7	0	14	719	67913	0	4	0	0	0	9	3	2	0	0	0	0	0	0	4	0	0	0	75747	0	0	0	0	0	0	0	0	0	0	0	0	0	0	5	0	4	0	0	0	1	0	0	0	2	7	0	2	0	0	2	0	0	0	3	0	23	1	4	0	24	0	0	3	47	3	8	0	1	1	21	0	0	37	0	0	4	0	0	0	0	6	17	0	0	0	0
N	0	151	74	64	458	199	0	13	0	1	1	0	18	0	0	10	2	1	0	22	1	0	14	0	0	0	41	5	4	0	0	1	98	0	29	0	0	0	0	18	0	3	20	0	8	49	0	0	0	0	2	6	12	0	18	0	0	68378	0	0	6	0	0	0	0	0	0	4	0	0	0	2	2	0	0	1	0	0	59	0	0	2	1	0	3	1	2	0	0	3	0	0	0	0	3	0	0	0	0	0	2	0	0	1	1	13	0	0	0	0	1	1	0	0	2	0	0	0	0	0	0	0	0	3	15	0	5	0	3	11	0	0	0	5	3	0	0	1	3	0	2	0	0	0	0	2	0	10	52	0	35	1	0	1	0	13	3	0	4	2	1	563	0	4	0	3	0	0	0	0	0	8	0	0	0	3	1072	0	0	7	1	0	5	0	0	0	6	10	0	6	0	0	2	0	59832	1	1	0	40	55820	0	0	0	1	1	0	5	0	0	0	0	0	0	0	1	1	0	0	0	2	3	0	0	0	1	0	2	2	0	0	0	0	0	33	0	0	0	0	0	0	0	47	1	2	0	2	31	8	0	6	6	8	0	2	0	0	1	0	0	0	3	0	0	0
P	0	6	41	150	23	496	21	61	32	7	198	70851	1	13	0	0	8	2	1	0	0	0	0	0	1	0	2	0	0	0	0	0	39	2	0	0	0	4	1	0	0	70	1	1	71499	96	2	0	0	0	0	0	4	0	0	11	5	0	0	5	2	0	0	0	0	0	5	0	0	5	0	5	0	0	0	59151	0	1	4	5	6	0	0	1	0	0	0	0	0	0	0	2	3	3	1	0	0	58838	0	0	0	3	3	0	0	21	5	27	57406	0	0	0	0	0	0	0	0	0	0	0	0	0	2	2	1	6	0	51734	0	0	0	53560	0	0	1	0	1	0	8	1	0	0	0	0	3	1	3	0	0	0	0	2	0	0	2	1	0	6	0	0	0	0	1	0	5	1	58230	4	0	2	0	0	0	3	0	5	1	1	70412	0	0	0	0	5	0	0	0	1	0	0	1	0	1	69386	0	0	0	0	0	1	0	2	0	0	0	0	0	0	0	0	0	4	0	0	1	0	1	0	2	0	0	1	5	0	0	0	0	0	2	0	0	11	0	138	0	0	2	0	0	0	1	0	8	0	0	0	6	35	60220	0	8	22	1	0	2	0	0	2	3	4	0	0	0	0
Q	0	5	59	77091	155	28	7	31	7	17	271	15	43	5	1	145	3	25	0	80	1	1	2	0	24	74967	77544	2	4	0	80	0	16	7	132	1	0	0	7	22	9	59521	11	9	19	3	1	0	0	0	2	36	36	1	0	9	0	0	11	1	77536	0	0	0	2	0	1	7	0	0	3	1	19	2	1	13	0	2	99	0	2	1	13	6	3	1	6	0	0	0	0	3	1	0	0	152	0	9	0	66412	6	2	1	6	0	9	1	0	4	0	22	1	0	43	0	0	2	3	0	0	1	1	1	5	7	1	0	2	0	1	0	10	0	0	3	55008	3	1	0	0	3	0	0	0	0	54	4	4	2	6	0	1	0	0	68607	14	0	3	0	2377	11	3	69200	0	2	8	9	28	1	1	0	23	25	1	6	4	263	50	7	1	2	4	0	32	0	0	0	5	0	1	0	0	1	6	0	1	23	2	5	6	0	0	0	2	0	0	1	1	0	4	0	0	0	0	0	0	0	0	65975	1	1	0	0	0	0	0	11	2	5	9	0	1	0	102	11	0	2	43	0	2	7	97	6	0	0	0	13	4	9	9	5	65528	0	2	1	0	0	0	1	0	1	2	0	0
R	9	17	77	14	22	126	14	32	11	8	3636	2	29	15	12	75	4	67935	7	36	2	0	3	7	2	13	12	0	0	0	107	12	9	3	0	0	0	68417	2	14	7	25	2	63266	19	0	5	0	0	14	0	0	32	9	5	2	6	1	0	0	15	0	0	0	3	62294	4	32	5	1	0	2	0	1	0	5	5	4	113	1	3	0	5	0	0	1	4	0	57614	0	5	0	0	1	3	0	4	2	2	7	0	7	1	6	5	10	0	0	1	0	0	4	0	26	0	4	2	0	0	1	48735	48619	24	1	1	1	0	1	2	0	1	1	0	0	8	28	39	21	3	59307	0	4	58290	0	54864	40	61248	2	9	4	1	4	0	0	6	0	0	2	1	1	0	3	5	0	2	3	3	24	0	2	3	38	57890	2	16	4	46067	120	8	9	9	0	12	6	0	2	0	3	0	0	0	3	9	5	0	4	0	0	1	0	1	63318	0	8	1	0	0	0	8	0	65548	1	0	0	0	1	57802	0	6	1	0	0	6	0	0	60227	0	5	1	1	56	2	0	122	0	7	0	31	60830	1	5	111	18	0	2	2	5	32	11	0	89	10	64855	0	0	0	0	64051	0	2	0	0	0	0
S	0	1	34	5	90	195	9	16	30	6	60402	3	44	8	1	11	0	1	0	40	1	7	3	2	32	0	0	10	1	9	12	75812	192	9	155	0	2	8	0	67361	19	3	782	37	3	102	0	3	0	0	7	128	15	71121	4	8	0	6	0	0	3	0	0	5	6	3	1	71129	1	0	6	5	2	7	0	7	1	4	41	0	0	0	14	0	8	1	6	5	7	0	1	0	0	0	3	0	0	18	3	1	0	0	0	69157	68168	0	0	13	3	17	0	0	0	67881	2	0	3	0	5	0	6	8	0	0	99	0	144	0	3	5	0	0	8	0	0	25	4	0	0	13	1	1	10	3	7	3	10	0	0	7	1	0	0	0	5	1	0	1	0	0	0	0	1	4	4	23	2	18	0	0	4	21	30	1	0	18	3193	0	0	2	9	0	0	0	0	0	5	0	4	0	4	8	0	3	5	2	0	13	3	7	5	9	5	67612	7	3	0	0	5	6	11	0	2	0	6	0	7	0	0	0	1	5	0	2	9	10	22	1	6	211	0	0	1	24	0	3	7	5	2	4	0	39	0	1	5	1	20	6	18	0	64773	7	5	0	17	2	0	6	0	0	0	0	5	2
T	14	71	31	9	184	184	20	0	8	7	133	7	19	6	0	9	0	5	0	22	1	1	2	0	14	1	13	75172	1	0	0	1	132	5	120	0	0	0	0	35	2	3	7	0	2	155	0	0	1	2	68657	64	21	10	0	6	0	1	0	0	1	0	0	0	2	0	0	3	0	0	3	52844	54902	0	1	7	0	4	38	0	0	0	18	3	60422	0	1	1	0	2	0	0	0	3	0	0	0	3	1	2	0	0	1	4	1	6	0	19	4	3	0	0	2	7	1	5	3	0	4	1	0	2	0	5	45474	0	0	3	7	47680	0	7	0	0	2	5	0	1	0	0	4	0	32	6	0	52307	0	5	2	1	4	0	2	0	59	1	0	0	1	0	0	0	16	0	6	29	9	21	0	0	2	6	0	0	2	8	3234	6	10	7	11	0	0	0	7	0	72989	0	1	0	2	715	0	12	0	4	6	0	0	1	0	0	0	9	1	0	3	0	18	0	0	0	0	0	1	0	0	0	10	1	3	1	0	2	54351	1	0	6	3	18	0	0	0	37	1	0	2	3	1	0	0	41	1	1	0	1	41	7	7	0	16	2	0	1	3	0	0	0	0	1	0	0	0	0
V	6	50	4	47	18	49	11	7	19	11	137	0	19	7	0	42433	0	0	4	4	5	0	18	0	85	0	26	7	17	10	0	2	0	4	5	53914	4	0	0	1	2	0	5	0	0	77532	5	1	72813	0	0	161	46	25	7	4	1	0	0	0	0	0	0	2	399	1	2	0	0	1	5	2	1	3	60349	2	0	4	6	57203	15	1	62898	55703	0	0	7	3	0	1	0	3	4	1	3	2	57601	0	6	0	2	1	2	0	0	0	0	1	1	8	4	0	62495	0	9	4	4	1	7	1	0	0	1	0	0	2	1	0	4	0	0	0	2	2	0	0	51	1	6	3	104	1	41	4	0	60	0	4	14	1	3	1	66644	1	271	1	2	0	3	9	0	0	162	5	34	18	20	14	4	0	2	13	2	2	16	6	62	29	0	3	9	2	1	0	71086	62827	0	0	3	2	9	0	1	0	0	7	5	71032	3	1	5	0	1	0	5	2	4	1	1	2	0	1	11	64222	4	8	0	0	0	3	4	1	0	5	0	0	2	0	11	0	2	0	9	58	2	0	7	13	0	3	2	66081	4	0	5	7	12	8	0	2	6	0	1	5	7	0	0	0	1	2	4	1	0	1
W	0	6	10	103	25	180	0	3	0	5	12	0	1	0	57493	7	0	0	0	4	1	0	0	74242	1	1	0	0	0	0	2	0	0	0	2	0	0	0	1	0	0	0	0	0	0	0	0	0	0	0	0	0	8	0	0	0	0	0	0	0	0	0	0	0	0	0	0	0	76586	1	0	0	0	0	2	0	1	0	0	0	0	0	1	0	0	0	0	0	0	0	69063	0	0	0	0	0	0	0	0	0	0	0	0	0	0	0	0	0	0	3	0	0	0	0	0	0	0	0	0	0	0	1	0	0	0	0	0	0	0	0	0	0	0	0	0	0	0	0	0	0	0	0	1	0	6	3	0	0	0	0	0	0	0	0	819	0	0	359	0	0	0	0	14	0	11	0	2	1	0	0	6	5	0	0	0	3	378	25	0	0	0	0	0	0	2	0	0	0	0	0	0	1	0	0	0	0	0	0	0	0	0	0	0	0	0	1	0	0	1	0	0	0	0	0	1	0	0	0	0	0	0	0	0	0	0	0	0	1	0	0	13	0	0	66	0	64033	0	37	0	0	0	4	0	0	0	0	0	2	0	0	232	0	0	0	0	393	0	0	0	0	0	0	0	0
Y	0	35	91	0	106	222	0	9	18	2	374	0	4	0	1	0	0	0	0	47	0	76399	10	0	0	4	0	1	0	0	2	0	7	0	8	0	9	0	0	6	0	0	0	0	0	0	33	4	0	0	0	5	21	0	4	8	0	0	0	0	33	8	0	0	0	0	0	0	0	0	0	0	0	0	1	1	3	0	0	0	0	3	21	0	0	1	0	0	0	9	0	0	0	0	0	0	0	0	0	0	8	0	0	0	0	1	0	0	0	0	0	0	0	0	0	0	0	12	0	0	0	0	0	2	0	0	5	0	0	0	4	0	0	9	1	0	53	0	4	0	0	0	0	0	0	0	0	0	13	0	0	2	0	9	71	14	4	1043	2	2	0	3	49	0	10	0	0	3	2	0	2	0	0	0	0	1	654	32	1	11	5	0	2	0	1	0	0	6	0	4	9	4	0	0	2	0	0	0	6	0	0	0	0	0	0	0	1	1	0	0	0	0	0	0	0	3	0	64555	0	6	0	0	0	0	1	0	11	0	4	10	248	2	0	6	16	0	0	49	0	0	0	15	0	73322	0	0	0	0	0	7	76	0	0	0	9	6	66093	0	0	0	10	0	0	1
