KKA2_S2_Kan11_L2
Position	1	2	3	4	5	6	7	8	9	10	11	12	13	14	15	16	17	18	19	20	21	22	23	24	25	26	27	28	29	30	31	32	33	34	35	36	37	38	39	40	41	42	43	44	45	46	47	48	49	50	51	52	53	54	55	56	57	58	59	60	61	62	63	64	65	66	67	68	69	70	71	72	73	74	75	76	77	78	79	80	81	82	83	84	85	86	87	88	89	90	91	92	93	94	95	96	97	98	99	100	101	102	103	104	105	106	107	108	109	110	111	112	113	114	115	116	117	118	119	120	121	122	123	124	125	126	127	128	129	130	131	132	133	134	135	136	137	138	139	140	141	142	143	144	145	146	147	148	149	150	151	152	153	154	155	156	157	158	159	160	161	162	163	164	165	166	167	168	169	170	171	172	173	174	175	176	177	178	179	180	181	182	183	184	185	186	187	188	189	190	191	192	193	194	195	196	197	198	199	200	201	202	203	204	205	206	207	208	209	210	211	212	213	214	215	216	217	218	219	220	221	222	223	224	225	226	227	228	229	230	231	232	233	234	235	236	237	238	239	240	241	242	243	244	245	246	247	248	249	250	251	252	253	254	255	256	257	258	259	260	261	262	263	264
Wild-type	M	I	E	Q	D	G	L	H	A	G	S	P	A	A	W	V	E	R	L	F	G	Y	D	W	A	Q	Q	T	I	G	C	S	D	A	A	V	F	R	L	S	A	Q	G	R	P	V	L	F	V	K	T	D	L	S	G	A	L	N	E	L	Q	D	E	A	A	R	L	S	W	L	A	T	T	G	V	P	C	A	A	V	L	D	V	V	T	E	A	G	R	D	W	L	L	L	G	E	V	P	G	Q	D	L	L	S	S	H	L	A	P	A	E	K	V	S	I	M	A	D	A	M	R	R	L	H	T	L	D	P	A	T	C	P	F	D	H	Q	A	K	H	R	I	E	R	A	R	T	R	M	E	A	G	L	V	D	Q	D	D	L	D	E	E	H	Q	G	L	A	P	A	E	L	F	A	R	L	K	A	R	M	P	D	G	E	D	L	V	V	T	H	G	D	A	C	L	P	N	I	M	V	E	N	G	R	F	S	G	F	I	D	C	G	R	L	G	V	A	D	R	Y	Q	D	I	A	L	A	T	R	D	I	A	E	E	L	G	G	E	W	A	D	R	F	L	V	L	Y	G	I	A	A	P	D	S	Q	R	I	A	F	Y	R	L	L	D	E	F	F
A	0	2	1	0	12	102	0	2	44596	0	0	2	43351	41928	0	18	1	0	0	0	2	0	2	0	44067	0	0	47	0	2	0	0	4	42943	42834	2	0	0	0	0	39376	0	1	0	2	26	2	0	4	0	3	240	5	0	0	41586	0	3	1	1	0	2	7	41691	39160	0	0	6	0	0	40029	1	12	3	6	0	0	37568	38014	3	0	0	8	8	5	1	37522	0	0	4	0	0	0	0	1	2	0	0	1	1	4	0	0	0	0	0	0	40105	0	40224	0	0	5	49	0	0	42612	0	28200	0	0	0	0	1	18	0	1	0	32402	1	0	8	0	0	0	0	36910	0	0	0	0	2	1	38486	0	4	0	0	0	41410	1	0	3	1	0	2	0	0	0	4	8	0	8	0	0	43643	4	43082	1	0	0	42483	7	0	0	40895	507	0	1	3	0	9	0	0	5	9	8	0	1	5	42866	0	0	0	0	0	0	4	3	0	0	0	0	0	2	0	0	8	11	1	0	0	1	2	45511	1	0	0	0	2	0	43234	0	40396	3	0	2	0	45485	12	4	0	0	82	6	0	43860	15	0	0	0	53	0	0	0	0	40682	38369	8	3	0	0	0	0	42317	0	0	0	0	0	0	0	0	0
C	0	1	2	1	1	39	28	4	0	16	226	0	1	3	15	3	0	4	0	8	13	7	2	32	12	0	0	0	0	20	43474	1	1	0	1	0	0	5	0	0	1267	0	11	0	0	33	0	0	0	0	3	26	0	0	9	0	1	0	1	0	0	0	0	4	2	1	0	0	9	2	5	0	4	45	1	0	33632	0	4	3	1	0	0	6	3	1	0	13	4	1	10	1	0	0	11	0	0	1	14	0	0	0	0	0	2	1	0	1	0	1	0	0	0	0	0	0	0	1	0	0	0	2	0	0	2	0	0	0	0	0	32416	0	0	0	0	0	2	0	1	2	0	1	52	0	4	12	4	0	0	1	12	0	0	0	26	0	1	0	0	7	0	1	2	13	0	2	1	0	0	30	0	0	15	9	1	0	1090	6	0	0	13	0	0	0	0	0	1	1	18	0	0	40354	0	0	1	0	0	1	7	0	15	5	2	1	12	7	0	1	44478	9	4	1	18	0	0	1	3	2	0	1	0	1	0	1	18	3	22	0	5	0	0	1	12	12	0	19	0	1	8	14	0	3	1	3	13	5	34	0	1	0	0	1	3	0	0	0	5	2	1	0	0	1	0	2
D	0	0	13	0	46944	29	0	3	1	13	10	3	18	2	0	0	4	1	0	3	10	1	45185	2	7	0	0	1	0	0	0	0	41703	0	1	2	0	0	0	0	5	5	3	0	1	13	0	0	0	0	2	41026	0	0	5	42	0	2	4	4	8	44240	3	0	0	0	0	0	1	1	0	0	0	1	4	0	2	0	3	1	0	42085	0	0	0	0	0	1	0	35295	0	0	0	0	2	0	0	0	2	0	41983	2	1	0	1	7	0	1	0	4	2	0	0	0	3	0	1	28742	0	0	5	5	0	8	0	0	35666	0	1	0	0	0	0	34770	0	0	0	0	0	0	0	0	0	0	0	1	0	0	6	0	2	0	0	43350	0	44688	44760	0	46069	49	4	2	3	2	0	3	0	1	4	0	0	7	0	0	0	6	98	1	0	42204	0	1	41706	0	2	1	0	5	3	41004	0	0	4	1	7	3	1	0	10	3	0	0	0	0	1	0	0	42682	0	0	1	0	5	0	0	38077	0	8	0	43522	0	5	0	0	2	0	42915	0	0	3	1	0	0	16	3	0	0	40421	0	0	3	21	0	1	1	0	1	7	0	42875	5	19	0	0	0	0	0	0	1	0	43678	2	0	0
E	0	0	44622	29	24	33	7	17	20	0	10	0	15	11	0	15	39964	46	0	51	4	1	2	0	7	3	3	0	0	0	0	0	0	5	21	0	0	0	1	0	4	24	0	0	10	2	0	0	2	2	0	46	7	13	0	14	0	6	41916	1	31	61	42003	5	7	0	0	0	0	1	18	0	0	0	0	0	1	8	22	0	7	1	3	0	0	36558	14	0	0	0	0	0	0	0	0	37209	2	0	0	2	1	0	0	0	0	20	0	7	0	18	39047	8	1	1	1	0	19	0	6	0	0	0	0	0	0	0	3	0	8	0	0	0	0	1	0	5	12	2	0	1	0	37814	0	9	0	14	0	0	42250	12	40	0	1	5	345	1	0	0	4	45405	44298	0	16	0	2	15	0	12	38478	0	0	47	90	0	1	6	121	9	0	1	1	40939	1	0	2	3	0	0	0	8	9	0	0	0	0	0	0	1	47038	0	0	0	1	0	0	0	0	2	0	0	0	0	0	0	14	7	0	0	4	0	0	5	0	12	1	1	4	8	60	42113	42340	0	0	31	42736	0	13	53	0	0	0	108	112	0	0	0	7	27	0	0	0	5	0	0	18	0	0	0	0	0	0	41534	0	0
F	0	25	97	13	18	70	0	0	1	0	37	0	0	0	0	0	0	0	0	44231	0	0	0	0	0	1	0	0	1	3	4	0	0	0	3	0	37206	0	0	0	1	0	3	0	0	0	18	44896	0	0	0	0	24	0	0	0	0	0	0	0	0	0	0	0	0	0	0	0	0	0	0	0	0	0	0	0	4	0	0	0	0	0	35	0	0	3	0	0	0	0	2	1	0	0	0	0	0	0	0	0	0	0	0	0	0	0	0	0	0	0	0	0	0	0	0	0	0	0	0	0	0	0	0	0	0	0	0	0	0	0	5	0	35020	1	0	0	14	0	8	0	4	0	0	0	8	0	0	0	1	0	0	0	45	9	0	0	0	2167	0	1	0	0	58	0	30	0	0	9	0	0	42011	12	0	1	0	0	310	123	1	28	0	0	0	0	0	0	0	0	0	0	184	9	0	0	0	1	0	0	1	0	0	0	44296	0	0	47863	0	0	8	0	0	0	0	0	0	0	0	4	0	0	0	0	0	0	0	0	0	1	0	0	0	7	0	0	0	0	1	6	0	45085	0	18	0	2	0	1	0	0	0	0	42	1	0	2	0	39498	0	0	0	0	0	0	42078	43173
G	0	0	10	7	4	44666	0	8	16	42706	29	0	0	10	14	19	4	4	0	0	47119	0	2	4	4	0	0	0	2	46926	0	3	58	1	2	11	0	2	11	2	1	0	38743	12	0	16	0	0	5	0	0	1	0	3	41456	0	0	0	2	0	0	1	2	2	0	1	0	3	10	0	4	0	0	40448	1	1	3	3	25	8	0	1	11	2	0	4	1	36651	4	2	12	0	0	0	40380	3	2	0	39159	0	4	0	0	3	6	1	0	2	0	0	4	0	0	19	0	0	2	0	0	0	2	1	0	0	1	0	4	0	2	0	1	0	0	1	0	0	0	0	0	7	0	4	0	0	8	0	7	0	6	3	41852	0	3	6	0	2	5	0	6	11	4	14	1	45784	0	0	0	3	1	0	0	2	3	0	0	4	678	3	0	2	42666	1	1	0	1	5	0	0	47603	1	1	7	0	0	0	0	0	2	5	0	41773	2	0	2	44358	0	0	4	3	43181	3	0	46900	14	4	0	3	0	0	5	0	1	1	6	0	5	3	0	1	8	2	0	44502	40685	1	8	0	3	4	0	0	1	0	0	51343	0	1	0	0	3	5	0	1	0	10	0	0	5	0	0	2	2	0	0
H	0	24	82	8	32	1	1	46041	0	0	21	0	0	0	0	0	0	5	0	17	0	2	6	0	0	21	8	0	0	0	0	0	2	0	0	0	0	2	0	4	0	3	0	0	8	0	12	0	0	0	0	0	39	7	48	0	1	4	0	0	32	4	0	0	0	4	0	0	0	0	0	1	0	0	0	2	0	0	9	0	0	1	0	0	0	0	0	0	4	1	0	0	0	0	0	1	0	0	0	10	1	0	0	0	0	40960	0	0	0	0	0	0	0	0	0	0	0	6	0	0	0	0	0	33168	0	0	1	0	0	0	0	0	0	1	36115	9	0	0	37370	2	0	1	13	0	33	4	5	0	12	82	0	0	2	2	13	1	1	6	2	0	0	45813	11	1	4	0	0	17	0	0	0	15	4	0	0	0	360	18	0	0	0	0	1	0	0	0	0	46537	0	4	60	0	0	0	0	0	0	0	78	3	0	0	0	0	0	0	1	1	0	0	3	0	0	0	0	2	4	2	13	1	0	0	0	5	0	3	1	0	0	105	71	0	0	29	0	0	0	69	5	0	0	21	0	1	1	0	0	0	0	1	5	7	1	0	0	0	8	0	0	0	2	0	0	0
I	95	44905	4	2	24	115	0	0	1	0	351	0	1	0	0	0	0	2	0	0	0	0	17	0	6	0	96	1	44170	0	0	4	0	0	12	0	1	0	0	7	0	0	0	0	0	0	0	0	0	2	2	41	2	7	0	2	0	0	0	0	0	0	0	0	0	0	0	9	0	0	0	1	2	0	4	0	2	0	0	7	1	0	0	0	2	0	0	0	0	0	0	0	0	0	0	0	0	0	0	0	0	0	1	4	3	0	0	0	0	0	2	0	1	4	43610	17	0	0	0	5	0	0	0	0	2	0	0	0	0	0	0	0	0	0	0	0	219	1	0	0	39754	7	0	0	0	29	0	21	20	0	0	0	50	0	42	0	0	0	0	0	0	0	308	0	15	6	27	0	0	0	0	0	0	0	0	0	629	9	8	0	0	0	0	0	1	1	1	0	0	0	0	19	0	1	0	44338	29	0	0	0	0	0	1	7	0	0	48983	0	0	0	0	0	0	1	0	0	0	0	0	0	42420	0	0	0	17	0	0	41824	0	0	0	0	0	11	0	0	0	15	0	1	0	0	0	0	0	41039	0	1	0	0	32	0	0	39741	0	0	0	0	0	0	0	0	0	1
K	4	25	10	71	147	246	15	0	19	0	0	0	0	0	0	54	0	3	0	6	7	0	0	0	0	4	3	0	0	0	742	0	10	0	0	0	0	0	0	0	0	6	0	14	0	0	8	0	0	40692	0	0	10	0	0	5	0	9	0	0	19	2	1	3	0	0	0	0	0	0	1	4	0	0	0	1	0	1	125	0	0	0	0	0	0	2	4	0	0	0	0	0	0	0	5	3	0	0	0	9	0	0	1	0	0	0	0	0	0	2	0	41543	0	0	6	1	0	0	1	1	1	0	0	0	0	0	0	0	0	0	0	0	0	0	0	14	30	37116	0	0	0	14	0	0	0	16	0	3	57	4	0	0	0	0	10	0	0	0	0	3	1	2	17	0	0	12	0	5	2	0	0	27	1	0	42656	1	6	2	1	0	0	2	0	1	0	0	1	0	0	0	1	2	0	0	8	0	3	0	4	10	0	9	0	0	0	0	0	0	0	0	0	0	0	0	0	0	0	0	12	0	0	0	0	0	0	0	0	0	0	0	43	0	0	226	2	0	0	47	0	0	0	37	0	0	0	0	3	0	1	0	26	5	10	0	0	0	0	0	1	0	1	3	0	0
L	7	4	4	21	188	10	46267	34	7	1	246	2	0	0	21	27	1	21	43295	18	2	1	1	34	0	17	0	0	10	0	7	1	14	0	0	9	4	12	41236	0	0	3	0	11	1	5	47197	10	16	0	0	2	43015	0	16	0	42358	0	3	44552	0	4	8	0	0	7	40700	0	7	42057	0	0	0	0	11	4	0	1	0	8	40149	0	12	4	0	1	0	0	8	0	7	41420	41402	40089	0	1	3	3	0	7	0	42599	42880	2	5	1	41913	0	5	2	1	0	5	4	1	0	0	0	0	64	5	1153	32500	0	0	38678	0	2	4	3	1	1	1	0	0	0	21	0	3	8	1	0	19	0	10	11	5	2	16	0	0	42151	74	0	37	0	0	42433	0	0	0	0	214	0	42441	6	160	11	0	42407	15	4	74	40917	20	0	844	9	6	0	2	0	0	47481	6	7	0	3	0	1	43	0	43514	6	0	1	3	7	0	1	0	8	4	0	1	1	1	0	5	1	10	45287	3	15	0	0	1	0	0	0	183	0	40765	0	0	8	0	3	0	0	0	44934	4	12	0	21	1	3	7	1	47718	18	47945	4	4	16	2	16	4	0	13	2	5	16	1	10	0	11	41556	43525	1	0	4	12
M	45875	0	0	12	0	70	15	1	0	0	77	0	0	0	0	3	0	0	11	8	0	0	0	0	2	0	3	3	8	0	0	0	0	0	0	3	0	0	8	0	0	0	0	0	0	3	17	0	2	0	0	0	16	0	0	1	6	1	0	36	0	0	0	0	4	0	7	0	0	12	1	0	0	0	4	0	0	0	0	2	8	0	8	1	0	0	0	0	0	0	0	1	5	7	0	0	0	0	0	0	0	4	9	0	0	0	10	0	0	0	1	0	2	0	0	43650	0	0	0	28104	0	0	8	0	39	18	0	0	3	0	0	0	0	0	0	0	67	0	0	0	1	0	0	0	0	5	0	41829	0	3	0	22	163	0	54	0	0	10	0	0	0	0	368	0	63	0	5	0	0	5	0	0	208	7	0	0	259	42079	0	0	0	0	0	6	4	2	0	0	0	0	0	0	17	0	0	1	49488	1	0	0	0	0	0	0	0	0	6	0	0	0	0	9	0	1	0	0	0	0	0	0	2	0	2	0	0	0	0	1	0	0	24	3	0	5	0	0	0	1	0	0	6	28	8	0	0	0	0	8	0	0	52	0	2	3	0	0	0	0	12	14	0	0	0	0
N	0	14	16	21	17	183	0	15	7	0	1	0	0	0	0	2	0	4	0	0	4	1	4	3	0	0	6	2	1	0	0	0	1	0	3	0	0	0	0	1	0	0	11	0	6	14	0	0	0	1	6	4	0	2	1	0	0	42561	0	0	1	2	0	0	0	0	0	2	0	0	0	2	5	0	0	0	0	0	15	0	0	1	0	0	6	0	0	0	0	6	0	0	0	0	0	0	0	0	0	0	0	0	0	1	2	14	0	0	0	1	0	3	0	1	0	0	0	3	0	0	0	0	0	5	11	0	2	0	0	6	0	0	0	5	7	0	0	1	10	0	0	0	0	1	16	7	0	0	19	2	12	0	0	2	0	1	1	0	2	4	0	472	1	0	3	1	0	0	2	0	0	0	2	0	5	9	661	0	0	3	0	0	0	0	0	0	8	20	0	4	0	0	0	0	39566	1	0	0	5	37234	0	0	0	3	0	0	2	1	0	0	0	0	0	0	0	3	0	0	0	0	0	0	0	0	12	0	1	2	0	0	1	0	0	26	0	0	0	9	0	0	0	6	0	0	0	0	4	0	0	1	5	5	0	1	0	0	0	0	0	0	2	1	0	0
P	0	0	0	58	15	253	19	17	15	0	36	42417	0	7	0	1	4	3	2	0	0	0	0	0	1	2	0	0	0	0	0	0	28	2	1	0	0	2	2	0	1	3	0	3	44219	54	9	0	0	0	0	0	8	0	0	0	2	0	0	4	2	0	0	1	3	2	4	0	0	5	1	7	2	0	0	36879	0	1	0	0	1	0	0	0	1	0	2	0	0	0	0	4	5	6	0	0	0	37193	0	7	0	5	2	0	0	14	5	32	37463	2	0	0	0	0	1	0	0	0	0	0	2	0	2	13	5	11	0	34141	1	0	0	34955	0	0	1	1	1	0	8	0	0	0	4	1	0	0	1	0	0	0	0	3	1	0	5	1	0	4	0	0	2	0	3	1	7	0	40148	1	0	4	0	2	1	8	0	3	0	44	43691	0	0	0	0	8	0	0	0	17	0	0	1	1	5	44184	0	0	0	0	0	0	0	1	0	0	0	0	0	1	0	0	1	4	0	2	1	0	0	0	3	0	0	0	1	1	0	2	0	0	2	1	0	24	0	43	0	0	0	0	2	0	7	0	4	0	0	1	2	0	39600	0	0	10	1	0	1	0	0	0	5	4	0	0	0	0
Q	1	8	50	45609	82	4	9	14	1	3	63	17	3	1	3	18	2	0	0	5	0	1	1	2	11	43460	44474	0	4	0	91	0	4	2	32	0	0	0	0	10	54	38201	0	4	2	0	0	2	0	0	14	12	5	1	2	3	0	0	14	0	46149	0	3	0	1	0	0	10	1	0	2	0	1	0	0	24	0	2	96	0	0	0	0	17	0	4	2	0	0	0	3	2	0	1	0	3	0	24	0	40655	6	2	0	3	1	3	1	0	12	0	4	0	0	0	0	1	8	1	0	0	0	3	1	11	2	0	1	6	0	2	0	17	0	0	1	35985	2	0	11	0	9	0	0	1	0	36	0	0	8	7	4	0	2	0	43061	18	0	1	3	9	4	5	44857	0	3	4	12	19	2	0	0	25	30	0	7	13	97	104	20	0	0	0	1	18	0	2	0	28	0	0	0	2	1	13	0	10	46	5	6	1	0	0	0	0	3	0	1	0	0	2	0	1	0	0	0	0	0	0	44167	0	2	1	1	1	0	0	2	4	3	7	4	1	0	23	4	0	1	51	0	1	9	50	3	2	0	1	8	8	18	25	14	42608	0	6	0	0	1	0	0	1	2	1	0	0
R	25	7	16	14	21	27	8	4	13	6	86	1	14	4	5	90	7	40430	8	14	1	0	2	4	0	7	6	10	0	2	43	4	4	5	1	1	0	41907	2	12	1	15	3	38939	6	0	13	0	0	14	1	0	38	10	9	1	13	2	0	4	8	0	0	0	0	38915	4	12	2	3	1	0	0	2	1	10	2	14	49	5	6	0	1	0	0	1	0	10	36193	1	4	1	2	4	15	0	5	1	2	3	0	8	2	7	9	0	1	0	1	0	0	1	1	17	1	12	0	0	0	0	28836	28159	18	3	0	2	0	4	4	0	4	2	0	1	3	8	57	6	3	38958	0	0	38644	0	36776	18	40778	0	13	0	2	8	0	19	7	1	0	1	4	4	0	4	4	1	3	1	1	1	0	4	4	7	38728	2	2	7	27068	35	6	2	3	1	8	17	3	3	1	4	2	0	2	2	6	18	0	6	11	1	5	0	2	42296	0	12	0	0	1	0	6	2	44397	3	2	0	0	0	40416	0	12	2	0	1	6	0	0	42448	0	3	2	0	13	2	2	13	0	6	0	13	41035	0	14	82	47	0	5	4	4	0	25	0	37	5	42023	0	1	0	0	41265	1	0	0	0	0	0
S	1	2	0	0	38	209	0	1	14	2	38641	2	14	25	4	21	0	11	0	5	7	7	0	1	23	0	1	4	5	9	14	44127	30	11	50	0	10	9	0	40740	6	2	48	0	1	27	0	6	0	8	0	55	12	42878	2	11	0	2	0	2	0	0	1	16	4	11	0	42903	3	0	16	3	7	4	0	3	2	4	9	1	0	0	0	1	5	0	3	3	4	0	0	0	0	0	2	0	0	5	4	1	4	0	0	42526	41659	3	0	18	1	15	0	1	0	41389	6	0	7	0	5	0	6	16	0	1	6	0	0	0	13	2	1	0	2	0	0	4	11	1	0	19	0	0	8	12	6	0	23	0	0	9	2	0	0	0	3	1	2	0	0	0	0	0	3	4	0	10	3	576	0	0	3	7	24	0	0	3	2768	0	3	1	8	1	0	0	0	0	4	1	8	0	10	1	0	2	2	10	0	0	0	2	7	15	2	45140	2	6	1	0	3	4	17	0	2	0	9	0	10	9	0	0	12	4	0	10	9	24	15	2	3	34	0	0	1	31	0	3	7	10	9	2	0	13	0	1	4	8	5	6	1	0	42399	0	4	2	8	4	0	13	0	1	0	0	2	3
T	5	4	0	5	99	177	0	0	1	8	1	15	13	16	1	26	0	0	1	13	1	0	10	0	1	0	15	43365	1	0	0	2	66	1	13	0	0	0	0	11	3	17	6	0	4	70	1	0	0	6	42108	34	0	0	1	4	0	1	0	0	1	0	0	1	0	0	0	5	0	0	1	32055	32268	8	5	8	2	6	33	0	1	2	0	2	37825	0	1	0	0	1	0	0	0	13	0	0	1	16	0	2	0	0	0	14	2	0	0	4	5	1	0	1	6	1	3	10	1	0	0	1	0	2	0	17	32033	0	0	5	3	31620	2	14	0	0	1	2	2	2	0	0	4	0	12	1	1	35445	0	2	0	1	0	0	0	0	81	4	0	1	5	0	0	0	12	0	17	2	9	71	0	0	0	7	5	0	1	1	3456	1	11	9	11	4	0	0	0	3	45796	0	0	0	2	976	0	8	3	5	4	0	0	4	0	1	0	15	0	0	4	2	2	2	0	1	0	0	4	0	1	0	8	1	6	1	0	0	38618	2	0	10	0	0	0	1	0	10	1	0	1	1	3	0	0	76	0	0	0	0	1	6	10	1	4	1	0	1	2	0	0	0	0	0	0	0	0	0
V	27	23	1	22	7	45	4	1	13	16	1	1	5	5	0	26617	1	0	3	10	5	1	0	0	20	0	32	0	4	5	2	3	2	5	5	33849	3	0	0	0	7	0	3	0	0	47660	0	6	44642	1	0	5	39	0	7	3	0	0	1	1	0	1	1	2	2	0	1	0	0	1	5	0	2	10	37261	0	2	4	4	34972	3	0	39279	35454	1	0	1	6	0	0	0	0	3	2	7	0	36163	1	8	0	2	1	1	1	0	0	3	3	4	3	3	0	38672	1	8	3	4	2	1	1	0	0	7	0	0	4	0	0	5	0	0	0	5	0	0	0	19	0	0	0	65	0	10	1	0	10	0	4	2	3	8	1	41832	2	182	0	4	1	3	0	0	0	239	8	32	8	1	9	9	0	5	71	0	0	11	1	69	44	2	1	55	3	0	0	45688	41158	0	0	8	2	7	0	2	0	0	15	5	47244	2	2	7	0	1	0	5	4	5	2	8	6	0	1	11	43397	7	4	1	0	0	0	4	8	0	1	0	0	2	3	5	0	5	6	17	81	0	0	3	15	0	10	0	45011	2	0	13	5	7	1	1	2	1	0	1	0	3	1	1	0	2	1	0	2	0	2
W	0	0	0	12	9	52	0	0	0	0	0	0	1	0	35778	0	0	5	0	0	0	0	0	44519	0	0	0	0	0	0	1	0	0	2	0	0	0	0	0	23	0	0	0	0	1	0	0	0	0	0	0	0	10	0	0	0	0	0	0	0	0	0	0	0	2	0	0	0	44486	0	0	0	0	0	0	1	1	0	0	5	0	0	0	1	0	0	0	0	0	1	41725	0	0	0	0	0	0	0	0	0	0	0	0	0	0	0	0	0	0	0	0	0	0	0	0	0	0	0	2	0	0	6	0	0	1	0	0	0	0	0	0	0	0	0	0	0	0	0	0	0	0	0	0	0	1	0	0	0	0	0	0	0	0	0	510	0	0	374	0	0	0	0	15	0	26	0	0	4	0	0	3	1	4	0	0	0	362	58	0	2	0	0	0	0	0	0	0	0	0	0	1	3	0	0	0	0	0	0	0	0	0	0	0	0	0	0	0	0	0	0	0	0	0	0	0	0	0	0	0	0	0	0	0	0	0	0	0	0	0	1	42	0	0	25	0	42849	1	38	0	0	0	8	0	0	0	0	0	0	0	0	139	0	0	0	0	421	0	0	0	0	0	0	0	0
Y	0	26	36	2	16	72	0	21	1	1	312	0	0	0	0	6	0	1	0	0	0	45650	9	0	0	2	0	4	1	0	1	0	9	0	0	0	0	0	0	0	0	0	0	0	5	0	31	2	0	0	0	9	25	0	3	0	0	2	0	0	7	14	0	0	0	0	0	0	1	0	0	0	8	0	0	0	2	0	0	0	0	16	1	0	0	1	0	0	0	8	3	0	0	0	0	0	0	0	0	0	10	0	0	0	0	1	0	0	0	0	0	0	0	0	0	0	0	13	0	0	0	0	0	7	0	0	8	0	0	0	1	0	1	6	3	0	41	0	3	0	0	0	0	0	0	0	0	0	13	0	0	0	0	9	126	20	10	195	14	1	0	2	49	0	1	0	1	2	0	0	0	2	8	0	0	0	448	59	0	21	1	0	6	0	0	0	0	3	0	6	2	8	0	0	1	0	0	0	0	0	0	0	0	0	0	0	0	8	1	0	0	0	0	0	0	14	0	43474	0	10	0	0	0	0	0	0	10	0	0	0	870	0	1	14	0	0	0	46	0	0	0	9	0	51334	0	4	0	0	0	8	69	0	0	0	17	27	42420	0	0	0	12	0	1	3
