KKA2_S1_G41811_L1
Position	1	2	3	4	5	6	7	8	9	10	11	12	13	14	15	16	17	18	19	20	21	22	23	24	25	26	27	28	29	30	31	32	33	34	35	36	37	38	39	40	41	42	43	44	45	46	47	48	49	50	51	52	53	54	55	56	57	58	59	60	61	62	63	64	65	66	67	68	69	70	71	72	73	74	75	76	77	78	79	80	81	82	83	84	85	86	87	88	89	90	91	92	93	94	95	96	97	98	99	100	101	102	103	104	105	106	107	108	109	110	111	112	113	114	115	116	117	118	119	120	121	122	123	124	125	126	127	128	129	130	131	132	133	134	135	136	137	138	139	140	141	142	143	144	145	146	147	148	149	150	151	152	153	154	155	156	157	158	159	160	161	162	163	164	165	166	167	168	169	170	171	172	173	174	175	176	177	178	179	180	181	182	183	184	185	186	187	188	189	190	191	192	193	194	195	196	197	198	199	200	201	202	203	204	205	206	207	208	209	210	211	212	213	214	215	216	217	218	219	220	221	222	223	224	225	226	227	228	229	230	231	232	233	234	235	236	237	238	239	240	241	242	243	244	245	246	247	248	249	250	251	252	253	254	255	256	257	258	259	260	261	262	263	264
Wild-type	M	I	E	Q	D	G	L	H	A	G	S	P	A	A	W	V	E	R	L	F	G	Y	D	W	A	Q	Q	T	I	G	C	S	D	A	A	V	F	R	L	S	A	Q	G	R	P	V	L	F	V	K	T	D	L	S	G	A	L	N	E	L	Q	D	E	A	A	R	L	S	W	L	A	T	T	G	V	P	C	A	A	V	L	D	V	V	T	E	A	G	R	D	W	L	L	L	G	E	V	P	G	Q	D	L	L	S	S	H	L	A	P	A	E	K	V	S	I	M	A	D	A	M	R	R	L	H	T	L	D	P	A	T	C	P	F	D	H	Q	A	K	H	R	I	E	R	A	R	T	R	M	E	A	G	L	V	D	Q	D	D	L	D	E	E	H	Q	G	L	A	P	A	E	L	F	A	R	L	K	A	R	M	P	D	G	E	D	L	V	V	T	H	G	D	A	C	L	P	N	I	M	V	E	N	G	R	F	S	G	F	I	D	C	G	R	L	G	V	A	D	R	Y	Q	D	I	A	L	A	T	R	D	I	A	E	E	L	G	G	E	W	A	D	R	F	L	V	L	Y	G	I	A	A	P	D	S	Q	R	I	A	F	Y	R	L	L	D	E	F	F
A	0	0	3	0	116	91	0	0	82696	4	53	5	81056	78615	0	23	0	0	0	0	5	0	2	0	81289	0	0	35	0	4	3	0	6	79154	77615	12	0	0	0	0	75203	0	7	0	8	84	0	0	16	0	2	98	0	0	3	75598	0	0	1	0	0	1	11	74337	69119	0	0	0	0	0	71776	8	21	7	12	3	0	65849	65130	4	0	2	7	4	3	2	64329	2	0	3	0	0	0	0	0	17	3	1	8	0	14	0	0	0	0	0	0	66838	2	67733	1	0	4	19	0	0	71298	1	49598	0	0	0	0	0	75	0	2	4	54730	2	0	9	0	2	0	0	62210	0	0	0	0	4	29	64162	0	8	0	0	1	69334	6	0	4	0	4	8	27	0	0	20	17	0	0	2	0	74108	3	74434	0	0	0	72835	0	0	0	70752	454	0	3	0	2	20	0	0	8	6	16	0	1	9	75487	0	0	2	0	0	0	15	5	0	1	0	0	0	5	0	0	29	8	1	0	0	2	3	78693	0	0	0	0	9	0	75204	0	70419	5	0	7	0	78891	198	4	0	3	49	13	0	76437	0	0	0	0	34	0	0	6	1	73435	70128	16	5	5	8	0	0	78247	0	0	0	0	0	0	1	0	0
C	0	3	8	0	0	38	1	10	1	40	488	1	9	0	41	0	1	2	0	0	40	5	6	77	23	1	0	0	2	16	81827	1	2	0	1	0	1	2	0	0	6	0	33	0	0	3	0	0	0	0	0	11	2	10	25	0	1	0	0	0	0	0	0	3	6	4	0	0	24	5	2	0	0	31	2	0	59789	0	1	0	0	0	0	0	3	0	0	39	8	0	20	0	2	0	35	0	0	1	56	0	1	1	0	2	0	1	1	0	0	0	0	0	1	1	0	1	1	2	0	0	3	2	0	0	0	0	0	0	0	0	55269	0	1	0	0	0	0	0	0	4	0	0	12	0	2	0	8	0	0	0	39	0	0	1	124	0	2	0	1	0	0	1	0	40	14	0	15	0	0	0	1	33	5	15	28	0	1651	0	6	1	36	1	1	0	0	0	0	2	28	0	1	71617	0	0	1	0	3	2	141	0	40	5	1	2	46	11	0	0	77383	39	7	0	37	0	0	4	2	6	0	0	0	2	0	0	11	4	0	0	0	2	0	0	37	36	1	59	0	8	3	21	6	0	0	7	44	1	46	0	0	0	2	0	8	2	0	4	2	4	2	0	0	0	0	3
D	0	1	32	0	87756	11	0	10	3	7	0	3	1	0	0	0	6	3	0	0	4	0	83751	0	17	0	15	0	0	3	0	0	76689	0	213	0	0	2	0	0	10	0	5	0	0	37	0	2	0	0	1	74436	15	0	2	7	0	5	7	11	0	80384	12	0	0	1	0	2	3	2	0	0	0	8	0	0	0	0	15	2	0	74543	0	0	1	4	0	2	0	61813	0	3	0	0	3	1	0	0	3	0	71315	0	2	0	0	155	0	1	0	0	5	1	0	0	5	0	0	51062	1	0	18	2	2	6	0	0	61791	0	1	0	0	0	0	58256	8	0	4	0	6	0	0	11	12	0	0	0	0	0	6	0	9	2	0	71765	8	75473	74969	0	77972	1	3	0	0	1	0	0	0	0	6	0	1	11	1	0	1	22	228	1	0	72654	2	4	72016	2	1	1	0	13	0	71689	0	1	3	0	37	4	5	0	4	25	2	0	1	1	3	0	0	74467	0	8	2	0	4	0	1	66795	0	8	0	76123	0	2	1	1	2	0	70570	1	0	2	2	0	0	3	8	0	0	70693	0	1	13	19	1	1	5	0	11	6	0	77567	13	20	0	0	0	0	3	0	0	0	81023	1	0	0
E	0	0	84494	71	91	12	2	22	28	2	0	0	38	18	0	24	74800	6	0	0	0	0	0	0	134	75	8	0	0	0	0	0	1	30	490	1	0	0	1	0	11	4	8	0	1	0	0	0	2	6	0	9	2	0	0	36	0	0	76143	0	2	3	75215	24	24	0	0	0	0	0	24	0	0	0	0	0	0	22	23	1	0	2	1	1	0	62642	28	1	0	0	0	0	0	0	0	64011	0	0	0	14	1	0	0	0	0	4	0	21	0	24	66880	13	4	2	1	0	30	1	17	0	0	0	0	0	0	0	3	0	18	0	0	0	0	5	0	3	23	2	0	0	0	63954	0	19	0	0	0	0	70950	21	0	1	15	1	44	3	3	0	1	76905	75725	1	65	0	1	18	0	81	66073	0	1	35	78	1	3	59	253	0	0	10	0	70516	2	0	1	3	0	0	0	7	31	0	0	0	0	0	0	2	81323	0	0	0	0	0	0	0	0	8	0	0	0	0	0	3	20	9	0	0	3	1	0	22	0	25	1	0	3558	0	29	73158	75335	1	0	9	73968	0	26	52	0	0	0	1	1	0	0	0	82	18	0	4	0	11	0	0	37	0	0	0	0	0	0	76978	0	0
F	0	29	107	0	61	49	0	69	0	0	32	0	0	0	1	0	0	0	0	82392	2	5	0	0	0	0	0	125	3	1	14	0	0	0	137	0	70061	0	0	0	0	0	0	0	0	0	2	81960	0	0	0	0	44	0	0	0	0	0	0	0	0	0	0	0	0	0	0	0	0	0	0	0	0	0	1	0	10	0	0	0	0	0	896	0	0	0	0	1	0	0	0	0	0	0	0	0	0	0	0	0	0	0	0	0	0	0	0	0	0	0	0	0	0	0	1	0	0	0	0	0	0	0	0	0	0	0	0	0	0	0	9	0	58863	0	0	0	5	2	7	0	1	0	0	0	0	0	1	0	0	0	0	0	71	0	0	0	0	843	0	0	0	0	11	0	269	0	0	0	0	0	72001	0	5	0	0	0	217	40	10	13	0	0	0	0	0	0	0	0	0	0	9	27	33	0	0	1	0	1	0	0	0	2	76940	0	2	83493	1	0	14	0	0	0	1	0	0	0	0	1	0	0	0	0	0	0	0	0	0	1	0	0	45	25	0	0	0	0	0	9	0	79221	0	3	0	2	0	0	0	0	1	0	43	0	1	1	0	73955	0	0	0	0	0	0	78397	80120
G	0	0	17	23	11	85320	18	12	3	79250	26	0	2	10	25	5	9	12	0	0	87337	0	8	11	1	0	0	0	0	87109	2	13	4	4	1	16	0	11	146	3	678	0	73000	26	0	108	0	1	8	0	0	4	0	3	74954	1	0	0	4	0	1	4	4	2	7	1	0	5	23	0	2	0	0	71491	0	0	0	0	11	10	0	6	20	4	0	1	3	62642	3	3	16	0	0	0	69003	2	5	0	66612	0	4	0	0	5	17	17	0	3	0	5	10	0	3	30	0	0	2	2	3	0	2	8	0	0	0	0	2	0	6	4	5	0	0	3	0	0	6	0	0	6	0	4	2	2	4	0	17	0	5	1	69602	0	4	26	209	4	5	0	8	4	3	0	1	78183	0	4	0	1	10	0	0	25	40	0	0	0	648	0	0	3	73430	7	7	0	4	9	0	0	82850	4	2	12	0	0	0	0	0	0	1	0	73141	6	0	3	76632	0	0	1	1	74853	5	0	80483	22	2	1	5	0	0	4	0	4	0	2	0	11	1	0	3	24	6	0	77386	71247	2	14	1	3	11	0	0	0	0	0	89938	0	4	2	0	4	4	0	3	0	5	0	0	4	0	0	2	4	0	0
H	0	0	0	31	13	0	0	85802	0	0	0	0	0	0	0	0	17	5	0	33	2	8	8	0	0	14	19	17	0	0	0	0	2	0	34	0	0	6	0	0	0	2	0	0	37	10	0	0	0	0	2	1	27	0	19	53	0	4	0	0	34	5	0	0	0	5	0	0	0	0	0	0	0	0	0	0	0	0	0	0	0	2	0	0	0	0	0	0	3	5	0	0	0	0	0	0	0	0	0	30	6	0	0	0	1	68444	0	0	0	0	1	0	0	0	0	0	0	2	0	0	3	3	0	57370	0	2	2	4	0	0	0	0	0	4	60316	9	0	0	63207	6	0	0	155	0	94	0	9	0	82	1	0	0	0	2	29	6	3	0	2	0	0	78938	35	0	55	0	0	24	0	0	0	0	2	0	0	0	1075	8	0	2	0	3	5	0	0	0	0	81169	0	2	0	0	0	0	2	0	0	0	18	2	0	6	0	0	0	0	0	5	0	0	4	0	0	0	0	2	3	3	24	6	0	0	0	0	0	8	2	0	5	71	0	0	0	2	0	0	0	7	1	0	0	1	0	4	0	0	8	0	1	4	0	20	4	0	0	0	3	8	0	0	5	0	0	2
I	137	84629	6	85	59	16	0	0	0	9	840	0	3	0	0	0	0	19	5	24	0	0	0	0	0	0	14	9	82531	0	0	9	0	0	0	0	0	0	0	15	0	0	0	1	0	0	1	0	2	2	1	933	47	17	0	0	0	0	0	0	5	0	0	0	0	0	0	15	0	0	0	3	3	0	3	0	0	0	706	172	4	0	0	0	4	0	0	0	0	0	0	0	0	0	0	0	0	0	0	0	0	0	0	12	9	0	0	0	0	0	0	1	0	17	74059	42	0	0	0	15	0	0	0	2	2	0	0	0	0	0	0	0	0	0	0	0	125	0	0	0	67037	0	0	0	0	55	0	34	0	0	0	0	37	0	40	0	0	0	0	0	0	0	26	0	0	0	0	0	0	0	1	0	0	0	0	7	1091	90	2	1	0	0	0	0	0	0	1	0	0	0	0	0	0	0	2	78176	49	0	0	0	0	0	0	10	0	0	85651	0	0	0	0	0	0	0	0	0	0	0	0	0	75231	1	0	0	55	0	0	72875	0	1	17	0	0	4	0	0	0	0	0	0	0	0	0	0	0	74522	1	63	0	0	379	0	0	73808	0	0	0	0	0	0	0	0	3	0
K	1	33	6	38	49	263	6	0	0	9	0	1	64	0	0	33	12	0	0	48	0	0	0	0	0	13	11	0	0	0	63	0	29	0	0	0	0	0	0	0	0	26	0	2	0	0	1	0	0	74264	0	0	2	0	0	0	0	22	5	0	25	0	10	0	0	0	0	18	0	0	0	0	0	0	0	1	0	0	1	0	0	0	0	0	2	10	0	0	0	0	0	0	0	0	0	3	0	1	0	28	0	0	0	0	0	0	0	0	0	0	1	70231	0	0	2	3	0	0	0	3	0	0	0	0	1	0	3	1	0	13	0	0	0	1	0	18	5	62253	0	0	0	4	5	0	0	0	0	0	51	0	0	8	0	299	66	0	21	0	0	0	3	0	39	2	0	0	0	0	3	0	0	0	0	0	73637	0	1	1	0	5	0	4	0	0	0	0	0	0	0	0	0	0	0	0	19	0	4	0	7	12	0	23	0	0	0	0	0	0	0	0	0	0	0	0	0	0	0	0	38	0	0	0	0	0	0	0	1	0	0	2	2	0	0	85	3	0	0	4	8	0	1	71	0	0	0	0	28	0	8	1	39	45	0	1	1	0	0	0	0	0	0	1	0	0
L	9	5	21	37	87	4	86393	25	8	0	943	6	0	0	27	21	0	31	80721	22	8	2	0	77	0	13	0	4	9	2	76	2	25	0	22	15	6	28	76313	1	0	1	0	25	3	15	86016	15	25	1	0	0	78155	0	44	0	76888	0	10	80761	8	1	15	0	0	23	72674	1	19	75543	0	0	0	1	44	9	1	0	0	106	72379	1	22	13	1	0	0	0	12	0	17	70931	70892	68520	1	1	15	4	0	2	0	72459	72783	1	3	1	69798	1	5	0	0	0	7	1	0	1	0	7	0	72	8	17	55892	1	0	66331	0	5	3	1	0	2	4	0	1	1	309	0	2	17	4	0	24	12	15	10	18	7	7	0	0	70084	75	1	12	0	0	74267	0	1	0	3	36	0	72343	0	48	0	0	72654	22	4	316	70750	6	0	905	4	6	6	1	2	0	82270	22	20	1	6	2	4	0	0	76097	11	1	8	16	12	0	6	6	19	7	0	1	6	4	0	2	4	31	77959	1	15	0	3	19	0	1	0	8	0	70772	0	0	22	0	0	0	1	110	78217	5	11	0	31	1	10	32	6	84022	20	84927	8	8	41	1	28	7	0	29	1	18	33	0	23	0	15	76492	80178	1	0	3	28
M	85884	19	34	29	30	15	100	10	0	0	356	0	0	28	0	3	0	0	24	6	0	0	0	0	0	0	0	0	8	0	45	0	0	0	1	1	0	0	27	0	0	1	0	0	0	4	12	0	5	0	0	2	30	0	0	0	15	0	0	20	0	0	0	0	0	0	123	0	0	23	0	0	0	0	7	0	0	0	0	0	15	0	9	2	0	0	0	0	0	0	0	20	13	67	0	0	4	0	0	0	0	21	15	0	0	0	22	0	0	0	0	0	4	0	2	73885	0	0	0	49643	0	0	17	0	10	31	1	0	0	0	0	0	0	0	0	0	42	0	0	0	3	0	26	6	0	5	0	69812	33	0	0	19	137	0	69	0	53	31	0	0	3	0	92	0	22	1	9	0	0	12	0	0	421	19	0	0	892	73414	0	0	0	0	0	20	4	3	0	0	0	0	0	0	24	0	0	0	85869	7	0	0	0	0	0	0	0	0	9	0	0	0	0	26	0	4	0	0	0	0	0	0	3	0	10	0	0	0	0	0	0	0	0	18	0	18	0	0	0	32	0	0	23	17	16	7	0	4	0	0	0	0	1	0	0	2	0	0	0	0	21	26	0	0	0	0
N	0	1	28	36	75	69	3	21	1	0	2	0	0	1	0	0	4	8	0	2	0	1	9	0	0	0	370	21	9	0	0	2	199	0	49	0	0	0	0	2	0	20	11	0	0	5	0	3	0	2	10	3	3	1	0	0	0	77141	0	0	0	2	0	0	0	0	0	0	0	0	0	14	23	0	0	5	0	0	13	0	0	1	0	0	14	0	0	0	0	0	0	0	0	0	0	0	0	0	0	0	2	0	0	1	1	35	0	0	0	0	0	1	15	2	1	0	0	4	0	0	0	0	0	18	24	0	5	0	0	23	0	0	0	14	21	0	0	1	9	0	2	0	0	0	0	13	0	5	22	0	0	0	2	50	4	7	923	0	3	0	0	189	0	0	20	6	0	2	0	0	0	0	9	0	22	0	1037	0	0	3	0	0	1	0	0	0	15	39	0	7	0	0	0	0	69357	2	0	0	82	66504	0	0	0	4	0	0	5	4	0	0	0	0	0	0	0	1	0	0	0	4	1	0	0	0	13	0	3	2	0	0	0	0	0	0	0	0	0	6	0	0	0	0	1	0	0	1	14	0	0	3	1	0	0	1	0	0	0	0	0	0	5	0	0	0
P	0	0	0	49	0	109	28	29	3	0	26	78945	2	17	0	0	31	6	0	0	0	0	0	1	2	2	7	2	0	0	0	0	18	2	2	0	0	2	6	0	1	27	0	7	81631	8	5	0	0	0	1	0	23	0	0	11	4	0	0	6	2	0	0	0	0	0	5	0	0	7	1	10	1	0	4	64838	0	1	2	0	9	0	8	0	0	0	2	0	0	0	0	11	7	8	0	0	0	63784	0	6	0	4	4	0	0	29	6	3	62648	1	0	0	0	0	0	0	2	0	2	0	3	1	6	20	5	10	0	57498	1	0	0	59335	0	0	10	0	1	0	10	4	0	1	3	1	3	0	4	0	0	0	0	6	0	0	1	0	0	4	0	0	0	0	2	0	3	0	68650	6	0	17	0	1	2	11	0	0	3	11	75365	0	0	0	0	8	0	0	0	31	0	0	1	0	274	77424	0	0	0	0	0	0	0	3	0	0	0	0	0	0	0	0	5	6	0	0	4	0	2	0	8	0	0	0	7	1	0	2	0	0	2	0	0	29	0	33	0	0	0	0	0	0	11	0	13	0	0	0	2	4	72655	0	10	22	5	0	2	0	0	3	7	10	0	0	0	0
Q	4	4	6	85729	12	1	12	6	12	0	79	44	6	0	4	3	9	0	2	47	0	0	0	0	19	81605	82830	1	12	0	123	0	2	9	99	1	0	0	0	4	5	71207	0	5	26	0	80	2	0	4	16	36	62	1	6	14	2	0	30	1	83453	0	4	0	3	0	1	0	3	1	0	1	2	0	0	41	0	7	191	2	3	0	1	0	8	2	2	0	0	2	3	5	0	3	0	656	0	55	0	69250	9	1	0	119	1	4	2	0	31	4	5	6	0	0	0	0	4	7	0	0	2	6	0	17	7	0	1	23	0	0	0	34	1	0	2	60295	4	7	2	0	15	5	0	1	0	7	0	6	9	13	0	1	2	0	74107	20	0	1	7	21	18	18	78471	0	19	1	32	10	1	0	0	20	19	1	1	0	234	0	46	20	1	9	0	29	0	5	0	36	0	0	0	1	0	25	6	13	82	9	3	0	0	0	1	0	1	0	1	0	1	5	0	1	0	1	1	0	2	0	77062	0	1	3	0	1	0	0	1	9	7	15	2	1	1	17	5	1	2	85	0	5	30	61	10	0	0	1	11	1	32	47	20	78033	0	10	0	0	0	1	0	0	0	5	0	0
R	35	10	1	39	7	20	13	53	2	6	14130	6	15	105	9	24	0	75315	13	38	6	2	0	18	0	10	14	0	0	2	6	24	174	10	0	1	0	77749	6	30	4	19	13	72785	44	0	6	0	0	20	2	0	11	29	10	1	10	5	0	10	22	0	0	2	0	69755	9	20	6	2	0	0	1	3	1	8	7	38	30	16	18	0	2	2	0	2	1	3	61983	3	7	0	5	6	8	0	12	13	3	8	0	18	2	18	17	4	0	0	8	0	0	10	2	85	0	17	3	0	1	1	51133	50954	32	5	7	11	0	6	1	0	5	4	0	0	6	10	90	21	10	65280	0	0	64583	0	61685	0	67879	4	3	2	1	17	1	1056	6	0	1	2	11	10	2	3	9	4	9	6	3	45	1	3	10	6	66619	3	5	1	46810	7	9	0	13	0	11	18	3	1	0	5	7	0	0	2	6	14	1	23	18	4	0	0	2	73545	0	33	3	0	0	1	11	0	77139	3	6	0	0	0	70638	0	9	3	0	1	6	1	0	74041	0	8	2	0	1	2	7	79	0	13	1	13	71327	1	36	17	68	0	11	7	1	11	47	0	91	2	77315	0	0	0	0	76187	2	3	0	2	0	0
S	0	3	24	0	34	28	4	0	20	14	57593	6	44	26	6	1	0	17	0	10	8	24	1	5	70	0	10	11	2	13	33	81624	303	30	337	0	9	15	0	75320	18	0	5	0	4	0	0	12	0	6	3	75	9	78115	6	37	2	6	0	7	0	0	0	18	21	24	0	76138	4	0	27	4	6	6	0	2	2	16	61	0	0	0	11	1	6	0	24	3	34	1	6	0	0	0	3	0	0	3	5	0	1	0	0	71863	70015	2	0	25	1	23	0	0	0	69884	12	0	18	0	14	0	15	50	0	2	22	0	0	2	35	5	1	1	3	0	0	5	20	0	0	32	2	0	16	9	18	3	41	0	0	16	3	0	21	0	23	0	2	0	0	0	0	0	1	5	2	24	1	28	0	0	4	48	70	2	1	28	5614	0	5	0	9	0	0	0	0	1	18	1	0	0	27	98	1	7	8	10	0	0	1	3	3	90	3	78272	9	2	0	0	6	13	43	0	5	0	24	2	27	10	0	0	28	19	0	18	25	26	0	7	17	40	0	0	6	53	0	8	22	1	25	5	0	4	0	1	7	3	42	27	6	4	77260	0	18	5	13	7	1	27	1	0	0	0	2	5
T	5	49	15	0	82	139	0	0	5	9	71	39	14	20	1	0	0	0	0	0	1	1	4	0	6	1	28	80618	4	1	2	2	138	2	75	0	1	0	0	0	6	2	19	0	17	101	3	0	0	4	76413	160	7	3	0	2	0	1	0	0	0	0	0	2	0	0	1	20	0	0	8	59288	60170	14	0	20	0	2	26	0	0	0	0	0	64836	0	0	2	1	7	0	0	0	61	0	0	0	13	1	0	0	0	1	31	2	0	0	1	23	2	0	0	10	0	6	6	3	0	2	3	2	2	0	28	54976	0	0	35	4	53914	1	42	0	0	1	0	0	6	0	0	2	0	30	21	1	59722	0	3	0	3	3	0	1	13	16	5	0	0	20	0	23	0	3	0	0	13	20	6	0	0	0	2	6	0	1	1	6814	10	18	4	2	3	0	0	0	3	79527	1	1	0	1	1087	0	29	1	4	7	0	0	2	0	0	0	33	0	0	5	1	50	0	0	0	0	0	2	0	1	0	2	1	4	4	0	1	67258	5	0	6	4	0	0	0	2	0	3	0	2	2	8	0	0	0	2	3	1	3	2	3	23	1	13	1	0	3	5	1	0	0	0	0	0	0	0	0
V	43	4	4	12	9	33	25	37	33	33	177	0	5	8	0	52708	3	0	4	1	24	1	1	0	8	0	89	1	7	18	1	11	0	8	7	65011	7	0	4	1	2	0	8	0	0	87326	8	10	81021	2	0	391	90	0	17	3	1	0	2	2	0	4	0	3	1194	0	2	1	0	4	3	0	2	22	66171	1	2	2	8	64121	13	0	67275	61675	0	2	2	28	0	4	0	2	6	3	28	3	62457	0	36	0	1	2	4	0	0	2	8	10	9	9	4	0	66076	0	8	8	4	7	10	1	0	0	7	0	0	4	0	0	2	0	0	0	8	8	0	0	51	0	0	0	127	30	0	5	0	19	0	9	5	5	29	7	70466	1	81	0	2	0	3	1	39	0	97	24	5	6	0	9	0	3	18	16	3	1	15	3	190	2	0	4	29	1	0	2	79490	71899	1	0	34	2	12	1	2	0	0	26	9	81852	5	3	26	0	2	0	19	8	4	0	27	26	0	2	35	75083	6	4	0	0	0	1	5	3	0	3	0	0	5	2	0	5	3	4	35	45	1	0	18	5	0	15	2	80175	4	0	37	6	43	6	0	4	0	0	1	3	3	4	0	0	6	4	3	0	0	2
W	0	0	0	27	1	153	0	4	0	0	0	0	0	0	68135	0	0	0	0	0	0	0	0	82388	0	0	0	2	0	0	2	0	0	0	95	0	0	0	0	0	0	4	0	0	0	0	0	0	0	0	0	0	0	0	0	0	0	0	0	0	0	0	0	0	0	0	0	1	78895	0	0	0	0	0	0	0	2	0	0	0	0	0	0	0	0	0	0	0	0	0	71572	0	0	0	0	0	0	0	0	0	0	0	0	0	0	0	0	0	0	0	0	0	0	0	0	0	0	0	0	0	0	11	0	0	0	0	0	0	0	0	2	0	2	0	0	0	10	0	0	0	0	0	0	0	0	0	0	0	0	0	0	0	0	0	109	0	0	39	0	0	0	0	0	1	23	0	0	0	0	0	0	9	26	0	0	0	291	0	0	0	0	0	0	0	0	0	0	0	0	0	0	2	0	0	0	0	0	0	0	0	0	0	0	0	0	1	0	0	1	0	0	0	0	0	16	0	0	0	0	0	0	0	0	0	0	0	0	0	0	0	0	0	0	0	0	74399	0	5	0	0	0	0	0	0	0	0	0	0	0	0	105	0	0	0	0	552	0	0	0	0	0	0	0	0
Y	0	2	0	0	69	103	0	2	4	0	491	0	0	0	0	0	0	23	0	0	0	84712	36	3	0	8	0	22	0	0	2	0	29	0	3	0	1	0	0	0	0	0	1	0	0	0	14	2	0	0	0	33	125	0	0	0	0	1	0	0	0	37	0	1	0	0	0	0	0	0	0	0	0	1	0	0	5	0	0	0	0	34	0	0	0	0	0	0	0	18	0	0	0	0	0	0	0	0	0	0	40	0	3	0	0	3	0	0	0	0	0	1	0	0	0	0	0	39	0	0	0	0	0	5	0	0	30	0	0	0	4	0	0	26	3	0	17	0	5	0	0	0	0	0	0	0	0	0	0	0	0	7	0	40	16	28	27	1249	30	2	0	9	19	0	232	1	0	0	0	0	0	0	0	0	0	5	506	21	0	29	0	0	26	0	0	0	0	6	0	27	0	4	0	0	2	0	0	0	55	0	0	0	0	0	0	1	0	18	1	0	0	0	0	0	0	31	0	76099	0	45	0	0	0	1	0	0	17	0	0	0	48	1	5	12	17	0	0	67	0	0	0	0	0	90079	0	1	1	0	0	35	14	0	0	0	14	11	78309	0	0	0	41	0	0	3
