KKA2_S1_Ami116_L1
Position	1	2	3	4	5	6	7	8	9	10	11	12	13	14	15	16	17	18	19	20	21	22	23	24	25	26	27	28	29	30	31	32	33	34	35	36	37	38	39	40	41	42	43	44	45	46	47	48	49	50	51	52	53	54	55	56	57	58	59	60	61	62	63	64	65	66	67	68	69	70	71	72	73	74	75	76	77	78	79	80	81	82	83	84	85	86	87	88	89	90	91	92	93	94	95	96	97	98	99	100	101	102	103	104	105	106	107	108	109	110	111	112	113	114	115	116	117	118	119	120	121	122	123	124	125	126	127	128	129	130	131	132	133	134	135	136	137	138	139	140	141	142	143	144	145	146	147	148	149	150	151	152	153	154	155	156	157	158	159	160	161	162	163	164	165	166	167	168	169	170	171	172	173	174	175	176	177	178	179	180	181	182	183	184	185	186	187	188	189	190	191	192	193	194	195	196	197	198	199	200	201	202	203	204	205	206	207	208	209	210	211	212	213	214	215	216	217	218	219	220	221	222	223	224	225	226	227	228	229	230	231	232	233	234	235	236	237	238	239	240	241	242	243	244	245	246	247	248	249	250	251	252	253	254	255	256	257	258	259	260	261	262	263	264
Wild-type	M	I	E	Q	D	G	L	H	A	G	S	P	A	A	W	V	E	R	L	F	G	Y	D	W	A	Q	Q	T	I	G	C	S	D	A	A	V	F	R	L	S	A	Q	G	R	P	V	L	F	V	K	T	D	L	S	G	A	L	N	E	L	Q	D	E	A	A	R	L	S	W	L	A	T	T	G	V	P	C	A	A	V	L	D	V	V	T	E	A	G	R	D	W	L	L	L	G	E	V	P	G	Q	D	L	L	S	S	H	L	A	P	A	E	K	V	S	I	M	A	D	A	M	R	R	L	H	T	L	D	P	A	T	C	P	F	D	H	Q	A	K	H	R	I	E	R	A	R	T	R	M	E	A	G	L	V	D	Q	D	D	L	D	E	E	H	Q	G	L	A	P	A	E	L	F	A	R	L	K	A	R	M	P	D	G	E	D	L	V	V	T	H	G	D	A	C	L	P	N	I	M	V	E	N	G	R	F	S	G	F	I	D	C	G	R	L	G	V	A	D	R	Y	Q	D	I	A	L	A	T	R	D	I	A	E	E	L	G	G	E	W	A	D	R	F	L	V	L	Y	G	I	A	A	P	D	S	Q	R	I	A	F	Y	R	L	L	D	E	F	F
A	0	2	1	4	2	12	4	2	28358	4	6	8	27629	26597	6	3	3	3	6	1	9	1	6	5	27725	0	3	18	6	7	4	3	4	26769	26795	6	3	2	3	4	25426	1	3	2	9	9	14	3	8	0	8	3	5	0	2	25311	2	0	2	1	1	8	1	24604	23128	1	1	3	0	2	23785	5	11	5	3	17	2	21598	21662	13	0	2	7	6	4	3	20761	1	0	2	4	0	0	3	5	7	10	2	2	2	4	0	4	3	2	3	2	21042	2	21399	6	0	5	1	2	2	22410	2	15970	4	0	1	2	1	19	2	4	3	17569	11	1	4	3	3	1	6	20186	0	1	0	3	2	3	20295	0	7	1	4	1	22121	7	0	4	1	2	10	4	4	1	6	8	5	1	5	3	23917	5	24324	2	2	0	23552	9	4	2	22540	13	1	8	0	5	12	2	3	3	8	10	3	4	10	25582	4	1	8	5	2	4	6	9	10	3	3	5	2	7	3	3	16	4	7	3	5	6	6	26939	3	3	0	4	7	6	25745	4	23855	5	3	2	5	27114	7	5	6	7	7	13	5	26353	6	4	3	4	15	2	6	6	6	25424	24005	15	15	6	6	5	2	27282	1	5	2	2	4	6	3	5	6
C	0	5	6	2	2	25	1	7	2	22	4	7	5	4	26	3	3	3	5	5	19	7	8	40	10	3	1	4	1	19	28150	1	1	3	3	2	5	11	0	4	2	2	19	5	5	3	3	2	2	3	8	7	0	3	15	3	3	3	2	4	3	2	2	5	6	5	1	2	9	1	4	2	11	41	4	5	19870	3	6	9	2	3	3	2	10	1	1	23	3	1	6	2	4	7	21	1	1	2	26	6	1	7	3	2	0	1	0	3	5	1	2	2	1	8	6	1	0	1	3	0	5	13	4	0	0	1	3	0	2	4	17769	4	7	3	2	1	6	3	3	6	3	4	5	4	4	3	2	2	1	4	19	1	2	1	4	2	0	1	3	2	1	5	7	29	3	3	0	7	7	3	3	7	25	3	1	6	19	5	4	3	12	2	1	4	3	2	7	2	16	1	4	24548	4	5	0	7	5	9	4	4	12	2	8	3	20	7	5	1	26356	28	3	1	30	6	5	2	10	4	4	4	3	4	4	3	13	8	0	4	4	7	3	4	18	25	4	21	2	7	5	17	2	8	3	8	21	4	19	1	1	7	8	6	12	3	3	6	6	6	12	4	5	4	4	6
D	0	2	12	5	30344	8	5	7	6	18	4	4	3	9	0	8	4	5	2	4	8	4	28678	2	3	4	13	3	4	7	1	2	26333	0	5	3	5	3	1	1	8	5	5	3	4	4	4	2	8	3	1	25584	2	3	10	3	2	2	2	5	3	26544	10	4	3	3	6	1	6	2	4	4	5	22	7	4	5	9	13	11	0	24209	4	3	2	2	2	7	2	20309	1	4	3	3	11	6	9	5	8	3	22885	4	7	4	2	8	1	2	1	2	4	8	2	3	6	4	1	16411	3	0	6	3	2	3	1	0	19848	3	2	0	2	1	0	18867	6	5	7	2	8	3	4	5	3	3	2	6	4	1	6	3	11	3	5	23493	6	24289	24688	1	25375	7	9	7	5	8	1	6	1	4	6	3	2	16	5	1	4	12	6	3	4	24091	4	2	23818	4	8	8	5	12	10	24149	5	2	6	4	10	9	6	5	3	5	12	5	8	3	7	3	6	25263	4	11	4	5	8	3	2	22221	6	7	6	26134	5	7	1	7	4	5	25678	5	4	8	6	4	8	6	4	7	6	24431	2	1	4	6	0	5	6	0	4	2	2	26879	6	10	3	5	9	4	5	2	4	0	28380	5	4	3
E	0	2	29149	9	4	11	1	5	15	3	2	2	16	13	3	5	25304	1	0	1	6	3	4	2	16	6	7	2	2	3	2	1	6	15	14	2	1	1	2	6	7	2	3	5	3	5	3	4	5	5	2	8	3	0	7	10	1	3	25458	2	4	4	24938	11	12	1	6	0	1	0	10	8	7	9	7	7	6	23	21	12	0	6	5	2	3	20172	14	1	0	3	3	0	0	5	3	21034	6	5	4	10	6	5	2	4	1	8	1	14	3	5	21301	5	5	3	7	6	10	5	11	0	1	1	0	2	3	3	6	1	11	2	2	2	0	0	1	4	19	7	2	2	4	20392	2	13	2	2	2	5	22787	23	3	3	5	4	3	3	2	2	5	25122	24678	5	5	5	5	16	4	11	21356	5	5	25	12	4	11	44	10	0	0	1	5	23526	5	6	6	6	1	4	4	5	20	6	4	4	2	4	5	6	27601	3	3	3	5	1	4	3	3	4	7	3	1	4	1	4	19	3	0	3	8	7	4	15	3	14	4	4	6	6	17	25469	25937	7	6	4	25481	4	17	9	2	2	5	4	3	5	7	6	19	21	3	4	3	3	0	3	14	3	2	3	3	2	10	26745	3	4
F	0	4	0	4	2	8	11	2	1	0	1	3	2	0	44	5	1	3	0	28201	1	7	3	6	5	0	5	3	4	3	19	7	2	6	2	2	23724	2	1	1	4	2	4	4	3	6	4	27695	6	4	1	3	5	1	0	3	2	2	1	5	0	1	0	6	1	0	2	2	4	1	5	6	4	7	6	3	12	2	5	8	2	1	9	3	0	0	2	1	2	8	3	2	3	2	2	4	4	0	4	2	4	8	4	1	4	5	5	3	2	0	6	7	1	4	7	2	1	2	2	3	1	1	3	0	1	3	5	6	4	0	9	4	19098	3	4	2	6	3	8	2	4	4	4	5	3	2	4	3	4	2	3	3	1	8	3	1	3	4	0	3	7	11	5	1	4	1	5	2	5	1	23872	7	6	6	1	9	17	4	8	3	5	3	5	5	8	3	4	8	7	7	5	13	4	3	2	8	2	5	2	2	5	2	25945	5	0	28480	4	4	7	2	2	5	3	4	3	0	1	7	4	3	4	3	7	1	3	4	3	4	0	3	8	2	4	4	1	5	4	2	5	27363	5	4	6	8	4	2	3	2	2	3	5	0	7	6	4	25743	0	2	5	2	7	4	27111	27867
G	0	3	11	1	7	29359	1	5	8	27138	10	6	5	1	13	5	8	6	1	2	29793	2	6	7	6	1	2	4	5	29811	2	5	5	4	2	11	1	6	7	10	4	4	24433	12	4	6	4	0	6	2	6	3	1	4	25095	6	3	0	4	3	5	4	3	8	5	3	0	7	10	2	2	0	15	23519	8	3	3	6	14	18	0	4	7	4	2	4	1	20026	2	7	4	2	0	1	22206	4	4	3	21355	4	4	1	0	1	8	4	1	1	1	2	5	3	5	13	3	1	3	0	4	1	3	7	0	2	2	1	4	0	5	3	2	5	2	4	3	4	7	5	0	6	1	2	5	9	7	7	7	3	4	5	22257	1	1	0	3	6	6	2	7	3	11	0	5	25244	4	6	1	4	0	2	3	14	19	8	1	7	16	10	3	4	24401	4	3	1	18	5	3	2	27961	5	5	11	3	5	3	1	5	5	8	6	24486	5	4	3	25791	2	4	9	4	25151	3	4	27183	6	6	1	6	3	1	6	6	4	3	7	0	6	5	4	7	10	8	10	26414	24482	7	10	4	6	10	4	6	8	5	2	31108	3	5	4	6	9	11	2	10	3	7	3	3	3	3	6	4	4	5	4
H	0	2	3	15	9	1	4	29475	3	3	1	8	0	8	5	5	1	5	2	4	1	5	8	3	7	15	17	2	8	1	1	2	3	5	0	4	5	6	2	1	0	4	4	3	21	9	12	3	4	7	2	7	2	1	2	4	7	1	3	1	9	6	4	1	3	7	1	3	1	3	3	3	3	11	1	4	1	10	2	6	2	11	1	3	3	1	3	4	6	7	5	2	4	6	4	3	3	2	1	23	5	3	2	2	3	21764	2	3	3	3	8	6	2	3	2	2	1	6	4	2	8	3	6	18607	1	1	6	4	1	0	0	4	4	3	19359	10	7	3	20355	9	1	10	6	5	8	4	12	1	8	2	1	4	4	5	15	5	1	2	9	1	1	25869	24	4	2	1	6	0	1	2	0	9	20	5	2	10	31	3	7	5	3	12	5	1	2	1	6	27542	7	5	3	1	3	5	2	4	7	6	7	6	4	6	7	4	2	6	5	7	2	2	5	2	5	2	2	8	3	6	13	9	2	5	2	5	3	13	2	2	4	7	6	5	8	4	3	4	1	1	5	0	3	4	4	7	10	2	4	0	5	5	4	14	6	5	6	3	5	13	2	5	6	1	4	3
I	30	29217	5	4	1	4	1	6	3	4	12	4	3	3	2	5	1	2	6	11	2	2	4	2	0	3	3	3	28501	6	2	7	3	1	3	3	2	9	4	10	2	2	4	3	3	6	6	2	8	2	5	6	4	11	2	4	3	1	1	1	0	3	1	2	0	1	2	13	3	0	1	10	8	5	7	5	7	8	6	3	2	7	0	4	2	2	1	3	2	2	4	3	0	2	1	2	2	4	3	1	4	3	9	11	15	8	6	4	3	5	2	3	1	15	23431	27	2	4	3	5	0	2	2	2	4	2	5	1	1	9	3	2	3	0	3	3	1	6	4	3	21575	4	2	2	3	4	2	23	2	3	4	2	3	2	1	7	0	6	2	3	3	4	0	16	1	0	1	2	7	0	3	5	12	11	1	4	14	16	4	1	5	0	1	7	4	9	8	5	1	2	2	7	5	4	3	26563	31	8	4	6	2	3	4	8	2	5	29189	6	2	2	1	2	4	4	1	7	0	2	6	4	25692	2	4	4	9	1	4	25065	3	3	5	6	4	5	8	3	4	2	2	6	8	5	6	1	3	25840	2	1	3	3	6	1	2	25591	4	7	0	2	5	2	3	4	7	7
K	1	3	4	15	4	3	1	3	3	6	5	3	5	0	4	3	9	1	2	3	1	4	4	5	2	8	12	1	4	1	1	5	4	1	1	3	2	5	5	2	1	10	4	5	1	5	4	3	1	25068	5	6	4	3	3	4	1	15	8	1	11	6	5	1	3	3	1	5	3	2	0	14	8	10	8	3	7	5	9	4	3	2	6	2	1	11	1	1	1	6	2	0	4	4	1	2	0	2	1	18	6	1	4	1	3	3	4	1	2	6	6	22423	1	1	4	4	6	4	1	2	1	0	1	2	6	4	1	2	1	2	0	1	2	7	4	8	2	20070	3	2	1	8	2	2	0	3	3	2	4	5	1	2	7	5	13	9	7	2	2	10	4	1	24	0	3	4	1	4	3	3	5	8	7	6	24088	11	4	0	2	2	1	2	3	9	5	2	9	1	6	3	5	3	3	3	11	1	4	5	8	10	4	1	6	4	2	4	7	6	2	3	0	3	2	2	6	3	1	2	20	5	4	3	3	2	2	6	4	6	0	2	6	5	5	8	7	8	6	3	2	3	6	7	7	7	4	3	6	9	7	5	7	7	1	6	5	1	2	2	2	4	8	3	3	5
L	6	9	5	5	5	5	29673	7	5	1	4	15	4	8	17	13	3	13	27519	9	11	6	4	45	5	3	6	3	12	1	6	4	14	2	1	17	10	11	25765	5	6	10	1	31	2	12	29128	15	16	1	3	3	26378	2	15	4	25744	0	2	26905	4	1	3	2	2	20	23956	0	11	25159	4	2	5	1	15	5	8	7	2	14	23635	1	14	11	1	0	1	3	9	2	15	23175	23025	22122	8	6	7	9	5	5	1	23234	23139	6	7	4	22038	3	5	6	2	1	14	1	5	9	7	2	4	5	7	4	18261	6	0	21492	1	4	2	3	0	5	11	0	2	6	4	3	6	11	2	3	5	1	11	2	5	3	1	7	3	22401	7	3	7	1	1	25030	1	1	1	6	9	2	23808	5	6	7	1	23667	20	19	18	22644	2	11	28	4	5	2	5	5	4	27618	25	22	2	6	6	7	8	8	25932	8	3	4	6	19	6	5	2	16	9	1	5	8	4	4	2	4	16	26234	6	24	7	4	7	4	7	2	7	5	24136	8	5	14	2	8	8	3	8	26729	1	2	3	15	8	2	13	8	29115	17	29611	6	9	9	4	5	7	1	5	1	9	18	4	12	3	14	26443	27940	6	10	6	11
M	29678	5	1	4	1	3	15	2	12	4	9	5	4	1	3	7	4	1	12	3	6	3	2	2	5	8	5	7	8	2	2	1	3	8	2	16	3	9	16	4	5	1	4	1	2	4	20	2	10	4	6	1	15	6	1	3	19	2	3	15	1	3	5	2	0	6	14	5	4	10	4	7	12	9	12	9	3	11	9	15	8	1	3	3	2	4	2	2	2	3	4	10	8	7	0	3	4	3	3	4	0	7	10	5	4	1	8	3	3	3	4	2	5	4	7	23313	1	2	3	15961	1	3	9	2	4	15	1	4	6	1	1	2	8	1	4	3	5	2	4	2	12	2	1	8	6	3	1	22168	1	4	1	18	2	3	4	2	3	9	5	1	3	2	5	8	19	3	2	5	4	13	7	19	16	24	3	13	12	24153	4	1	3	1	1	11	5	2	6	1	3	2	2	2	18	2	3	2	29206	6	6	7	1	1	2	3	6	5	6	2	2	5	0	22	5	6	5	1	1	4	8	1	6	11	17	6	7	1	5	3	4	5	4	15	6	4	1	4	3	2	4	8	10	11	17	7	4	12	7	4	4	3	4	7	2	6	4	4	6	8	24	20	7	4	1	5
N	0	9	8	10	4	8	5	17	3	7	5	4	2	2	6	1	4	3	3	3	4	10	12	4	2	3	3	13	3	1	4	6	5	5	2	2	1	3	3	4	2	6	1	3	7	3	3	2	1	4	10	7	3	3	2	7	2	25970	2	3	2	8	5	3	1	1	5	3	9	1	6	8	18	13	8	5	11	6	12	4	5	4	3	0	12	4	1	3	3	6	5	4	0	1	1	1	3	1	4	3	9	2	3	5	8	22	5	3	2	2	7	2	6	4	9	3	4	5	0	0	0	1	0	9	5	1	5	2	2	9	1	1	0	6	21	3	4	5	8	1	3	5	4	6	5	12	0	2	2	4	5	7	4	8	6	8	6	4	11	1	4	14	1	5	2	1	3	4	9	3	5	7	14	3	6	9	10	6	7	2	2	4	4	2	4	4	14	13	9	16	3	8	1	3	23385	6	2	4	5	22680	1	5	1	5	2	3	4	4	6	4	4	2	6	3	2	11	8	4	5	7	6	2	5	2	10	4	3	3	2	1	2	4	6	11	1	3	3	8	2	4	2	1	1	6	3	6	3	2	3	4	3	5	3	4	5	3	9	4	5	11	4	2	0	2
P	0	3	6	8	1	6	19	1	3	1	3	26695	2	7	4	2	5	4	4	0	3	4	3	1	5	6	5	1	6	3	1	5	1	4	1	5	6	7	6	2	1	2	6	2	27544	8	11	3	6	3	2	1	10	1	2	3	5	1	1	4	3	3	3	0	3	2	2	4	2	4	1	3	4	4	8	21365	4	8	1	11	3	0	2	2	3	0	2	3	2	0	3	8	5	14	6	2	2	20446	2	6	0	9	5	4	1	6	9	5	19626	4	4	3	2	3	5	14	3	2	3	3	2	3	3	13	2	6	1	18492	5	0	1	19135	1	1	5	7	6	3	9	2	0	5	2	1	0	1	4	4	1	7	1	5	4	4	8	1	3	7	2	1	2	8	3	0	2	4	22244	4	2	5	1	17	14	9	2	11	14	2	25023	0	3	1	4	6	3	5	10	20	1	6	6	2	4	26285	3	1	2	3	5	1	7	3	5	2	2	1	4	6	5	7	7	7	3	6	5	0	8	2	11	1	3	8	10	2	5	5	4	2	3	4	3	16	5	1	7	2	5	0	2	8	7	2	9	5	4	1	4	6	25161	2	7	12	1	4	4	5	5	7	13	10	3	3	6	4
Q	1	6	7	29492	9	5	4	8	5	5	3	32	7	2	7	2	6	2	6	7	5	1	3	3	14	28166	28655	6	7	2	5	1	5	4	22	5	3	5	4	7	3	24030	4	10	7	1	7	2	6	5	9	5	8	2	7	5	6	0	9	5	27940	17	4	2	6	3	1	1	4	1	6	6	5	7	2	20	11	10	57	13	4	3	4	5	3	5	4	3	0	2	10	4	6	3	3	49	5	19	4	22312	5	9	6	3	4	3	4	5	20	7	5	3	3	2	6	4	7	7	8	0	1	8	2	18	2	2	3	14	3	3	2	23	1	3	3	19421	7	6	4	6	8	8	3	3	4	4	4	8	3	10	3	4	5	6	24355	12	9	2	2	26	6	16	25697	4	3	6	25	7	2	6	1	12	7	4	1	16	11	5	24	2	3	7	4	11	4	7	5	5	3	6	2	3	3	15	2	5	33	4	11	6	2	2	5	1	1	8	3	4	0	6	5	2	7	1	5	6	4	1	26483	3	2	5	5	3	2	6	14	3	8	5	3	3	11	5	9	6	6	6	1	4	21	20	4	3	4	5	11	1	23	23	4	27159	4	4	7	11	3	1	3	5	1	6	3	2
R	11	9	1	21	8	6	13	9	7	11	23	6	7	0	6	7	3	25727	9	2	3	5	3	13	4	6	8	1	6	7	4	12	5	9	3	3	5	26161	3	15	2	8	4	24355	5	4	9	6	1	6	3	4	7	13	5	5	4	1	1	3	5	0	0	3	2	22904	6	16	4	4	4	2	10	8	4	6	13	14	3	11	8	2	6	0	1	3	1	3	19915	3	4	4	2	2	11	4	8	10	7	7	7	19	5	14	6	5	1	4	6	4	4	6	7	9	3	8	3	3	1	1	16513	16605	13	7	1	5	1	8	2	2	7	4	5	3	5	12	5	7	2	20867	1	3	20539	8	19404	6	21622	0	4	6	4	12	5	6	9	6	5	5	13	2	2	6	14	8	5	5	4	4	1	3	3	11	21834	10	1	9	21924	3	10	8	5	2	5	12	6	5	3	13	8	6	2	7	6	12	6	8	10	5	3	4	4	24870	3	11	8	1	3	4	10	7	25928	2	2	9	3	6	23741	4	10	5	4	2	4	2	3	25028	2	1	2	5	12	9	10	9	5	10	1	3	24581	4	21	6	26	2	8	8	7	6	20	5	14	6	26827	1	7	2	3	26568	2	4	1	2	3	1
S	0	9	4	6	5	8	3	4	22	8	25393	4	14	14	7	2	3	14	3	2	7	10	1	5	33	3	7	9	6	18	15	28024	7	9	18	4	5	9	2	25393	6	2	5	7	6	3	3	8	1	9	7	0	1	26064	11	15	8	2	0	2	2	2	2	17	8	13	2	25251	4	5	18	1	19	16	7	18	3	18	12	10	1	0	1	4	6	1	5	5	14	1	4	0	3	2	7	3	2	20	4	0	4	3	3	22935	22171	0	1	11	4	13	3	4	3	22110	13	8	14	1	6	3	8	13	2	1	3	4	2	3	9	9	5	7	3	0	3	5	11	3	3	26	2	2	7	14	12	10	21	0	1	14	7	2	3	4	1	0	1	3	2	0	0	4	2	5	4	12	4	21	1	2	6	20	16	2	5	11	31	3	18	6	6	2	3	3	5	3	12	3	5	4	21	4	4	4	5	10	3	5	4	2	5	18	4	26425	5	7	10	1	2	12	29	1	11	4	14	0	20	7	3	3	6	16	2	12	13	18	6	4	5	2	1	3	3	7	2	11	10	8	11	6	2	2	5	3	10	5	15	13	3	4	26920	1	19	4	12	10	1	18	4	4	1	3	9	3
T	4	5	4	5	12	0	4	2	6	4	2	26	5	13	5	3	1	1	2	4	8	2	6	2	6	3	16	27839	0	6	3	4	3	5	10	3	2	6	2	7	5	3	5	3	9	6	5	3	3	7	25869	0	4	6	7	10	2	1	1	1	2	3	2	1	6	0	2	9	1	1	7	19525	20148	19	10	18	4	8	14	7	4	1	1	2	20575	6	4	2	3	2	6	2	1	8	7	3	1	12	4	1	3	4	3	2	1	0	3	8	10	11	1	2	5	3	0	5	4	1	1	5	3	4	0	13	17705	0	3	26	9	17253	2	25	0	2	2	2	11	3	1	5	3	2	5	8	4	18990	0	4	5	3	7	4	1	0	0	4	2	1	12	0	5	2	3	5	3	14	13	8	5	3	7	8	11	2	5	9	11	4	13	8	1	6	0	1	4	4	26587	3	3	0	6	7	4	13	7	4	2	3	5	7	2	3	3	11	1	6	10	3	4	0	11	3	2	2	10	1	2	8	3	6	11	3	3	5	22578	3	6	9	5	2	4	7	2	5	2	1	11	3	10	3	6	5	1	2	5	3	7	5	14	4	3	4	6	8	5	5	0	3	8	4	2	1	3	4
V	25	8	3	2	8	17	8	2	12	19	1	2	4	6	3	18190	2	4	1	9	22	6	5	3	4	5	3	3	9	18	3	3	4	9	13	22323	3	4	4	2	8	3	15	3	5	29643	10	8	27461	1	0	5	1	4	13	6	3	0	3	1	2	1	0	2	14	3	6	0	2	5	9	4	6	19	21873	6	3	10	9	21358	1	2	22283	19686	0	3	6	15	1	2	2	3	7	5	15	5	20103	4	14	3	3	5	5	3	6	2	5	3	3	5	5	4	21077	4	8	5	9	8	15	6	2	0	4	2	2	6	2	3	6	0	0	2	9	3	0	5	5	2	3	2	4	7	3	4	3	5	3	3	5	7	13	4	22636	4	4	1	7	5	6	3	5	5	4	11	1	8	5	3	3	5	7	32	8	7	1	20	9	7	4	1	16	5	3	9	26618	24090	2	3	25	2	9	5	8	3	1	8	7	27540	5	3	20	2	7	2	16	9	5	4	15	18	3	9	19	25437	7	2	3	3	9	3	5	11	5	6	6	1	4	7	13	5	2	5	23	14	7	2	8	7	3	20	6	27875	9	4	21	3	30	2	4	5	2	3	2	11	6	10	5	5	2	6	2	6	5	4
W	0	5	5	5	2	8	1	1	5	5	5	5	3	2	23129	6	0	3	6	2	8	3	4	28165	1	5	4	3	2	5	10	2	5	2	5	4	2	3	6	2	4	2	4	9	15	2	2	5	0	3	1	0	3	6	2	1	4	0	2	4	2	2	1	5	5	2	3	0	26255	1	4	2	6	6	5	9	9	11	9	4	6	2	0	1	1	2	0	3	2	0	23311	0	2	3	7	1	8	2	8	3	0	0	6	2	3	3	3	2	2	2	2	1	4	3	3	2	9	4	2	1	1	4	3	1	1	4	1	4	4	1	4	2	7	2	1	2	5	2	4	3	1	3	1	2	5	1	5	5	4	5	8	1	1	1	2	3	4	1	2	2	4	3	5	3	2	6	6	3	4	0	4	13	8	1	1	19	11	5	1	1	3	0	4	4	7	6	8	2	4	3	4	6	4	5	3	2	6	8	0	6	3	3	4	1	5	3	1	1	5	4	4	2	10	2	3	6	4	4	3	3	7	4	5	4	5	5	1	4	6	2	7	6	5	7	2	25486	7	2	5	7	3	4	3	5	4	3	2	4	6	2	6	7	9	5	6	5	6	5	5	3	5	1	3	3
Y	0	5	3	6	28	6	3	4	1	3	0	1	4	1	0	3	5	2	0	2	2	28948	24	4	4	3	4	2	2	2	12	2	21	0	3	7	10	6	2	0	6	5	1	3	6	0	1	4	2	8	4	14	4	5	5	8	1	2	1	3	2	22	0	1	4	2	1	3	3	0	1	4	13	5	4	5	8	2	5	6	4	23	3	0	1	2	0	1	2	8	3	1	5	3	2	5	2	4	3	2	26	4	0	6	6	2	0	3	4	3	3	0	4	2	6	2	3	24	1	1	0	0	1	3	1	3	14	1	2	1	3	1	3	18	1	5	2	5	7	3	3	1	2	1	3	4	0	2	4	4	1	2	3	28	1	10	17	1	17	0	4	7	5	2	0	6	1	5	7	4	2	8	11	2	4	8	12	5	7	10	2	6	15	1	7	3	5	6	2	15	2	2	3	5	4	4	0	6	2	6	3	1	4	2	4	2	2	13	9	4	4	5	5	2	5	28	6	25879	4	19	2	1	2	0	4	5	22	5	3	4	7	2	6	9	3	6	3	16	2	4	2	0	2	31147	7	1	2	0	3	18	8	0	6	4	4	11	27385	4	9	1	23	4	8	3
