KKA2_S2_Ribo11_L2
Position	1	2	3	4	5	6	7	8	9	10	11	12	13	14	15	16	17	18	19	20	21	22	23	24	25	26	27	28	29	30	31	32	33	34	35	36	37	38	39	40	41	42	43	44	45	46	47	48	49	50	51	52	53	54	55	56	57	58	59	60	61	62	63	64	65	66	67	68	69	70	71	72	73	74	75	76	77	78	79	80	81	82	83	84	85	86	87	88	89	90	91	92	93	94	95	96	97	98	99	100	101	102	103	104	105	106	107	108	109	110	111	112	113	114	115	116	117	118	119	120	121	122	123	124	125	126	127	128	129	130	131	132	133	134	135	136	137	138	139	140	141	142	143	144	145	146	147	148	149	150	151	152	153	154	155	156	157	158	159	160	161	162	163	164	165	166	167	168	169	170	171	172	173	174	175	176	177	178	179	180	181	182	183	184	185	186	187	188	189	190	191	192	193	194	195	196	197	198	199	200	201	202	203	204	205	206	207	208	209	210	211	212	213	214	215	216	217	218	219	220	221	222	223	224	225	226	227	228	229	230	231	232	233	234	235	236	237	238	239	240	241	242	243	244	245	246	247	248	249	250	251	252	253	254	255	256	257	258	259	260	261	262	263	264
Wild-type	M	I	E	Q	D	G	L	H	A	G	S	P	A	A	W	V	E	R	L	F	G	Y	D	W	A	Q	Q	T	I	G	C	S	D	A	A	V	F	R	L	S	A	Q	G	R	P	V	L	F	V	K	T	D	L	S	G	A	L	N	E	L	Q	D	E	A	A	R	L	S	W	L	A	T	T	G	V	P	C	A	A	V	L	D	V	V	T	E	A	G	R	D	W	L	L	L	G	E	V	P	G	Q	D	L	L	S	S	H	L	A	P	A	E	K	V	S	I	M	A	D	A	M	R	R	L	H	T	L	D	P	A	T	C	P	F	D	H	Q	A	K	H	R	I	E	R	A	R	T	R	M	E	A	G	L	V	D	Q	D	D	L	D	E	E	H	Q	G	L	A	P	A	E	L	F	A	R	L	K	A	R	M	P	D	G	E	D	L	V	V	T	H	G	D	A	C	L	P	N	I	M	V	E	N	G	R	F	S	G	F	I	D	C	G	R	L	G	V	A	D	R	Y	Q	D	I	A	L	A	T	R	D	I	A	E	E	L	G	G	E	W	A	D	R	F	L	V	L	Y	G	I	A	A	P	D	S	Q	R	I	A	F	Y	R	L	L	D	E	F	F
A	0	15	2	0	20	148	12	7	46015	3	18	2	44693	43347	0	23	1	0	0	10	4	0	54	16	44854	1	1	20	0	4	45	0	8	43493	43401	4	0	0	0	0	41585	3	3	0	1	47	0	0	10	0	4	212	2	12	2	42170	2	0	3	0	0	1	9	41434	38978	0	0	0	0	0	40295	40	26	4	8	0	0	36721	36347	10	0	1	10	11	9	5	35912	1	0	1	0	0	1	0	1	5	0	1	2	0	4	0	1	0	12	3	0	38190	0	38736	1	0	4	10	0	0	41132	2	28383	0	2	0	0	0	58	0	0	2	32517	8	0	6	0	0	0	4	36963	0	0	0	0	2	15	37816	0	4	0	0	1	41127	2	0	4	3	0	7	1	0	1	47	21	0	4	4	0	43010	6	42891	1	1	0	41973	0	0	3	40133	133	0	0	0	79	8	1	0	6	4	8	0	1	3	43107	0	0	58	0	0	0	8	6	0	3	0	0	2	2	0	0	13	0	1	0	0	0	2	46075	1	0	0	0	2	0	43812	0	40968	6	0	5	0	46184	9	69	0	1	4	6	0	44572	55	0	0	0	78	13	0	2	0	42173	39674	7	8	0	0	0	2	44139	0	0	0	0	0	0	0	0	0
C	0	0	4	0	9	240	145	4	0	26	402	0	0	0	32	0	0	5	0	57	18	5	1	37	6	1	0	0	0	17	45220	0	1	0	1	0	2	4	0	1	203	0	27	0	0	4	5	0	8	0	0	18	3	55	17	1	2	0	0	2	0	0	0	1	1	5	0	0	13	2	4	0	39	25	0	0	32884	0	0	1	0	0	2	0	2	0	0	30	4	0	17	0	1	0	27	0	5	0	31	0	2	0	0	1	2	4	0	1	0	0	0	0	0	0	0	0	0	0	0	0	1	47	0	0	0	1	0	0	0	2	32719	0	3	0	0	0	0	0	0	3	0	2	1	0	1	434	4	0	0	0	20	3	0	8	10	0	0	1	0	24	4	1	1	38	1	4	13	2	0	0	1	7	7	3	2	4	406	6	1	0	22	0	0	0	0	0	7	2	14	2	6	41413	0	0	0	0	1	0	1	0	17	0	1	2	24	5	0	1	44788	25	3	0	29	0	0	4	0	4	0	0	0	0	1	0	13	4	9	0	0	6	6	0	33	8	1	37	0	1	2	13	0	4	1	2	25	1	16	1	0	2	2	0	7	0	0	1	4	6	0	1	0	0	0	0
D	0	1	18	0	46584	85	1	3	2	3	0	0	0	0	1	1	5	3	0	103	4	0	46350	0	0	0	0	0	0	1	0	0	42749	1	1	0	0	2	1	0	2	24	33	0	0	31	0	0	0	0	0	41823	0	0	4	5	5	8	3	4	0	44590	2	0	3	0	0	1	0	0	0	2	0	5	1	0	0	0	3	1	0	41618	0	0	0	0	0	1	0	34027	0	1	0	0	1	1	0	0	1	0	40415	2	0	0	0	145	0	9	0	1	3	0	0	0	2	0	0	29105	0	0	10	3	0	1	0	0	36067	0	0	0	0	0	0	34651	1	0	1	1	7	0	0	2	3	0	90	1	0	0	6	0	2	0	0	43389	2	44656	44303	0	46227	16	3	1	0	2	2	0	0	0	1	0	0	6	0	0	2	3	21	0	0	41850	1	2	41258	0	1	0	0	7	0	41022	0	0	2	3	9	3	1	0	2	2	4	0	0	1	2	0	0	42675	1	2	0	0	3	0	0	38553	0	5	0	44305	0	1	0	2	1	0	43399	0	0	10	2	0	2	32	2	0	0	40859	0	0	3	103	1	2	1	0	29	5	0	44818	15	56	0	0	3	0	2	0	0	0	46430	1	0	0
E	0	4	46695	224	235	1	38	0	20	22	0	0	20	9	0	17	41625	97	0	12	0	0	59	0	15	0	3	0	0	0	2	0	5	12	14	0	0	0	0	1	14	2	0	0	5	1	0	0	1	6	0	28	0	0	0	57	0	0	42214	0	3	2	41789	11	20	0	0	6	0	0	20	1	0	3	0	0	0	11	83	0	0	2	1	0	0	35083	18	0	0	3	0	0	0	0	0	36301	0	0	0	5	2	0	0	1	0	19	0	25	0	121	37898	10	4	7	0	0	20	10	9	0	0	0	0	0	3	0	2	0	7	0	0	0	0	0	0	1	15	1	0	0	0	37478	0	9	0	4	0	0	42030	16	0	0	2	1	28	4	5	0	3	45299	44393	0	1	0	1	7	1	22	37910	0	0	24	54	0	32	21	126	0	0	1	1	40425	1	0	1	2	0	1	0	3	18	0	0	0	0	0	0	1	47112	0	0	0	0	0	0	0	0	4	0	0	0	0	0	1	9	7	0	0	2	0	0	7	0	10	0	0	8	0	16	42633	43309	0	0	36	43346	0	18	115	0	0	0	250	185	0	0	0	9	29	1	4	17	77	0	1	20	0	0	0	0	0	2	44036	0	0
F	0	40	16	0	426	23	1	0	0	0	51	0	1	0	0	0	0	0	2	45100	0	0	3	0	2	0	0	0	0	0	14	0	0	0	0	0	38448	0	0	0	0	0	0	0	0	1	0	45437	0	0	0	0	0	0	0	0	0	0	0	0	0	0	0	0	0	0	0	0	0	0	0	0	0	0	9	0	7	0	0	1	0	0	0	0	0	0	0	0	0	0	2	0	0	0	1	0	0	0	1	0	0	0	0	0	0	0	0	0	0	0	0	0	0	0	1	0	0	0	0	6	0	2	0	0	0	0	0	0	0	0	7	0	35049	1	0	0	1	1	0	0	0	0	0	0	0	0	1	0	0	0	0	0	0	0	22	27	0	214	67	10	8	0	9	0	0	0	0	1	0	0	41571	0	7	1	0	0	479	0	0	7	0	0	0	0	0	0	0	0	0	0	166	15	5	0	0	3	0	0	0	0	0	0	44221	0	0	48308	0	0	14	0	0	0	0	0	0	0	0	3	0	0	0	0	0	0	1	0	7	2	0	0	1	0	0	2	0	0	0	14	0	46251	0	14	0	3	1	12	0	1	0	0	142	0	0	13	0	42118	0	0	0	0	0	0	44571	45734
G	0	0	7	0	18	44072	49	0	63	44113	33	0	0	0	12	10	4	1	0	6	48649	0	3	5	0	0	1	0	0	48312	0	2	3	2	51	12	0	5	0	3	1	18	39741	7	0	44	0	0	5	0	0	4	0	4	42031	0	19	0	2	0	0	1	1	0	2	0	0	32	8	0	1	0	0	39916	1	0	5	0	3	4	0	7	10	5	9	1	15	35008	0	2	8	0	0	0	39383	2	5	0	37623	0	3	0	0	1	10	0	0	10	0	0	5	0	0	15	0	0	0	3	1	0	2	3	0	0	2	0	3	0	1	0	0	0	0	6	0	7	1	0	0	2	0	28	0	3	4	0	11	0	5	13	41240	0	1	3	0	7	3	0	4	11	9	0	0	45624	0	8	0	9	2	0	0	2	4	0	11	4	144	0	0	0	42494	5	1	0	3	4	2	0	47930	3	2	13	0	61	0	0	0	0	6	2	41635	4	0	4	44258	0	0	2	1	43269	3	0	46722	10	1	0	5	0	0	6	0	2	0	1	0	6	4	0	0	7	3	0	45248	41152	0	12	1	1	7	0	0	6	0	0	53313	0	1	2	1	2	7	0	1	0	70	0	0	4	0	0	3	3	0	0
H	0	17	51	20	58	0	0	48050	7	0	10	0	0	2	0	4	0	2	0	174	0	4	4	1	8	6	18	0	18	0	1	0	0	0	3	0	0	2	0	0	11	2	25	0	21	120	14	0	0	0	0	1	0	9	0	1	32	1	0	0	22	1	0	0	0	3	0	0	0	0	0	0	20	2	0	0	0	0	1	0	2	1	10	4	0	0	0	0	2	436	0	0	0	0	0	0	0	0	0	18	0	0	0	0	0	39010	0	6	0	3	0	0	0	1	0	0	0	1	0	0	0	1	0	33210	1	0	1	0	0	0	0	0	0	6	35685	14	0	0	37302	1	0	263	5	0	7	0	2	0	9	5	0	0	0	4	20	11	1	0	1	15	0	46147	12	16	1	0	1	7	1	0	0	8	20	0	0	11	205	1	1	2	5	0	0	0	0	0	0	47135	0	2	0	0	0	0	0	0	0	0	23	1	0	1	0	0	0	0	0	3	0	0	1	0	0	0	0	3	1	2	14	0	0	0	0	0	50	5	3	0	0	67	157	0	0	11	0	0	1	7	7	0	0	25	6	3	0	0	0	0	0	1	48	6	1	0	0	0	5	2	0	0	1	0	0	0
I	110	47124	10	0	144	308	0	0	5	0	275	0	5	8	0	0	0	0	2	4	0	0	0	1	7	0	4	3	45582	0	0	8	0	0	0	0	0	0	0	13	0	4	0	0	0	0	6	0	0	1	0	0	21	9	0	0	4	0	0	12	0	0	0	0	0	0	0	10	0	0	0	2	3	0	26	0	0	0	0	2	2	0	3	1	0	0	0	0	0	0	0	0	0	0	0	0	2	1	0	0	0	0	0	11	8	0	0	0	0	0	0	0	5	8	42279	18	0	0	0	6	0	0	0	0	0	6	0	5	0	0	0	0	0	2	0	0	9	1	3	0	39679	2	20	0	0	29	6	11	12	0	0	10	5	0	39	0	634	0	0	2	0	0	1	0	1	0	5	3	0	0	2	0	1	1	0	0	428	17	0	9	0	0	0	0	0	0	0	0	0	0	0	0	0	0	0	44337	25	0	0	0	0	0	0	9	0	0	49574	0	0	0	0	0	0	0	0	0	0	0	0	0	43471	0	0	0	14	0	0	42428	0	3	0	0	0	20	0	0	0	2	0	0	0	0	0	0	0	42897	0	0	0	0	45	0	0	41564	0	1	0	0	0	0	0	0	0	0
K	1	396	93	183	741	549	92	20	1	0	0	2	2	1	0	0	2	28	0	105	0	0	112	0	153	32	12	4	23	0	25	0	0	0	35	0	0	0	0	38	1	105	0	2	5	12	11	0	0	41035	0	1	76	0	4	8	0	10	3	0	39	0	1	0	2	0	0	14	0	0	2	92	20	0	0	1	0	0	114	0	7	0	6	7	1	4	4	0	0	0	0	0	0	0	2	35	0	12	0	9	0	0	0	0	0	6	0	0	0	0	2	40193	0	58	4	5	0	1	0	1	0	2	0	0	1	0	0	0	2	10	0	0	0	2	0	19	0	36917	9	0	0	4	11	0	14	7	0	0	14	8	0	3	0	0	16	0	0	0	0	23	3	0	22	0	2	10	0	11	3	0	0	9	12	0	42347	0	40	4	0	4	1	3	0	0	0	0	0	0	0	0	0	0	0	2	5	0	0	0	12	9	0	1	0	1	0	0	0	0	0	0	0	0	0	0	0	0	0	0	18	0	0	0	0	0	0	2	1	0	0	59	60	0	0	155	2	0	0	31	3	0	0	271	0	0	0	5	35	72	4	0	47	41	53	0	0	0	0	0	0	0	0	3	0	0
L	5	71	0	23	131	116	47713	2	8	4	366	3	0	0	22	9	0	11	44729	8	20	1	0	38	0	5	8	0	13	0	9	2	8	0	0	12	1	8	41918	0	0	3	0	8	0	9	47895	4	11	0	0	2	43718	0	17	0	42864	0	1	45105	2	3	5	0	1	14	40619	0	9	42403	0	0	13	1	9	4	2	5	0	12	40338	2	19	10	0	0	1	0	8	0	15	40182	40281	38791	0	0	4	5	0	3	0	41150	41477	0	0	0	40052	0	5	1	0	0	4	0	0	0	0	0	0	49	5	2196	32859	0	4	38953	0	2	0	0	0	2	2	3	1	0	87	0	1	9	2	1	32	0	3	2	13	1	3	0	0	41444	18	2	60	1	0	45206	0	9	12	0	23	0	42228	43	48	9	0	41919	16	3	76	40262	0	1	862	42	7	8	1	2	0	47760	12	20	0	3	2	2	45	0	43687	3	0	3	17	11	2	4	1	9	6	0	2	5	3	0	0	3	10	45356	0	7	0	1	5	0	1	0	96	0	41399	0	1	10	0	0	0	4	2	45691	1	3	0	15	0	11	15	4	49092	14	49493	3	3	16	14	52	4	0	6	2	7	19	0	13	0	9	43430	45820	0	0	3	16
M	48742	10	11	30	0	300	49	0	5	0	54	1	8	0	0	10	0	0	17	2	0	0	6	0	0	0	4	0	13	0	1	0	0	0	0	1	0	0	17	7	0	1	0	0	0	8	20	0	3	0	0	0	12	0	0	0	9	0	0	9	0	0	0	0	0	0	20	4	0	10	0	0	34	0	16	4	0	0	0	6	13	0	5	3	0	0	2	0	0	0	0	47	12	13	0	0	0	0	0	0	0	17	7	0	0	0	13	0	0	0	0	0	2	1	1	42387	0	0	0	28402	0	0	9	0	2	19	0	0	1	2	0	0	0	3	0	0	79	0	0	0	4	0	4	0	0	11	1	41130	0	0	0	18	8	0	96	0	1	13	0	0	0	0	14	0	23	0	0	8	0	6	0	5	52	14	4	5	1366	42268	0	8	0	0	0	21	3	7	0	0	0	0	2	0	53	0	0	0	49892	3	0	0	0	0	0	0	0	0	5	0	0	0	0	21	0	8	0	0	0	0	2	0	4	0	6	0	6	0	0	0	0	7	1	7	0	53	0	0	0	9	0	1	12	75	17	16	0	3	0	8	0	0	233	0	0	0	1	0	0	0	13	8	0	0	0	0
N	0	146	95	62	504	543	2	21	142	0	0	0	0	0	0	13	0	2	0	51	0	0	62	0	2	0	9	32	0	0	14	0	5	0	0	0	0	0	0	1	0	5	0	0	1	185	0	0	0	1	9	13	3	1	2	5	21	42876	0	0	0	1	0	0	0	0	0	2	0	0	0	7	15	3	1	0	0	0	24	0	0	1	4	15	10	0	0	0	0	0	0	0	0	0	0	0	0	1	0	2	35	0	0	2	0	39	0	1	0	0	0	1	0	2	2	0	0	2	0	0	0	0	0	8	19	0	3	0	1	11	0	0	0	7	15	4	10	1	7	0	0	2	3	0	7	27	5	0	2	0	0	0	0	2	1	0	2	0	0	3	5	85	102	1	0	4	0	0	0	0	0	2	17	0	3	4	139	0	0	1	0	0	0	0	0	0	18	21	0	0	0	0	0	0	39065	0	0	0	9	37422	1	0	0	2	0	0	2	0	0	0	0	0	0	0	0	0	0	0	0	1	0	0	0	0	7	0	2	2	0	2	21	0	0	15	0	0	0	1	0	0	0	23	1	2	0	0	78	0	0	0	4	2	0	7	2	0	1	0	0	1	2	0	0	0
P	0	10	2	57	3	502	35	37	7	3	46	43637	31	4	0	0	1	4	2	0	0	0	0	0	2	2	2	0	1	0	0	0	0	3	0	0	0	0	4	0	1	4	18	2	44924	104	4	0	0	0	0	0	6	1	0	0	3	0	0	2	0	0	0	0	0	1	4	0	0	4	0	1	0	0	0	35907	0	48	32	1167	4	0	0	0	0	0	0	0	0	0	0	4	5	2	0	0	0	35764	0	8	0	4	7	0	0	29	3	17	35491	0	0	0	0	0	0	0	0	0	0	0	0	0	0	18	3	4	0	34051	0	0	0	35145	0	0	4	2	0	0	3	3	0	0	0	0	0	2	5	0	0	1	0	3	0	0	6	0	0	2	0	0	0	0	0	0	5	10	39263	1	0	8	0	3	0	6	0	0	3	0	43649	0	0	0	0	6	0	0	0	18	0	0	3	0	2	44267	0	0	0	0	0	0	0	0	0	0	0	0	0	0	0	0	0	3	0	0	2	0	0	0	2	0	0	1	4	0	0	0	0	0	2	0	0	17	0	151	0	0	1	0	1	0	5	0	6	0	0	0	1	1	41389	0	15	6	1	0	1	0	0	1	4	5	0	0	0	0
Q	2	5	37	47516	191	1	19	4	15	3	92	17	4	9	1	11	4	0	0	71	0	0	1	0	10	44935	45978	2	5	0	9	0	4	11	31	0	0	0	2	33	8	39048	1	4	9	38	4	0	0	4	10	79	4	0	3	3	3	1	9	0	46606	0	1	1	0	0	0	18	0	0	1	5	84	2	0	32	0	5	100	0	18	4	12	0	0	1	0	0	0	0	0	4	0	0	1	9	0	24	0	39262	3	0	0	0	0	13	2	4	20	7	11	5	0	11	0	0	7	7	0	0	0	4	0	13	4	2	2	5	4	0	0	20	0	1	0	35678	10	2	10	2	7	1	11	0	0	0	1	0	7	14	0	2	1	0	44047	21	0	0	4	18	5	5	45709	0	1	0	14	0	4	0	0	43	0	0	6	9	149	3	17	0	0	6	1	13	0	4	0	19	0	0	0	2	2	28	0	3	31	0	3	0	1	1	1	0	0	0	0	0	0	3	0	0	0	0	0	0	0	0	45074	0	2	0	1	1	0	0	0	4	4	20	109	2	0	162	0	0	2	90	11	0	10	105	22	0	0	0	31	2	23	19	8	44329	0	2	3	0	0	0	2	0	2	0	0	0
R	27	7	114	13	113	147	13	24	2	17	438	15	29	21	8	14	0	41512	6	7	2	0	25	6	0	55	4	0	19	0	4	14	4	1	50	4	0	42743	5	11	3	17	1	39707	0	49	33	0	0	11	2	0	20	13	3	5	7	0	0	3	12	0	0	0	0	38759	0	23	0	0	7	3	6	9	0	4	4	16	26	4	10	0	2	7	0	0	4	3	34639	0	5	2	2	2	8	0	2	4	2	11	0	6	9	8	17	10	0	0	2	1	0	3	0	38	1	10	0	0	0	0	29307	27424	21	1	1	3	0	1	6	0	2	2	0	0	2	12	2	12	2	38676	0	1	38229	0	36129	19	40008	0	3	2	1	6	1	0	5	2	0	2	8	0	1	3	11	6	8	1	4	24	0	1	2	44	38402	2	5	2	32941	6	3	23	6	1	5	8	2	1	0	5	7	0	1	6	3	9	0	4	7	1	3	0	3	42170	0	10	4	0	0	1	5	3	44718	0	3	0	0	0	41032	0	6	1	0	1	3	0	0	43302	0	3	1	48	44	0	0	139	0	5	0	18	41372	1	15	62	44	0	4	5	0	24	18	0	88	7	43888	0	0	0	0	43126	1	2	0	1	0	0
S	0	1	17	6	109	186	28	1	57	4	39414	3	139	15	2	19	2	8	0	37	5	7	3	3	41	0	0	6	2	8	12	45153	6	16	10	0	3	12	0	41475	8	4	1	2	3	43	0	4	0	1	4	7	1	43577	8	15	1	3	0	0	7	0	0	11	7	13	1	42651	0	0	14	6	10	14	0	4	3	10	45	1	0	0	4	1	2	0	8	0	24	0	0	0	0	0	2	1	0	16	6	0	3	0	0	41109	40111	0	0	26	0	13	0	0	0	39960	2	0	15	0	8	0	8	18	0	0	34	0	0	0	13	8	0	2	3	0	0	22	16	0	1	29	2	0	7	8	13	1	22	0	0	9	4	0	0	2	8	1	2	0	0	0	0	0	0	1	0	23	6	536	0	0	3	31	27	3	3	9	368	0	0	0	1	1	0	0	0	0	6	1	2	0	15	0	0	100	8	7	0	0	2	4	1	20	7	45081	3	5	0	0	1	9	17	0	3	0	12	1	17	3	0	0	11	6	0	16	12	28	57	5	12	2	1	1	1	41	0	2	6	2	17	4	0	13	1	2	3	2	13	16	3	0	43863	0	9	2	16	5	0	21	1	0	0	0	3	6
T	6	50	31	14	187	251	50	0	1	3	4	15	6	10	0	2	1	3	2	0	0	0	4	0	4	0	21	44536	9	0	0	1	0	0	21	0	0	9	0	90	1	1	18	0	9	298	1	0	0	3	42526	13	4	18	2	1	0	0	1	0	0	0	0	0	0	0	0	4	0	0	1	33009	33491	31	1	12	0	0	39	0	0	0	6	0	36112	0	2	0	0	3	0	0	0	1	0	0	0	10	0	4	7	0	0	5	5	0	0	15	10	1	0	0	10	19	4	2	3	3	2	1	0	0	0	4	31540	0	0	16	1	31914	0	19	0	0	0	17	4	3	8	1	3	0	2	2	0	34475	0	7	0	2	1	0	0	1	16	2	0	0	5	5	0	0	1	0	1	26	28	17	0	1	0	7	2	0	0	1	573	3	18	3	11	3	0	1	0	1	46167	0	1	0	6	1	0	19	1	6	1	0	0	1	0	1	0	9	0	0	3	0	0	1	0	0	0	0	4	1	0	0	6	0	0	2	0	2	38624	1	0	8	4	2	45	0	0	0	0	0	5	5	3	0	0	40	3	2	0	3	11	9	10	1	13	0	0	5	5	0	0	0	0	0	0	0	0	0
V	17	6	1	7	5	64	19	0	16	19	41	0	4	6	2	29300	0	0	1	22	10	0	2	0	29	4	4	0	7	13	2	6	0	6	5	35623	0	0	0	1	5	18	8	0	0	47638	1	3	45158	1	0	0	1	0	17	3	1	1	0	3	3	0	1	6	0	1	0	0	0	0	2	0	2	14	35711	0	0	5	4	34197	3	0	38196	34322	3	0	1	13	0	0	0	21	3	1	5	4	34894	0	18	0	0	0	1	0	0	0	2	2	1	2	7	0	37345	0	5	7	31	1	3	3	0	0	1	0	0	3	1	0	2	0	0	0	5	0	0	0	9	0	0	2	8	0	0	2	0	0	0	4	5	3	15	3	41625	2	118	2	2	1	1	96	5	0	4	9	2	5	0	6	0	0	4	6	1	5	2	6	40	10	0	0	12	1	0	1	45903	41461	3	0	19	1	5	0	0	0	0	10	6	47296	1	3	20	0	2	0	10	5	4	0	11	12	0	4	19	43781	5	4	1	0	0	1	3	7	0	6	11	0	0	3	1	2	0	3	23	55	0	0	15	19	1	13	0	45768	2	0	15	6	7	3	0	1	22	0	0	13	2	2	0	0	1	4	1	0	0	0
W	0	2	7	66	49	175	0	0	6	0	0	0	0	0	37460	0	0	0	0	3	0	0	0	45744	0	0	0	0	0	0	1	0	0	0	0	0	0	0	0	0	0	0	0	0	0	0	0	0	0	0	0	0	0	0	2	0	0	0	0	0	0	0	0	0	0	0	0	0	44625	0	0	0	0	0	2	0	3	0	0	0	0	0	0	0	0	0	0	0	0	0	40593	0	0	0	0	0	0	0	0	0	0	0	0	0	0	0	1	0	0	0	0	0	0	93	0	0	0	0	0	0	0	17	0	0	0	0	0	0	1	0	2	0	0	0	0	0	0	0	1	0	0	0	0	0	1	9	0	0	0	0	0	0	0	0	87	0	0	15	0	6	0	0	0	0	0	0	0	0	0	0	0	2	3	0	0	0	203	2	0	0	1	0	0	0	0	0	0	0	0	0	1	3	0	0	0	0	0	1	0	0	0	0	0	0	0	0	0	0	0	0	0	0	0	0	0	0	0	2	0	0	0	0	0	0	22	0	0	0	0	0	0	0	0	25	0	43606	0	52	0	0	0	0	0	0	0	0	0	0	0	0	60	0	0	0	0	18	0	0	0	0	0	0	0	0
Y	0	1	157	0	158	324	0	5	3	0	339	0	0	0	0	0	0	0	1	26	0	47190	20	0	0	28	0	0	0	0	2	0	11	0	0	0	1	0	0	0	0	0	0	0	0	1	23	65	0	0	0	19	1	0	0	0	0	2	0	0	1	22	0	0	0	0	0	0	7	0	0	0	0	0	0	0	2	0	1	0	2	18	6	0	6	0	0	0	0	13	58	0	0	0	0	0	0	0	0	0	31	0	0	0	0	2	0	0	0	0	0	0	0	0	0	0	0	34	0	0	0	0	0	2	0	0	14	0	0	0	2	0	1	16	2	0	7	3	6	0	0	0	1	0	0	12	0	0	0	1	1	0	0	30	40	25	19	0	15	7	0	4	1	0	3	0	0	1	1	0	13	3	9	0	0	0	415	1	0	39	2	0	11	0	0	0	0	4	0	11	1	2	0	0	2	0	0	0	0	0	0	0	0	0	0	0	0	14	0	0	0	0	0	0	0	16	0	44263	0	20	0	0	0	0	80	0	22	0	0	1	33	0	0	32	24	0	0	80	7	1	0	11	0	53294	0	0	0	0	0	21	28	0	0	5	0	3	44532	0	0	0	24	0	0	0
