KKA2_S2_Paro11_L2
Position	1	2	3	4	5	6	7	8	9	10	11	12	13	14	15	16	17	18	19	20	21	22	23	24	25	26	27	28	29	30	31	32	33	34	35	36	37	38	39	40	41	42	43	44	45	46	47	48	49	50	51	52	53	54	55	56	57	58	59	60	61	62	63	64	65	66	67	68	69	70	71	72	73	74	75	76	77	78	79	80	81	82	83	84	85	86	87	88	89	90	91	92	93	94	95	96	97	98	99	100	101	102	103	104	105	106	107	108	109	110	111	112	113	114	115	116	117	118	119	120	121	122	123	124	125	126	127	128	129	130	131	132	133	134	135	136	137	138	139	140	141	142	143	144	145	146	147	148	149	150	151	152	153	154	155	156	157	158	159	160	161	162	163	164	165	166	167	168	169	170	171	172	173	174	175	176	177	178	179	180	181	182	183	184	185	186	187	188	189	190	191	192	193	194	195	196	197	198	199	200	201	202	203	204	205	206	207	208	209	210	211	212	213	214	215	216	217	218	219	220	221	222	223	224	225	226	227	228	229	230	231	232	233	234	235	236	237	238	239	240	241	242	243	244	245	246	247	248	249	250	251	252	253	254	255	256	257	258	259	260	261	262	263	264
Wild-type	M	I	E	Q	D	G	L	H	A	G	S	P	A	A	W	V	E	R	L	F	G	Y	D	W	A	Q	Q	T	I	G	C	S	D	A	A	V	F	R	L	S	A	Q	G	R	P	V	L	F	V	K	T	D	L	S	G	A	L	N	E	L	Q	D	E	A	A	R	L	S	W	L	A	T	T	G	V	P	C	A	A	V	L	D	V	V	T	E	A	G	R	D	W	L	L	L	G	E	V	P	G	Q	D	L	L	S	S	H	L	A	P	A	E	K	V	S	I	M	A	D	A	M	R	R	L	H	T	L	D	P	A	T	C	P	F	D	H	Q	A	K	H	R	I	E	R	A	R	T	R	M	E	A	G	L	V	D	Q	D	D	L	D	E	E	H	Q	G	L	A	P	A	E	L	F	A	R	L	K	A	R	M	P	D	G	E	D	L	V	V	T	H	G	D	A	C	L	P	N	I	M	V	E	N	G	R	F	S	G	F	I	D	C	G	R	L	G	V	A	D	R	Y	Q	D	I	A	L	A	T	R	D	I	A	E	E	L	G	G	E	W	A	D	R	F	L	V	L	Y	G	I	A	A	P	D	S	Q	R	I	A	F	Y	R	L	L	D	E	F	F
A	0	0	4	0	5	2	0	0	57305	1	0	3	55952	53797	0	7	0	0	0	0	3	0	0	0	56257	0	0	17	0	1	0	0	5	54602	54634	3	0	0	0	0	51136	0	0	0	1	8	0	0	9	0	6	10	0	0	0	51330	0	0	0	0	0	1	3	51324	47763	0	0	0	0	0	48908	2	6	0	1	0	0	44143	43505	6	0	1	7	3	2	3	44952	0	0	3	0	0	0	0	0	5	1	1	2	0	4	0	0	0	0	0	0	49285	0	49522	0	0	5	0	0	0	53002	1	35763	0	0	0	0	0	12	0	0	2	40369	1	0	2	0	1	0	0	46389	0	0	0	0	0	0	47339	0	1	0	0	0	51204	1	0	5	3	0	1	1	0	0	1	18	0	0	0	0	50226	2	40175	0	0	0	48479	0	0	0	46807	49	0	0	2	1	6	1	0	4	4	3	0	2	3	50459	0	0	0	0	0	0	3	0	0	1	0	0	0	1	0	0	12	0	1	0	0	2	2	54569	0	0	0	0	8	0	51702	0	48009	5	0	0	0	54504	2	1	0	1	7	5	0	53064	0	0	0	0	9	0	0	1	0	48954	46105	10	5	0	0	0	0	50832	0	0	0	0	0	0	0	0	0
C	0	0	5	0	0	14	0	5	0	11	280	0	2	0	16	0	0	3	0	1	16	5	2	26	5	0	0	0	0	10	57128	0	1	0	0	0	0	1	0	0	1	0	9	1	0	1	0	0	0	0	0	15	0	2	17	0	1	0	0	0	0	0	0	0	2	4	0	2	10	1	2	0	0	8	0	0	39277	0	1	0	0	0	0	0	1	0	0	4	2	0	11	0	0	0	15	0	0	0	15	0	0	0	0	1	0	2	0	0	0	0	0	0	0	1	0	0	0	1	0	0	2	4	0	0	0	0	0	0	0	0	40189	0	3	0	0	0	0	0	0	1	0	0	4	0	5	0	1	0	0	1	10	0	1	0	3	0	0	0	0	0	0	2	0	16	0	0	2	0	0	0	1	0	6	6	0	0	427	0	0	0	6	0	0	0	0	0	0	1	16	0	0	48084	0	0	0	0	1	1	1	0	14	2	1	1	9	6	0	0	52923	16	8	0	19	0	0	1	1	5	0	0	0	0	0	0	0	5	1	0	0	0	0	0	12	13	1	19	0	0	6	6	0	1	0	6	11	0	23	0	0	0	0	0	5	0	1	1	3	4	1	0	0	0	0	0
D	0	0	7	0	60237	2	51	4	0	7	0	1	12	0	0	0	2	0	0	0	3	1	57839	0	1	0	0	1	1	2	0	0	53253	0	0	0	0	0	0	0	3	0	2	0	0	0	0	0	0	0	0	51101	0	0	1	9	0	3	3	2	0	54473	0	0	1	0	0	0	0	0	0	0	0	0	2	0	0	0	6	0	1	50218	0	0	0	0	0	1	0	42986	0	0	0	0	0	1	0	0	0	0	51070	0	1	0	0	2	0	0	0	0	0	0	1	0	2	0	0	36569	0	0	3	2	1	4	0	0	44309	0	0	0	0	0	0	43301	6	0	0	0	5	0	0	2	0	1	0	0	0	0	0	0	4	0	0	53590	140	54860	54916	0	55966	2	1	2	1	4	0	0	0	0	2	0	0	5	0	0	0	0	0	0	0	49871	4	1	48751	0	0	1	0	9	2	47838	0	1	4	0	17	2	0	0	2	3	0	0	0	0	1	0	0	50288	0	4	1	0	0	0	0	45162	0	8	0	52119	0	3	0	0	1	0	51215	0	0	0	4	0	2	4	3	0	0	49045	0	0	7	7	0	1	3	0	0	5	0	51695	0	0	0	0	0	0	0	0	0	0	53291	1	0	0
E	0	0	56438	6	3	0	0	0	8	0	0	0	13	11	0	3	50827	0	0	0	0	0	3	0	10	1	3	0	0	0	0	0	2	8	5	1	0	0	0	0	9	0	0	0	0	2	0	0	1	5	0	5	0	0	0	8	0	0	51205	2	5	2	51369	11	5	0	0	0	0	0	10	0	0	0	0	0	0	6	5	0	0	2	2	2	0	43891	4	0	0	0	0	0	0	0	0	45344	0	0	0	3	0	1	0	0	0	0	0	4	0	8	48454	10	3	0	0	0	12	1	6	0	0	0	0	0	0	0	0	0	6	0	0	0	0	2	0	1	5	3	0	0	0	46757	0	8	0	0	0	0	52205	8	0	0	1	3	3	1	4	0	0	55003	53188	0	4	0	0	5	0	10	43425	0	0	8	0	0	5	6	2	0	0	6	0	47901	0	0	3	1	0	0	0	6	15	0	1	0	0	0	0	1	55521	0	0	0	1	0	0	0	0	1	0	0	0	0	0	0	7	2	0	0	4	1	0	6	0	6	0	0	4	0	6	50773	51716	0	0	0	51495	0	7	3	0	0	0	3	0	0	0	0	9	7	0	1	1	4	0	0	14	0	0	0	0	0	3	50327	0	0
F	0	244	0	1	0	0	0	0	0	0	0	0	0	0	0	0	0	0	0	56636	0	0	0	0	0	0	0	0	1	0	7	0	0	0	0	0	47066	0	0	0	0	0	0	0	0	0	0	56465	0	0	0	0	0	0	0	0	0	0	0	0	0	0	0	0	0	0	0	0	0	0	0	0	0	0	0	0	6	0	0	0	0	0	0	0	0	0	0	0	0	0	0	0	0	0	0	0	0	0	0	0	0	0	0	0	0	0	0	0	0	0	0	0	0	0	0	0	0	0	0	0	0	0	0	0	0	0	0	0	0	0	9	0	43657	0	0	0	0	0	0	0	0	0	0	0	0	0	0	0	0	0	0	0	0	0	0	0	0	1157	0	0	0	0	0	0	0	0	0	0	0	0	48217	0	0	0	0	0	94	0	0	0	0	0	0	0	0	0	0	0	0	0	0	9	0	0	0	0	0	0	0	0	0	0	52051	0	0	56729	0	0	5	0	0	0	0	0	0	0	0	0	0	0	0	0	0	0	0	0	0	0	0	0	0	0	0	3	0	0	0	26	0	54455	0	0	0	1	0	0	0	0	0	0	0	0	0	0	0	47871	0	0	0	0	0	0	50972	52673
G	0	0	4	0	5	58323	7	0	2	54798	10	0	0	1	12	0	4	1	0	0	60405	0	2	4	4	0	0	0	0	60377	0	7	10	0	1	12	0	2	0	6	1	0	48491	9	0	5	0	0	5	0	0	15	0	2	51126	1	0	0	2	0	0	1	0	2	1	0	0	7	10	0	5	0	0	49071	0	0	1	0	0	3	0	4	1	4	0	0	0	43483	2	1	8	0	0	0	49423	1	7	0	47301	0	4	0	0	11	14	0	0	0	0	0	3	0	0	17	0	0	0	1	2	0	3	4	0	0	0	0	4	0	2	0	1	0	0	5	0	0	3	0	0	8	0	5	2	0	0	0	7	1	8	1	51586	0	1	3	0	3	1	0	3	5	3	0	0	53635	0	2	0	1	0	0	0	1	6	0	0	2	1	0	0	2	50124	1	5	0	2	5	0	0	55903	6	5	13	0	0	0	0	0	3	4	0	48724	3	0	3	52230	0	0	5	0	51019	5	0	55643	8	0	1	2	0	0	2	0	1	0	0	0	6	4	0	2	7	5	0	53384	49676	2	3	1	5	2	0	0	0	0	0	61679	0	0	0	0	2	4	0	0	0	6	0	0	1	0	0	3	3	0	0
H	0	0	0	8	0	0	0	59186	0	0	0	0	0	0	0	0	0	1	0	0	0	2	5	0	0	5	3	0	0	0	0	0	3	0	0	0	0	3	0	0	0	2	0	0	12	0	0	0	0	0	0	2	0	0	0	0	0	2	0	0	13	1	0	0	0	7	0	0	0	0	0	0	0	0	0	0	0	0	0	0	0	4	0	0	0	0	0	0	2	0	0	0	0	0	0	0	0	0	0	6	2	0	0	0	0	50145	0	0	0	0	0	0	0	0	0	0	0	1	0	0	7	1	0	41663	0	0	3	0	0	0	0	0	0	2	45007	13	0	0	46504	0	0	0	8	0	4	0	3	0	0	0	0	0	0	1	7	0	2	0	2	0	0	54939	7	0	0	0	0	0	0	0	0	0	3	0	0	0	286	1	0	1	0	0	0	0	0	0	0	54794	0	0	0	0	0	0	0	0	0	0	0	0	0	4	0	0	0	0	0	1	0	0	5	0	0	0	0	0	2	4	10	2	0	0	0	0	0	1	1	0	0	0	0	0	0	0	0	0	0	3	5	0	0	0	0	4	0	0	0	0	0	4	0	5	4	0	0	0	4	2	0	0	4	0	0	0
I	10	56495	1	0	1	0	0	0	0	0	44	0	0	0	0	0	0	0	0	0	0	0	0	0	0	0	0	1	56951	0	0	5	0	0	0	0	1	0	0	3	0	0	0	0	0	0	0	1	0	0	0	0	0	8	0	0	0	1	0	0	0	0	0	0	0	0	0	4	0	0	0	2	2	0	0	0	0	0	0	0	0	0	0	0	0	0	0	0	0	0	0	0	0	0	0	0	0	0	0	0	0	0	0	1	4	0	0	0	0	0	0	0	0	4	54094	15	0	0	0	5	0	0	0	0	2	0	0	0	0	2	0	0	0	0	0	0	142	0	0	0	49556	0	0	0	0	2	0	15	0	0	0	0	0	0	0	0	1	0	0	0	0	0	0	0	0	0	0	3	0	0	2	0	0	0	1	0	256	20	0	0	0	0	0	0	0	0	1	0	1	0	0	0	0	0	0	51959	27	0	0	0	0	0	1	6	0	0	58114	0	0	0	0	0	0	0	0	0	0	0	0	0	51036	0	0	0	33	0	0	50098	0	0	0	0	0	0	0	0	0	0	0	0	0	0	0	0	0	49299	0	0	0	0	6	0	0	47810	0	1	0	0	0	0	0	0	1	0
K	0	1	4	11	3	556	0	0	0	0	0	0	0	0	0	0	2	1	0	0	0	0	1	0	0	8	7	0	0	0	0	0	0	0	0	0	0	0	0	0	0	4	0	0	1	0	0	0	0	50697	0	0	0	0	0	0	0	5	5	0	9	0	1	0	0	0	0	0	0	0	0	0	0	0	0	0	0	0	21	0	0	0	0	0	0	2	0	0	0	0	0	0	0	0	0	1	0	0	0	9	0	0	0	0	0	1	0	0	0	0	2	51342	0	0	4	4	0	0	0	2	1	0	0	0	0	0	0	0	0	0	0	1	0	0	0	6	0	46049	0	0	0	2	0	0	0	0	0	0	1	1	0	0	0	21	14	0	0	0	0	2	0	0	12	0	0	0	0	0	0	0	0	0	0	0	49094	0	0	0	0	0	0	3	0	0	0	0	0	0	0	0	0	0	0	0	5	0	4	0	1	7	0	0	0	0	0	0	0	0	0	0	0	1	0	0	0	0	0	0	11	0	0	1	0	0	0	0	0	0	0	2	0	0	0	1	0	0	0	0	0	0	0	0	0	0	0	0	0	0	0	0	0	11	0	0	0	0	0	0	0	0	0	3	0	0
L	5	0	0	2	2	0	59383	1	2	0	57	3	0	0	9	3	1	19	55379	12	1	2	1	32	0	13	1	0	8	0	6	0	6	1	0	5	3	5	52134	0	1	0	0	10	0	13	59851	17	17	0	0	1	53646	0	12	0	51816	0	0	54769	1	2	5	0	0	8	49498	0	6	51553	0	0	0	1	10	3	0	0	0	8	47872	0	11	4	0	0	0	0	5	0	8	50639	50408	49010	1	0	5	1	0	1	0	51954	52657	0	1	2	51322	1	10	0	1	0	2	1	1	0	0	0	0	8	7	5286	41519	1	0	48424	0	3	1	0	0	2	4	0	0	1	0	0	0	6	0	0	11	0	5	0	4	4	1	0	0	51410	9	0	1	0	0	54222	0	0	0	1	27	0	48549	0	5	0	0	48551	17	1	12	46333	0	0	402	1	8	0	0	0	0	55794	10	8	0	3	0	5	0	0	50703	2	1	3	2	7	1	1	0	7	3	0	1	4	3	0	0	1	10	53621	1	12	0	0	5	0	1	0	8	0	48650	0	0	7	0	1	0	0	2	54030	1	2	0	15	1	1	10	8	57631	9	57974	1	2	4	0	0	5	0	2	0	6	8	0	7	0	9	50350	52925	1	1	7	16
M	58096	2	0	0	0	7	10	0	0	0	0	0	0	0	0	5	0	0	12	0	0	0	0	0	0	0	0	0	5	0	0	0	0	0	0	3	0	0	9	0	0	0	0	0	0	1	6	0	3	1	0	0	3	0	0	0	4	0	0	6	0	0	0	0	0	0	13	0	0	15	0	0	0	0	1	0	0	0	0	0	3	0	1	3	0	0	0	0	0	0	0	2	5	6	0	0	0	0	0	0	0	13	5	0	0	0	8	0	0	0	0	0	2	0	0	54188	0	0	0	35699	0	1	13	0	113	11	0	0	0	0	0	0	0	0	0	0	1	0	0	0	0	0	0	0	0	0	0	51572	0	0	0	8	2	0	0	0	0	9	0	0	0	0	7	0	12	0	0	0	0	0	0	0	0	9	0	0	341	49832	0	0	0	0	0	7	1	1	0	0	0	0	0	0	10	0	0	0	58707	1	0	0	0	0	0	0	0	0	4	0	0	0	0	8	0	4	0	0	0	0	0	0	0	0	3	0	0	0	0	0	0	0	0	7	0	0	0	0	0	0	0	0	5	2	6	0	0	0	0	0	0	0	0	0	0	1	0	0	0	0	12	4	0	0	0	0
N	0	263	43	0	208	35	0	14	0	0	1	0	0	0	0	0	0	0	0	0	0	0	2	0	0	0	0	8	1	0	0	0	4	0	0	0	0	0	0	0	0	0	0	0	1	0	0	0	0	1	4	3	0	0	0	0	0	52133	0	0	0	2	0	0	0	0	0	1	0	0	0	4	7	0	0	0	0	0	0	0	0	1	0	0	2	0	0	0	0	3	0	0	0	0	0	0	0	0	0	0	1	0	0	1	0	12	0	0	0	0	0	3	0	1	2	0	0	2	0	0	0	0	0	6	3	0	0	0	0	6	0	0	0	1	11	0	0	1	5	0	1	0	0	0	0	4	0	0	0	0	0	0	0	3	0	2	8	0	1	0	0	58	0	0	0	0	0	0	0	0	0	0	0	0	1	0	61	0	0	2	0	0	0	0	0	0	7	14	0	3	0	0	0	0	45988	2	0	0	0	42830	0	0	0	1	0	0	2	3	0	0	0	0	0	0	0	3	0	0	0	1	2	0	0	0	3	0	0	0	0	0	0	0	0	0	0	0	0	1	0	0	0	0	0	0	0	0	0	0	0	3	2	0	0	2	0	0	0	0	0	0	0	0	0	0
P	0	0	0	4	0	348	14	1	3	0	3	54232	0	1	0	0	0	4	4	0	0	0	0	0	1	1	2	1	0	0	0	0	0	1	0	0	0	1	2	0	0	4	0	2	55339	0	6	0	0	0	0	0	15	0	0	0	5	0	0	6	0	0	0	0	1	0	5	0	0	7	0	0	0	0	0	44029	0	2	2	15671	2	0	0	0	1	0	2	0	1	0	0	7	3	4	0	0	0	45195	0	5	0	7	3	0	0	19	5	1	45720	0	0	0	0	0	0	0	0	0	2	0	0	1	2	12	3	8	0	42372	0	1	0	43472	0	0	2	0	0	0	11	1	0	0	4	0	3	0	1	0	0	0	0	5	0	0	5	0	0	5	0	0	0	0	3	0	0	0	45329	1	0	6	0	2	2	8	0	1	0	0	51787	0	0	0	0	8	0	0	0	15	0	0	0	0	1	51594	0	0	0	0	0	0	0	0	0	0	0	0	0	0	0	0	2	6	0	0	0	0	1	0	1	0	0	0	5	0	0	2	0	0	1	0	0	21	0	0	0	0	0	0	0	0	5	0	6	0	0	0	1	0	47431	0	0	13	2	0	0	0	0	0	2	6	0	0	0	0
Q	2	3	4	57913	6	0	8	2	0	0	130	14	5	0	2	0	5	0	1	1	0	0	0	0	9	55438	57225	0	8	0	0	0	1	2	24	0	0	0	0	1	0	47539	0	9	9	0	0	1	0	0	6	0	2	0	2	1	0	2	13	1	56870	0	4	0	1	0	1	0	0	0	0	0	0	1	0	16	0	4	47	4	1	1	0	0	0	0	1	0	0	0	0	2	1	2	0	8	0	18	0	49445	4	1	1	0	0	3	2	0	18	5	4	4	0	1	0	0	5	3	0	0	2	5	2	11	0	0	0	7	0	0	0	8	0	0	1	44629	1	0	11	0	8	1	0	0	0	0	0	4	2	4	0	1	1	0	54774	8	0	2	5	9	5	6	54447	0	3	0	12	0	4	1	0	1	0	3	1	0	3	0	5	0	0	6	2	14	0	2	0	25	1	0	0	2	0	11	0	9	39	0	3	0	0	0	0	0	3	2	0	0	0	2	0	0	0	1	0	0	0	0	52986	0	2	0	0	0	0	0	0	2	4	4	2	0	0	8	1	0	2	0	0	2	8	12	0	0	0	0	2	2	13	16	0	51200	0	3	1	0	1	0	0	0	0	2	0	0
R	32	10	30	22	1	5	4	6	1	2	10	4	4	1	6	0	0	51426	3	1	2	0	0	10	0	5	10	0	0	3	8	8	1	4	0	1	0	52716	3	5	0	8	2	48759	3	0	1	0	0	7	1	0	12	12	6	0	11	1	0	3	5	0	0	1	0	47099	2	10	4	0	0	0	0	3	2	8	2	5	1	8	6	0	0	0	0	3	0	2	42775	1	6	0	0	3	7	0	2	3	2	8	0	6	1	6	5	5	1	0	4	0	0	4	0	12	1	10	2	0	0	0	36573	31995	24	6	0	2	0	2	1	0	3	2	0	0	3	4	0	7	2	48156	0	0	47781	0	45235	0	50404	4	2	0	1	14	0	0	1	0	0	0	3	0	1	2	5	1	5	0	4	5	0	3	3	26	44572	1	7	1	39792	5	2	0	4	0	6	7	1	1	0	6	6	0	1	3	2	18	0	8	5	0	0	0	5	49666	0	14	0	0	0	0	2	2	52770	1	5	0	1	0	48322	0	3	2	0	0	4	0	0	50315	0	3	2	0	0	3	1	6	0	2	0	0	49028	2	13	5	33	0	3	3	0	0	21	0	9	4	50565	0	0	0	0	49717	0	0	0	1	0	0
S	0	2	0	0	0	0	0	0	13	4	50449	3	12	10	6	1	0	8	0	3	6	15	1	4	26	0	0	8	1	6	17	56792	240	7	16	0	1	6	0	51741	11	0	1	0	1	0	0	6	0	5	2	3	0	52949	1	5	0	4	0	2	0	0	0	8	10	9	0	52392	1	0	17	6	3	1	1	2	2	5	8	0	0	1	0	0	3	0	5	2	12	0	3	0	0	0	2	0	0	3	3	0	1	0	0	52317	51104	2	0	5	1	6	0	0	0	51270	4	0	10	0	7	0	6	10	0	1	2	0	1	3	6	2	0	2	1	0	0	0	12	0	0	12	0	0	11	7	10	0	12	0	0	7	2	0	1	0	0	0	1	0	0	0	0	0	0	2	0	11	2	8864	0	0	6	12	18	2	0	6	648	0	5	1	0	0	0	0	0	0	3	0	3	0	16	6	0	3	4	5	0	1	0	3	1	15	3	53325	1	8	0	0	0	11	13	0	3	0	14	0	9	9	0	0	13	15	0	10	8	15	0	0	5	0	0	3	1	10	0	0	12	0	12	6	0	0	0	1	5	3	7	7	0	0	51385	0	5	3	8	6	1	13	0	0	0	0	3	6
T	7	3	0	0	6	0	0	0	2	3	0	13	2	8	0	0	0	0	0	0	0	0	1	0	1	0	14	55594	3	1	0	0	0	2	3	0	0	0	0	0	2	1	5	0	5	0	0	0	0	5	52616	5	0	1	0	1	0	0	0	0	2	0	0	2	1	0	0	8	0	0	0	38467	39099	0	0	5	1	1	0	6	0	0	0	0	45664	0	1	0	0	3	0	0	0	4	0	0	0	7	1	0	0	0	1	5	2	0	0	1	5	2	0	1	5	0	4	4	3	1	0	3	0	1	0	11	39524	0	0	13	2	39161	0	11	0	0	0	0	2	5	2	0	7	0	0	1	0	43977	0	7	0	0	0	0	0	0	3	2	0	0	3	0	0	0	0	0	1	0	8	2	0	0	0	5	70	0	1	0	2714	3	6	2	1	4	0	0	0	1	53495	0	0	0	3	0	0	8	2	1	7	0	1	4	1	0	0	10	0	0	3	0	0	0	0	0	0	0	0	0	0	0	0	0	4	0	0	1	45309	1	0	8	1	0	0	0	0	0	0	0	3	0	4	0	0	0	1	2	0	2	0	2	2	0	3	0	0	2	0	0	0	0	0	0	0	0	1	0
V	18	2	1	0	5	9	1	0	22	12	0	0	2	8	0	32761	1	0	4	2	8	2	1	0	8	1	2	0	1	5	1	6	0	2	4	42488	1	0	3	1	2	0	4	0	0	60312	2	7	56015	0	0	88	2	0	4	2	0	0	1	1	0	0	0	2	2	0	1	0	0	1	7	0	0	5	44718	0	1	2	3	26069	7	1	48148	42739	0	2	0	13	0	0	0	0	1	1	5	3	43825	0	7	0	0	2	0	0	0	0	0	6	0	7	4	0	47597	0	3	3	7	4	2	1	0	0	2	0	0	4	1	0	0	0	0	0	3	2	0	0	4	0	0	0	9	0	0	3	0	0	0	5	2	1	5	3	52073	2	36	1	2	2	2	0	0	0	0	7	3	2	0	5	2	1	6	7	0	1	0	5	0	6	0	0	7	0	1	0	53745	48173	1	0	15	3	2	0	3	0	0	12	4	55978	1	1	9	0	3	0	4	2	6	0	9	8	0	3	9	51734	9	4	0	0	0	2	2	4	0	1	0	0	1	3	4	3	1	3	21	13	1	0	8	3	0	9	2	54767	3	0	12	4	6	1	0	4	0	0	0	1	1	1	0	0	1	3	0	0	0	2
W	0	0	0	0	0	0	0	0	0	0	0	0	0	0	44914	0	0	0	0	0	0	0	0	57125	0	0	0	0	0	0	1	0	0	0	0	0	0	0	0	0	0	0	0	0	0	0	0	0	0	0	0	0	0	0	0	0	0	0	0	0	0	0	0	0	0	0	0	0	54918	0	0	0	0	0	0	0	3	0	0	0	0	0	0	0	0	0	0	0	0	0	51239	0	0	0	0	0	0	0	0	0	0	0	0	0	0	0	0	0	0	0	0	0	0	0	0	0	0	0	0	0	0	0	0	0	0	0	0	0	0	0	0	0	0	0	0	0	0	0	0	0	0	0	0	0	0	0	0	0	0	0	0	0	0	0	0	0	0	5	0	0	0	0	0	0	0	0	0	0	0	0	0	0	0	0	0	0	74	108	0	0	0	0	0	0	0	0	0	0	0	0	0	3	0	0	0	0	0	0	0	0	0	0	0	0	0	0	0	0	1	0	0	0	0	0	0	0	0	0	0	0	0	0	0	0	0	0	0	0	0	0	0	0	0	0	0	51574	0	0	0	0	0	0	0	0	0	0	0	0	0	0	0	0	0	0	0	18	0	0	0	0	0	0	0	0
Y	0	0	0	0	41	0	0	3	0	0	129	0	0	0	0	0	0	0	0	0	0	58416	17	0	0	0	0	0	0	0	2	0	12	0	0	0	1	0	0	0	0	0	0	0	0	0	1	0	0	0	0	17	0	0	0	0	0	1	0	0	0	11	0	0	0	0	0	0	0	0	0	0	0	0	0	0	0	0	240	0	0	7	0	0	0	0	0	0	0	7	0	0	0	0	0	0	0	0	0	0	9	0	0	0	0	0	0	0	0	0	0	0	0	0	0	0	0	15	0	0	0	0	0	2	0	0	10	0	0	0	1	0	1	8	4	0	0	0	1	0	0	0	0	0	0	0	0	0	0	0	0	0	0	12	0	9	13	0	14	0	0	5	1	0	0	0	0	0	0	0	0	0	0	0	0	0	209	0	0	8	0	0	12	0	0	0	0	2	0	11	0	1	0	0	2	0	0	0	0	0	0	0	0	0	0	0	0	11	0	0	0	0	0	0	0	15	0	52040	0	13	0	0	0	0	0	0	8	0	0	0	0	0	0	0	0	0	0	13	0	1	0	0	0	61511	0	0	0	0	0	14	0	0	0	0	0	0	51058	0	0	0	15	0	0	0
