KKA2_S2_Ami18_L2
Position	1	2	3	4	5	6	7	8	9	10	11	12	13	14	15	16	17	18	19	20	21	22	23	24	25	26	27	28	29	30	31	32	33	34	35	36	37	38	39	40	41	42	43	44	45	46	47	48	49	50	51	52	53	54	55	56	57	58	59	60	61	62	63	64	65	66	67	68	69	70	71	72	73	74	75	76	77	78	79	80	81	82	83	84	85	86	87	88	89	90	91	92	93	94	95	96	97	98	99	100	101	102	103	104	105	106	107	108	109	110	111	112	113	114	115	116	117	118	119	120	121	122	123	124	125	126	127	128	129	130	131	132	133	134	135	136	137	138	139	140	141	142	143	144	145	146	147	148	149	150	151	152	153	154	155	156	157	158	159	160	161	162	163	164	165	166	167	168	169	170	171	172	173	174	175	176	177	178	179	180	181	182	183	184	185	186	187	188	189	190	191	192	193	194	195	196	197	198	199	200	201	202	203	204	205	206	207	208	209	210	211	212	213	214	215	216	217	218	219	220	221	222	223	224	225	226	227	228	229	230	231	232	233	234	235	236	237	238	239	240	241	242	243	244	245	246	247	248	249	250	251	252	253	254	255	256	257	258	259	260	261	262	263	264
Wild-type	M	I	E	Q	D	G	L	H	A	G	S	P	A	A	W	V	E	R	L	F	G	Y	D	W	A	Q	Q	T	I	G	C	S	D	A	A	V	F	R	L	S	A	Q	G	R	P	V	L	F	V	K	T	D	L	S	G	A	L	N	E	L	Q	D	E	A	A	R	L	S	W	L	A	T	T	G	V	P	C	A	A	V	L	D	V	V	T	E	A	G	R	D	W	L	L	L	G	E	V	P	G	Q	D	L	L	S	S	H	L	A	P	A	E	K	V	S	I	M	A	D	A	M	R	R	L	H	T	L	D	P	A	T	C	P	F	D	H	Q	A	K	H	R	I	E	R	A	R	T	R	M	E	A	G	L	V	D	Q	D	D	L	D	E	E	H	Q	G	L	A	P	A	E	L	F	A	R	L	K	A	R	M	P	D	G	E	D	L	V	V	T	H	G	D	A	C	L	P	N	I	M	V	E	N	G	R	F	S	G	F	I	D	C	G	R	L	G	V	A	D	R	Y	Q	D	I	A	L	A	T	R	D	I	A	E	E	L	G	G	E	W	A	D	R	F	L	V	L	Y	G	I	A	A	P	D	S	Q	R	I	A	F	Y	R	L	L	D	E	F	F
A	0	3	5	1	0	4	6	4	29646	7	2	0	29291	28427	5	9	5	1	0	2	6	0	6	1	29627	5	1	21	0	5	1	4	5	29293	29314	5	2	3	5	0	28022	1	5	3	9	7	33	6	13	1	6	8	10	0	5	28904	2	0	0	6	7	3	9	28885	27529	1	0	0	0	3	28278	7	19	7	4	15	4	26330	26461	19	1	6	2	6	8	5	26041	0	0	2	0	0	6	2	11	9	9	3	5	12	8	1	4	4	6	5	6	27093	3	27160	5	2	5	1	10	3	28296	1	19928	1	2	1	5	2	10	1	4	6	21585	6	3	6	5	6	1	5	24626	1	2	4	2	5	5	25206	1	5	1	5	2	26812	8	0	3	3	4	18	3	8	4	10	15	2	0	7	1	28159	8	28729	7	3	5	27564	5	6	4	26418	24	5	2	4	8	10	3	2	11	12	17	5	12	10	29341	5	7	4	6	7	5	14	5	1	7	4	6	4	10	3	4	14	5	9	7	3	11	5	30693	0	5	0	5	12	3	29059	4	27365	11	2	6	2	30156	6	6	7	6	12	11	2	28840	12	5	3	2	8	6	9	11	2	26038	24638	13	16	4	7	3	2	26795	1	3	5	6	6	4	4	5	6
C	0	1	4	2	1	12	4	5	3	13	9	2	5	2	16	3	6	7	2	6	15	7	4	32	10	5	4	3	1	11	30337	3	2	3	3	2	3	5	0	3	5	2	20	4	2	6	2	2	11	2	7	9	2	3	17	2	5	2	2	3	7	1	1	5	6	2	1	2	6	4	9	0	19	19	4	3	23914	4	9	6	5	4	4	6	6	3	4	12	8	0	7	2	0	2	11	3	1	12	22	4	2	3	1	5	4	3	4	3	2	7	4	3	3	5	8	4	8	2	1	0	2	8	1	0	4	2	1	1	4	6	21852	3	5	2	3	4	7	5	4	11	4	3	7	3	4	3	9	4	0	1	18	1	2	1	4	2	7	0	5	5	5	2	5	25	3	3	3	2	3	1	1	14	17	10	4	15	20	10	9	10	11	2	4	4	3	3	6	3	13	5	4	28228	3	6	2	3	4	3	4	3	15	8	1	8	16	13	6	4	30433	16	4	4	11	2	4	3	5	10	8	6	3	5	2	5	7	8	7	7	5	3	4	11	7	24	5	16	2	8	6	12	3	5	4	10	12	9	26	0	1	10	8	4	9	4	8	5	4	7	4	10	7	1	5	1
D	0	8	9	3	31453	8	2	5	6	13	3	8	4	3	1	4	12	2	3	3	1	3	30326	0	7	5	7	2	0	7	1	2	28589	5	11	3	1	0	1	1	6	7	6	1	2	4	0	2	1	9	4	28711	1	4	5	9	1	4	6	12	2	30752	9	3	2	2	3	5	1	1	4	5	4	11	9	4	1	8	23	7	2	29807	3	3	3	4	5	5	2	24889	6	3	2	4	7	2	10	2	3	4	28677	9	8	6	4	7	2	11	1	3	2	5	5	5	9	3	0	20269	3	2	4	7	1	3	3	5	24172	1	6	0	2	3	5	23042	5	8	8	8	6	4	5	8	2	4	2	8	3	0	8	5	6	7	1	28021	3	28730	28887	1	29776	2	7	4	3	5	5	5	5	5	3	1	5	24	6	3	7	18	12	4	0	28082	7	4	27867	5	5	7	5	12	14	27958	2	8	6	4	19	5	7	7	4	6	8	6	1	3	8	8	3	29255	3	16	5	1	8	7	7	26192	3	10	9	29262	3	4	1	7	5	4	28635	6	5	12	14	4	3	11	8	3	4	27024	5	4	9	12	2	5	15	1	5	11	1	27259	7	14	5	3	6	2	10	6	5	1	27718	3	1	5
E	0	3	29477	7	6	6	2	4	16	6	2	4	12	10	0	3	27027	3	3	5	3	1	4	9	13	7	9	1	3	0	4	3	2	8	11	2	5	4	2	1	12	6	1	6	1	2	5	3	7	4	3	6	9	2	3	11	2	4	29179	2	9	5	29224	5	8	2	2	5	2	4	13	9	7	3	14	7	5	8	20	10	0	6	2	2	0	25490	11	1	5	3	6	1	2	4	11	25915	4	4	1	5	6	2	4	3	2	2	6	10	3	10	26603	8	5	4	5	8	10	3	3	3	1	4	2	4	4	2	10	1	7	1	1	2	2	4	5	3	5	10	1	1	1	24911	4	5	3	3	1	2	27400	10	5	4	2	7	5	8	7	1	7	29174	28584	8	2	6	1	6	3	10	25444	3	7	13	9	6	11	51	6	2	5	3	10	27331	7	3	10	10	6	9	7	9	6	1	6	6	5	4	11	8	31957	3	2	4	3	7	4	4	1	5	6	1	3	2	1	6	9	4	5	3	6	5	4	12	2	7	7	7	7	2	12	28295	28950	8	4	4	28227	3	9	11	8	2	3	9	8	4	4	2	8	9	11	4	5	11	5	1	18	3	1	4	1	10	7	26549	3	5
F	0	4	3	2	4	0	3	4	2	1	4	2	1	1	7	5	0	5	4	29676	4	4	3	3	4	8	2	3	1	4	7	2	3	4	3	3	25839	6	0	6	3	4	6	3	1	10	4	30661	9	0	3	6	5	0	5	7	2	2	2	6	4	0	2	1	2	2	2	2	3	4	4	12	5	10	9	2	20	6	6	10	2	2	7	3	1	4	6	1	1	4	5	6	4	13	5	3	5	5	6	2	4	6	8	3	0	2	9	6	10	4	6	1	2	5	1	2	5	11	3	3	2	1	3	4	4	4	6	5	5	3	13	4	23217	5	3	5	1	2	9	1	6	3	1	3	4	2	1	0	2	5	3	2	8	3	1	5	4	2	3	2	2	7	3	7	3	4	2	3	2	7	27659	17	19	2	3	10	11	6	2	5	2	0	4	2	9	5	4	11	4	5	8	21	5	8	3	4	5	10	6	9	3	4	30290	7	5	32337	8	4	11	3	4	2	6	9	7	5	3	3	3	0	2	6	5	2	5	13	11	7	7	4	6	6	7	3	6	4	2	3	9	29536	4	8	7	5	2	2	3	1	3	3	10	2	5	5	4	25673	6	4	4	2	6	1	26808	27460
G	0	1	8	3	5	30703	3	7	2	28655	13	0	4	8	20	6	7	1	4	5	31430	1	5	3	8	2	4	7	2	31764	3	7	7	7	5	12	3	5	3	8	6	2	26726	9	0	6	6	1	7	2	1	7	1	4	28676	5	2	2	4	3	3	4	4	9	6	5	0	6	13	1	10	0	13	28051	9	7	9	9	12	18	0	6	14	3	3	2	2	25564	4	4	11	2	0	1	27954	3	5	2	27067	5	6	0	0	12	19	2	2	6	4	7	7	0	5	17	2	3	6	2	9	0	6	6	1	2	5	1	5	0	3	3	0	2	1	2	3	7	8	4	2	16	0	5	1	6	3	5	10	1	5	8	27204	1	6	6	3	9	13	3	6	8	2	2	4	29624	2	10	1	1	2	4	1	23	10	0	3	6	17	6	3	2	28439	4	4	5	11	10	2	5	31923	4	8	12	3	7	5	5	2	9	12	5	28638	6	4	14	30078	2	3	5	8	29629	6	3	31598	12	4	2	8	2	2	11	2	8	8	6	1	18	6	5	10	12	4	2	29496	27482	3	14	5	8	7	4	10	4	11	4	33151	1	9	5	3	8	5	7	6	4	8	3	5	7	6	4	4	8	3	0
H	0	10	5	7	7	8	3	30688	6	3	2	5	0	4	3	5	5	7	2	2	0	9	2	2	5	7	8	1	8	2	1	1	2	0	2	4	2	5	3	3	2	7	2	5	7	0	4	3	3	2	3	5	5	2	10	4	1	0	0	4	16	8	1	3	2	5	1	3	2	1	1	5	11	5	7	2	3	3	8	7	2	12	1	4	1	2	4	3	7	9	5	3	6	9	3	6	1	4	2	7	6	5	8	2	1	27706	4	4	2	4	6	4	2	6	5	5	5	9	4	1	2	4	5	22798	1	9	6	6	2	4	0	5	1	3	23740	13	4	4	24652	6	0	5	11	1	9	2	10	2	8	1	6	3	4	12	13	4	1	5	11	3	1	29835	13	2	7	4	5	4	4	7	0	15	18	1	6	10	21	2	6	6	5	5	10	5	6	4	6	31358	5	4	8	0	6	4	6	7	3	13	9	10	4	11	3	0	9	5	6	5	4	5	10	2	3	5	3	13	9	13	17	4	8	4	7	3	10	10	4	4	7	7	9	5	4	5	9	3	1	10	11	4	5	6	5	4	7	5	1	1	8	8	7	13	13	6	8	4	7	3	5	3	4	3	3	7
I	14	29359	2	6	4	2	7	3	2	6	17	2	4	3	0	5	0	3	5	2	3	0	6	1	1	4	3	4	30166	2	1	12	1	3	1	3	1	5	5	11	2	4	8	2	7	2	2	2	3	3	4	10	8	10	1	2	2	1	1	1	2	1	1	3	1	1	0	11	3	4	1	11	7	9	14	5	5	8	5	19	5	3	7	2	3	7	1	4	3	1	3	1	0	7	4	3	6	2	4	4	10	3	8	9	9	4	3	3	5	3	1	2	5	6	29165	30	4	4	0	4	1	3	5	3	6	4	3	2	6	7	0	3	5	3	1	3	4	9	1	3	26128	4	6	5	2	6	4	19	4	9	4	11	5	2	4	0	27	5	6	1	4	8	4	24	2	6	1	0	2	4	8	6	10	8	3	7	22	16	5	3	4	1	4	5	6	11	10	7	4	6	9	9	12	3	3	30193	29	9	3	7	2	2	0	6	4	5	33117	4	2	2	3	4	8	3	3	12	2	12	2	7	28814	7	11	4	17	3	5	28164	2	3	7	6	3	4	8	2	3	0	2	5	6	7	9	8	4	26278	1	4	5	3	18	2	3	25272	7	6	4	3	4	3	6	4	5	2
K	1	3	6	11	12	4	0	1	1	4	5	0	1	2	5	2	12	3	2	2	1	3	6	1	2	7	9	4	4	3	8	1	9	2	4	2	0	3	6	2	9	8	1	2	2	3	1	4	3	27851	6	1	2	3	3	2	4	12	7	3	6	6	8	1	4	2	6	3	3	5	2	11	16	9	7	5	8	10	4	7	4	4	1	1	2	6	2	2	0	4	3	2	5	3	4	5	6	6	4	18	3	1	5	1	7	6	7	3	6	9	10	27986	2	4	5	2	2	6	2	1	0	1	2	5	6	3	1	2	4	7	0	4	5	2	0	12	5	24535	5	5	2	9	5	7	4	4	4	6	10	2	4	2	3	15	15	6	6	3	6	5	4	7	13	3	8	3	4	6	10	6	6	11	14	1	28044	5	10	3	4	9	2	5	7	5	11	10	2	8	12	4	10	5	1	3	11	6	6	2	13	10	4	5	1	5	11	8	4	2	4	0	4	3	2	4	6	2	4	3	9	4	5	7	3	3	3	9	3	4	4	7	14	5	4	12	5	4	2	6	6	5	9	8	8	5	2	5	6	4	6	6	12	7	7	3	14	3	4	1	7	5	4	3	3	4
L	5	11	1	6	4	4	30586	10	5	1	13	7	1	4	14	12	3	19	29041	16	9	6	0	25	6	5	5	2	8	2	11	2	12	2	4	9	8	9	28407	3	6	5	3	13	4	11	32100	15	13	1	4	3	29950	2	26	3	29321	0	6	31003	5	4	2	2	2	12	28561	2	10	29810	3	4	3	6	12	3	3	3	6	21	29091	2	10	8	1	2	2	2	10	2	16	28587	28586	27669	5	2	7	5	4	9	1	28928	29079	2	4	6	28207	6	7	5	5	1	10	3	5	8	5	6	5	13	7	12	22403	2	5	25916	3	8	7	4	3	4	13	3	3	4	3	11	6	14	2	4	15	5	10	2	13	4	2	6	5	26893	12	4	8	2	1	29214	2	2	2	6	8	4	27562	6	11	4	4	27710	23	14	24	26907	0	17	20	2	9	2	7	0	3	31513	15	20	9	4	7	10	7	11	29702	9	3	10	9	13	5	8	5	19	8	5	3	11	8	7	3	9	19	30805	10	11	10	4	6	14	9	4	11	4	27449	4	6	17	3	4	4	3	5	29632	6	14	3	16	5	6	0	14	30997	25	31240	11	6	11	7	5	6	7	4	6	12	14	4	11	2	6	26326	27403	7	11	9	8
M	29672	7	3	4	5	4	13	2	7	5	10	2	5	2	4	4	6	1	6	2	3	3	5	3	3	4	1	4	9	1	5	2	6	1	3	3	3	2	18	6	7	4	2	6	3	5	13	6	5	4	3	5	6	5	4	5	4	2	2	5	4	1	0	1	4	2	10	5	3	11	2	10	10	7	17	11	1	9	14	11	15	0	8	10	4	0	4	1	1	0	2	6	5	14	2	2	5	6	1	9	0	13	10	1	4	1	6	8	4	4	3	1	6	4	5	29245	6	3	1	19917	3	2	12	1	7	16	2	5	2	8	2	5	5	1	8	4	5	4	8	2	6	4	1	2	1	3	1	27104	0	7	4	23	9	2	4	3	7	13	4	6	6	3	7	4	7	9	2	9	2	9	5	15	13	8	1	22	8	28170	5	3	6	1	2	7	14	5	7	4	2	5	12	8	15	3	3	10	33298	10	6	5	8	2	6	5	2	7	11	5	3	1	1	13	4	8	5	3	5	7	4	7	14	4	15	1	6	0	6	5	8	8	3	6	2	8	3	16	7	1	2	6	9	7	13	1	5	9	7	3	11	2	10	15	2	5	7	2	3	12	14	8	1	3	5	3
N	0	9	4	2	8	5	3	15	1	4	1	3	1	1	3	2	1	3	1	2	3	4	4	1	3	2	4	11	4	2	3	5	2	6	2	5	2	2	3	3	3	2	3	1	3	4	4	1	2	6	4	6	1	3	1	7	5	29526	2	5	5	5	3	6	2	2	2	9	2	2	1	6	17	21	11	4	11	6	8	4	0	2	2	4	5	4	2	3	4	3	1	1	3	2	7	5	4	2	10	5	10	4	7	8	14	6	2	5	2	4	8	5	8	2	7	5	4	3	2	6	0	1	3	6	10	0	2	2	2	9	5	6	1	3	10	5	5	5	12	2	3	5	3	2	5	5	4	7	6	3	11	6	0	5	2	15	6	5	12	5	3	7	5	5	1	6	9	3	3	3	5	12	16	5	8	7	9	0	4	6	5	8	7	1	4	2	19	13	5	9	4	9	5	3	27043	2	7	7	9	25852	4	6	2	2	6	4	10	9	8	1	3	3	2	3	5	1	3	9	7	7	3	2	3	1	9	7	5	3	1	5	7	3	4	10	7	4	6	6	4	10	2	4	6	8	4	2	9	4	3	8	1	5	6	7	4	4	3	4	6	4	9	5	3	3
P	0	2	3	9	1	10	25	1	6	3	2	28671	4	2	4	5	2	5	5	0	2	2	0	5	4	7	7	1	3	5	1	2	0	2	4	2	1	2	8	3	6	13	2	8	30252	5	15	0	3	0	3	1	8	0	4	6	5	1	1	12	4	1	1	1	4	0	3	5	5	4	3	6	11	6	4	25936	1	13	0	7	10	0	5	4	3	1	3	0	3	1	6	11	2	17	7	2	2	25946	4	8	0	8	10	3	1	13	14	6	25255	10	2	5	2	1	5	6	10	2	2	4	5	2	10	10	1	2	1	22545	3	4	2	23271	0	3	9	2	8	2	7	3	1	2	3	2	6	5	7	5	0	3	2	5	7	2	1	2	2	4	3	2	4	2	6	2	6	2	26120	7	9	7	2	30	7	12	2	7	13	4	29202	0	2	5	2	11	4	12	9	23	2	6	8	4	8	30029	6	3	2	12	6	5	5	3	5	5	3	2	5	10	3	4	7	7	2	2	1	3	8	9	6	2	2	8	4	3	6	7	0	5	7	1	2	16	3	4	4	2	5	5	4	8	11	5	12	3	2	6	8	12	25368	1	5	19	1	6	7	2	5	6	7	5	5	0	3	4
Q	1	8	6	30026	5	5	14	6	6	6	4	17	9	4	7	6	6	2	3	11	2	4	3	6	9	29501	30223	2	6	1	7	2	1	10	22	6	2	0	4	4	1	26146	3	8	9	3	0	2	6	2	7	1	6	3	4	6	4	1	19	3	31934	2	2	4	5	2	3	4	4	4	6	3	9	10	2	14	10	14	72	22	3	3	4	2	3	2	2	2	1	3	4	4	2	6	5	12	7	23	3	27964	4	5	7	5	6	7	2	8	10	5	9	5	8	2	7	4	4	11	2	3	2	3	3	16	3	4	3	9	6	1	3	15	4	2	4	23716	7	5	10	3	7	6	4	6	7	6	3	7	4	16	7	3	8	4	28575	15	3	4	6	13	18	24	29652	7	6	5	13	6	6	6	1	20	11	5	5	14	19	9	11	5	3	13	5	25	4	8	3	17	5	8	10	3	7	12	6	11	55	11	11	12	5	3	3	3	5	12	0	10	3	2	5	7	7	3	5	3	4	1	30023	5	5	2	5	7	8	4	10	7	7	6	9	4	2	6	5	9	6	8	6	2	23	18	5	9	1	2	11	1	18	28	4	26961	3	6	6	1	3	4	2	8	5	6	6	6
R	19	9	3	18	9	17	8	8	4	7	11	6	11	4	9	4	3	27319	6	1	4	2	5	4	3	10	3	1	3	1	9	11	9	2	3	0	7	28808	8	12	2	13	13	26785	3	3	5	3	2	15	2	1	9	5	3	3	10	3	1	6	17	1	0	3	3	27399	1	8	6	6	4	2	6	19	3	11	8	15	9	17	10	2	3	3	2	3	1	4	25053	6	9	1	3	5	8	2	5	7	6	4	4	16	12	14	7	6	7	5	1	2	5	8	9	15	4	10	2	9	3	0	20534	20590	22	5	3	7	4	9	4	1	6	4	2	5	3	18	5	12	11	25416	0	5	25350	1	24128	7	26406	3	7	5	5	15	3	9	8	10	10	5	11	7	7	5	11	6	11	1	10	4	2	10	5	16	25805	8	4	11	25808	11	15	5	6	4	14	14	1	7	5	5	10	4	4	17	11	16	6	14	11	6	11	4	4	28947	1	18	6	0	8	8	6	3	30389	8	2	5	6	5	27684	9	4	3	4	6	10	0	6	28621	3	3	9	3	7	5	4	12	2	16	4	2	27074	4	16	17	41	3	11	8	3	8	18	3	12	6	26682	1	7	3	4	26208	1	6	3	2	2	4
S	0	6	3	2	3	3	4	1	13	4	27153	5	5	10	3	9	7	9	4	8	7	12	4	7	20	1	2	8	2	8	17	30219	8	12	7	1	5	11	2	28077	3	2	6	6	3	4	2	9	5	8	4	5	5	29810	7	15	4	1	0	4	4	1	0	9	6	9	2	29805	5	1	16	3	15	23	3	22	3	16	7	10	1	1	4	0	10	4	7	3	20	0	4	5	5	4	3	4	2	13	9	3	4	2	2	28855	28234	0	6	12	10	13	6	3	0	27796	12	7	12	2	1	6	12	12	4	4	5	4	2	5	2	3	6	0	4	5	3	8	10	5	6	18	3	2	8	9	15	2	12	3	2	17	7	2	3	4	3	3	2	2	0	1	7	2	2	9	2	10	5	19	5	3	3	18	44	5	3	10	40	7	14	2	3	3	5	3	1	9	11	7	14	4	19	7	11	9	9	13	3	6	11	9	7	16	5	30612	6	11	4	8	9	11	13	3	13	3	10	1	15	7	2	2	20	20	4	12	18	16	15	5	6	7	2	6	12	10	2	8	4	6	11	4	2	2	4	3	5	6	6	10	2	4	27275	2	12	6	9	9	5	6	4	1	5	2	5	4
T	3	3	3	4	15	5	3	3	3	5	2	14	4	9	4	2	2	5	3	1	5	1	1	2	10	1	13	29583	4	5	5	4	7	2	3	5	0	3	2	3	12	2	13	5	10	2	5	0	6	10	28849	5	4	1	3	6	5	3	2	1	3	3	3	0	4	2	2	11	2	1	8	23720	23983	17	7	14	11	17	18	2	2	2	1	1	26233	2	1	5	4	5	2	2	2	10	4	5	0	9	2	5	4	1	8	10	9	1	3	6	15	4	2	5	14	5	6	5	7	3	4	2	3	5	2	6	21725	1	1	11	7	21252	2	10	1	1	2	2	11	4	6	8	6	2	5	6	3	23477	4	4	1	13	12	3	3	6	3	3	1	1	9	1	4	3	2	2	4	7	11	8	4	1	3	12	18	3	5	6	20	2	13	3	9	5	4	2	2	11	30682	2	3	5	5	17	5	9	3	6	8	3	1	3	4	7	6	18	3	5	9	4	6	5	9	4	7	6	17	2	3	9	3	3	7	3	9	3	26222	7	5	12	11	2	1	12	3	8	3	1	9	6	2	1	8	8	2	9	4	7	6	7	8	2	5	7	2	5	3	3	1	4	9	6	2	2	5	4
V	23	5	5	6	7	13	5	4	11	12	1	1	3	11	5	18037	0	4	3	2	5	3	9	1	8	7	3	1	6	14	5	3	2	5	5	23934	6	1	6	5	4	0	7	3	1	32511	8	4	30361	2	3	4	3	7	12	7	4	3	3	2	3	7	2	2	6	1	1	0	1	3	10	2	7	25	26224	4	5	7	23	25682	5	0	27447	24901	3	0	11	8	3	3	2	3	6	11	9	4	25266	4	17	8	5	11	8	3	1	6	5	7	1	12	7	1	26063	4	11	12	10	7	11	3	2	0	13	1	1	7	0	6	7	2	2	4	5	8	3	7	8	5	3	4	9	1	2	8	2	2	1	7	6	14	14	9	27459	6	6	8	12	3	5	2	6	2	5	10	2	13	4	6	4	4	16	53	10	8	4	14	10	4	4	4	15	2	3	8	30617	27812	7	7	17	5	10	5	11	3	4	14	8	31738	4	5	9	5	5	7	11	8	14	2	9	16	1	12	17	29429	12	8	4	4	6	6	5	15	5	10	6	4	11	5	17	10	8	9	17	11	6	7	11	5	2	12	9	29748	9	0	12	14	22	5	6	3	9	5	3	6	8	7	0	6	7	8	1	8	4	9
W	0	2	7	3	4	3	4	4	1	2	4	3	1	2	24237	5	1	4	5	2	3	2	1	30023	0	4	4	4	0	1	4	2	4	3	1	0	3	1	5	3	6	1	0	2	1	7	0	4	4	1	2	1	4	1	3	0	1	0	2	3	0	1	1	4	4	4	3	0	30898	3	2	5	4	9	8	4	10	10	8	9	3	1	1	2	4	1	7	2	3	1	28692	1	1	7	10	2	0	3	6	1	0	1	4	1	1	4	4	2	3	4	5	1	2	4	3	7	5	0	4	2	5	6	2	4	1	3	3	8	2	2	3	4	5	2	1	2	5	4	4	5	2	6	0	3	5	4	7	1	2	5	4	4	2	3	6	1	2	4	4	6	6	1	6	4	5	2	3	1	3	3	2	22	20	0	2	33	12	9	7	7	5	0	2	7	5	4	7	2	9	1	10	10	5	3	2	2	7	6	3	4	5	2	4	5	8	11	9	4	0	4	2	1	10	7	5	2	7	3	3	1	8	3	10	6	5	10	3	4	7	8	6	6	5	5	4	28215	4	5	9	9	1	5	7	2	4	1	3	7	1	2	6	6	4	6	3	4	3	5	1	9	2	6	3	2
Y	0	1	5	5	18	7	2	7	2	2	3	1	5	1	2	1	3	2	3	4	2	30535	17	4	1	3	2	4	2	1	7	0	22	1	5	1	3	2	1	2	3	2	3	6	4	5	3	3	3	3	1	12	3	4	2	2	3	3	3	0	3	4	5	4	4	5	1	1	6	2	4	5	7	3	6	8	7	7	7	7	3	10	4	3	1	2	5	3	0	7	4	0	0	3	1	3	7	2	8	5	13	3	3	2	5	6	4	4	3	2	4	4	4	4	6	7	7	13	2	2	2	0	1	3	1	3	11	3	4	4	5	4	2	12	8	1	2	5	8	1	1	4	2	3	3	4	1	2	9	4	4	3	4	9	8	8	16	2	15	6	5	10	3	2	6	4	3	3	5	4	9	16	14	2	5	3	7	6	4	11	11	2	11	5	5	3	5	5	1	15	5	11	2	4	8	8	4	1	4	9	1	4	2	6	4	8	4	19	4	5	7	2	3	1	1	15	4	29504	4	8	2	4	6	0	6	1	13	2	5	3	14	2	3	7	9	6	1	10	8	12	1	3	2	33375	3	4	3	2	3	13	5	1	4	1	4	2	26899	9	3	7	15	3	4	7
