KKA2_S2_Kan18_L2
Position	1	2	3	4	5	6	7	8	9	10	11	12	13	14	15	16	17	18	19	20	21	22	23	24	25	26	27	28	29	30	31	32	33	34	35	36	37	38	39	40	41	42	43	44	45	46	47	48	49	50	51	52	53	54	55	56	57	58	59	60	61	62	63	64	65	66	67	68	69	70	71	72	73	74	75	76	77	78	79	80	81	82	83	84	85	86	87	88	89	90	91	92	93	94	95	96	97	98	99	100	101	102	103	104	105	106	107	108	109	110	111	112	113	114	115	116	117	118	119	120	121	122	123	124	125	126	127	128	129	130	131	132	133	134	135	136	137	138	139	140	141	142	143	144	145	146	147	148	149	150	151	152	153	154	155	156	157	158	159	160	161	162	163	164	165	166	167	168	169	170	171	172	173	174	175	176	177	178	179	180	181	182	183	184	185	186	187	188	189	190	191	192	193	194	195	196	197	198	199	200	201	202	203	204	205	206	207	208	209	210	211	212	213	214	215	216	217	218	219	220	221	222	223	224	225	226	227	228	229	230	231	232	233	234	235	236	237	238	239	240	241	242	243	244	245	246	247	248	249	250	251	252	253	254	255	256	257	258	259	260	261	262	263	264
Wild-type	M	I	E	Q	D	G	L	H	A	G	S	P	A	A	W	V	E	R	L	F	G	Y	D	W	A	Q	Q	T	I	G	C	S	D	A	A	V	F	R	L	S	A	Q	G	R	P	V	L	F	V	K	T	D	L	S	G	A	L	N	E	L	Q	D	E	A	A	R	L	S	W	L	A	T	T	G	V	P	C	A	A	V	L	D	V	V	T	E	A	G	R	D	W	L	L	L	G	E	V	P	G	Q	D	L	L	S	S	H	L	A	P	A	E	K	V	S	I	M	A	D	A	M	R	R	L	H	T	L	D	P	A	T	C	P	F	D	H	Q	A	K	H	R	I	E	R	A	R	T	R	M	E	A	G	L	V	D	Q	D	D	L	D	E	E	H	Q	G	L	A	P	A	E	L	F	A	R	L	K	A	R	M	P	D	G	E	D	L	V	V	T	H	G	D	A	C	L	P	N	I	M	V	E	N	G	R	F	S	G	F	I	D	C	G	R	L	G	V	A	D	R	Y	Q	D	I	A	L	A	T	R	D	I	A	E	E	L	G	G	E	W	A	D	R	F	L	V	L	Y	G	I	A	A	P	D	S	Q	R	I	A	F	Y	R	L	L	D	E	F	F
A	0	1	0	0	0	0	0	0	599	0	0	0	589	555	0	2	0	0	0	0	0	0	0	0	564	0	0	0	0	0	1	0	0	559	555	0	0	0	0	0	538	0	0	0	0	1	1	0	0	0	0	0	0	0	0	530	0	0	0	1	0	0	0	519	469	0	0	0	0	0	474	1	0	0	0	1	0	451	457	0	0	0	0	0	0	0	464	0	0	0	0	0	0	1	0	0	0	1	0	0	0	0	0	1	0	1	0	493	0	503	0	0	0	0	0	0	537	0	357	0	1	0	0	0	0	0	0	0	409	0	0	0	0	0	0	0	478	0	0	0	0	1	0	452	0	0	0	0	0	518	0	0	0	0	0	0	0	0	0	2	0	0	0	2	0	491	0	483	0	0	0	473	0	0	0	431	2	0	0	1	0	0	0	0	0	0	0	0	0	0	505	0	0	0	0	0	0	0	1	0	0	0	0	0	0	0	0	0	1	0	0	0	0	0	580	0	0	0	0	0	0	537	0	501	0	0	1	0	575	1	0	0	0	0	0	0	557	0	1	0	0	2	1	0	0	0	493	443	0	1	0	0	0	0	550	0	0	0	0	0	0	0	0	0
C	0	0	0	0	0	1	0	0	0	0	0	0	0	0	0	0	0	0	0	0	0	0	0	1	0	0	1	0	0	0	575	0	0	0	0	0	0	1	0	0	0	0	0	1	0	0	0	0	0	0	0	0	0	0	0	0	0	0	0	0	0	0	0	0	0	0	0	1	0	0	0	0	1	0	0	0	388	0	0	0	0	0	0	0	0	0	0	0	0	0	0	0	0	1	0	1	0	0	0	0	0	0	0	0	0	1	1	0	0	0	2	0	0	0	0	0	0	0	0	0	0	0	0	0	0	0	0	0	1	0	416	0	0	0	0	0	0	0	0	1	0	0	0	0	0	0	0	0	0	0	1	0	0	0	0	0	0	0	0	0	0	0	0	0	0	0	0	0	1	0	0	1	0	0	1	1	2	0	0	0	0	0	0	0	0	0	0	0	0	0	0	453	0	0	0	1	0	0	0	0	0	0	0	1	0	0	0	0	557	0	0	0	0	0	0	0	0	0	1	0	0	0	0	0	0	0	0	0	0	0	0	0	0	0	0	0	0	0	1	0	0	0	0	0	0	0	1	0	0	0	2	0	0	0	0	0	0	0	0	0	0	0	0	0
D	0	1	1	1	635	0	0	0	0	2	1	0	0	0	0	0	0	0	0	0	0	0	600	0	1	0	0	0	0	0	0	0	553	0	0	0	0	0	0	0	1	0	0	1	0	0	0	0	0	0	0	522	0	0	0	0	0	0	0	0	0	542	0	0	0	0	0	0	0	0	0	0	0	0	0	0	0	0	0	0	0	501	0	0	0	0	0	1	0	464	0	0	0	0	0	0	0	0	0	0	521	0	0	0	0	0	0	0	0	0	0	0	0	0	0	0	0	363	0	0	0	0	0	0	0	0	458	0	0	0	0	0	0	441	0	0	0	0	0	0	0	1	0	0	0	0	0	0	0	0	2	0	0	524	0	543	539	0	531	0	0	0	1	0	0	0	0	1	0	0	0	2	0	0	0	1	0	0	0	463	1	0	455	0	0	0	0	0	0	469	0	0	0	1	0	1	0	0	0	0	0	0	0	0	0	0	0	522	0	0	0	0	0	0	0	440	0	0	0	553	0	0	0	0	0	0	539	0	1	0	0	0	0	0	0	0	0	517	0	0	0	0	0	0	0	0	0	0	0	547	0	0	0	0	1	1	0	0	0	0	590	0	0	0
E	0	0	585	0	1	0	0	0	0	0	0	0	0	1	0	0	531	0	0	1	0	0	0	0	0	0	0	0	0	0	0	0	0	0	0	0	0	0	0	1	0	1	0	0	0	0	0	0	0	0	0	1	0	0	0	0	0	0	510	0	0	0	501	0	0	0	0	0	0	0	0	0	0	0	0	1	0	0	1	0	0	0	0	0	0	431	0	0	0	0	0	0	0	0	0	467	0	0	0	1	0	0	0	0	0	0	0	0	0	0	481	1	0	0	0	0	0	0	0	0	0	0	0	0	0	0	0	0	0	0	0	0	0	0	0	0	0	0	0	0	0	469	0	0	0	0	0	0	534	0	0	0	0	0	1	0	0	0	0	521	511	0	0	0	0	0	0	1	430	0	0	0	0	0	0	0	1	0	0	0	0	449	0	0	0	0	0	0	0	0	1	0	0	0	0	0	0	1	541	0	0	0	0	0	0	0	0	0	0	0	0	0	0	0	0	0	0	0	0	0	0	0	0	0	0	0	0	0	0	521	516	0	0	0	537	0	0	0	0	0	0	0	0	0	0	0	2	2	0	0	2	0	0	0	0	0	0	0	0	0	0	553	0	0
F	0	0	0	0	0	0	0	0	1	0	0	0	0	0	0	0	0	0	1	572	0	0	0	0	2	0	0	1	0	0	0	0	0	0	0	0	516	0	0	0	1	0	0	0	0	0	0	574	0	0	0	0	0	0	0	0	0	0	0	0	0	0	0	0	0	0	1	0	1	0	0	0	0	0	0	0	0	0	0	1	0	0	0	0	0	0	0	0	0	0	0	0	0	0	0	0	0	0	0	0	0	0	0	0	0	0	0	0	0	0	1	0	0	1	0	0	0	0	0	0	0	0	0	0	1	0	0	1	0	0	0	0	450	0	0	0	0	0	1	0	0	1	0	0	1	0	0	0	0	0	0	0	0	0	0	0	0	0	0	0	0	0	1	0	1	0	0	0	0	0	477	0	1	0	1	1	2	0	0	0	0	0	0	0	0	0	0	0	0	0	1	0	1	0	0	1	0	0	0	0	0	0	515	0	0	582	0	0	1	0	0	0	0	0	0	0	0	0	0	0	0	0	0	0	0	0	0	0	0	0	0	0	0	0	0	0	0	1	0	593	0	0	0	0	0	1	0	0	0	0	1	0	0	0	0	522	0	0	0	0	0	1	559	581
G	0	0	0	0	0	606	1	0	1	575	1	0	0	0	0	0	0	0	0	0	629	1	0	0	0	0	0	0	0	624	0	0	0	0	0	0	0	0	0	0	0	0	511	1	0	1	0	0	0	0	0	0	0	0	531	0	0	0	0	0	0	0	0	0	0	0	0	0	0	0	0	0	0	493	0	0	0	0	0	0	0	0	0	0	0	0	0	451	0	0	0	0	0	0	507	1	0	0	481	0	0	0	0	0	0	0	0	0	0	0	0	0	0	1	0	0	0	0	0	0	0	0	0	0	0	0	1	0	0	0	0	0	0	0	0	1	0	0	0	1	0	0	0	0	0	0	1	0	0	0	506	0	0	0	0	0	0	0	0	0	0	0	0	525	0	0	0	0	1	0	0	0	1	0	0	0	0	0	0	0	485	0	0	0	1	0	0	0	547	0	0	0	0	0	0	0	0	0	0	0	471	0	0	0	517	0	0	0	0	527	0	0	566	0	0	0	0	0	0	0	0	0	0	0	0	0	0	0	0	0	0	0	563	515	0	0	0	0	0	0	0	0	0	0	646	0	1	1	0	0	0	0	0	0	0	0	0	0	0	0	0	0	0	0
H	0	0	0	0	0	0	0	629	0	0	0	1	0	0	0	0	0	0	0	0	0	0	1	0	0	0	0	0	0	0	0	0	0	0	0	0	0	0	0	0	0	0	0	0	0	0	1	0	0	0	0	0	0	0	0	0	0	0	0	0	0	0	0	0	0	0	0	0	0	0	0	0	0	0	0	0	1	0	1	0	0	0	0	0	0	0	1	0	0	0	0	0	0	0	0	0	0	0	1	0	0	0	0	0	0	507	0	0	0	0	0	0	0	0	0	0	0	2	0	0	0	0	0	417	0	0	0	1	0	0	0	0	0	0	450	0	2	0	466	0	0	0	0	0	0	0	0	0	0	0	0	0	0	0	0	0	0	1	0	0	0	545	0	0	0	1	0	1	0	0	0	0	2	0	0	1	1	0	0	0	0	0	0	0	0	0	0	551	0	0	0	0	0	0	0	0	0	0	0	0	0	0	1	0	0	0	0	0	0	0	0	0	0	0	0	0	0	0	0	0	0	0	0	0	0	0	0	0	0	0	0	0	0	0	1	0	0	0	1	0	0	0	0	0	0	0	0	0	0	0	0	0	1	1	0	0	1	0	0	0	0	0	0	0
I	1	605	0	0	0	0	0	0	0	1	0	0	0	0	1	1	0	0	0	0	1	0	0	0	0	0	0	1	572	0	0	0	0	0	0	0	0	0	0	0	0	0	0	0	1	1	0	0	0	0	0	0	0	0	0	0	0	0	0	0	0	0	0	0	0	0	0	0	0	0	0	1	0	0	0	1	0	0	0	0	1	0	0	1	0	0	0	0	0	0	0	0	0	0	1	0	1	0	0	0	0	0	0	0	0	0	0	0	0	0	0	1	0	0	543	0	0	1	0	1	0	0	0	0	0	0	0	1	0	1	0	0	0	0	0	0	0	1	0	0	510	0	0	0	0	1	0	1	0	0	0	0	0	0	0	0	0	0	0	1	0	0	0	0	0	0	1	0	0	0	0	0	0	0	1	0	1	0	0	0	0	0	0	0	0	0	0	0	0	1	0	1	0	0	0	518	1	0	0	0	0	0	0	0	0	1	598	0	1	0	0	0	0	0	0	0	0	0	0	0	530	0	0	0	1	0	0	524	0	0	1	0	0	1	1	0	0	0	0	0	0	0	1	1	0	512	0	0	0	0	1	0	0	500	0	0	0	0	0	0	0	0	0	0
K	0	0	0	0	1	0	0	0	0	0	0	0	0	0	0	0	0	0	0	1	0	0	0	0	0	0	0	0	0	0	1	0	0	0	0	0	0	0	0	0	0	0	0	0	0	0	0	0	0	509	0	0	0	0	0	0	0	0	0	0	0	0	1	0	0	0	0	0	0	0	0	0	0	1	0	0	0	0	2	0	1	0	0	0	0	0	0	0	0	0	0	0	0	0	0	0	0	0	0	0	0	0	0	0	0	0	0	0	0	0	0	524	0	0	0	0	0	0	0	0	0	0	0	0	0	0	0	0	0	0	0	0	0	1	0	0	0	463	0	0	0	0	0	0	0	1	0	1	1	0	1	0	0	0	1	0	0	0	0	0	0	0	0	0	0	0	0	0	0	0	0	0	1	0	466	0	0	0	0	0	0	0	0	0	0	0	0	0	0	0	0	0	0	0	0	0	0	0	1	0	0	0	0	0	0	0	0	0	0	0	0	0	0	0	0	0	0	0	0	0	0	0	0	0	0	0	0	0	1	0	0	0	0	0	1	0	0	1	1	0	0	0	0	0	0	0	0	0	0	1	0	1	0	0	0	0	0	1	0	0	0	0	0	0
L	0	0	0	2	0	0	614	0	0	0	0	0	0	0	0	0	0	0	560	0	0	1	0	0	0	0	1	0	0	0	0	0	0	0	0	0	0	0	541	0	1	0	0	1	0	0	610	0	0	0	0	0	559	0	1	0	529	0	0	555	0	0	0	1	0	0	470	0	0	505	0	0	0	0	0	0	0	0	0	0	472	0	0	0	0	0	0	0	1	0	0	524	516	501	0	0	0	1	0	0	0	527	522	0	1	0	517	0	0	0	0	0	0	0	1	0	0	0	0	0	0	2	411	0	0	496	0	0	0	0	0	1	0	0	0	0	0	0	2	0	0	0	0	0	0	0	0	0	1	0	0	513	0	0	0	0	0	537	0	1	0	0	1	0	485	0	0	0	1	479	0	2	0	471	0	5	1	1	0	0	0	0	0	550	0	1	0	0	0	0	1	0	500	0	0	0	0	1	0	0	0	1	0	0	0	0	0	0	0	0	0	548	0	0	0	0	0	0	0	0	0	0	514	0	0	0	0	1	0	0	1	573	0	0	0	0	0	1	1	0	612	0	623	1	0	0	1	0	1	0	0	0	1	0	0	0	0	0	548	589	0	0	0	0
M	620	0	0	0	0	0	0	0	0	0	0	0	1	0	0	0	0	0	2	0	0	0	0	0	2	0	0	0	0	0	0	0	0	0	3	0	0	0	0	0	0	0	0	0	0	0	0	0	1	0	0	0	0	0	1	0	0	0	0	0	1	0	0	0	0	0	0	1	0	2	0	1	0	0	0	0	0	0	0	0	0	0	1	0	0	0	0	0	0	0	0	0	0	0	0	0	0	0	0	0	0	0	0	0	1	0	0	0	0	0	0	0	0	0	0	550	0	0	0	354	0	0	0	0	0	1	0	0	0	0	0	0	0	0	0	0	0	0	0	0	0	0	0	0	0	0	0	515	0	0	0	0	0	0	1	0	0	0	0	0	0	0	0	0	0	0	0	0	0	1	0	1	2	0	0	0	3	483	0	0	1	0	0	0	0	0	0	0	0	0	0	0	0	0	0	0	581	0	0	0	0	0	0	1	0	0	0	0	0	0	0	1	0	0	0	0	0	0	0	0	0	0	0	0	0	0	0	0	0	0	0	0	0	1	0	0	0	0	0	0	1	0	0	0	0	0	0	0	2	0	1	2	2	1	0	0	0	0	0	1	0	0	0	0
N	0	0	0	0	0	0	0	0	0	0	0	0	0	1	0	0	1	2	0	0	1	0	0	0	0	0	0	0	0	0	0	0	0	0	0	0	0	0	0	0	0	0	0	0	1	0	0	0	0	0	0	0	1	0	0	0	0	520	0	0	0	0	0	1	1	0	0	0	0	0	0	0	0	0	1	0	0	0	1	1	0	0	0	0	0	0	0	0	0	0	0	0	0	0	0	0	0	0	1	0	0	0	0	0	0	0	0	0	0	0	0	1	0	0	0	0	0	0	0	0	1	0	0	0	1	0	0	0	0	0	0	0	0	1	2	0	0	0	0	0	0	0	0	0	0	0	0	0	0	0	0	0	0	0	0	1	0	0	0	0	0	0	0	0	0	1	0	0	0	0	0	1	0	0	0	0	0	0	0	0	0	0	0	0	0	0	0	0	0	0	0	0	0	0	456	0	0	0	0	416	0	0	0	0	0	0	0	0	0	0	0	0	0	0	0	0	0	0	0	0	0	1	0	0	0	0	0	0	0	0	0	0	0	1	0	0	0	1	0	0	0	0	0	0	1	0	0	0	0	0	0	0	0	0	0	0	0	0	0	0	0	0	0	0
P	0	0	0	0	0	0	1	0	0	0	0	562	0	0	0	0	0	0	1	0	0	0	0	0	0	0	0	1	0	0	0	0	0	0	0	0	0	0	0	0	0	0	0	0	563	0	0	0	0	0	0	0	0	0	0	0	0	0	0	1	0	0	0	0	0	0	0	0	0	0	0	0	0	0	0	417	0	2	0	0	0	0	0	0	0	0	0	0	0	0	0	0	0	0	0	0	0	460	0	0	0	0	0	0	0	0	0	0	457	0	0	0	0	0	0	0	0	0	0	0	0	0	0	0	0	0	0	425	0	0	0	453	0	1	0	0	1	0	0	0	0	0	0	0	0	0	0	0	0	0	0	0	0	0	0	1	0	0	0	0	0	0	0	1	0	0	442	0	0	0	0	0	0	0	0	0	0	1	489	0	0	0	0	0	0	0	0	0	0	0	0	0	1	521	0	0	0	0	0	0	0	0	0	0	0	0	0	0	0	0	0	0	0	0	0	0	0	0	0	1	0	0	0	0	0	0	0	0	0	0	0	0	0	0	0	0	0	0	0	0	1	0	0	0	0	0	0	0	470	0	1	1	0	0	1	0	0	0	1	0	0	0	0	0
Q	0	0	1	618	1	0	0	0	0	0	0	0	0	1	0	0	0	0	0	0	0	0	0	0	0	579	585	1	0	0	0	0	0	0	0	0	0	0	0	0	0	522	0	0	0	0	0	0	0	0	2	0	0	0	0	1	0	0	1	0	584	0	0	0	1	0	0	0	0	0	0	1	0	0	0	2	0	0	0	0	0	0	0	0	0	0	0	0	0	0	0	0	1	1	1	2	0	0	0	519	0	0	0	0	0	0	0	1	0	0	0	0	0	0	0	0	0	1	0	0	0	0	0	0	0	0	1	0	0	0	0	0	0	0	0	460	0	0	0	0	0	0	0	0	0	0	0	0	1	0	0	0	0	1	546	0	0	0	0	0	0	0	552	0	0	0	0	0	0	0	0	0	1	0	0	0	0	0	0	0	0	0	0	0	0	0	0	0	0	0	0	0	0	0	0	0	1	0	0	0	0	0	0	1	0	0	0	0	0	0	0	0	0	0	0	0	0	0	552	0	0	0	0	0	0	0	0	0	0	0	0	0	0	0	0	0	0	0	0	0	0	1	1	0	1	0	0	0	1	0	0	528	1	0	0	0	0	0	0	0	0	0	0	0
R	0	1	1	0	0	0	0	0	0	2	0	0	0	1	0	0	0	521	0	0	0	0	0	0	0	0	0	1	0	0	0	0	0	0	0	0	0	558	0	0	0	0	1	511	0	0	0	0	0	0	0	0	1	0	0	0	0	0	0	0	0	0	0	1	0	450	0	0	0	0	0	0	0	1	0	0	0	0	0	0	0	0	0	1	0	0	0	0	455	0	0	0	0	0	0	0	0	1	0	0	0	0	0	0	0	0	0	0	0	0	0	1	0	0	0	0	0	0	0	0	352	370	1	0	0	0	0	0	0	0	0	0	0	0	0	0	0	1	0	492	0	0	463	0	443	0	501	0	1	0	0	0	0	0	0	0	0	0	0	0	0	0	0	0	0	0	0	0	1	0	0	0	424	0	0	0	423	0	0	0	0	0	0	1	0	0	0	0	0	0	0	0	0	0	0	0	0	0	0	0	0	485	0	1	0	0	0	0	0	0	537	0	0	0	0	0	480	0	0	0	0	0	1	0	0	538	0	0	0	0	0	0	0	0	0	0	0	1	502	0	1	1	1	0	0	0	0	0	0	0	1	0	538	0	0	0	0	549	0	0	0	0	0	0
S	0	0	0	1	1	1	0	0	0	0	519	1	0	0	0	0	0	0	0	0	0	0	0	0	0	0	1	1	0	0	0	575	0	0	0	0	0	0	0	544	0	0	0	0	1	0	0	0	0	0	0	0	0	564	0	0	0	1	0	0	0	0	0	0	0	0	0	509	0	0	0	0	0	0	0	0	0	1	0	0	0	0	0	0	0	0	0	0	1	0	0	0	0	0	1	0	0	0	1	0	0	0	0	521	506	0	0	0	0	0	0	0	0	518	0	0	0	0	0	0	0	0	0	0	0	0	0	0	0	1	0	0	0	0	0	0	0	0	0	0	0	0	3	0	0	0	0	0	0	1	0	0	0	0	0	0	0	0	0	0	0	0	0	0	0	0	0	1	0	0	0	0	0	0	0	0	4	0	0	0	0	0	0	0	0	0	0	0	0	0	1	0	0	0	0	0	0	1	0	0	0	0	0	534	0	0	0	0	0	0	0	0	0	0	0	0	0	0	0	0	0	0	0	0	0	0	0	0	0	0	0	0	0	0	0	0	0	1	0	1	0	0	0	0	1	0	0	0	0	0	527	1	0	0	0	1	0	0	0	0	0	0	0	0
T	1	0	0	0	0	2	0	0	0	1	0	1	0	1	0	0	1	0	0	0	0	0	0	0	0	0	0	556	0	0	0	0	0	0	0	0	0	0	0	1	0	0	0	0	0	0	0	0	1	0	530	1	0	0	1	0	0	0	0	0	0	0	0	0	0	0	0	3	0	0	0	354	363	1	0	0	1	0	0	0	0	0	1	0	455	0	0	0	1	0	0	0	0	0	0	0	0	0	0	0	0	0	0	0	0	0	0	1	0	0	0	0	1	0	0	0	0	0	0	0	0	0	0	0	396	0	0	1	0	395	0	1	0	0	0	0	2	0	0	0	0	0	1	0	0	423	0	0	0	0	0	0	0	0	0	0	0	0	0	0	0	0	0	0	1	0	1	1	0	0	0	0	0	1	0	0	1	0	0	0	1	0	0	0	0	0	527	1	0	0	0	0	0	1	0	0	0	0	0	0	0	0	0	0	0	0	0	0	0	0	0	0	0	0	0	0	0	0	0	0	0	0	0	0	465	0	0	0	0	0	0	0	0	0	0	0	0	0	0	0	0	0	0	0	0	0	0	0	0	0	2	2	0	0	0	1	0	0	0	0	0	0	0	0
V	0	0	0	1	0	0	0	0	0	0	0	0	0	0	0	331	0	0	0	0	0	0	0	0	0	0	0	0	0	0	0	0	0	0	0	434	0	0	1	0	1	0	0	0	0	610	0	0	586	0	0	0	0	0	0	0	0	0	0	0	1	0	0	0	1	0	0	0	0	0	1	0	1	0	438	0	1	0	1	417	0	0	494	440	0	0	0	0	0	0	0	0	0	0	0	0	440	1	0	0	0	0	0	0	0	0	0	0	0	0	0	0	492	0	0	0	0	1	0	0	0	0	0	0	0	0	0	0	0	0	0	0	0	0	0	0	0	0	0	0	0	0	0	0	0	0	0	0	0	0	1	0	499	0	0	0	0	0	0	0	0	0	0	0	1	1	0	0	0	0	0	0	1	0	1	2	0	0	0	0	0	0	0	1	513	450	0	0	0	0	0	0	0	0	0	0	0	552	0	0	1	0	0	0	0	0	0	0	0	0	0	0	0	526	0	0	0	0	0	0	1	0	0	0	0	0	0	0	0	0	0	0	0	0	0	0	0	0	0	1	0	580	0	0	0	0	1	1	0	0	1	0	0	0	0	0	0	0	0	0	0	0	0	0
W	0	0	0	0	0	0	0	0	0	0	0	0	0	0	478	1	0	0	0	0	0	0	0	584	0	0	0	0	0	0	0	0	0	0	0	0	0	0	0	0	0	1	0	0	0	0	1	0	0	0	0	0	0	0	0	1	0	0	0	0	0	0	0	1	0	0	0	0	554	0	0	0	0	0	0	0	0	0	0	0	0	0	0	0	0	0	0	0	0	0	525	0	0	0	0	0	0	0	0	0	0	0	0	0	0	1	0	0	0	0	0	0	0	0	0	0	0	0	0	0	1	1	0	0	0	0	0	0	0	0	0	0	0	0	0	0	1	0	0	0	0	0	0	0	1	0	0	0	0	0	1	0	0	0	0	0	0	0	0	0	0	0	0	0	0	0	0	0	0	0	0	0	2	0	0	1	0	0	0	0	1	0	0	0	0	0	0	0	0	0	0	0	0	0	0	0	0	0	0	0	0	0	0	0	0	0	0	0	0	0	0	1	0	0	0	0	0	0	0	0	0	0	0	0	0	0	0	0	0	0	1	0	0	0	0	530	0	0	0	0	0	0	0	0	0	0	0	0	0	0	0	1	0	0	0	0	0	0	0	0	0	0	0	0
Y	0	0	0	0	0	0	0	0	0	0	0	0	0	0	0	0	0	0	0	0	0	594	1	0	0	0	1	0	0	0	0	0	0	0	0	0	0	0	0	0	0	0	0	0	0	0	1	0	0	0	0	0	0	0	0	0	0	0	0	0	0	0	0	0	0	0	0	0	0	0	0	0	1	0	0	0	0	0	0	0	0	0	0	0	0	0	0	0	0	0	1	0	0	0	0	0	0	0	0	0	0	0	0	0	0	0	0	0	0	1	0	0	0	0	0	0	0	0	0	0	0	0	0	0	0	0	0	0	0	1	0	0	0	0	0	0	0	0	0	0	0	0	0	0	0	0	0	0	1	0	0	0	0	1	0	0	0	0	0	1	0	0	1	0	0	1	0	0	0	0	0	0	0	0	0	0	1	0	0	1	0	0	0	0	0	0	0	0	0	0	1	0	0	0	0	0	0	0	0	0	0	0	0	0	0	0	0	0	0	0	0	0	0	0	0	0	0	519	0	0	0	0	0	0	0	0	0	0	0	0	1	0	0	0	0	0	0	0	0	0	0	0	0	650	0	0	0	0	0	0	1	0	0	0	0	1	548	0	0	0	0	0	0	1
