KKA2_S3_Ami11_L1
Position	1	2	3	4	5	6	7	8	9	10	11	12	13	14	15	16	17	18	19	20	21	22	23	24	25	26	27	28	29	30	31	32	33	34	35	36	37	38	39	40	41	42	43	44	45	46	47	48	49	50	51	52	53	54	55	56	57	58	59	60	61	62	63	64	65	66	67	68	69	70	71	72	73	74	75	76	77	78	79	80	81	82	83	84	85	86	87	88	89	90	91	92	93	94	95	96	97	98	99	100	101	102	103	104	105	106	107	108	109	110	111	112	113	114	115	116	117	118	119	120	121	122	123	124	125	126	127	128	129	130	131	132	133	134	135	136	137	138	139	140	141	142	143	144	145	146	147	148	149	150	151	152	153	154	155	156	157	158	159	160	161	162	163	164	165	166	167	168	169	170	171	172	173	174	175	176	177	178	179	180	181	182	183	184	185	186	187	188	189	190	191	192	193	194	195	196	197	198	199	200	201	202	203	204	205	206	207	208	209	210	211	212	213	214	215	216	217	218	219	220	221	222	223	224	225	226	227	228	229	230	231	232	233	234	235	236	237	238	239	240	241	242	243	244	245	246	247	248	249	250	251	252	253	254	255	256	257	258	259	260	261	262	263	264
Wild-type	M	I	E	Q	D	G	L	H	A	G	S	P	A	A	W	V	E	R	L	F	G	Y	D	W	A	Q	Q	T	I	G	C	S	D	A	A	V	F	R	L	S	A	Q	G	R	P	V	L	F	V	K	T	D	L	S	G	A	L	N	E	L	Q	D	E	A	A	R	L	S	W	L	A	T	T	G	V	P	C	A	A	V	L	D	V	V	T	E	A	G	R	D	W	L	L	L	G	E	V	P	G	Q	D	L	L	S	S	H	L	A	P	A	E	K	V	S	I	M	A	D	A	M	R	R	L	H	T	L	D	P	A	T	C	P	F	D	H	Q	A	K	H	R	I	E	R	A	R	T	R	M	E	A	G	L	V	D	Q	D	D	L	D	E	E	H	Q	G	L	A	P	A	E	L	F	A	R	L	K	A	R	M	P	D	G	E	D	L	V	V	T	H	G	D	A	C	L	P	N	I	M	V	E	N	G	R	F	S	G	F	I	D	C	G	R	L	G	V	A	D	R	Y	Q	D	I	A	L	A	T	R	D	I	A	E	E	L	G	G	E	W	A	D	R	F	L	V	L	Y	G	I	A	A	P	D	S	Q	R	I	A	F	Y	R	L	L	D	E	F	F
A	0	0	1	0	0	0	0	0	21951	0	128	3	21872	21001	0	3	0	0	0	0	0	0	0	0	22064	0	0	4	0	1	0	0	0	21952	22026	1	0	0	0	0	19590	0	0	0	0	0	0	0	2	0	1	0	0	0	1	20810	0	0	0	0	0	0	0	21015	19047	0	0	0	0	0	20279	2	5	0	1	1	0	17807	18165	0	0	0	1	2	1	0	18727	1	0	0	0	0	0	0	1	1	0	0	0	0	0	0	0	0	0	0	0	20050	0	20817	0	0	3	0	0	0	22445	0	15279	0	0	0	0	0	6	0	0	1	16067	2	0	2	0	0	0	0	18581	0	0	0	0	0	0	18169	0	0	0	0	0	19909	0	0	1	0	0	0	0	0	0	0	3	0	0	0	0	19696	2	21403	0	0	0	20156	0	0	0	19280	0	0	2	0	1	0	0	0	2	0	4	0	0	0	21193	0	0	1	0	0	0	4	1	0	0	0	0	0	2	0	0	4	0	1	0	0	0	0	21055	0	0	0	0	6	0	20109	0	18830	1	0	0	0	21061	0	0	0	1	0	0	0	20752	0	0	0	0	3	0	0	0	0	19869	18415	2	0	0	0	0	0	20873	0	0	0	0	0	0	0	0	0
C	0	0	0	0	0	1	0	0	0	4	0	0	1	0	4	0	0	2	0	0	3	3	0	5	2	0	0	0	0	4	22501	0	0	0	0	0	0	1	0	0	0	0	2	0	0	1	0	0	0	0	0	4	0	0	3	0	0	0	0	0	0	0	0	0	1	0	0	0	4	2	0	0	0	2	1	0	15500	0	0	0	0	0	0	0	0	0	0	1	0	0	0	0	0	0	2	0	0	0	2	0	0	1	0	0	0	0	0	0	0	0	0	0	0	0	0	0	0	0	0	0	2	0	0	0	0	0	0	0	0	0	16185	0	1	0	0	0	0	0	0	2	0	0	1	0	0	0	1	0	0	0	1	0	0	0	0	0	0	0	0	0	0	2	0	3	0	0	0	0	1	0	0	0	3	0	0	0	2	0	0	0	2	0	0	0	0	0	0	2	5	0	0	20231	0	0	0	0	2	1	1	0	1	1	0	0	1	0	0	0	20999	1	0	1	1	0	0	1	0	2	0	0	0	2	0	0	0	1	0	0	0	0	0	0	0	1	0	0	0	0	1	1	0	0	0	0	1	0	3	0	0	0	0	0	0	0	0	0	0	0	1	0	0	0	1	0
D	0	1	2	0	23494	3	0	1	0	1	0	0	0	0	0	0	0	0	0	0	0	1	23065	0	0	0	1	0	0	2	0	0	21461	0	0	0	0	0	0	0	2	0	0	0	0	0	0	0	0	0	0	19654	0	0	0	2	1	0	0	4	0	22030	1	0	0	0	0	0	0	0	0	0	0	1	0	0	0	0	2	0	0	19964	0	0	0	0	0	1	0	17479	0	0	0	0	3	0	1	0	1	0	21562	1	0	0	0	2	0	0	0	0	0	0	0	0	1	0	0	15755	0	0	3	1	0	0	0	0	17134	0	0	0	0	0	0	17369	1	0	1	0	2	0	0	0	0	0	0	1	0	0	0	0	1	0	0	21065	0	21704	21856	0	22483	0	0	1	0	2	0	0	0	0	1	0	0	1	1	0	0	1	1	1	0	21865	1	0	21359	0	0	0	0	2	1	20145	0	0	2	0	4	0	0	0	0	2	0	0	0	0	1	0	0	19870	0	0	0	0	1	0	0	16419	0	2	0	20184	0	1	1	0	0	0	19282	0	0	0	2	0	2	0	1	0	1	18266	0	0	0	2	0	1	0	0	0	1	0	20432	0	0	0	0	0	0	0	0	0	0	21395	0	0	0
E	0	0	22399	1	1	0	0	0	2	0	0	0	5	2	0	0	20149	0	0	0	0	0	2	0	3	0	0	0	0	0	0	0	0	2	1	1	0	0	0	0	0	0	0	0	0	1	0	0	0	2	0	2	0	0	0	2	0	0	20516	1	0	0	21535	1	2	0	0	0	0	0	2	0	0	0	0	0	0	1	1	0	0	0	1	0	0	17959	0	0	0	1	0	0	0	0	0	18810	0	0	0	0	1	0	0	0	0	0	0	2	0	3	20286	5	1	0	0	0	1	0	0	0	0	0	0	0	0	0	1	0	1	0	0	0	0	1	0	3	2	0	0	0	0	17755	0	2	0	0	0	0	19604	0	0	0	1	1	0	1	1	0	2	22272	21169	0	0	0	0	2	0	2	18405	0	1	3	0	0	3	2	0	0	0	0	0	20877	1	0	0	0	0	1	0	0	3	0	0	0	0	0	0	0	22507	0	0	0	0	0	0	0	0	0	0	0	0	0	0	0	3	0	0	0	1	0	0	1	0	2	0	0	1	0	2	18721	20049	0	0	0	19189	0	5	0	0	0	0	2	0	0	0	0	2	0	0	1	0	0	0	0	6	0	0	0	0	0	0	20446	0	0
F	0	0	0	0	0	0	0	0	0	0	0	0	0	0	0	0	0	0	0	22326	0	1	1	0	0	0	0	0	1	0	0	0	0	0	0	0	17459	0	0	0	0	0	0	0	0	0	0	21486	0	0	0	0	0	0	0	0	0	0	0	0	0	0	0	0	0	0	0	0	0	0	0	0	0	0	0	0	1	0	0	0	0	0	15	0	0	1	0	0	0	0	0	0	0	0	0	0	0	0	0	0	0	0	0	0	0	0	0	0	0	0	0	0	0	0	2	0	0	0	0	0	0	0	0	0	0	0	0	0	0	0	0	0	17594	0	0	0	1	0	0	0	1	0	0	0	0	0	0	0	0	0	0	0	0	0	0	0	0	0	0	0	0	0	0	0	0	0	0	0	0	0	19650	1	0	0	0	0	0	0	0	0	0	0	0	0	0	0	0	0	0	0	0	3	0	0	0	0	0	0	0	0	0	0	20770	0	0	22180	1	0	0	0	0	0	0	0	0	0	0	0	0	0	0	0	0	0	0	0	0	0	0	0	0	0	0	0	0	0	0	0	0	20807	0	0	0	1	0	0	0	0	0	0	0	0	0	0	0	19433	1	0	0	0	0	0	20922	21432
G	0	0	2	1	3	22466	0	0	2	21190	3	0	0	0	2	1	1	1	0	0	24029	0	1	0	0	0	0	0	0	23897	0	1	0	1	1	9	0	1	0	2	1	0	18303	4	0	1	0	0	1	0	0	1	0	2	20990	0	0	0	0	0	0	1	0	0	0	1	0	1	2	0	3	0	1	20439	1	0	1	0	0	1	0	1	0	0	0	0	0	18332	0	0	5	0	0	0	20863	3	0	0	19628	0	0	0	0	3	2	0	0	1	0	0	3	0	1	6	0	0	0	1	0	0	0	0	0	0	0	0	1	0	1	0	1	0	0	1	0	0	1	0	0	1	0	0	0	0	0	0	0	0	1	0	20199	0	0	2	0	1	3	0	7	1	2	0	0	22005	0	0	0	0	1	0	0	3	3	0	0	1	0	0	0	0	22263	1	0	0	1	1	0	0	23092	0	0	2	0	0	0	0	0	0	3	0	19891	0	0	2	20887	0	0	1	1	20062	1	0	21338	1	1	2	0	0	0	2	0	1	0	0	0	1	0	0	0	1	3	0	20879	19112	0	0	0	1	0	0	0	0	0	0	21916	0	1	0	0	2	1	0	0	0	0	0	0	0	0	0	0	1	0	0
H	0	0	0	4	0	0	0	22525	0	0	0	0	0	0	0	0	0	1	0	0	0	1	0	0	0	0	2	0	0	0	0	0	0	0	0	0	3	1	0	0	0	1	0	0	1	0	0	0	0	0	0	0	1	0	2	0	0	0	0	0	2	0	0	0	0	2	0	0	0	0	0	0	0	0	0	0	0	0	0	0	0	1	0	0	0	0	0	0	3	12	0	0	0	0	0	0	0	0	0	4	0	0	0	0	0	20828	0	0	0	0	0	0	0	0	0	0	0	0	0	0	1	1	0	16610	0	0	0	0	0	0	0	0	0	0	17852	1	0	0	18423	1	0	0	1	0	2	0	1	0	0	0	0	0	0	0	2	0	0	0	3	0	0	22059	3	0	0	0	0	0	0	0	0	0	1	0	0	0	1	0	0	0	0	0	0	0	0	0	0	22745	0	1	0	0	0	0	0	0	0	0	0	0	0	1	0	0	0	0	0	0	0	0	1	0	0	0	0	0	1	1	5	0	0	0	0	0	0	2	0	0	0	0	1	0	0	0	0	0	0	0	0	0	0	0	0	2	0	0	0	0	0	0	0	2	0	0	0	0	0	0	0	0	1	0	0	0
I	5	22330	0	0	0	0	0	0	0	0	480	0	0	0	0	0	0	0	0	0	0	0	0	0	0	0	0	1	22961	0	0	3	0	0	0	0	0	0	0	1	0	0	2	0	0	0	0	0	0	1	0	0	0	2	0	0	0	0	0	0	0	0	0	0	0	0	0	0	0	0	0	0	1	0	0	0	0	0	0	1	0	0	0	0	0	0	0	0	0	0	0	0	0	0	0	0	0	0	0	0	0	0	0	0	1	0	0	0	0	0	0	0	0	0	23035	6	0	0	0	6	0	0	0	0	3	0	0	0	0	0	0	0	0	0	0	0	0	0	0	0	19369	0	0	0	0	0	0	4	0	0	0	0	0	0	0	0	0	0	0	0	0	0	1	0	0	0	0	0	0	0	0	0	0	0	0	0	0	4	0	0	0	0	0	0	0	0	0	0	0	0	0	0	0	0	0	22094	7	0	0	0	0	0	0	2	0	0	23220	0	0	0	0	0	0	0	0	0	0	0	0	0	19985	0	1	0	10	0	0	19024	0	0	0	0	0	0	0	0	0	0	0	0	0	0	0	0	0	19615	0	0	0	0	1	0	0	19237	0	0	0	0	0	0	0	0	1	0
K	1	0	1	1	0	0	0	0	0	0	0	0	0	0	0	0	0	0	0	0	0	0	0	0	1	0	3	0	0	0	1	0	0	0	0	0	0	0	0	0	0	1	0	0	0	0	0	0	0	19677	0	0	0	0	0	0	0	1	2	0	1	0	2	0	0	0	0	0	0	0	0	0	1	0	0	0	0	0	0	0	0	0	0	0	0	2	0	0	0	0	0	0	0	0	0	0	0	0	0	4	0	0	0	0	0	0	0	0	0	0	117	21692	0	0	1	0	0	0	0	2	0	0	0	0	0	0	0	0	0	0	1	0	0	0	0	1	0	18548	0	0	0	2	0	0	0	0	0	1	0	0	1	0	0	0	1	0	0	0	0	0	0	0	2	0	0	0	0	0	0	0	0	0	0	0	20277	0	1	2	0	0	0	0	0	0	0	0	0	0	0	0	0	0	0	1	1	0	0	0	0	2	0	0	0	0	0	0	0	1	0	0	0	0	0	0	0	0	0	0	1	0	0	0	0	0	0	0	0	0	0	1	0	0	0	0	2	0	0	0	0	0	0	0	0	0	0	0	0	0	0	0	0	3	1	0	0	0	0	0	0	0	0	0	0	0
L	3	1	0	0	1	1	22787	0	0	1	1	2	0	0	1	0	0	1	22085	2	1	0	0	5	0	1	0	0	1	0	0	1	3	0	0	2	2	2	20175	0	0	2	0	1	1	3	23275	2	10	0	0	0	21274	0	4	0	20664	0	1	22039	0	0	1	0	0	1	19705	0	2	21721	0	0	0	0	1	1	0	0	0	1	19285	0	3	1	0	1	0	0	0	0	2	21037	20883	20217	0	0	1	1	0	1	0	21841	21890	1	0	1	21288	0	3	0	1	0	0	0	0	0	0	0	0	0	0	1	16956	1	0	18798	0	2	0	0	0	1	0	0	0	0	0	0	1	1	0	0	1	0	0	0	0	1	0	0	0	19404	0	0	0	0	0	21733	0	0	0	0	1	0	18644	0	1	0	0	20730	4	1	1	18755	0	0	1	0	1	0	1	0	0	24018	1	1	0	2	1	0	0	0	21452	1	1	1	0	0	0	0	1	1	0	0	0	1	0	0	0	0	2	20547	2	2	0	0	1	0	0	0	1	0	18775	0	0	1	0	1	0	0	0	21267	1	1	0	4	0	0	1	0	22038	0	22041	0	0	1	0	0	3	0	0	0	0	7	0	2	0	2	20343	21376	0	0	1	5
M	22984	0	0	0	0	0	4	0	0	0	0	0	0	0	0	1	0	0	3	0	0	0	0	0	0	0	0	0	1	0	425	0	0	0	0	1	0	0	3	0	0	0	0	0	0	2	2	0	0	0	0	0	3	0	0	0	2	0	0	1	0	0	0	0	0	0	4	0	0	2	0	0	0	0	6	0	0	0	0	1	4	0	4	1	0	0	0	0	0	0	0	0	0	1	0	0	3	0	0	0	0	0	3	0	0	0	0	0	0	0	0	0	1	0	0	22997	0	0	0	15149	0	0	1	0	0	6	0	0	0	0	0	0	0	0	0	0	0	0	0	0	1	0	0	0	0	0	0	19812	0	0	0	2	0	0	0	0	0	2	0	0	0	0	0	0	1	0	0	0	0	1	0	0	0	0	0	0	0	21681	0	0	0	0	0	1	2	0	0	0	0	0	0	0	1	0	0	0	24121	0	0	0	0	0	0	0	0	0	0	0	0	0	0	4	0	0	0	0	0	0	0	0	0	0	2	0	0	0	0	0	0	0	0	14	0	0	0	0	0	0	0	0	0	2	1	0	0	0	0	1	0	0	0	0	0	0	0	0	0	0	1	1	0	0	0	0
N	0	0	0	0	0	0	0	5	0	0	0	0	0	0	0	0	0	0	0	0	0	0	2	0	0	0	0	1	0	0	0	0	0	0	0	0	0	0	0	0	0	0	0	0	0	0	0	0	0	0	1	1	1	0	0	0	0	20520	0	0	0	0	0	0	0	0	0	1	0	0	0	0	1	0	0	0	0	0	0	0	0	0	0	0	2	0	0	0	0	0	0	0	0	0	0	0	0	0	0	0	1	0	0	3	0	4	0	0	0	0	0	0	0	0	0	0	0	0	0	0	0	0	0	1	1	1	0	0	0	2	0	0	0	0	2	0	0	1	3	0	0	0	0	0	0	0	0	0	0	0	0	0	0	0	0	1	1	0	1	0	0	1	0	0	0	0	0	0	0	0	0	0	0	0	0	0	0	0	0	0	0	0	1	0	0	0	0	3	0	1	0	0	0	0	19241	0	0	0	1	18144	0	0	0	0	0	0	1	2	0	0	0	0	0	0	0	1	0	0	0	0	1	0	0	0	0	0	1	1	0	0	0	0	0	0	0	0	0	1	0	0	0	0	0	0	0	1	0	0	0	1	2	0	0	1	0	0	0	0	0	0	1	0	0	0
P	0	0	0	1	0	0	2	0	0	0	0	21201	0	0	0	0	0	0	0	0	0	0	0	0	0	0	3	1	0	0	0	0	0	1	0	0	0	1	0	0	0	0	0	1	21207	0	0	0	0	0	0	0	1	0	0	0	1	0	0	0	0	0	0	0	0	0	0	0	0	0	0	1	1	0	0	17525	0	0	0	0	1	0	0	0	0	0	0	0	0	0	0	5	4	1	0	0	0	18620	0	0	0	5	2	0	0	0	1	0	18056	0	0	0	0	0	0	0	0	0	0	0	0	0	1	1	0	0	0	16816	0	1	0	17325	0	0	1	0	0	0	1	0	0	0	1	0	0	0	0	0	0	0	0	2	0	0	0	0	0	2	0	0	0	0	0	0	2	0	17840	0	0	1	0	1	0	2	0	0	0	0	22651	0	0	0	0	4	0	0	1	0	0	0	1	0	0	21892	0	0	0	0	0	0	0	1	0	0	0	0	0	0	0	0	0	2	0	0	0	0	0	0	1	0	0	0	0	0	0	1	0	0	1	0	0	6	0	0	0	0	0	0	0	0	0	0	1	0	0	0	0	0	18799	0	0	7	0	0	0	0	0	1	0	0	0	0	0	0
Q	1	3	2	22799	0	0	0	1	0	0	1	2	1	0	1	0	0	0	0	4	0	0	0	0	4	12381	23229	0	0	0	0	0	88	3	3	0	0	0	1	0	0	17069	0	5	0	0	0	0	0	0	3	1	0	1	1	0	0	0	2	0	23284	0	1	0	0	0	0	0	0	0	0	0	0	0	0	2	0	2	5	0	1	0	0	0	0	0	0	0	0	0	0	1	0	0	0	0	0	4	0	20842	1	2	0	0	0	2	1	0	3	0	0	0	0	0	1	0	2	1	0	0	1	0	0	1	0	0	0	2	0	0	0	6	0	0	1	17935	1	1	0	0	1	0	0	0	0	0	0	1	1	2	0	0	0	0	21351	3	0	2	3	6	4	0	21793	0	1	0	1	0	3	0	0	1	0	0	0	0	0	0	5	0	0	1	0	13	0	1	0	1	0	0	0	0	1	2	0	0	10	0	0	0	0	0	0	0	0	0	1	0	0	1	0	0	0	0	0	0	0	0	20356	0	0	0	0	0	0	0	0	0	0	3	0	0	0	0	0	0	1	0	0	0	3	3	0	0	0	0	1	0	4	8	0	20660	0	1	0	0	1	0	1	0	1	0	0	0
R	7	10	0	6	1	1	2	2	0	0	1	0	2	0	2	0	0	20593	2	0	0	0	0	1	0	10104	2	0	0	0	2	0	2	2	0	0	0	20222	0	2	0	6	1	18845	3	0	1	0	0	2	0	0	4	5	2	0	4	1	0	0	4	0	0	0	0	18913	1	3	1	0	0	0	0	1	0	0	0	0	0	1	6	0	6	0	1	0	0	0	17776	0	4	0	0	0	0	0	2	0	0	3	0	3	2	3	1	0	0	0	0	0	0	2	1	4	0	3	0	0	0	1	15364	15330	11	2	0	0	0	0	0	0	0	1	0	0	2	7	0	6	1	18777	0	0	18222	0	17259	0	18868	0	2	0	0	3	0	0	2	0	0	0	3	1	0	3	2	1	0	0	0	0	0	0	0	0	18399	1	4	0	18418	2	2	0	1	0	5	3	1	0	0	1	0	0	0	2	1	3	0	1	3	0	0	0	0	19886	0	3	0	0	0	0	4	0	20169	0	0	0	0	0	17971	0	4	0	0	0	1	1	0	19211	0	0	1	0	1	0	1	0	10	5	0	0	18774	1	2	1	6	0	0	0	0	0	7	0	2	3	20406	0	1	0	0	20078	0	0	0	0	0	0
S	0	0	0	0	0	1	0	0	4	2	19528	1	0	2	1	0	0	0	0	2	0	7	0	2	3	1	0	0	0	0	7	22701	5	1	3	0	1	2	0	20168	0	0	0	0	0	0	0	1	0	3	0	0	0	21652	0	0	0	1	0	0	0	0	0	1	0	1	0	21633	0	0	4	1	0	0	0	0	1	0	0	0	0	0	0	1	1	0	3	0	2	0	1	0	0	0	0	0	0	1	0	0	0	0	0	21822	21484	1	0	1	0	2	0	0	0	21886	2	0	2	0	0	0	1	4	0	0	0	0	1	1	2	0	1	0	1	0	0	0	2	0	0	4	0	0	1	2	0	0	6	0	0	2	1	0	0	0	0	0	0	0	1	0	0	0	0	3	0	1	1	3	0	0	3	3	11	0	0	1	1	0	2	0	0	0	0	0	0	0	2	0	1	0	1	0	0	0	2	1	0	0	0	0	1	2	2	21497	1	1	0	0	0	5	3	0	3	0	2	0	4	0	0	0	0	1	0	0	2	1	0	0	0	0	0	0	0	4	0	0	3	1	2	0	0	0	0	0	0	2	2	1	0	0	20481	0	1	0	4	1	0	2	0	0	0	0	2	1
T	1	1	0	0	2	0	0	0	0	1	1	0	0	1	0	0	0	0	0	0	1	0	0	0	0	0	3	23054	2	0	0	1	0	2	0	0	1	0	0	0	0	0	2	0	1	0	0	0	0	1	20805	288	0	0	0	1	0	0	0	0	0	0	0	0	0	0	0	2	0	0	0	15787	16515	0	0	3	0	0	0	0	0	0	0	0	18571	0	0	0	0	1	0	0	0	1	0	0	0	1	0	0	0	0	0	2	0	0	0	0	1	0	0	0	4	2	2	2	0	0	1	1	0	0	0	3	14421	0	0	3	1	15499	0	1	0	0	2	0	0	1	0	1	1	0	0	0	0	16416	0	1	0	1	0	0	0	0	0	0	0	0	2	0	0	0	0	0	0	1	0	0	0	0	0	2	0	0	0	0	1	0	4	0	0	1	0	0	0	0	22461	0	2	0	0	2	0	2	1	2	1	0	0	1	0	0	0	6	0	0	0	0	0	0	0	1	0	0	0	0	0	0	0	0	1	1	0	0	17336	0	0	1	0	0	0	0	0	0	0	0	1	0	0	0	0	0	0	2	0	0	0	1	0	0	0	0	0	0	1	0	0	0	0	0	0	0	0	0
V	3	1	1	0	0	2	1	0	2	1	0	0	1	0	0	12479	1	0	0	0	0	0	2	0	4	12	0	0	1	2	0	4	0	2	0	15400	0	0	0	0	2	0	0	0	0	23258	0	0	21548	0	0	1	1	0	1	1	0	0	0	0	0	0	0	0	0	0	1	0	0	1	1	0	0	3	17942	0	0	1	0	16448	1	1	19699	17133	0	1	0	0	0	0	0	0	1	1	0	1	18255	0	2	0	1	1	0	0	0	0	0	1	0	1	2	0	20253	0	1	0	3	1	3	0	0	0	1	0	0	0	0	0	0	0	0	0	0	0	0	0	1	0	0	0	5	3	0	3	0	0	0	0	0	1	2	1	20755	1	1	0	0	0	1	0	0	0	1	1	0	2	0	0	0	0	4	2	0	1	0	0	0	1	0	0	1	2	0	0	22633	19887	0	0	0	1	2	0	0	0	0	2	3	22869	1	1	0	0	0	0	1	2	0	1	6	1	0	0	4	19849	7	2	0	0	0	0	0	2	0	4	0	0	0	0	3	0	0	0	6	1	1	0	1	1	0	1	0	20516	1	0	1	0	2	1	0	1	0	0	0	0	1	1	0	0	0	0	1	0	1	0
W	0	0	0	0	0	0	0	0	0	0	0	0	0	0	17185	0	0	0	0	0	0	0	0	22549	0	0	0	0	0	0	0	0	0	0	0	0	0	0	0	0	0	1	0	0	0	0	0	0	0	0	0	0	0	5	0	0	0	0	0	0	0	0	0	0	0	0	0	0	23419	0	0	0	0	0	0	0	0	0	0	0	0	0	0	0	0	0	0	0	0	0	21633	0	0	0	0	0	0	0	0	0	0	0	0	0	0	0	0	0	0	0	0	0	0	0	0	0	0	0	0	0	0	0	0	0	0	0	0	0	0	0	0	0	0	0	0	0	0	0	0	0	0	0	0	0	0	0	0	0	0	0	0	1	0	0	0	0	0	0	0	0	0	0	0	0	0	0	0	0	0	0	0	1	0	0	0	0	0	0	0	0	0	0	0	0	0	0	0	0	0	0	0	0	0	0	0	0	0	0	0	0	0	0	0	0	0	0	0	15	0	0	0	0	0	0	0	0	0	0	0	0	0	0	0	0	0	0	0	0	0	0	1	13	0	0	0	19945	0	0	0	0	0	0	0	0	0	0	0	0	0	0	0	0	0	0	0	0	0	0	0	0	0	0	0	0
Y	0	0	0	0	1	0	0	1	0	0	0	0	0	0	0	0	0	0	0	0	0	23088	3	0	0	0	0	0	0	0	1	0	1	0	0	0	0	0	0	0	0	0	0	0	0	0	0	0	0	0	0	3	0	0	0	0	0	1	0	0	0	3	0	0	0	0	0	0	0	0	0	0	0	0	0	0	0	0	0	0	0	2	0	0	0	0	0	0	0	4	1	0	0	0	0	0	0	0	0	0	3	0	0	0	0	1	0	0	0	0	0	0	0	0	0	0	0	2	0	0	0	0	0	0	0	0	3	0	0	0	2	0	0	1	3	0	0	0	2	0	0	0	0	0	0	0	0	0	0	0	0	0	0	1	0	3	3	0	1	0	0	0	0	0	0	0	0	0	0	0	1	0	0	0	0	0	0	0	0	3	0	0	42	0	0	0	0	0	0	4	0	0	0	0	0	0	0	0	0	0	0	0	0	0	0	1	0	2	0	0	0	0	0	0	0	2	0	19696	0	3	0	0	0	0	0	0	2	0	0	0	0	0	0	0	0	0	0	3	0	1	0	0	0	21924	0	0	0	0	0	1	0	0	0	0	0	0	20649	0	0	0	1	0	1	0
