KKA2_S1_Kan11_L1
Position	1	2	3	4	5	6	7	8	9	10	11	12	13	14	15	16	17	18	19	20	21	22	23	24	25	26	27	28	29	30	31	32	33	34	35	36	37	38	39	40	41	42	43	44	45	46	47	48	49	50	51	52	53	54	55	56	57	58	59	60	61	62	63	64	65	66	67	68	69	70	71	72	73	74	75	76	77	78	79	80	81	82	83	84	85	86	87	88	89	90	91	92	93	94	95	96	97	98	99	100	101	102	103	104	105	106	107	108	109	110	111	112	113	114	115	116	117	118	119	120	121	122	123	124	125	126	127	128	129	130	131	132	133	134	135	136	137	138	139	140	141	142	143	144	145	146	147	148	149	150	151	152	153	154	155	156	157	158	159	160	161	162	163	164	165	166	167	168	169	170	171	172	173	174	175	176	177	178	179	180	181	182	183	184	185	186	187	188	189	190	191	192	193	194	195	196	197	198	199	200	201	202	203	204	205	206	207	208	209	210	211	212	213	214	215	216	217	218	219	220	221	222	223	224	225	226	227	228	229	230	231	232	233	234	235	236	237	238	239	240	241	242	243	244	245	246	247	248	249	250	251	252	253	254	255	256	257	258	259	260	261	262	263	264
Wild-type	M	I	E	Q	D	G	L	H	A	G	S	P	A	A	W	V	E	R	L	F	G	Y	D	W	A	Q	Q	T	I	G	C	S	D	A	A	V	F	R	L	S	A	Q	G	R	P	V	L	F	V	K	T	D	L	S	G	A	L	N	E	L	Q	D	E	A	A	R	L	S	W	L	A	T	T	G	V	P	C	A	A	V	L	D	V	V	T	E	A	G	R	D	W	L	L	L	G	E	V	P	G	Q	D	L	L	S	S	H	L	A	P	A	E	K	V	S	I	M	A	D	A	M	R	R	L	H	T	L	D	P	A	T	C	P	F	D	H	Q	A	K	H	R	I	E	R	A	R	T	R	M	E	A	G	L	V	D	Q	D	D	L	D	E	E	H	Q	G	L	A	P	A	E	L	F	A	R	L	K	A	R	M	P	D	G	E	D	L	V	V	T	H	G	D	A	C	L	P	N	I	M	V	E	N	G	R	F	S	G	F	I	D	C	G	R	L	G	V	A	D	R	Y	Q	D	I	A	L	A	T	R	D	I	A	E	E	L	G	G	E	W	A	D	R	F	L	V	L	Y	G	I	A	A	P	D	S	Q	R	I	A	F	Y	R	L	L	D	E	F	F
A	0	14	3	1	31	124	5	0	70936	2	3	9	69481	67656	0	90	0	0	0	5	5	0	1	0	70030	0	0	33	0	5	0	0	7	68368	67782	3	0	0	0	0	65410	4	4	0	2	138	0	0	5	0	3	145	19	0	1	65899	0	0	1	0	7	0	3	65065	59288	0	0	3	0	0	63105	2	10	13	13	1	1	57717	57104	14	0	0	9	11	2	5	57039	2	0	3	0	0	0	0	1	3	3	0	2	0	12	2	0	0	4	1	0	59601	2	60274	2	0	2	0	0	0	63655	2	43770	0	0	0	0	0	27	0	1	1	49328	4	0	4	0	0	0	0	56258	0	5	0	0	0	0	58057	4	6	0	0	1	62451	4	0	3	2	4	7	1	0	1	2	19	0	44	3	1	65672	13	66207	0	0	0	64450	2	0	0	62279	454	0	0	2	5	10	1	0	2	16	8	0	4	6	66095	0	0	3	0	0	0	10	13	0	1	0	0	1	2	0	0	19	1	1	0	0	4	4	69128	1	0	0	0	10	0	66271	0	61985	3	0	1	0	69032	2	5	0	0	119	8	0	66928	1	0	0	0	80	6	0	2	0	63794	60697	14	8	3	0	0	0	66749	0	0	0	0	0	0	2	0	0
C	0	0	23	5	2	84	88	12	0	36	459	0	1	1	47	2	1	5	1	35	35	8	4	64	13	1	0	1	0	31	69310	0	3	0	5	0	0	1	0	0	0	0	27	0	0	5	9	1	0	0	2	75	1	0	35	0	0	0	0	0	0	0	0	6	7	3	0	0	18	4	3	0	0	34	2	0	52324	0	0	0	0	0	0	1	4	0	0	42	4	0	4	0	2	0	31	0	0	0	46	1	0	0	0	1	0	1	0	1	0	0	0	0	0	506	0	0	0	0	0	0	3	4	0	0	0	0	0	0	0	0	49815	0	1	0	0	0	0	0	0	2	4	0	10	0	3	9	4	0	1	5	36	0	8	0	116	0	0	0	0	0	1	2	17	49	7	1	2	0	0	0	3	0	10	9	0	1	1754	21	0	0	25	4	1	0	0	0	0	7	39	0	0	63260	0	0	0	0	2	4	25	0	28	8	0	1	30	12	0	0	68121	39	5	0	44	0	1	2	2	4	0	0	0	3	0	0	2	4	11	0	0	0	0	0	46	26	0	53	0	2	5	25	0	3	0	13	31	8	42	0	0	7	1	0	4	0	0	2	6	1	3	0	0	0	0	1
D	0	0	16	17	74495	199	0	6	1	3	1	0	4	1	1	3	13	4	0	25	8	3	72209	0	2	1	0	0	0	1	0	0	66938	0	2	0	0	0	0	0	4	1	11	0	9	1	0	0	0	0	2	66066	1	0	2	8	0	4	4	2	10	69998	5	1	8	1	0	1	1	1	0	1	0	0	2	0	0	0	12	2	0	65261	0	0	0	10	0	8	0	54420	0	0	0	0	1	0	2	0	4	0	63525	1	0	0	0	21	0	0	1	0	3	1	1	0	3	1	0	44892	0	0	10	2	1	8	0	0	54479	0	0	1	0	0	0	52463	8	0	0	1	15	0	0	1	0	1	0	1	0	0	8	1	11	0	0	65789	0	67469	67970	0	69641	85	4	2	1	2	0	4	0	0	7	0	1	10	0	1	0	8	100	1	0	64749	1	3	64226	1	0	0	0	7	3	63416	0	3	5	1	20	1	3	0	6	6	6	0	0	0	3	0	0	65608	0	5	0	0	2	0	0	58738	0	16	0	66950	0	3	0	2	4	0	65134	1	0	1	5	0	4	40	5	0	0	61855	0	0	3	110	0	1	4	0	10	6	0	67091	11	40	0	1	2	0	1	0	0	0	68987	2	0	0
E	0	0	72180	88	111	74	32	24	34	1	21	0	56	18	0	7	64340	0	0	24	0	0	21	0	101	12	6	0	0	0	0	0	3	20	57	0	0	0	0	2	16	34	1	1	2	0	0	0	3	4	0	81	24	11	0	19	0	0	66220	0	0	34	65969	14	14	0	1	3	0	0	22	0	0	0	0	0	0	16	50	1	0	1	7	1	0	55675	19	0	0	2	0	0	0	0	0	56430	0	0	0	12	1	0	0	0	0	0	0	12	0	39	59055	15	0	0	1	0	20	10	8	0	0	0	0	0	1	0	3	0	15	0	0	0	0	2	0	6	14	7	0	0	0	57570	0	18	0	31	0	0	63667	17	0	0	1	3	215	1	0	0	18	66279	67365	0	29	1	0	12	0	34	58819	0	0	43	18	0	2	13	250	1	0	3	0	62805	0	0	2	0	0	0	0	6	21	0	0	0	0	0	0	2	71828	0	0	0	3	0	0	0	0	6	1	0	0	0	1	1	25	6	0	1	3	1	0	15	0	16	0	0	6	0	25	64255	65749	0	0	43	64986	0	24	38	0	0	0	61	47	0	1	0	24	29	0	1	3	46	0	3	16	0	0	0	0	0	1	65736	0	0
F	0	65	44	3	37	151	0	0	3	0	149	1	0	0	0	0	0	0	0	70707	0	5	0	1	1	0	0	0	2	1	10	0	0	0	14	0	60909	0	0	0	0	0	0	0	0	0	10	71228	0	0	0	0	24	0	3	0	0	0	0	0	0	0	0	0	0	0	0	0	1	0	0	1	0	0	0	0	8	0	0	0	0	0	2927	0	0	0	0	0	0	0	1	0	4	0	0	0	0	0	1	0	0	0	0	0	1	0	0	0	0	0	0	0	0	0	1	0	0	0	0	0	0	0	0	0	0	0	0	0	1	0	10	0	53182	0	0	0	29	0	0	0	2	0	0	0	0	0	0	0	0	4	0	0	122	0	9	0	0	1694	0	0	3	0	102	0	13	1	0	0	0	0	63892	0	0	2	0	11	406	39	0	0	1	0	0	0	0	0	0	0	0	0	549	19	0	0	0	0	0	0	0	0	1	0	67649	0	0	73315	8	0	15	0	0	0	0	0	0	0	0	3	0	0	1	0	0	0	0	0	0	0	0	0	32	0	0	1	0	0	0	6	0	69191	0	3	0	2	0	0	0	1	0	0	44	0	0	1	0	62992	0	0	0	0	0	0	66719	68370
G	0	0	5	19	101	71385	32	4	5	68166	28	0	5	5	31	10	7	5	0	1	75127	0	3	8	2	0	0	0	0	74939	1	5	46	2	0	22	0	2	37	5	1	0	61503	18	0	54	0	0	5	0	0	9	0	7	65242	0	0	0	3	0	1	3	5	2	3	1	0	9	15	0	5	0	0	63053	0	0	3	3	3	11	0	2	14	1	0	0	14	55665	3	2	10	0	0	0	61191	4	3	2	59150	0	3	0	0	12	19	0	0	12	0	0	5	1	3	28	0	0	3	0	3	0	2	7	0	0	3	0	3	0	0	0	3	0	0	5	0	0	3	0	0	6	0	6	3	3	8	0	12	0	7	2	62837	0	2	4	17	0	6	0	1	8	6	0	0	69348	0	4	7	1	3	0	3	3	7	0	0	1	545	0	0	2	65427	6	4	0	3	5	0	0	73010	2	3	13	0	0	0	0	0	1	2	1	64282	3	0	6	67593	0	0	1	3	65769	2	0	71040	13	1	2	5	0	1	7	0	5	0	3	0	11	1	0	5	8	5	0	67541	62436	2	14	1	2	9	0	0	1	1	0	78336	0	13	4	2	2	3	0	7	0	20	0	0	4	0	0	1	3	0	0
H	0	45	27	20	33	1	0	73494	1	0	14	0	5	10	0	1	7	11	0	1	1	5	5	0	9	19	18	18	0	0	0	0	2	0	15	0	0	12	0	2	0	3	12	0	26	0	18	0	0	0	0	2	0	15	31	15	2	2	0	4	58	3	0	0	0	8	9	0	0	0	0	0	4	1	0	0	1	3	8	0	0	6	3	0	0	1	4	0	3	1	0	0	0	0	1	1	0	0	0	31	4	0	0	0	0	61101	0	0	0	2	0	0	0	0	3	0	0	4	0	0	3	4	0	50967	0	0	1	0	0	1	0	0	0	4	54575	21	0	0	57073	6	0	0	4	1	7	0	2	0	60	0	0	1	0	3	28	6	0	0	4	2	2	69834	33	12	0	2	0	0	0	0	0	2	29	0	0	3	658	28	0	8	0	0	1	0	0	0	7	71850	0	3	1	0	0	0	0	0	0	0	37	1	0	2	0	0	0	0	0	3	0	0	1	0	0	0	0	0	2	5	34	8	0	0	0	0	0	3	5	0	0	3	81	0	0	4	0	0	0	2	4	0	0	12	1	4	0	0	0	6	0	3	29	12	3	0	0	0	1	6	0	0	2	0	0	0
I	381	72725	11	27	38	160	0	0	53	0	758	0	2	0	0	0	0	2	1	26	0	0	0	0	0	2	60	3	71274	0	0	10	1	0	0	0	0	0	0	10	0	0	0	1	0	0	0	0	3	0	4	23	0	23	0	0	0	0	0	7	1	0	0	0	0	0	0	11	0	0	0	2	8	0	47	1	0	0	464	23	26	0	1	3	3	0	0	0	0	0	0	4	0	0	0	0	0	0	0	0	0	0	0	4	11	0	4	0	0	1	0	2	0	12	65778	42	0	0	0	13	0	0	0	0	0	0	0	19	0	1	0	0	0	0	0	0	159	0	0	0	60498	0	0	0	0	87	0	33	32	0	0	0	5	0	68	0	0	0	0	0	0	0	275	0	17	0	8	9	0	0	1	0	0	0	30	3	554	30	19	17	0	0	0	0	0	1	2	0	1	0	0	15	0	0	1	68643	49	0	0	0	0	1	0	17	0	2	75152	4	0	0	0	0	0	7	0	0	0	0	0	0	65833	0	5	0	40	1	0	64021	0	0	0	0	0	4	0	0	0	2	0	0	0	0	0	0	0	64636	0	1	0	2	30	0	0	63124	0	0	0	0	0	0	0	0	6	0
K	1	107	40	174	252	329	1	0	0	0	1	1	92	18	0	99	2	87	0	94	0	0	3	0	22	15	10	0	0	0	1518	0	0	0	0	0	0	3	0	1	2	47	7	14	53	0	1	0	0	64495	0	0	77	0	0	0	0	27	3	0	28	0	7	0	0	0	0	12	0	0	0	9	1	0	0	0	0	0	76	0	3	0	9	0	0	8	0	0	0	0	0	0	0	0	13	5	1	2	0	30	0	1	0	0	0	3	0	0	0	0	0	62426	0	3	3	2	0	0	0	1	0	1	0	0	1	0	0	1	0	10	0	1	0	1	0	16	2	56418	5	0	0	2	0	0	0	28	0	2	2	0	0	10	0	2	13	0	0	0	0	5	7	0	56	0	1	0	0	11	2	0	0	4	2	0	64989	0	10	8	1	0	0	1	0	0	0	1	0	0	0	1	0	0	0	1	6	1	3	0	7	15	0	1	0	0	0	0	0	0	0	0	0	0	0	0	0	0	0	0	26	0	0	0	0	0	0	0	0	0	1	2	1	0	0	153	3	0	0	54	0	0	1	23	0	0	0	2	7	12	2	0	4	26	4	0	0	0	0	0	0	0	1	8	0	0
L	9	11	28	44	115	22	73971	1	46	1	505	7	50	0	26	10	0	22	69454	15	3	7	1	49	2	15	0	1	11	0	53	1	21	0	5	13	4	17	66239	0	0	0	0	31	1	22	74848	13	14	0	0	0	68195	1	32	0	67108	0	2	70384	1	0	11	0	1	18	63656	0	18	66242	0	1	0	3	34	7	2	1	0	29	63466	0	19	12	1	1	0	0	16	0	20	62726	62617	60776	4	0	14	5	0	3	0	64198	64653	0	5	0	62163	0	8	0	16	1	6	0	1	1	0	0	0	17	13	10	49768	0	0	58852	0	2	0	2	0	8	6	0	1	0	47	0	1	12	0	0	22	0	20	77	21	3	0	0	0	62704	91	1	30	0	0	66226	0	4	0	0	162	0	64222	26	121	6	0	64484	14	3	161	62117	16	12	657	20	9	0	0	0	0	72859	19	23	0	9	5	3	0	0	67363	5	1	6	5	22	0	4	2	25	5	0	0	6	3	0	1	5	35	69003	0	19	0	2	14	0	0	0	232	0	62549	0	0	25	0	1	0	0	1	68655	4	3	0	22	0	17	23	3	73308	21	74020	5	4	10	9	45	10	0	22	3	16	28	0	18	0	12	65258	68381	0	0	3	14
M	73607	22	1	9	0	90	37	14	16	3	155	0	0	35	0	3	0	0	26	0	0	0	0	0	0	1	0	4	13	0	0	0	0	0	2	3	1	0	19	0	0	0	0	0	0	3	24	0	3	0	0	0	34	1	0	1	8	0	0	16	9	0	0	0	6	0	20	1	0	15	0	0	8	1	13	0	0	0	0	3	17	0	5	2	0	0	45	0	0	0	0	11	8	8	0	0	0	0	0	0	0	24	15	5	0	1	24	0	0	0	0	0	1	0	0	65534	0	0	0	43802	0	2	15	0	0	28	0	0	0	8	0	0	0	0	0	0	28	0	0	0	0	0	14	0	0	10	0	62962	32	0	2	27	25	0	141	0	0	28	0	0	0	0	212	0	61	5	13	40	0	8	0	4	324	39	0	1	438	65179	0	0	0	0	0	22	1	0	0	0	0	0	1	0	26	0	0	1	75481	3	1	0	0	0	0	2	0	0	5	0	0	0	0	28	0	6	0	0	0	0	1	0	7	0	13	0	1	0	0	0	0	1	0	21	0	21	0	0	0	8	2	0	17	28	18	3	0	1	0	8	0	0	33	2	0	6	9	0	0	0	14	11	0	0	0	0
N	0	42	69	62	326	104	0	21	5	1	2	0	1	2	0	10	0	2	0	0	1	0	14	0	0	1	14	27	1	0	0	2	5	0	12	0	0	0	0	1	13	0	0	0	0	1	0	0	0	4	16	4	15	3	0	1	1	67104	0	0	0	3	0	0	0	1	0	3	0	0	2	7	7	0	1	0	0	0	6	0	0	3	0	0	7	0	0	2	0	4	0	0	0	0	0	0	0	0	0	1	6	0	0	2	2	59	0	0	0	0	0	2	0	5	3	0	0	2	0	0	0	1	0	17	30	0	2	0	0	12	0	0	0	4	17	4	0	1	11	0	1	0	0	0	1	18	0	0	52	0	17	7	0	2	1	18	5	0	7	0	0	466	2	4	1	1	0	1	0	0	0	5	1	0	2	0	778	0	0	4	0	8	0	0	0	0	15	31	0	3	0	0	0	0	60869	0	0	0	1	58316	0	0	0	1	0	0	1	6	0	0	0	0	0	0	0	2	0	0	0	1	3	0	0	0	18	0	8	2	0	0	0	0	0	9	0	0	0	4	0	0	0	7	0	0	0	1	25	1	1	2	1	3	0	1	0	0	0	0	0	0	1	0	0	0
P	0	0	12	39	0	433	29	136	56	3	137	67944	1	21	0	0	13	5	3	0	0	0	2	0	4	3	8	1	0	0	0	0	0	2	6	0	0	0	6	1	2	55	0	2	70600	6	7	0	0	0	2	0	12	0	0	13	6	0	0	3	1	0	0	0	2	3	7	0	0	4	2	10	0	0	0	57143	1	2	2	0	8	0	0	0	0	0	1	0	2	0	0	5	7	8	0	0	0	56622	0	10	0	9	4	0	0	18	9	7	55638	0	0	0	0	0	0	0	0	0	2	0	2	0	8	20	4	9	1	51626	3	0	0	53335	0	0	6	1	1	0	6	1	0	0	4	1	2	2	4	0	0	3	0	3	62	0	4	0	0	5	0	0	0	0	2	0	5	1	60459	2	0	10	0	2	4	8	0	3	8	1	67151	0	0	0	0	11	0	5	2	23	0	0	2	0	4	68291	0	0	0	0	0	0	0	2	2	0	0	0	0	0	0	0	2	6	0	0	2	0	2	1	8	0	0	0	6	2	0	4	0	0	2	0	0	24	0	30	0	0	0	0	1	0	13	0	9	0	0	0	0	2	62733	0	0	7	2	0	1	0	0	2	4	5	0	1	0	0
Q	2	9	61	73046	33	5	11	25	2	0	166	39	22	0	3	24	25	0	1	23	0	1	5	3	17	69871	71493	1	9	0	80	0	23	15	32	2	0	0	0	2	2	61563	6	9	29	0	3	3	0	4	7	16	16	0	7	20	0	1	14	0	72843	0	6	0	2	0	0	5	0	0	3	0	2	0	8	47	0	11	156	2	8	0	4	7	0	2	2	0	0	1	2	4	0	1	3	383	0	50	0	61514	11	0	1	1	0	14	4	0	26	7	4	4	0	0	0	1	3	3	0	0	2	4	0	18	3	1	3	20	5	0	0	35	0	88	1	54434	8	3	5	0	12	4	1	0	0	4	14	4	15	20	0	4	1	1	65479	24	0	5	3	2314	15	12	68853	0	13	2	38	17	10	1	0	33	18	2	2	9	153	22	27	0	1	5	1	27	0	7	0	27	0	1	0	2	4	33	0	7	57	1	6	0	0	0	1	1	2	1	4	0	0	8	0	1	0	0	0	0	1	0	67877	1	1	2	0	0	0	0	2	9	2	12	0	4	0	59	4	1	2	80	0	5	13	77	0	0	0	1	10	25	28	38	17	66840	0	3	1	0	1	1	0	0	0	2	0	0
R	38	5	51	33	17	42	21	24	1	3	8711	3	22	0	13	6	0	64604	10	49	4	0	7	7	3	15	9	1	0	5	17	22	25	4	0	2	0	67222	3	22	1	22	5	62948	10	1	6	0	0	10	0	0	80	27	8	1	11	3	0	8	11	0	0	2	0	60943	5	75	0	2	4	0	0	2	0	7	6	32	34	13	15	0	8	0	0	2	1	3	54804	0	4	1	6	2	9	1	9	17	4	6	0	18	3	10	15	15	1	0	3	0	2	2	2	18	1	11	4	0	0	0	45046	45333	29	11	4	1	2	2	2	0	2	4	0	0	2	30	44	25	4	58824	0	0	58590	0	55573	0	61192	0	3	1	7	8	1	0	6	1	0	2	10	8	5	4	9	2	1	8	3	5	0	4	4	85	59382	2	11	2	46363	62	13	6	6	3	11	11	2	0	1	4	7	0	1	2	10	21	1	13	11	3	1	0	7	64697	0	28	2	0	0	0	12	8	67908	3	12	0	0	0	62108	0	15	0	0	0	7	0	0	65278	0	1	1	0	24	4	5	35	0	5	0	38	62475	3	18	32	67	0	12	7	4	1	25	0	56	12	66061	0	3	0	0	65132	0	2	1	1	0	0
S	0	5	29	8	148	188	12	0	33	1	52955	2	94	25	3	19	38	20	0	6	8	10	2	5	50	0	2	7	4	16	30	70575	201	24	113	0	6	19	0	65309	24	42	1726	0	5	1	0	5	0	3	7	45	2	68307	5	12	0	3	0	3	0	0	0	28	17	18	3	67012	4	0	25	3	3	4	1	39	2	14	55	0	0	0	16	4	4	0	28	5	36	0	3	0	0	0	7	0	0	28	10	0	0	0	2	64053	62308	4	0	24	3	22	0	0	0	61797	2	0	21	0	12	0	11	31	0	0	17	0	222	3	21	6	5	2	1	0	1	1	25	0	1	49	1	0	12	16	10	12	26	1	1	14	2	0	0	0	2	0	1	0	0	0	0	0	2	2	1	45	1	68	0	0	3	22	41	6	1	50	3081	0	12	5	15	0	0	0	1	0	10	1	10	1	26	1	0	3	4	15	0	0	8	17	6	42	2	68782	7	8	0	1	8	12	38	0	1	0	32	0	24	9	0	0	26	11	0	28	13	35	29	4	13	78	0	1	5	46	0	4	16	12	19	3	1	5	0	2	6	2	50	36	2	0	66618	4	17	7	20	4	1	23	0	0	0	0	5	5
T	6	9	41	0	50	78	0	1	3	4	152	43	2	20	0	4	0	0	0	0	2	0	8	0	24	2	24	69701	1	0	0	3	77	1	404	0	0	0	0	73	15	4	17	0	13	66	0	0	0	2	66605	46	9	1	0	2	0	0	0	0	0	0	0	1	3	0	0	9	0	0	1	52250	53147	0	1	22	6	3	41	0	0	0	0	0	57854	1	0	1	0	3	0	0	0	4	0	0	0	20	2	1	0	0	1	10	0	0	0	3	23	2	4	3	17	1	4	4	3	0	2	5	2	2	0	10	48771	0	0	26	1	48630	1	28	1	0	1	5	1	3	1	2	2	0	56	5	0	53567	0	3	0	3	3	1	0	0	15	3	0	1	9	0	0	0	16	0	10	24	16	23	0	0	0	5	0	0	3	3	3581	13	22	4	2	4	0	0	1	2	70202	0	3	0	2	914	0	27	2	1	3	0	0	8	1	0	0	25	0	0	3	2	33	0	0	0	0	0	6	3	1	0	3	0	10	3	0	2	59220	3	0	13	7	34	0	0	0	36	0	0	5	2	3	0	0	56	1	2	0	3	10	24	26	0	29	2	0	0	6	0	0	0	0	0	2	0	1	0
V	21	41	1	26	25	177	6	15	53	61	65	0	21	2	1	44549	1	2	8	1	30	1	2	0	38	1	18	1	3	22	2	9	1	7	5	56636	0	0	2	2	3	1	8	2	0	75636	2	8	70393	2	0	35	16	0	19	5	1	0	0	1	2	2	0	3	2026	3	1	0	0	7	6	0	1	27	58276	0	3	3	5	56032	1	1	57430	54930	1	1	3	15	0	1	0	2	4	0	26	2	55369	0	22	0	3	4	2	0	0	0	3	14	6	6	4	0	58414	0	9	8	4	5	6	4	0	0	5	0	0	3	6	0	5	0	0	0	6	2	0	0	64	1	0	0	90	2	0	2	0	81	0	6	14	5	24	8	63313	5	82	0	0	3	2	2	3	0	112	28	22	25	33	10	4	0	7	63	14	1	23	10	37	7	1	0	15	1	0	0	70516	63577	3	0	21	1	10	1	3	0	1	27	4	71741	2	6	25	0	4	0	19	4	8	0	13	32	0	4	24	65806	7	3	0	0	1	2	3	16	1	7	11	0	2	6	7	1	4	4	31	40	1	1	5	4	0	16	0	69606	3	0	37	4	10	0	4	0	0	0	1	4	2	3	2	0	1	3	1	1	1	7
W	0	19	4	59	6	349	3	2	0	0	12	1	0	0	58264	14	12	0	0	3	0	0	0	70946	0	13	0	0	0	0	1	0	0	0	0	0	0	0	0	0	0	0	0	0	0	0	1	0	0	1	0	0	4	0	0	0	0	0	0	0	0	0	0	0	0	0	0	0	69313	0	0	0	0	0	0	0	0	0	0	0	0	0	0	0	0	1	0	0	0	0	63441	0	0	5	0	0	0	0	0	0	0	0	0	0	0	0	0	0	0	0	0	0	0	1	0	0	0	0	0	0	0	8	0	0	0	0	0	3	0	0	2	0	0	0	0	0	2	0	0	0	0	0	3	0	0	0	0	0	0	0	0	0	1	0	932	0	0	206	0	0	0	0	2	0	1	10	0	7	1	0	4	2	3	0	0	1	300	3	0	5	0	0	0	0	0	0	0	0	0	0	0	4	0	0	0	0	0	0	0	0	0	0	0	0	0	0	0	0	0	0	0	0	0	0	0	0	0	0	0	0	0	0	0	0	0	0	0	0	0	1	1	0	0	6	0	65183	0	18	0	0	0	11	0	0	0	0	0	0	0	0	156	0	0	0	0	273	0	0	0	0	0	0	0	0
Y	0	25	68	0	71	130	0	4	1	0	399	0	1	1	0	0	0	0	0	11	0	72927	49	0	3	0	0	2	0	0	1	0	22	0	3	0	7	0	0	0	0	0	0	0	0	0	16	2	0	0	0	31	53	0	0	0	0	1	0	0	12	38	0	0	0	0	0	0	21	1	0	0	0	0	0	0	0	0	0	0	0	29	0	0	0	0	0	0	0	13	0	0	0	0	0	0	0	0	0	0	39	0	0	0	0	3	0	0	0	0	0	0	0	0	0	0	1	38	0	0	0	0	0	4	1	0	38	0	3	0	3	0	0	17	3	0	63	10	3	0	0	0	0	0	11	0	0	0	4	0	0	5	0	32	72	33	23	31	31	2	0	1	46	0	17	0	0	4	0	0	0	1	0	0	2	3	501	35	0	32	21	0	6	1	0	0	0	4	0	19	6	2	0	0	5	0	0	1	1	1	0	0	0	0	0	1	1	17	3	0	0	0	0	0	0	39	0	67057	0	42	0	0	0	0	0	1	20	0	0	7	423	0	0	7	11	0	0	51	5	0	0	0	0	78266	0	0	0	1	0	39	18	0	0	0	9	33	66890	0	0	0	28	0	1	12
