KKA2_S1_Ami132_L1
Position	1	2	3	4	5	6	7	8	9	10	11	12	13	14	15	16	17	18	19	20	21	22	23	24	25	26	27	28	29	30	31	32	33	34	35	36	37	38	39	40	41	42	43	44	45	46	47	48	49	50	51	52	53	54	55	56	57	58	59	60	61	62	63	64	65	66	67	68	69	70	71	72	73	74	75	76	77	78	79	80	81	82	83	84	85	86	87	88	89	90	91	92	93	94	95	96	97	98	99	100	101	102	103	104	105	106	107	108	109	110	111	112	113	114	115	116	117	118	119	120	121	122	123	124	125	126	127	128	129	130	131	132	133	134	135	136	137	138	139	140	141	142	143	144	145	146	147	148	149	150	151	152	153	154	155	156	157	158	159	160	161	162	163	164	165	166	167	168	169	170	171	172	173	174	175	176	177	178	179	180	181	182	183	184	185	186	187	188	189	190	191	192	193	194	195	196	197	198	199	200	201	202	203	204	205	206	207	208	209	210	211	212	213	214	215	216	217	218	219	220	221	222	223	224	225	226	227	228	229	230	231	232	233	234	235	236	237	238	239	240	241	242	243	244	245	246	247	248	249	250	251	252	253	254	255	256	257	258	259	260	261	262	263	264
Wild-type	M	I	E	Q	D	G	L	H	A	G	S	P	A	A	W	V	E	R	L	F	G	Y	D	W	A	Q	Q	T	I	G	C	S	D	A	A	V	F	R	L	S	A	Q	G	R	P	V	L	F	V	K	T	D	L	S	G	A	L	N	E	L	Q	D	E	A	A	R	L	S	W	L	A	T	T	G	V	P	C	A	A	V	L	D	V	V	T	E	A	G	R	D	W	L	L	L	G	E	V	P	G	Q	D	L	L	S	S	H	L	A	P	A	E	K	V	S	I	M	A	D	A	M	R	R	L	H	T	L	D	P	A	T	C	P	F	D	H	Q	A	K	H	R	I	E	R	A	R	T	R	M	E	A	G	L	V	D	Q	D	D	L	D	E	E	H	Q	G	L	A	P	A	E	L	F	A	R	L	K	A	R	M	P	D	G	E	D	L	V	V	T	H	G	D	A	C	L	P	N	I	M	V	E	N	G	R	F	S	G	F	I	D	C	G	R	L	G	V	A	D	R	Y	Q	D	I	A	L	A	T	R	D	I	A	E	E	L	G	G	E	W	A	D	R	F	L	V	L	Y	G	I	A	A	P	D	S	Q	R	I	A	F	Y	R	L	L	D	E	F	F
A	0	3	8	2	9	13	3	2	33864	6	5	7	32868	31935	5	6	8	5	1	1	8	1	6	3	33586	6	6	33	2	16	2	1	5	32906	32783	8	2	9	5	3	31009	0	8	4	11	7	4	3	13	2	5	5	4	2	1	30974	3	1	0	1	4	3	7	30224	28680	1	6	2	0	2	29289	6	15	7	6	11	6	26440	26380	17	0	3	7	7	5	4	25263	1	0	3	4	2	6	1	4	5	4	4	5	7	6	1	5	1	8	2	2	25705	6	25993	4	0	4	1	7	3	26983	0	19695	3	1	1	2	1	26	1	5	3	21252	6	4	7	3	2	3	3	24366	1	1	7	2	10	3	24712	0	5	1	1	4	26534	7	0	7	6	7	2	7	4	3	4	8	5	2	10	7	28707	13	29218	2	8	2	28391	4	7	3	27498	14	2	4	0	5	14	9	6	1	10	12	5	2	15	31339	4	2	5	1	7	1	8	10	2	6	4	4	1	4	5	2	26	3	9	7	4	7	13	32468	1	3	3	3	8	2	31299	3	29062	10	0	8	4	32503	11	4	12	12	9	8	4	31573	10	1	0	2	13	2	6	7	1	30822	29141	23	6	2	5	7	2	32596	1	3	6	9	4	4	5	3	1
C	0	5	8	3	3	18	4	11	0	29	5	6	4	5	42	5	4	2	5	4	19	9	9	44	13	2	1	4	3	28	34396	1	5	1	4	2	7	13	0	4	4	2	22	3	4	10	4	4	2	1	7	4	1	6	27	5	0	3	4	1	3	2	1	5	6	5	2	3	26	5	6	1	19	38	5	3	24171	4	12	2	3	0	4	6	4	3	0	24	10	2	18	0	1	2	23	1	1	4	39	6	1	4	7	2	4	1	3	4	4	6	3	6	2	6	2	8	6	0	4	0	6	9	3	0	5	2	1	3	4	3	21480	2	5	2	4	6	1	3	4	9	5	3	7	5	5	2	6	0	0	1	26	4	2	3	6	2	6	4	3	2	0	2	6	31	3	5	1	0	2	5	6	17	22	7	5	7	30	8	3	4	22	3	5	3	5	3	4	5	21	4	7	30120	6	2	9	3	4	4	7	6	23	8	2	8	31	9	3	3	31924	20	8	5	32	5	1	5	8	5	2	3	4	4	4	3	6	8	7	7	4	5	8	6	34	16	2	46	4	6	5	12	3	4	4	9	27	8	25	0	3	7	6	6	6	4	5	5	6	12	3	6	8	4	4	11
D	0	8	5	7	36152	18	3	6	8	17	0	6	1	1	0	5	6	4	3	0	5	3	34712	2	3	8	4	4	4	9	2	3	32228	7	7	9	0	4	3	0	12	5	6	4	2	6	3	3	8	3	1	31360	0	2	6	13	5	9	5	7	1	32963	5	3	5	4	2	2	5	2	6	7	8	16	15	4	3	7	9	13	0	29352	8	0	2	2	1	5	2	24667	3	2	2	4	7	12	6	3	6	5	28080	3	4	2	3	9	5	6	4	5	8	7	5	1	4	2	6	20024	9	0	5	5	2	3	1	2	23672	4	5	1	0	2	4	22716	6	2	12	3	11	4	3	4	3	2	1	2	4	1	2	4	10	1	5	27966	1	28953	29355	5	30249	10	13	12	3	10	3	4	1	6	4	2	3	28	9	4	11	17	12	5	5	29484	7	7	29291	4	6	7	4	17	6	29659	4	4	6	5	28	5	4	7	5	9	5	0	11	5	11	9	3	30944	2	17	6	2	8	5	4	27003	4	6	13	31623	2	6	4	6	8	6	30839	10	10	11	8	6	9	12	5	3	4	29057	5	1	4	15	5	10	20	2	6	12	6	32353	0	6	4	3	8	4	8	9	3	3	33855	3	5	1
E	0	5	34844	12	7	9	5	7	17	6	4	5	18	20	2	6	30398	1	1	0	8	3	6	3	28	4	9	8	4	1	3	5	7	16	18	7	3	3	3	4	19	8	3	4	2	3	3	2	6	9	1	6	1	0	4	14	1	1	31055	2	3	6	30808	15	14	3	1	5	2	4	13	9	11	16	14	10	7	21	28	18	1	5	6	1	3	24582	15	0	3	2	2	2	2	1	6	25745	8	4	5	15	7	1	5	3	4	5	4	16	0	10	25855	5	11	3	7	6	18	7	12	1	0	2	5	1	0	0	5	2	5	0	3	3	2	5	7	4	12	3	0	2	2	24644	6	19	1	4	2	1	27361	19	5	2	4	6	8	4	5	2	8	29769	29298	8	3	3	2	14	0	11	25589	3	3	15	15	4	3	40	10	6	4	3	3	28675	5	6	6	7	3	3	8	11	23	4	4	3	7	2	3	6	33715	1	0	0	6	3	3	5	3	8	3	2	2	4	7	7	12	7	2	5	10	4	6	17	2	17	9	5	6	4	21	30594	31086	4	8	8	30483	6	20	14	2	5	8	6	7	2	3	5	14	12	2	8	8	6	2	6	19	3	3	4	2	6	10	32122	3	0
F	0	5	0	4	5	3	5	6	8	4	2	2	2	8	45	8	3	2	4	33834	4	2	4	4	1	5	6	2	5	9	9	5	6	2	4	5	29173	0	3	1	8	4	4	5	8	10	6	33487	1	4	1	5	3	3	4	2	2	2	1	2	1	2	3	5	4	0	5	5	2	4	2	8	10	7	10	3	16	4	5	13	2	2	2	2	1	3	1	7	4	7	5	2	4	8	6	2	4	5	2	6	2	5	4	5	1	2	0	5	2	0	1	3	2	3	3	12	2	2	2	3	2	1	5	1	1	3	3	2	3	2	12	2	23025	5	5	1	2	3	7	2	3	2	1	5	3	2	1	5	4	3	3	6	7	8	1	10	6	2	4	3	3	2	7	4	9	8	2	4	3	3	28613	12	16	6	1	6	13	6	2	6	3	3	5	3	11	8	6	2	2	3	1	20	7	2	4	6	1	8	2	6	2	6	31902	6	2	34620	6	5	13	0	1	4	2	4	3	4	0	6	4	0	4	6	2	3	5	4	7	6	2	1	6	3	6	9	2	12	6	1	3	32750	10	5	7	6	4	2	5	3	5	1	7	1	7	4	10	30905	1	8	4	8	4	2	32468	33386
G	0	4	10	3	9	35025	2	2	6	32705	16	4	5	11	23	7	6	2	5	4	35928	0	6	6	7	0	1	6	1	36457	3	8	4	6	7	10	2	13	4	10	9	2	29709	20	4	4	9	6	6	6	2	7	2	8	30666	4	1	2	2	4	2	6	3	4	7	7	1	10	16	1	5	0	11	29118	17	2	3	14	15	24	0	4	9	4	2	9	7	24588	9	7	13	0	1	6	27399	4	5	5	26381	5	10	0	2	9	18	2	4	2	3	1	6	3	3	23	9	3	4	0	5	1	3	5	1	2	3	5	5	1	1	3	2	9	0	5	2	7	7	6	4	10	6	2	7	6	8	5	11	0	2	7	26697	1	11	4	1	9	6	2	8	11	9	6	2	30424	6	6	2	5	1	2	4	13	14	5	2	9	17	2	2	7	29757	3	4	2	15	9	2	6	34147	9	12	10	3	3	5	7	5	4	6	5	30153	10	3	6	31666	8	2	4	6	30759	12	1	33221	7	6	1	7	1	6	11	4	3	3	8	3	9	12	6	3	16	11	4	31717	29375	9	14	9	4	3	1	6	10	3	5	37100	3	5	0	5	7	12	4	9	2	10	2	5	9	6	4	5	7	8	4
H	0	5	2	24	8	4	3	35243	4	4	0	9	0	4	5	6	6	10	5	3	6	6	9	2	3	15	20	3	5	1	0	6	12	3	1	1	11	7	7	6	3	8	2	7	29	0	6	1	4	5	5	8	1	3	3	5	10	4	5	4	15	11	3	2	5	11	1	3	5	2	3	4	7	11	6	3	3	9	9	3	1	6	3	3	1	3	1	4	4	4	3	5	2	2	4	5	5	5	4	21	4	1	4	2	2	26477	8	2	4	2	6	5	2	9	7	4	5	5	3	2	6	5	4	22684	1	2	4	6	3	0	2	3	2	5	23401	16	3	3	24563	9	4	7	4	3	8	4	16	0	4	2	4	6	0	10	17	13	6	4	15	3	5	30879	28	6	4	8	2	1	6	7	1	14	35	6	5	12	26	2	6	7	1	8	6	5	2	2	8	33462	7	5	4	3	3	8	6	7	5	4	11	6	5	7	6	2	5	4	4	4	6	5	5	5	7	3	1	11	9	6	29	12	4	10	8	1	5	9	5	7	3	8	9	6	4	7	8	4	3	6	3	3	2	1	6	5	5	2	1	4	4	7	8	9	9	10	3	4	14	11	4	6	7	4	2	5
I	24	34853	5	6	4	3	4	4	8	3	10	5	4	2	3	3	1	8	3	5	6	7	8	2	2	3	3	9	34860	2	3	13	1	3	5	1	2	6	6	20	7	1	1	1	6	5	8	2	5	10	4	8	3	18	1	3	3	4	1	5	4	6	6	2	5	1	4	14	0	6	0	8	13	15	11	7	7	7	16	9	5	4	6	1	7	0	5	4	1	3	2	4	3	7	3	3	4	3	6	3	10	6	3	7	8	3	5	2	2	4	4	6	2	16	28088	31	3	3	2	7	1	1	3	7	6	5	4	2	4	3	1	2	5	4	2	2	1	5	8	1	25705	3	2	3	3	10	2	19	1	2	2	4	3	5	2	5	3	3	0	1	5	3	1	24	4	5	5	3	2	9	9	9	8	3	3	10	23	17	3	3	3	3	5	1	1	9	9	2	1	11	5	10	4	9	1	32742	32	6	7	2	5	3	8	13	4	3	35577	4	6	5	4	2	4	3	3	6	1	5	1	4	31381	2	4	3	19	6	1	30069	3	5	5	4	3	9	7	2	2	1	3	6	10	5	7	6	1	31416	1	3	5	2	15	9	5	30544	11	13	6	8	2	8	3	5	11	7
K	0	6	6	19	4	1	1	9	6	2	2	5	7	4	3	3	3	4	4	1	7	6	4	4	2	10	15	4	5	1	5	6	3	5	2	6	2	4	8	5	6	11	8	5	7	3	5	3	4	30519	8	2	1	3	6	5	3	16	6	2	13	3	11	2	3	2	4	5	5	5	1	8	8	8	9	5	7	7	2	8	6	4	5	1	3	8	3	1	3	4	4	3	3	2	2	5	5	4	3	11	5	2	6	4	3	4	1	2	2	4	10	27100	3	4	7	4	5	5	2	4	0	1	1	1	1	1	2	1	4	0	1	1	4	10	6	11	6	24164	3	3	3	7	5	4	3	5	2	2	8	0	6	2	6	4	19	2	4	3	6	8	7	6	19	5	6	0	3	6	3	3	3	6	10	5	29248	5	9	2	5	4	2	7	4	3	4	5	6	2	4	4	4	6	2	8	13	9	10	4	10	12	2	4	3	4	5	3	4	3	5	3	6	2	4	2	6	3	3	8	22	4	9	3	1	5	6	4	5	8	4	7	3	7	3	11	4	7	8	8	2	3	10	8	6	6	5	3	7	1	7	9	4	16	8	5	6	4	11	3	4	5	3	1	6	3
L	11	11	4	5	6	4	35553	3	4	5	7	7	4	5	9	22	3	24	33022	10	11	2	7	53	5	3	8	7	14	2	10	3	11	4	4	17	10	15	31361	9	4	5	4	25	5	18	35311	28	31	3	4	6	32456	2	27	3	31568	0	6	33012	13	4	7	9	4	29	29771	0	21	31062	2	9	2	5	16	7	6	8	3	29	28808	4	19	11	5	5	2	3	9	1	23	28057	28163	27166	1	3	7	7	3	12	0	28454	28327	5	5	9	26736	9	4	5	4	1	16	2	4	12	5	4	3	6	11	10	22316	0	6	25803	0	3	5	3	4	5	6	3	9	7	4	5	6	17	2	8	11	2	11	1	9	3	0	6	8	26599	10	3	2	5	1	29637	5	3	1	2	7	2	28462	6	10	3	4	28362	14	14	23	27611	2	13	23	5	3	1	3	1	3	33805	27	31	6	9	6	9	8	7	31768	8	10	9	7	24	9	4	8	12	8	3	5	9	1	9	8	14	27	32085	2	19	11	13	15	12	7	4	7	7	29323	7	7	20	4	6	9	10	8	32034	9	15	0	18	5	3	11	13	34719	22	35283	10	9	12	6	2	14	7	5	6	10	34	6	17	5	15	31698	33412	6	4	11	18
M	35421	8	2	6	7	5	25	3	7	2	2	2	7	5	9	4	5	2	13	3	4	2	4	6	4	6	2	2	18	2	3	8	2	4	7	4	11	2	16	4	8	4	8	4	6	8	12	3	7	6	3	3	13	3	3	2	8	1	6	6	3	3	4	2	4	2	16	1	5	14	4	13	9	13	14	11	2	11	8	20	8	1	4	5	1	0	7	1	4	0	2	16	9	11	1	6	6	6	3	6	0	11	20	0	7	2	20	6	4	2	4	3	5	5	4	28053	6	4	3	19637	1	1	16	4	6	77	3	6	5	1	0	4	5	2	5	2	9	5	2	5	13	2	3	6	5	5	1	26795	3	4	4	17	5	1	8	3	4	21	2	2	3	4	9	1	23	6	4	10	4	12	5	12	14	19	1	18	18	29593	6	2	0	3	4	19	9	10	6	3	7	1	3	2	16	4	4	7	35574	5	3	4	2	2	8	4	3	6	11	4	2	8	4	25	3	2	3	3	1	5	8	6	11	8	12	5	5	4	3	1	8	6	4	22	5	7	3	4	4	3	0	3	23	15	20	7	5	7	7	7	10	3	4	5	2	2	6	4	9	7	14	14	5	2	4	6
N	0	7	5	7	10	4	3	19	3	7	6	2	3	3	4	4	2	2	4	3	3	1	5	3	2	2	3	15	5	8	5	2	5	2	4	3	3	5	0	4	3	6	2	3	4	2	4	6	2	10	11	6	1	8	5	4	3	31642	5	2	1	1	3	8	2	4	2	1	3	2	4	8	26	20	7	8	15	11	14	6	153	6	3	2	12	4	2	2	3	4	1	2	0	3	5	5	2	2	2	8	7	4	9	8	4	15	2	1	1	3	5	3	2	0	7	0	3	2	2	2	1	2	2	10	8	2	6	1	2	11	4	2	3	5	15	4	6	4	8	7	2	5	3	7	6	11	14	2	5	9	8	3	4	7	2	7	6	4	7	6	8	18	4	2	7	2	2	8	5	3	4	16	19	5	8	6	11	3	6	9	2	8	5	1	5	4	16	21	3	15	6	4	4	2	28728	3	6	2	9	28133	3	3	0	5	7	7	12	7	7	5	4	4	4	2	3	8	4	9	6	11	1	1	2	5	8	5	8	4	5	2	3	4	3	6	4	1	8	5	2	3	4	8	1	7	4	7	6	5	4	5	7	9	7	6	6	9	10	2	9	10	13	2	2	7
P	1	2	7	14	1	6	17	1	14	4	3	32206	6	5	4	2	3	7	6	0	3	4	4	4	6	9	5	0	2	3	2	2	5	8	6	3	4	5	10	5	6	8	2	7	33679	5	8	0	7	4	5	4	10	2	4	4	11	2	6	6	4	2	0	2	4	2	2	4	2	5	1	6	10	4	10	26292	1	18	0	13	8	0	5	3	4	1	7	1	3	1	3	5	8	11	5	2	2	25202	5	6	0	9	5	1	3	4	6	5	24034	6	1	0	2	4	6	6	4	0	5	1	1	1	10	11	4	6	2	22402	6	5	2	23099	1	2	8	3	7	1	9	7	1	2	6	4	3	6	9	2	0	1	3	7	4	3	7	4	0	13	2	3	2	7	9	1	12	6	26574	5	1	8	0	22	13	10	3	11	11	7	30640	1	1	1	2	17	3	9	10	20	3	3	7	2	14	32222	13	4	6	3	4	4	1	11	5	2	2	6	2	5	3	3	11	13	4	4	5	4	5	4	10	2	0	12	7	0	6	11	4	2	9	1	0	28	8	4	5	6	11	7	6	10	9	6	20	2	1	3	4	11	30337	12	4	13	6	6	4	4	7	4	6	13	4	3	4	5
Q	3	8	6	35293	13	7	8	6	11	3	9	24	19	6	7	9	5	6	6	7	2	6	1	2	9	34121	34815	6	7	2	1	1	3	8	17	4	3	4	3	2	5	29243	2	11	10	4	8	0	7	9	13	1	9	2	6	3	3	1	12	5	34270	26	4	3	12	1	3	2	3	5	3	4	3	12	1	21	5	11	69	14	3	4	4	3	1	3	5	3	1	4	2	5	5	5	3	113	2	30	3	27333	8	9	9	5	5	5	3	5	12	5	5	6	5	5	3	9	12	14	5	1	1	12	4	11	3	6	4	16	5	1	1	19	4	5	8	23424	9	7	9	4	16	2	5	2	1	5	9	5	2	11	2	3	10	5	28871	17	0	11	6	17	16	36	30663	2	9	7	24	8	6	4	1	17	6	5	3	10	9	4	13	4	5	9	2	20	7	9	5	18	4	11	1	6	7	11	8	12	54	5	8	2	3	6	2	1	7	1	8	4	4	5	4	10	5	3	5	12	8	2	32280	7	9	6	6	6	9	2	4	8	7	12	4	13	14	3	10	5	4	2	3	3	17	21	7	2	4	5	13	3	30	24	6	32379	5	10	8	5	3	3	2	2	12	9	3	3
R	22	10	6	21	19	12	18	1	7	11	22	8	10	5	15	5	5	30920	12	1	6	4	4	21	107	11	15	2	3	9	11	16	10	7	0	7	3	31997	8	19	3	14	4	29469	2	5	10	2	5	12	2	6	15	11	10	5	10	1	3	6	8	1	0	6	2	28454	3	18	5	1	3	3	4	21	10	9	11	20	9	14	11	3	2	3	5	4	3	7	24566	5	3	2	5	12	8	4	1	8	12	8	7	16	9	13	17	8	10	1	6	5	3	12	6	12	1	19	6	2	3	1	20205	20420	27	7	3	5	4	8	4	3	8	9	4	4	2	12	7	8	11	25203	1	1	24856	4	23643	1	26171	0	5	7	5	10	4	6	10	5	6	6	9	4	5	8	9	6	7	2	8	3	1	11	2	11	26535	10	6	11	26842	6	9	5	7	2	4	18	3	7	5	6	12	3	0	7	9	17	5	14	21	4	2	2	3	30505	3	26	4	2	8	3	8	7	31620	9	7	1	3	3	28825	3	17	6	3	4	7	2	8	30332	2	4	6	5	5	14	11	9	5	6	1	3	29491	1	22	8	54	6	11	5	3	6	27	4	18	9	31955	2	6	3	12	31689	4	4	7	3	2	1
S	0	7	1	3	3	6	3	2	17	9	30788	4	13	15	10	5	3	11	4	2	10	10	0	7	40	1	3	14	6	11	29	34159	6	16	17	2	8	17	0	30845	13	0	13	10	8	2	7	14	5	10	3	8	2	32027	14	17	7	5	3	6	4	3	3	13	8	17	3	31077	1	1	19	2	12	18	4	118	4	15	17	14	2	1	2	7	8	2	9	11	26	1	4	4	1	4	4	3	1	29	4	1	6	3	2	27911	27024	0	2	11	7	11	3	3	1	26735	11	2	20	1	6	2	10	27	1	0	4	3	0	2	8	8	6	5	6	0	3	7	14	4	3	33	3	1	15	11	63	7	18	4	4	11	5	1	6	1	1	3	1	6	2	4	2	4	0	6	1	16	3	14	3	7	5	21	46	8	3	18	32	2	24	5	4	7	1	4	5	9	10	5	6	2	18	10	1	12	9	10	11	3	5	4	4	37	8	32374	6	10	5	4	7	15	34	2	19	4	13	0	19	10	2	4	20	9	2	18	19	30	4	4	15	1	3	11	11	16	2	6	14	6	14	11	3	5	2	6	10	5	20	15	12	2	32464	4	27	9	19	9	6	34	7	5	5	8	5	5
T	2	10	7	3	17	4	6	3	7	13	7	29	2	17	4	4	0	2	2	3	11	5	4	2	7	3	21	33866	3	5	3	4	5	5	9	2	3	3	3	9	9	5	3	5	16	5	3	2	8	7	31467	3	2	1	8	3	7	2	2	0	2	3	1	1	7	1	1	13	0	1	5	23861	24303	13	9	21	11	14	25	3	4	5	4	2	25002	1	1	6	2	2	1	3	1	11	3	1	2	16	4	4	2	2	4	10	7	2	3	7	12	4	3	7	9	7	8	5	6	3	1	4	2	7	2	20	21237	4	1	21	6	20968	2	25	6	4	4	3	5	10	1	6	6	1	6	20	9	23088	2	7	5	5	10	1	5	2	0	2	3	3	14	2	2	8	6	5	2	11	20	16	6	1	2	12	9	8	7	6	22	9	20	7	6	9	3	5	6	5	32740	3	3	5	14	11	4	21	8	6	11	3	6	9	1	1	4	34	1	3	11	4	5	7	4	3	6	6	9	4	4	6	3	3	6	6	3	5	27436	8	5	11	9	7	3	5	1	5	4	6	11	3	7	0	10	4	9	3	0	4	6	3	25	3	8	4	2	8	6	7	6	4	4	2	4	2	7	5
V	27	5	10	5	6	23	6	2	18	22	1	4	12	8	9	22207	5	4	5	1	24	2	10	6	8	5	5	1	13	9	5	10	1	4	3	27306	4	1	3	2	6	5	9	3	1	36028	10	13	33336	7	3	6	5	4	20	7	2	1	3	1	6	1	7	9	8	5	5	0	3	2	17	6	5	24	27054	8	8	11	19	26272	3	5	27170	23854	1	0	9	13	0	4	1	3	4	7	16	2	24755	2	18	3	3	11	8	0	3	5	2	5	6	10	4	0	25435	2	17	20	10	7	13	1	0	2	4	1	3	6	8	4	6	0	2	5	8	4	2	5	8	1	5	2	9	4	3	8	1	4	3	5	4	8	15	63	26887	1	8	2	2	5	6	7	5	6	4	11	6	15	1	11	4	7	10	53	14	4	1	21	20	2	7	3	14	2	4	6	32626	29415	1	2	19	5	11	4	10	4	3	12	9	33391	6	2	11	2	7	2	18	3	6	9	17	15	0	8	27	30824	16	9	0	7	4	11	6	20	8	9	7	4	9	9	17	9	5	15	13	17	3	3	5	8	1	18	9	33019	12	2	18	3	25	10	6	3	7	3	7	3	8	10	2	5	4	5	3	4	9	3
W	0	6	2	6	5	6	3	1	7	8	3	4	5	1	27510	5	1	5	4	1	4	6	5	34140	2	10	5	2	3	6	4	4	4	4	4	5	4	5	6	2	8	3	9	8	16	6	7	3	3	1	4	2	3	7	9	1	6	1	3	4	3	3	0	3	2	4	4	0	32379	4	6	5	8	8	10	8	6	18	6	13	4	1	0	1	1	1	5	6	0	3	28342	1	3	7	8	3	3	0	3	8	0	2	7	3	4	4	4	1	3	6	1	2	9	5	7	6	6	0	3	2	2	6	2	2	1	5	3	3	6	1	3	5	3	3	5	3	7	2	5	2	4	2	3	3	10	3	12	3	3	5	9	5	7	2	4	7	2	5	2	2	3	6	4	6	3	4	4	4	6	2	6	20	29	1	1	20	13	6	6	1	5	2	2	4	7	4	3	7	6	4	10	7	6	1	7	3	3	3	6	2	5	6	3	4	6	6	8	6	4	6	7	6	7	4	4	4	8	3	4	5	0	5	5	5	4	7	2	1	5	3	5	10	6	7	4	30338	7	1	14	8	5	1	4	1	5	3	9	6	4	4	8	6	4	5	7	2	4	2	8	6	3	5	6	1
Y	0	8	5	8	28	6	1	9	6	5	5	5	3	2	4	3	3	6	2	5	1	34983	26	2	2	10	9	4	11	3	6	3	17	2	1	7	6	2	1	1	5	4	9	6	7	6	6	4	2	1	13	17	3	3	1	3	4	7	3	1	2	20	2	6	3	2	9	2	5	3	4	5	4	9	5	8	15	3	8	6	0	20	0	2	0	3	1	2	2	17	5	4	0	6	2	3	3	5	4	3	31	2	2	2	5	4	3	2	2	4	3	5	6	2	3	4	7	29	0	2	1	1	1	7	3	2	17	3	2	2	7	1	6	16	13	5	3	5	5	5	4	5	8	4	1	2	2	3	5	3	4	2	5	21	5	22	26	3	25	11	1	8	0	3	0	6	7	2	4	4	3	11	12	0	7	8	13	2	2	13	3	5	19	3	1	1	2	10	4	27	21	0	6	4	10	8	3	7	11	9	3	3	1	1	5	1	7	18	6	3	1	1	1	1	5	14	1	31528	4	22	7	4	1	1	8	2	19	5	5	8	5	4	11	7	5	9	3	19	5	8	3	0	4	36950	3	2	4	0	3	27	2	8	4	4	1	4	32794	5	1	2	21	7	14	7
