KKA2_S1_Neo11_L1
Position	1	2	3	4	5	6	7	8	9	10	11	12	13	14	15	16	17	18	19	20	21	22	23	24	25	26	27	28	29	30	31	32	33	34	35	36	37	38	39	40	41	42	43	44	45	46	47	48	49	50	51	52	53	54	55	56	57	58	59	60	61	62	63	64	65	66	67	68	69	70	71	72	73	74	75	76	77	78	79	80	81	82	83	84	85	86	87	88	89	90	91	92	93	94	95	96	97	98	99	100	101	102	103	104	105	106	107	108	109	110	111	112	113	114	115	116	117	118	119	120	121	122	123	124	125	126	127	128	129	130	131	132	133	134	135	136	137	138	139	140	141	142	143	144	145	146	147	148	149	150	151	152	153	154	155	156	157	158	159	160	161	162	163	164	165	166	167	168	169	170	171	172	173	174	175	176	177	178	179	180	181	182	183	184	185	186	187	188	189	190	191	192	193	194	195	196	197	198	199	200	201	202	203	204	205	206	207	208	209	210	211	212	213	214	215	216	217	218	219	220	221	222	223	224	225	226	227	228	229	230	231	232	233	234	235	236	237	238	239	240	241	242	243	244	245	246	247	248	249	250	251	252	253	254	255	256	257	258	259	260	261	262	263	264
Wild-type	M	I	E	Q	D	G	L	H	A	G	S	P	A	A	W	V	E	R	L	F	G	Y	D	W	A	Q	Q	T	I	G	C	S	D	A	A	V	F	R	L	S	A	Q	G	R	P	V	L	F	V	K	T	D	L	S	G	A	L	N	E	L	Q	D	E	A	A	R	L	S	W	L	A	T	T	G	V	P	C	A	A	V	L	D	V	V	T	E	A	G	R	D	W	L	L	L	G	E	V	P	G	Q	D	L	L	S	S	H	L	A	P	A	E	K	V	S	I	M	A	D	A	M	R	R	L	H	T	L	D	P	A	T	C	P	F	D	H	Q	A	K	H	R	I	E	R	A	R	T	R	M	E	A	G	L	V	D	Q	D	D	L	D	E	E	H	Q	G	L	A	P	A	E	L	F	A	R	L	K	A	R	M	P	D	G	E	D	L	V	V	T	H	G	D	A	C	L	P	N	I	M	V	E	N	G	R	F	S	G	F	I	D	C	G	R	L	G	V	A	D	R	Y	Q	D	I	A	L	A	T	R	D	I	A	E	E	L	G	G	E	W	A	D	R	F	L	V	L	Y	G	I	A	A	P	D	S	Q	R	I	A	F	Y	R	L	L	D	E	F	F
A	0	0	2	0	10	93	1	0	81047	1	4	2	80237	78754	0	44	0	0	0	0	4	0	1	0	82939	0	0	63	8	6	0	0	7	82303	82023	6	1	0	0	0	71401	78	2	0	5	13	0	0	6	0	4	11	3	2	1	79638	0	0	5	0	0	0	9	78896	74161	0	0	0	0	0	76341	5	45	11	11	1	0	70148	69608	5	0	2	4	9	7	2	68314	1	0	2	0	0	0	0	4	9	5	3	2	0	10	0	0	0	0	0	0	69230	1	69754	1	0	8	21	0	0	73140	0	52027	0	0	0	0	0	71	0	0	2	56216	4	0	6	0	2	0	0	64286	0	0	0	0	3	1	65534	0	5	0	0	1	70778	3	0	4	1	0	16	3	0	1	1	18	0	1	1	0	74235	12	75742	3	0	0	73574	0	0	0	71427	10	0	4	3	6	11	7	0	8	10	10	0	1	8	77739	0	0	4	0	0	0	25	11	0	1	0	0	0	3	0	0	35	0	1	0	0	0	1	79757	2	0	0	0	11	0	75930	0	70981	5	0	2	0	78290	1	0	0	4	12	8	0	75335	15	0	0	0	16	0	0	5	0	70409	66819	13	8	0	0	0	0	72654	0	0	0	0	0	2	0	0	0
C	0	1	10	0	7	135	170	10	0	45	314	3	3	0	44	0	3	3	5	1	27	7	8	68	9	2	0	0	1	30	85115	3	2	0	0	0	0	3	0	1	2	0	21	0	0	5	40	0	0	0	2	7	0	1	35	1	2	0	0	1	0	0	0	2	6	2	0	0	33	8	4	0	0	31	2	0	64139	0	1	1	0	0	2	2	4	0	1	40	5	0	16	0	6	0	43	0	0	0	45	0	0	1	0	1	0	3	1	1	0	0	0	0	0	1130	0	0	0	0	0	0	2	4	0	0	0	0	0	0	0	0	56785	0	4	0	0	2	1	0	0	4	0	0	5	0	7	0	2	0	0	1	29	0	0	0	2	0	0	0	0	0	0	3	0	49	0	2	0	0	0	0	1	0	1	35	20	5	73	2	0	1	31	0	0	1	0	0	0	2	26	3	5	75123	0	0	1	0	5	7	4	0	37	2	2	2	26	29	0	1	78794	44	7	1	35	0	1	6	1	4	0	0	1	3	0	0	0	5	0	0	0	3	0	0	33	29	2	49	0	1	4	22	2	2	1	6	29	4	55	0	0	2	6	0	2	1	1	3	6	4	7	1	0	0	2	2
D	0	1	7	0	85340	66	0	7	0	5	0	4	6	1	0	1	12	1	0	0	16	1	84504	0	4	0	0	2	1	8	0	0	80914	0	2	0	0	0	0	0	10	1	8	0	0	37	0	0	0	0	0	80075	0	0	5	14	0	4	10	6	0	84695	4	0	2	1	0	0	2	0	1	0	0	3	4	0	0	0	14	2	0	78446	0	0	0	2	0	5	0	65689	1	1	0	0	2	0	1	0	3	1	74823	2	0	0	0	142	0	1	0	0	2	1	0	0	11	0	0	53252	0	0	22	10	0	4	0	0	61883	0	0	0	0	0	0	59932	8	0	4	0	14	0	0	3	0	1	0	4	0	0	6	0	1	2	0	74535	0	76332	76688	0	78751	9	6	2	0	5	0	4	0	0	4	0	0	23	0	0	0	3	1	1	0	76113	1	5	75751	2	1	2	0	13	3	74072	0	3	10	1	28	5	7	0	0	4	7	0	0	0	7	0	0	75930	0	5	2	0	2	0	0	67815	0	18	0	76897	0	2	0	2	3	0	74425	0	0	5	3	0	0	36	3	0	2	70077	0	1	4	27	0	3	9	0	42	4	0	73341	0	32	0	0	0	0	0	0	1	0	74660	3	0	0
E	0	0	81730	15	42	73	2	5	29	0	0	0	28	21	0	1	74954	0	0	38	12	1	5	0	31	2	15	0	0	0	0	0	2	21	22	1	0	0	1	0	21	1	0	0	2	2	0	0	1	7	0	12	1	0	0	24	0	0	80397	1	4	1	79704	27	15	0	0	6	0	0	30	13	0	0	0	0	0	18	37	1	0	3	2	1	3	66652	21	1	0	0	0	0	0	0	0	68331	2	0	0	16	3	1	0	0	0	0	0	13	0	19	69053	12	1	11	0	0	16	23	11	0	0	0	0	0	0	0	4	0	19	0	0	0	0	6	0	10	11	1	1	0	0	65105	0	15	1	0	0	0	72245	19	0	0	2	2	4	2	4	0	7	67749	76108	0	3	0	0	16	0	15	67040	0	2	11	2	0	7	19	0	0	0	0	0	74093	0	0	2	0	0	2	0	12	22	0	0	0	0	0	0	0	83634	0	0	0	3	0	0	0	0	5	0	0	0	0	0	0	25	5	0	0	5	0	0	12	2	18	2	0	8	0	11	73556	75179	0	0	2	73653	0	23	95	0	0	0	95	69	0	0	0	21	21	0	2	0	16	0	0	18	0	0	0	0	0	3	71519	0	0
F	1	35	60	5	31	71	0	2	2	0	125	0	0	0	1	1	0	0	0	82392	0	3	0	0	0	0	0	0	0	1	16	0	0	0	0	0	73059	0	0	0	0	0	0	0	0	0	0	85576	0	0	0	1	0	0	0	0	0	0	0	0	0	0	0	0	0	0	0	0	0	0	0	0	0	0	0	0	7	0	0	1	0	0	7565	0	0	0	0	0	0	0	0	0	0	0	0	0	0	0	0	0	0	0	0	0	0	0	0	0	0	0	0	0	0	0	2	0	1	0	0	3	0	0	0	0	0	0	0	0	0	0	13	0	60555	0	0	0	19	0	0	0	0	2	0	0	0	0	0	0	0	0	1	0	0	0	0	0	0	12	0	0	0	0	1	0	0	0	1	0	0	0	73293	0	0	4	0	1	28	0	0	25	0	0	0	0	0	0	0	0	0	0	69	15	0	0	0	2	0	0	0	0	1	0	78942	0	0	85201	5	0	12	1	0	0	0	0	0	0	0	2	0	0	0	0	0	0	0	0	0	0	0	0	0	0	0	0	0	0	0	0	0	77588	0	0	0	3	0	1	0	0	0	0	0	0	0	3	0	69538	1	0	0	0	0	0	72723	74277
G	0	0	3	9	6	83136	10	31	2	78088	29	0	4	2	29	0	4	1	0	0	87486	0	2	3	3	0	8	0	0	89445	0	6	3	1	1	21	0	8	0	7	6747	0	70253	22	1	19	0	0	9	0	0	3	0	10	78880	3	0	0	2	0	0	5	4	0	3	1	0	6	20	0	4	0	0	76571	1	0	4	1	1	7	0	17	11	3	0	1	1	66718	4	7	18	0	0	0	72935	0	9	0	70337	0	6	0	0	10	22	0	0	4	0	0	9	0	1	28	0	0	1	2	2	0	1	10	0	0	0	0	7	0	3	0	0	0	0	4	1	0	0	0	1	15	0	5	3	4	2	1	16	0	8	3	71749	0	7	6	0	4	0	0	6	5	2	0	0	78984	0	2	0	1	2	0	0	2	9	0	0	3	33	0	0	5	76627	1	0	0	2	7	0	0	84930	4	8	16	0	1	0	0	0	1	7	0	74800	6	0	3	78662	0	0	6	4	76393	4	0	82264	17	1	4	5	0	0	4	0	2	0	1	0	13	2	0	1	3	5	0	76276	70985	3	11	0	8	9	0	0	0	0	0	87888	0	1	0	0	2	6	0	3	0	2	0	0	4	0	0	8	3	0	0
H	0	0	0	23	11	0	0	84519	12	0	0	0	0	0	0	15	0	4	0	37	0	4	4	0	8	14	23	0	14	0	0	0	7	0	0	0	0	6	0	0	0	1	0	0	24	22	0	0	0	0	0	1	0	10	0	6	3	3	0	0	19	2	0	0	0	6	0	0	0	0	0	0	0	2	0	0	0	0	24	0	0	4	0	1	1	0	0	0	6	4	0	0	0	0	1	0	0	0	0	28	1	0	0	0	0	71396	0	1	0	0	0	0	0	0	0	0	0	6	0	0	0	2	0	59863	0	0	0	0	0	0	0	0	0	3	61825	20	0	0	64812	1	0	0	3	1	4	1	0	0	0	2	0	0	0	4	23	2	4	0	8	5	0	79801	27	0	0	4	0	0	0	0	0	1	6	0	0	0	10	0	0	4	2	0	0	0	0	0	0	83649	0	5	0	0	0	0	1	0	0	0	0	0	0	1	0	0	0	0	0	0	0	0	5	0	0	0	0	5	0	3	29	7	0	0	0	0	4	4	6	0	0	0	0	0	0	35	0	0	0	6	5	0	0	14	0	7	0	0	2	0	0	5	11	14	1	0	0	0	8	4	0	0	3	0	0	0
I	54	81620	4	3	84	126	0	0	2	0	14	0	0	0	0	0	0	0	0	4	0	0	0	0	12	0	0	4	85192	0	0	8	0	0	0	0	0	0	0	11	0	0	0	0	0	0	0	1	0	0	1	0	1	7	0	0	0	0	0	11	0	0	0	0	0	0	0	11	0	0	0	5	3	0	3	0	0	0	0	0	0	0	0	0	1	0	0	0	0	0	0	0	0	1	0	0	0	0	0	0	0	0	0	12	9	0	0	0	0	0	0	1	0	9	75665	50	0	0	0	10	0	0	0	0	2	9	0	0	0	0	0	0	0	0	0	0	6	1	0	0	68238	0	0	0	0	4	0	33	0	0	0	16	0	0	11	0	0	0	0	8	0	0	0	0	2	0	0	0	0	0	1	0	1	3	4	0	87	19	0	0	0	0	0	0	0	0	0	0	0	0	0	0	0	0	2	80200	43	0	0	0	0	0	0	8	0	0	86838	0	0	0	0	0	0	0	0	0	0	0	0	0	75435	0	12	0	52	0	0	72803	0	0	0	0	0	1	0	0	0	2	0	1	0	0	0	0	0	71273	0	0	0	0	20	0	0	68660	0	1	0	0	0	0	0	0	2	2
K	4	161	21	23	230	212	0	0	0	0	0	0	8	2	12	0	4	0	0	0	0	0	4	0	0	64	7	1	0	2	0	0	0	0	0	0	0	0	0	1	37	29	0	3	0	0	6	0	0	78216	0	0	4	1	0	13	0	15	5	0	51	0	1	0	10	0	0	0	0	0	6	4	7	0	0	0	0	0	25	0	0	0	2	0	0	7	0	0	0	0	0	0	0	0	0	1	0	1	0	19	0	0	0	0	0	0	0	0	0	0	3	72370	0	0	7	4	0	0	0	3	0	0	0	0	0	0	0	0	0	0	0	1	0	0	0	11	0	64087	0	0	0	6	0	0	1	0	0	0	6	0	0	0	0	0	28	0	0	0	0	7	2	0	32	0	0	0	1	5	2	0	0	1	1	0	74744	0	5	5	1	0	1	5	0	0	0	0	0	0	0	0	0	0	0	1	11	0	3	0	12	21	0	0	0	0	0	0	0	0	0	0	0	0	0	0	0	0	0	0	18	0	0	0	0	0	1	0	0	0	0	0	1	0	0	150	5	0	0	8	1	0	0	19	0	0	0	0	1	28	0	0	0	35	9	0	0	0	0	0	0	0	0	1	0	0
L	9	56	3	11	130	33	84416	5	13	0	45	7	1	0	18	18	0	30	80590	12	9	2	0	62	0	18	6	0	9	0	9	1	12	0	0	22	3	15	79073	0	3	1	0	10	2	19	89488	23	20	2	0	1	82659	0	59	0	80836	0	6	85033	0	5	16	0	0	14	77387	0	23	80207	0	0	1	1	12	4	7	1	0	13	76696	1	19	10	1	0	0	0	17	0	22	74759	74919	72619	2	0	11	8	0	1	0	75395	75620	3	6	1	72462	0	8	0	0	0	10	3	1	0	0	0	0	7	5	18	58573	1	0	67025	0	4	0	3	0	4	3	0	1	2	0	0	2	9	2	0	20	0	17	10	14	5	3	0	0	71125	19	0	3	0	0	76661	0	0	38	2	5	0	72539	0	17	0	0	73332	34	1	30	70663	0	2	143	3	9	0	2	0	0	85193	17	27	0	8	3	6	0	1	78270	10	3	9	2	18	1	5	5	23	5	0	0	9	6	0	1	3	27	79690	1	18	0	8	12	0	0	0	45	1	71532	0	2	18	0	3	0	0	3	77146	10	8	0	24	1	0	23	5	81558	13	82024	6	10	23	1	0	2	0	2	2	17	29	0	15	0	24	70805	74251	1	0	6	21
M	82791	1	0	9	0	50	24	0	3	0	100	1	1	0	0	4	0	0	23	0	0	0	0	0	0	0	4	0	10	0	0	0	0	0	1	2	0	0	21	0	0	0	0	0	0	4	9	0	7	0	0	0	31	0	0	0	12	0	0	17	0	0	0	0	1	0	30	0	0	17	0	3	13	0	23	0	0	0	0	4	8	0	10	4	0	0	0	0	0	0	0	10	13	12	0	0	5	0	0	0	0	16	12	0	0	0	18	0	0	0	0	0	0	1	0	75385	0	0	0	51817	0	0	21	0	2	27	0	0	0	0	0	0	0	0	0	0	24	0	1	0	1	0	7	0	0	21	0	71107	0	0	0	27	2	0	5	0	0	19	0	0	0	0	1	0	28	0	0	0	0	12	0	0	8	31	0	2	309	76144	0	0	0	0	0	16	2	0	0	0	0	0	1	0	18	0	0	0	87634	1	1	0	0	0	0	0	0	0	4	0	0	0	0	29	0	6	0	0	0	0	0	0	7	0	12	0	3	0	0	0	0	0	0	15	0	3	0	0	0	0	0	0	19	5	18	0	0	1	0	5	0	0	20	0	8	10	0	0	0	0	23	10	0	0	0	0
N	0	47	10	21	364	61	2	25	0	0	1	0	12	0	0	1	0	0	0	5	0	0	4	0	0	0	0	21	1	0	0	0	17	0	0	0	0	0	0	2	0	18	3	0	0	69	0	0	0	4	11	2	5	0	0	0	0	81282	0	0	0	0	0	0	0	0	0	7	0	0	0	9	11	0	0	0	0	0	21	0	1	2	0	0	16	0	4	0	0	1	0	0	0	0	0	0	0	0	0	0	0	0	0	2	2	21	0	0	0	0	0	2	0	2	2	0	0	2	0	0	0	0	0	12	14	0	0	0	0	8	0	0	0	6	10	0	0	3	9	0	0	0	1	0	0	7	0	0	0	1	0	0	0	3	0	2	5	0	2	0	0	31	0	0	0	0	0	0	0	0	0	4	0	0	1	0	21	0	0	4	0	0	1	0	0	0	12	38	0	7	0	0	0	0	71475	3	0	0	1	68658	0	0	0	1	0	0	8	3	0	0	0	0	0	0	0	2	0	0	0	2	1	0	0	0	10	0	1	1	0	0	0	0	0	4	0	0	0	22	0	0	0	20	0	0	0	0	0	0	0	1	3	0	0	3	0	0	1	0	0	0	3	0	0	0
P	0	0	22	30	34	46	37	42	4	0	71	79022	536	0	0	0	0	9	3	0	0	0	0	0	1	0	9	1	0	0	0	0	0	2	0	0	0	4	12	0	2	15	0	6	84706	0	9	0	0	0	3	0	23	0	0	4	8	0	0	7	2	0	0	1	1	3	8	0	0	6	0	6	0	0	0	69831	0	5	6	4	6	0	0	0	1	0	0	0	0	0	0	15	6	12	0	0	0	67651	0	12	0	6	6	0	0	19	9	0	64387	1	0	0	0	0	0	0	1	0	1	0	0	1	3	19	7	5	0	58938	2	1	0	60475	0	0	2	1	5	0	11	3	0	0	2	2	1	3	5	0	0	0	0	5	1	0	3	0	0	5	0	0	0	1	2	0	6	3	68794	3	0	15	0	2	1	6	0	1	4	0	78680	0	0	0	0	13	0	0	0	27	0	0	3	0	5	79516	0	0	0	0	0	0	0	1	0	0	0	0	0	0	0	0	3	6	0	0	1	0	0	0	7	0	0	0	8	2	1	1	0	0	2	0	0	42	0	53	0	0	0	0	3	0	8	0	7	0	0	0	6	1	68816	1	0	12	1	0	3	0	0	2	6	7	0	0	0	0
Q	2	10	24	83469	32	8	16	3	0	0	52	37	29	2	7	28	10	0	1	29	0	1	0	1	12	82907	84908	1	9	0	0	0	5	14	47	0	0	0	0	3	0	73401	3	11	22	9	0	0	0	5	23	8	4	0	7	3	1	1	30	1	87847	0	8	0	7	0	0	0	2	1	0	2	9	0	0	43	0	14	181	3	0	0	32	0	14	1	10	0	0	0	1	11	4	1	1	18	0	39	0	72880	23	0	1	0	5	7	2	9	43	8	4	3	0	0	1	0	11	5	0	0	2	4	1	32	0	0	2	22	0	0	0	27	0	1	1	61727	11	5	9	0	20	7	0	0	0	22	0	11	2	18	0	5	6	0	76183	19	0	3	6	9828	22	7	79220	0	4	5	32	8	4	0	1	3	1	2	4	4	18	10	32	4	2	10	0	46	0	3	0	26	0	0	2	4	4	19	0	12	102	0	5	0	0	0	0	0	0	1	1	0	0	14	0	0	0	2	0	0	3	0	78083	0	2	1	1	1	0	0	2	7	7	13	7	4	0	12	3	2	3	14	0	5	21	56	0	0	0	0	14	3	32	35	1	72929	0	13	1	0	4	0	0	1	2	4	0	0
R	38	12	28	29	29	64	24	22	4	11	30587	4	34	1	10	21	2	75436	19	18	7	0	1	10	0	9	18	11	0	5	10	10	9	10	9	4	0	80171	6	17	0	13	7	75385	2	0	16	0	0	16	0	0	35	31	7	10	19	6	0	9	20	0	0	3	0	74288	6	20	7	4	0	0	2	3	3	19	8	26	3	14	11	0	1	0	0	2	0	5	65983	2	6	1	2	7	16	1	4	13	6	11	0	17	5	18	18	5	0	1	5	0	0	8	2	46	0	26	2	0	1	2	53390	53512	42	6	0	5	2	1	0	0	3	4	0	0	2	25	3	21	11	66640	1	0	66022	0	62836	0	69175	3	4	6	6	15	3	0	6	1	0	3	15	10	5	7	9	5	8	6	3	2	0	1	18	3	69085	3	5	1	68598	7	8	8	6	0	16	30	4	3	0	7	6	0	2	6	17	26	3	19	28	8	6	0	4	75591	0	28	1	0	0	0	12	1	78808	6	5	1	3	0	71963	0	21	3	0	0	4	0	0	74484	0	3	4	2	2	3	4	54	0	13	0	5	70661	4	21	34	75	0	12	4	0	2	30	0	71	6	72029	0	1	0	0	70867	1	3	0	0	0	0
S	2	0	12	1	1	189	8	1	23	4	43140	5	16	28	5	7	0	12	0	25	11	27	4	9	45	0	1	8	2	12	34	84864	12	30	120	0	6	20	0	78208	11	0	5959	0	2	31	0	10	0	6	1	18	0	82483	7	33	0	6	0	3	0	0	0	24	25	23	3	81015	2	0	22	4	3	3	0	5	2	17	41	0	0	0	1	1	5	0	12	3	40	0	4	1	0	1	4	0	0	13	0	0	2	0	1	74776	72628	3	0	17	8	26	0	0	0	70838	12	0	21	0	16	0	6	37	0	1	42	0	661	2	14	5	6	1	2	0	0	0	31	1	0	44	0	0	14	13	15	1	34	0	0	16	5	0	0	0	0	0	1	0	0	1	0	3	0	3	0	30	2	18	0	0	6	18	79	7	0	11	78	6	5	0	6	4	0	0	4	1	8	0	2	1	25	6	0	9	10	14	0	0	0	5	6	60	6	80127	10	13	0	1	5	19	39	0	4	0	31	1	37	5	0	0	15	12	0	18	14	33	0	2	13	1	0	3	4	18	1	3	16	3	28	4	0	5	0	1	9	1	14	18	2	1	73686	0	12	8	26	4	4	28	0	0	0	0	6	6
T	2	19	5	2	276	240	0	0	5	8	53	30	2	18	3	11	0	0	0	0	1	0	23	0	1	3	56	83054	7	0	0	0	0	2	228	0	0	1	0	11	4	1	9	0	8	64	0	0	2	4	80549	0	2	4	0	8	2	1	0	0	3	0	0	4	3	0	0	17	0	0	2	63706	64533	0	2	17	0	6	29	0	0	0	10	2	68801	0	0	0	0	5	0	0	0	4	0	0	0	18	3	0	0	0	1	16	0	0	0	12	18	2	0	1	9	4	3	6	2	1	3	5	3	0	0	39	56318	1	0	34	1	55319	2	29	1	0	4	4	2	5	0	3	2	0	0	5	3	61437	0	6	0	4	3	0	0	0	2	6	0	0	16	0	2	0	1	0	1	9	14	3	0	2	0	11	1	0	1	2	10	4	27	5	7	2	0	0	0	4	81913	0	3	0	3	0	0	27	3	5	3	0	0	8	0	0	0	41	0	0	5	1	0	1	0	0	0	0	4	0	2	0	7	2	4	2	0	7	67824	11	0	12	4	0	0	0	1	29	0	0	2	5	6	0	0	29	2	3	0	7	3	6	20	2	2	11	0	7	1	0	2	0	0	0	0	0	1	0
V	50	4	4	44	24	70	6	8	5	31	59	1	6	2	1	50487	1	0	2	0	17	0	3	0	13	2	1	0	9	25	2	8	0	3	11	67667	3	0	2	2	6	0	6	0	0	90806	1	5	84628	0	1	5	3	0	18	1	0	0	0	3	0	1	2	6	459	4	0	0	0	2	4	1	5	14	71153	0	10	4	3	68970	7	3	65075	66208	4	0	5	18	0	2	0	3	5	2	29	1	66418	0	19	0	1	2	5	1	0	0	5	8	8	8	1	0	68045	0	9	12	3	6	0	2	0	0	5	0	0	3	1	0	2	0	0	0	4	1	0	2	4	0	4	1	14	7	2	2	0	0	0	1	0	3	28	11	72834	0	11	1	2	3	1	3	0	0	0	26	3	3	8	6	3	2	14	9	1	7	0	2	10	7	1	6	20	1	2	2	82625	74845	2	0	34	2	8	0	2	0	2	28	7	83367	3	4	15	0	1	0	13	6	9	0	34	20	0	4	33	76525	5	6	1	0	0	4	4	7	0	6	0	0	3	7	7	1	0	2	48	53	0	0	9	14	1	23	5	77993	9	0	20	4	26	2	0	0	2	0	0	6	6	0	1	0	3	7	1	3	0	3
W	0	0	1	0	5	50	1	0	0	0	30	0	0	0	67291	0	0	0	0	0	0	0	0	83529	0	0	0	0	0	0	0	0	0	0	0	0	16	0	0	4	0	1	0	0	0	0	37	5	0	0	0	0	0	0	0	0	0	0	0	0	0	0	0	0	0	0	0	0	83433	0	0	0	0	0	0	0	0	0	0	0	0	0	0	0	0	0	0	0	0	0	75489	0	0	0	0	0	0	0	0	0	0	0	0	0	0	0	0	0	0	0	0	0	0	0	0	0	0	0	0	0	0	2	0	0	0	0	0	0	0	0	1	0	0	0	0	0	0	0	2	0	0	0	0	0	0	0	0	1	0	0	0	0	0	0	1	0	0	0	0	2	0	0	0	0	0	0	0	0	0	0	0	0	0	0	0	0	29	0	0	0	0	0	0	0	0	0	0	0	0	0	0	1	0	0	0	0	0	0	0	0	0	0	0	0	0	0	0	0	3	0	0	0	0	0	0	0	0	0	0	0	0	0	0	0	0	0	0	0	0	0	0	0	0	0	0	73723	0	4	0	0	0	0	0	0	0	0	0	1	0	0	0	0	0	0	0	0	0	0	0	1	0	0	0	0
Y	0	0	2	0	76	229	0	4	3	0	283	0	0	0	0	0	0	0	0	0	0	85242	28	0	1	0	0	0	0	0	6	0	27	0	0	0	0	0	0	1	0	0	0	0	0	0	0	2	0	0	0	32	0	0	1	0	3	5	0	0	0	33	0	1	0	0	0	0	0	0	0	0	0	0	0	0	2	0	0	0	0	34	15	0	0	0	0	0	0	22	0	0	0	0	0	0	0	0	0	0	33	0	0	0	0	5	0	0	0	0	0	0	0	0	0	0	0	36	0	0	0	0	0	5	0	0	34	0	0	0	3	0	0	13	1	0	0	0	1	0	0	0	0	0	0	0	0	0	0	0	0	0	0	35	0	36	19	629	19	0	0	5	0	0	0	0	0	4	0	0	6	0	0	0	0	0	0	2	0	21	0	0	21	0	0	0	0	8	0	33	0	2	0	0	3	0	0	0	0	1	0	0	0	0	0	1	2	15	2	0	0	0	0	0	0	23	0	77258	0	33	0	0	0	0	33	0	22	0	0	0	0	0	0	0	0	0	0	41	0	0	0	0	2	88129	0	0	0	0	0	32	19	1	0	0	0	0	73030	0	0	0	23	0	0	2
