KKA2_S4_Ami11_L2
Position	1	2	3	4	5	6	7	8	9	10	11	12	13	14	15	16	17	18	19	20	21	22	23	24	25	26	27	28	29	30	31	32	33	34	35	36	37	38	39	40	41	42	43	44	45	46	47	48	49	50	51	52	53	54	55	56	57	58	59	60	61	62	63	64	65	66	67	68	69	70	71	72	73	74	75	76	77	78	79	80	81	82	83	84	85	86	87	88	89	90	91	92	93	94	95	96	97	98	99	100	101	102	103	104	105	106	107	108	109	110	111	112	113	114	115	116	117	118	119	120	121	122	123	124	125	126	127	128	129	130	131	132	133	134	135	136	137	138	139	140	141	142	143	144	145	146	147	148	149	150	151	152	153	154	155	156	157	158	159	160	161	162	163	164	165	166	167	168	169	170	171	172	173	174	175	176	177	178	179	180	181	182	183	184	185	186	187	188	189	190	191	192	193	194	195	196	197	198	199	200	201	202	203	204	205	206	207	208	209	210	211	212	213	214	215	216	217	218	219	220	221	222	223	224	225	226	227	228	229	230	231	232	233	234	235	236	237	238	239	240	241	242	243	244	245	246	247	248	249	250	251	252	253	254	255	256	257	258	259	260	261	262	263	264
Wild-type	M	I	E	Q	D	G	L	H	A	G	S	P	A	A	W	V	E	R	L	F	G	Y	D	W	A	Q	Q	T	I	G	C	S	D	A	A	V	F	R	L	S	A	Q	G	R	P	V	L	F	V	K	T	D	L	S	G	A	L	N	E	L	Q	D	E	A	A	R	L	S	W	L	A	T	T	G	V	P	C	A	A	V	L	D	V	V	T	E	A	G	R	D	W	L	L	L	G	E	V	P	G	Q	D	L	L	S	S	H	L	A	P	A	E	K	V	S	I	M	A	D	A	M	R	R	L	H	T	L	D	P	A	T	C	P	F	D	H	Q	A	K	H	R	I	E	R	A	R	T	R	M	E	A	G	L	V	D	Q	D	D	L	D	E	E	H	Q	G	L	A	P	A	E	L	F	A	R	L	K	A	R	M	P	D	G	E	D	L	V	V	T	H	G	D	A	C	L	P	N	I	M	V	E	N	G	R	F	S	G	F	I	D	C	G	R	L	G	V	A	D	R	Y	Q	D	I	A	L	A	T	R	D	I	A	E	E	L	G	G	E	W	A	D	R	F	L	V	L	Y	G	I	A	A	P	D	S	Q	R	I	A	F	Y	R	L	L	D	E	F	F
A	0	0	3	0	1	0	0	0	62732	1	0	1	63624	61696	0	4	1	0	0	0	7	0	0	0	65059	0	0	94	0	10	0	4524	3	66150	66611	6	0	0	0	0	62412	0	1	0	2	8	0	0	15	0	3	0	0	0	0	65092	0	0	0	0	0	4	1	64433	60969	0	0	0	0	0	62584	1	15	2	4	0	0	56500	55675	1	0	0	10	7	6	0	52985	2	0	0	0	0	0	0	1	2	1	2	0	0	2	0	0	0	0	0	0	39846	2	39688	0	0	1	0	0	0	36362	0	28850	0	64	0	0	0	31	0	0	1	32578	2	0	2	0	0	0	0	36549	0	0	0	0	0	0	37364	0	2	0	0	0	40669	1	0	4	0	0	0	0	0	1	0	6	0	0	2	0	45820	11	47208	1	0	0	45202	73	0	0	45514	0	0	1	3	1	4	0	0	3	10	6	0	1	2	57110	0	0	0	0	0	0	19	18	0	2	0	0	0	5	0	0	29	0	2	0	0	3	6	67176	2	0	0	0	9	0	66071	0	63698	8	0	0	0	68415	6	3	0	1	1	2	0	66121	0	0	0	0	46	0	0	1	0	62190	59247	24	1	0	0	0	0	63440	0	0	0	1	0	2	0	0	0
C	2	0	32	0	0	7	2	6	0	7	5	2	6	0	8	0	3	3	3	0	9	6	7	37	21	0	0	0	0	22	67282	4	2	0	5	0	0	4	0	0	0	0	11	0	0	13	0	3	0	0	0	17	0	0	4	1	1	0	0	2	2	0	1	3	17	2	0	0	25	8	10	0	1	5	1	0	52396	0	1	0	0	0	0	1	8	0	1	11	3	0	9	0	6	0	6	0	0	1	6	0	1	0	0	1	0	2	0	2	0	1	0	0	0	0	0	0	1	1	0	0	2	923	0	0	0	0	0	0	0	0	32865	0	0	0	0	0	0	0	0	0	0	0	0	0	0	0	4	0	0	0	6	0	0	0	0	0	0	0	2	0	0	1	0	4	0	0	1	0	0	0	0	2	0	13	0	0	1	0	0	1	8	0	2	0	0	0	0	0	10	3	0	55973	0	0	0	0	3	6	2	0	13	3	1	4	13	21	0	0	65321	15	1	0	7	1	0	8	4	4	0	0	1	14	3	0	0	4	1	0	0	3	1	0	7	6	2	11	0	1	5	11	0	3	0	2	17	2	70	0	0	0	0	2	3	0	0	1	4	3	9	0	0	1	2	6
D	0	1	11	0	67493	40	0	5	5	5	2	1	1	3	0	0	2	1	1	0	15	2	62873	0	4	1	0	0	1	5	0	0	64810	1	8	1	0	4	0	0	54	0	3	0	0	7	0	0	0	0	3	64937	0	0	5	12	0	6	12	19	0	68635	6	0	3	3	0	4	3	2	0	0	1	0	1	0	0	1	15	0	0	59030	2	0	0	1	0	2	0	50598	0	0	0	0	1	0	1	0	4	0	50543	4	1	0	0	3	0	0	1	0	1	0	0	0	4	0	0	30027	1	0	20	8	0	0	0	0	35123	0	0	0	0	0	0	34592	6	1	4	1	8	0	0	0	0	0	0	1	0	1	2	1	1	1	0	42646	0	44291	45494	0	46082	3	3	3	27590	2	0	0	0	0	1	0	1	22	1	0	1	2	2	3	0	48920	5	0	50481	4	6	1	0	20	1	54512	0	10	28	11	58	4	7	0	4	7	13	0	2	1	11	0	0	63603	0	4	4	0	1	0	2	56124	0	18	0	66735	0	17	1	5	5	1	64100	0	0	3	3	0	2	4	3	0	1	60992	0	0	15	18	0	2	3	0	0	42	0	63660	0	3	0	1	4	0	9	0	1	0	62976	3	1	0
E	0	0	65955	15	1	0	0	0	27	0	0	0	30	7	1	0	60809	0	0	0	1	0	0	0	9	2	17	0	0	0	1	0	2	3	8	1	0	0	0	0	14	2	0	0	0	1	0	0	0	5	0	9	1	0	0	2	0	0	64893	1	4	0	65744	8	6	0	0	0	0	2	16	0	0	0	1	0	0	2	5	0	0	4	2	0	0	51395	3	0	0	2	0	0	0	0	0	48351	0	0	0	9	0	0	0	0	0	0	0	4	0	6	39028	16	0	0	0	0	6	3	1	0	0	0	0	0	0	0	0	0	7	0	0	0	0	0	0	2	8	1	0	0	0	37344	0	3	0	0	0	0	41115	3	0	0	0	2	1	19	2	0	2	46418	47068	6782	4	0	0	1	0	2	41974	0	1	5	0	1	0	4	0	0	0	0	1	48589	0	0	1	2	0	1	0	1	10	0	0	1	0	0	0	2	64301	0	0	0	7	0	0	0	0	5	0	0	0	0	0	1	12	1	0	3	8	0	0	8	4	8	3	0	20	0	7	63134	66732	2	0	1	63493	0	9	6	0	0	0	1	3	0	0	0	17	5	2	1	0	5	0	1	18	0	0	0	0	0	2	61849	0	0
F	0	2	0	0	0	0	0	0	0	0	0	0	0	0	0	0	0	0	0	65155	0	1	4079	0	0	0	0	0	2	0	4	0	0	0	0	0	57931	0	0	0	0	0	0	0	0	0	0	66381	0	0	0	0	0	0	0	0	0	0	0	0	0	0	0	0	0	0	0	0	0	0	0	0	0	0	0	0	1	0	0	0	0	0	0	0	0	0	0	0	0	0	0	0	0	1	0	0	0	1	0	0	0	0	0	0	0	0	0	0	0	0	0	0	0	0	0	0	0	0	0	0	0	0	0	0	0	0	0	0	0	0	4	0	35027	0	0	0	0	1	0	0	1	0	0	0	0	0	0	0	0	0	0	0	0	0	0	0	0	0	0	0	0	1	0	0	0	0	0	0	0	0	45613	0	0	0	0	0	0	2	0	0	0	0	0	0	0	0	0	0	0	0	0	3	0	0	0	2	0	0	0	0	0	0	62773	0	1	67863	4	0	6	0	0	0	0	0	0	0	0	3	0	0	0	0	0	0	0	0	0	1	0	0	0	0	0	0	0	0	0	0	0	66845	0	0	0	1	0	1	0	0	0	0	0	0	0	3	0	60568	2	0	0	0	0	0	62488	63167
G	0	0	4	0	7	64987	0	0	1	61732	50	0	0	1	62	1	4	3	0	0	68334	0	7	7	0	0	0	0	0	69778	0	19	5	1	3	11	0	5	0	2	0	0	61484	34	0	1	0	0	0	0	0	3	0	12	64813	0	0	0	2	0	0	3	3	0	2	0	0	19	38	0	3	0	0	62559	1	0	3	0	0	7	0	4	0	0	0	3	1	51870	3	0	19	0	0	0	52352	2	5	0	48801	0	2	0	0	11	19	0	0	1	0	0	5	0	0	54	0	0	0	2	2	0	0	4	0	0	0	0	1	1	0	0	0	0	0	2	0	0	1	0	0	6	0	8	1	1	0	0	10	0	3	2	41862	0	0	1	0	0	5	0	4	3	4	0	1	47914	1	2	0	0	0	0	0	2	5	0	0	1	1	0	0	1	49754	2	5	0	4	0	0	0	59705	1	4	1	0	0	0	0	0	1	2	2	60047	3	0	5	62070	0	0	2	10	63801	14	0	68188	0	2	1	8	0	0	5	0	2	0	1	0	6	2	1	3	6	4	0	67688	63088	1	9	1	4	20	0	0	0	0	0	69288	0	2	0	0	2	17	0	6	0	3	0	0	2	0	0	4	3	0	0
H	0	0	0	9	0	0	0	64919	0	0	0	0	0	0	0	1	0	5	0	0	0	2	1	0	0	4	9	0	0	0	0	0	0	0	0	0	0	8	0	0	0	2	0	0	7	0	0	0	0	0	0	0	0	0	0	0	0	1	0	0	10	2	0	0	0	5	0	0	0	0	0	0	0	0	0	0	0	0	0	0	0	1	0	0	0	0	0	0	4	0	0	0	0	0	0	0	0	0	0	6	0	0	0	0	0	42273	0	0	0	0	0	0	0	0	0	0	0	3	0	0	3	2	0	32261	0	0	1	0	0	0	0	0	0	0	35290	9	0	0	37304	4	0	0	5	0	7	0	4	0	0	0	0	1	0	0	4	0	0	0	1	0	0	41590	8	0	0	0	0	0	0	0	0	0	3	0	0	0	4	0	0	1	0	1	1	0	0	0	0	58173	0	1	0	0	0	1	0	0	0	0	38	0	0	4	0	0	0	0	0	0	0	0	2	0	0	0	0	1	3	4	11	0	0	0	0	0	0	2	1	0	0	0	0	0	0	0	0	0	0	1	2	0	0	0	0	2	0	0	0	0	0	1	0	5	3	0	0	0	1	4	0	0	2	0	0	0
I	18	64879	0	0	0	0	0	0	0	0	7	0	0	0	0	0	0	0	0	0	0	0	0	0	0	0	0	4	67731	0	0	5	0	0	0	0	0	0	0	7	0	0	0	0	0	0	0	0	0	1	0	1	0	6	0	0	0	2	0	0	0	0	0	0	0	0	0	5	0	0	0	0	1	0	0	0	0	0	0	0	0	0	0	0	3	0	0	0	0	0	0	0	0	0	0	0	0	1	0	0	0	0	0	1	3	0	0	0	0	0	0	0	0	5	40495	15	0	0	0	2	0	0	0	0	1	0	0	0	0	0	0	0	0	0	0	0	0	0	0	0	38893	0	0	0	0	4	0	9	0	0	0	0	0	0	0	0	0	0	0	0	0	0	0	0	0	0	0	0	0	0	2	0	0	0	0	0	0	8	0	0	0	0	0	0	0	0	2	0	0	0	0	0	0	0	0	62375	23	0	0	0	0	0	1	6	0	0	69751	0	0	0	0	0	0	0	0	0	0	0	0	0	67081	0	0	0	36	0	0	64202	0	1	0	0	0	0	0	0	0	0	0	0	0	0	0	0	0	62256	0	0	0	0	5	0	0	60157	0	0	0	0	0	0	0	0	1	1
K	0	0	2	11	19	0	0	0	0	0	0	0	0	0	0	0	0	0	0	0	0	0	0	0	0	8	7	0	1	0	0	0	0	0	0	0	0	0	0	0	0	5	1	0	0	0	0	0	0	62184	0	0	0	0	0	0	0	7	3	0	6	0	1	0	0	0	0	0	0	0	0	0	1	0	0	0	0	0	0	0	0	0	0	0	0	1	0	0	0	0	0	0	0	0	0	0	0	0	0	5	0	0	0	0	0	0	0	0	0	0	0	40530	1	0	5	1	0	0	0	0	0	0	0	0	0	0	0	0	0	0	0	0	0	1	0	4	0	36806	0	0	0	1	0	0	0	1	0	1	0	0	0	0	0	0	2	0	0	1	0	1	0	1	3	0	0	1	1	0	0	0	0	0	0	0	47324	2	2	1	0	0	0	3	0	0	0	0	0	0	0	0	0	0	0	0	5	0	2	0	1	3	0	0	0	0	0	0	0	0	0	0	0	0	0	0	0	0	1	0	8	0	0	0	0	0	0	0	0	0	1	0	0	0	0	0	4	0	0	0	0	0	0	0	0	0	0	0	0	0	0	0	0	6	0	0	0	0	1	0	0	0	0	2	0	0
L	31	19	0	5	3	6	64645	6	4	0	8	11	0	0	7	2	2	13	64481	12	12	2	0	96	0	7	0	1	27	0	58	6	29	0	0	1	7	3	62947	0	0	2	0	10	1	8	69690	30	14	1	0	1	66765	2	92	0	65398	0	19	68419	5	2	14	0	0	6	61396	0	6	63836	0	0	0	4	8	5	1	0	87	93	57884	1	12	1	2	0	0	0	5	0	26	54282	53736	51638	0	1	2	3	0	1	0	48416	46641	4	7	2	42417	0	8	0	1	0	4	7	0	1	0	0	0	0	4	1	31409	0	0	37027	0	2	0	0	0	3	2	0	1	0	0	0	0	4	1	0	3	0	3	0	2	0	0	0	0	40811	0	2	0	0	0	45929	0	1	0	0	0	0	45611	0	11	0	1	46388	40	7	5	44801	0	0	6	1	4	0	1	0	0	56064	5	8	0	9	1	5	4	0	58286	4	4	5	1	5	0	4	9	5	3	0	1	8	3	0	2	2	15	65626	0	12	0	3	2	0	13	0	7	0	63249	0	2	8	0	4	0	0	2	68478	22	22	0	9	0	1	6	5	69176	11	69061	31	12	30	0	0	4	0	5	2	7	60	0	7	2	23	61005	62781	2	1	3	11
M	66181	0	0	0	0	0	8	0	0	0	0	0	0	0	0	1	0	0	4	0	0	0	0	0	0	0	0	0	1	0	0	0	0	0	0	1	0	0	5	0	0	0	0	0	0	6	10	0	2	0	0	0	6	0	0	0	6	0	0	7	0	0	0	0	0	0	7	0	0	11	0	0	0	0	7	0	0	0	0	3	6	0	4	3	0	0	0	0	0	0	0	4	2	2	0	0	1	0	0	0	0	7	2	0	0	0	3	0	0	0	0	0	0	0	0	40153	0	0	0	28593	0	0	2	0	0	9	0	0	0	0	0	0	0	0	0	0	0	0	0	0	1	0	0	0	0	0	0	40399	0	0	0	7	1	0	0	0	0	6	0	0	0	0	0	0	3	0	0	0	0	2	0	0	0	6	0	0	0	48476	0	0	0	0	0	6	2	2	0	0	0	0	0	0	7	1	0	0	65704	4	0	0	0	0	0	0	0	0	0	0	0	0	0	8	0	4	0	0	0	0	0	0	0	0	3	0	0	0	0	1	0	0	0	7	0	0	0	0	0	0	0	0	3	2	5	0	0	0	0	0	0	0	0	0	0	0	0	0	0	0	9	4	0	0	0	0
N	0	2	0	0	2	0	0	5	0	0	1	0	0	0	0	0	0	0	0	0	0	0	3	0	0	0	0	5	1	0	0	1	2	0	0	147	0	0	0	0	0	0	0	0	0	0	0	0	0	3	3	3	0	1	0	0	0	65503	0	0	0	3	0	0	0	0	0	0	0	0	0	2	6	0	0	0	0	0	0	0	0	1	0	0	2	0	0	0	0	3	0	0	0	0	0	0	0	0	0	0	0	0	0	1	3	5	0	0	0	0	0	0	0	3	2	0	0	0	0	0	0	0	0	6	1	0	1	0	0	1	0	0	0	0	5	0	0	0	0	0	0	0	0	0	0	3	0	0	0	0	0	0	0	0	0	1	1	0	0	0	0	9	2	0	0	0	0	1	0	3	0	0	0	0	3	0	0	0	0	1	0	0	3	0	0	0	4	10	0	3	0	17	0	0	55607	0	0	0	0	56539	0	0	0	0	0	0	3	5	0	0	0	0	0	0	0	3	0	0	0	1	1	0	0	0	5	0	3	0	0	0	0	0	0	0	0	0	0	2	0	0	0	0	0	2	0	2	0	0	0	0	2	1	0	2	0	0	1	0	0	0	2	0	0	0
P	0	0	0	18	0	0	35	0	2	0	0	62357	1	0	0	0	0	7	3	0	0	0	0	0	1	10	10	0	0	0	0	0	0	0	0	0	0	2	11	0	0	0	0	2	67429	0	16	0	0	0	1	0	27	0	0	0	4	0	0	13	1	0	0	2	1	0	4	0	0	6	1	4	1	0	0	56034	0	1	1	0	7	0	0	0	0	0	1	0	0	0	0	5	9	10	0	0	0	47545	0	3	0	3	8	0	0	0	9	0	36439	0	0	0	0	0	0	0	0	0	0	0	0	1	5	1	0	1	0	33565	0	0	0	34342	0	0	1	2	1	0	5	0	0	0	0	1	1	0	1	0	0	0	1	2	0	0	2	0	0	4	0	0	0	1	2	0	4	1	43127	1	0	4	0	2	113	14	1	0	2	0	50206	0	0	0	0	9	0	0	0	3	0	0	0	0	5	59788	0	0	0	0	0	0	0	1	0	0	0	0	0	0	0	0	2	10	0	0	0	0	1	0	2	0	0	0	7	0	0	2	0	0	1	0	0	62	0	0	0	0	0	0	4	0	9	0	14	0	0	0	1	0	60192	0	0	14	2	0	0	0	0	0	7	15	0	0	0	0
Q	5	22	6	65708	15	0	20	3	1	0	1	6	13	1	15	26	5	2	3	24	0	2	0	7	58	67620	69023	5	14	0	0	2	5	48	74	0	0	0	0	6	2	57527	2	14	20	2	0	2	0	2	38	0	7	0	7	5	1	2	61	1	70550	0	1	0	8	0	0	0	5	3	1	0	1	0	0	14	0	2	108	1	1	2	0	0	1	1	3	0	0	0	2	8	0	0	0	4	0	20	0	49778	17	1	0	0	2	1	2	0	5	2	2	3	0	0	1	2	8	2	0	0	8	4	0	12	0	0	4	3	0	1	0	9	1	0	0	35128	10	4	0	0	8	1	0	0	0	0	1	7	0	17	1	3	3	0	43439	53	0	3	20	13	8	2	20095	0	3	0	11	3	2	0	0	0	8	4	1	3	1	3	2	1	0	12	2	154	0	7	0	10	1	2	2	6	1	11	0	18	158	1	3	1	0	0	1	0	1	0	10	0	1	13	0	2	0	7	0	0	2	1	66231	1	12	7	0	1	0	0	7	9	14	32	2	5	0	0	3	8	18	0	0	5	49	47	0	0	0	2	31	6	10	60	0	63163	0	34	2	0	5	0	0	1	7	3	1	0
R	13	13	1	54	33	18	38	3	6	0	4	7	16	1	47	4	1	61771	36	0	4	0	3	30	0	11	37	2	0	1	4	9	32	11	1	9	0	63978	10	13	0	69	8	62662	0	0	8	0	0	19	3	0	22	11	7	2	25	9	0	10	31	0	0	8	0	60010	8	15	7	3	2	2	1	0	0	8	2	10	4	15	15	0	0	2	0	3	0	2	50730	0	4	0	4	5	5	0	7	5	1	12	0	8	6	10	5	3	1	0	1	2	0	4	0	11	0	17	1	0	0	2	27918	27693	35	1	0	4	0	0	0	0	1	0	0	0	3	13	0	34	3	37974	0	0	37335	0	36344	0	38985	0	1	2	3	6	1	0	11	0	0	1	6	3	8	3	2	2	2	3	5	0	0	1	13	0	42327	10	6	5	45103	2	7	0	5	1	78	22	6	8	0	5	0	0	5	4	45	60	2	43	14	7	3	1	1	60258	0	15	0	0	0	1	22	2	64641	7	1	2	15	1	60241	1	44	13	0	620	31	1	0	64972	0	7	8	2	6	3	1	0	1	16	0	0	62336	7	40	19	69	0	4	27	0	3	110	0	6	11	62708	1	7	0	0	60832	1	3	1	2	0	0
S	3	4	3	0	0	3	4	0	12	8	59100	7	3	7	2	1	0	9	1	14	12	33	4	6	42	0	1	1	4	23	53	62595	25	1	7	0	21	8	0	62814	9	0	2	0	1	0	0	5	0	2	2	11	0	67050	1	32	0	6	0	10	0	0	0	18	7	12	3	65658	0	0	5	4	0	8	2	5	1	8	2	0	0	0	0	8	4	0	7	0	6	0	0	2	0	1	1	0	0	4	1	0	4	0	2	45264	43501	2	0	2	8	4	0	0	0	39541	7	0	2	0	5	0	3	28	0	1	2	0	1	1	5	4	2	4	1	0	2	0	2	0	1	35	1	0	2	2	4	1	9	0	0	2	2	0	0	0	0	0	0	0	0	0	0	3	0	1	0	11	1	1	0	0	2	14	65	2	0	3	14	0	3	0	1	0	1	0	0	0	7	2	4	0	10	0	0	1	26	4	0	0	0	6	4	23	3	63737	6	16	1	1	2	7	6	0	2	0	5	4	42	4	0	1	1	15	0	3	32	16	2	1	7	0	0	2	1	50	0	3	6	1	12	11	0	0	0	3	5	1	16	5	3	3	64156	1	9	3	10	9	0	12	1	2	0	1	7	5
T	5	1	1	0	37	0	0	0	4	27	0	10	1	32	1	0	1	0	0	0	1	4	5	0	2	4	83	67988	3	0	4	10	2	2	8	0	1	0	0	3	3	7	28	0	8	0	0	0	5	2	64296	0	1	2	0	2	2	0	0	0	2	0	0	1	0	0	0	26	0	0	5	51965	52145	0	0	3	0	2	0	0	0	0	0	0	52321	0	2	3	0	7	0	0	0	5	0	0	0	4	3	0	0	0	2	8	1	0	0	2	7	1	1	0	11	0	4	3	0	0	1	1	3	4	0	17	29163	0	0	52	0	32168	1	5	1	0	0	0	1	5	0	2	3	0	0	3	1	35754	0	3	1	0	4	0	0	0	0	4	0	0	7	0	1	0	2	0	0	8	4	5	0	0	0	3	0	0	1	1	4	0	5	9	2	4	1	2	0	1	57110	4	2	0	1	0	0	33	12	3	6	0	2	4	5	1	1	68	1	0	7	2	2	5	1	0	0	0	2	8	2	0	11	5	4	1	1	6	60611	3	0	14	9	0	1	1	2	2	3	0	2	11	6	0	1	0	1	16	2	1	1	11	5	10	1	3	0	5	3	0	0	1	0	0	0	1	1	0
V	46	5	1	1	15	6	1	3	0	22	0	0	9	2	1	43689	1	1	10	6	6	1	1	0	6	1	12	2	6	7	9	22	2	7	3	53796	4	0	0	2	4	0	5	0	0	70969	1	3	66424	2	0	1	1	0	5	1	0	1	0	0	0	0	3	3	2	2	1	0	0	0	8	2	1	6	58284	1	0	1	3	54125	10	1	56580	50691	4	1	2	2	0	1	0	0	4	1	8	1	47348	0	3	0	2	0	0	0	0	0	1	10	10	14	0	0	38357	0	5	4	3	8	2	1	0	0	10	0	0	0	0	0	5	0	0	0	4	0	0	0	2	0	0	0	3	2	0	4	0	0	0	4	0	1	4	7	40559	0	0	1	0	3	2	2	2	0	0	2	0	0	0	7	0	0	2	3	0	3	0	4	1	8	0	3	5	2	0	1	55949	51735	1	0	9	0	5	0	4	0	0	35	7	63130	2	13	4	0	6	0	9	7	3	0	23	5	0	3	12	64213	4	5	2	0	0	2	8	6	1	6	1	0	2	3	2	4	2	5	44	4	1	0	6	2	0	25	3	65876	19	0	6	7	6	3	2	2	0	0	2	5	3	2	1	0	2	4	4	0	3	7
W	0	0	0	0	0	0	0	0	0	0	0	0	0	1	54317	0	0	0	0	0	0	0	0	65049	0	3	0	0	0	0	2	0	0	0	0	0	0	0	1	0	0	1	0	0	0	0	0	0	0	0	0	0	0	0	0	0	0	0	0	0	0	0	0	0	0	0	0	0	68015	0	0	0	0	0	0	0	1	0	0	0	0	0	0	0	0	0	0	0	0	0	55653	0	0	0	0	0	0	0	0	0	0	0	0	0	0	0	0	0	0	0	0	0	0	0	0	1	0	0	0	0	0	0	0	0	0	0	0	0	0	0	0	0	0	0	0	0	0	0	0	0	0	0	0	0	0	0	0	0	0	0	0	0	0	0	0	0	0	0	0	0	0	0	0	0	0	0	0	0	0	0	0	0	0	0	0	1	0	0	0	0	0	0	0	0	0	0	0	0	0	0	0	0	0	0	0	0	0	0	0	0	0	0	0	0	682	0	0	0	0	0	1	0	0	0	0	0	0	0	0	0	0	0	0	0	0	0	0	0	0	0	0	0	0	0	0	64702	0	0	0	0	0	0	0	0	0	0	0	0	0	0	0	0	0	0	0	0	0	0	0	0	0	0	0	0
Y	0	0	0	0	6	0	0	1	0	0	0	0	0	0	0	0	0	0	0	1	0	66832	5	0	0	0	0	0	0	0	1	0	6	0	0	0	0	0	0	0	0	0	0	0	0	0	0	1	0	0	0	1	0	0	0	0	0	0	0	0	0	4	0	0	0	0	0	0	0	0	0	0	0	0	0	0	2	0	0	1	0	3	0	0	0	0	0	0	0	2	0	0	0	0	0	0	0	0	0	0	2	0	0	0	0	0	0	0	0	0	0	0	0	0	0	0	0	5	0	0	0	0	0	3	0	0	3	0	0	0	1	0	0	5	4	0	0	0	0	0	0	0	0	0	0	0	0	0	0	0	1	0	0	3	1	3	8	0	2	0	0	2	6	0	0	0	0	0	0	0	1	0	0	0	0	0	0	0	0	2	0	0	4	0	0	1	0	3	0	4	0	2	0	0	3	0	0	0	0	0	0	0	0	0	0	1	0	6	1	0	0	0	0	0	0	10	0	65102	0	7	0	0	0	0	0	0	7	0	0	0	0	0	0	0	0	0	0	5	0	0	0	0	0	69837	0	0	0	0	0	10	0	0	0	0	0	1	62909	0	0	0	6	0	0	0
