KKA2_S2_Neo11_L2
Position	1	2	3	4	5	6	7	8	9	10	11	12	13	14	15	16	17	18	19	20	21	22	23	24	25	26	27	28	29	30	31	32	33	34	35	36	37	38	39	40	41	42	43	44	45	46	47	48	49	50	51	52	53	54	55	56	57	58	59	60	61	62	63	64	65	66	67	68	69	70	71	72	73	74	75	76	77	78	79	80	81	82	83	84	85	86	87	88	89	90	91	92	93	94	95	96	97	98	99	100	101	102	103	104	105	106	107	108	109	110	111	112	113	114	115	116	117	118	119	120	121	122	123	124	125	126	127	128	129	130	131	132	133	134	135	136	137	138	139	140	141	142	143	144	145	146	147	148	149	150	151	152	153	154	155	156	157	158	159	160	161	162	163	164	165	166	167	168	169	170	171	172	173	174	175	176	177	178	179	180	181	182	183	184	185	186	187	188	189	190	191	192	193	194	195	196	197	198	199	200	201	202	203	204	205	206	207	208	209	210	211	212	213	214	215	216	217	218	219	220	221	222	223	224	225	226	227	228	229	230	231	232	233	234	235	236	237	238	239	240	241	242	243	244	245	246	247	248	249	250	251	252	253	254	255	256	257	258	259	260	261	262	263	264
Wild-type	M	I	E	Q	D	G	L	H	A	G	S	P	A	A	W	V	E	R	L	F	G	Y	D	W	A	Q	Q	T	I	G	C	S	D	A	A	V	F	R	L	S	A	Q	G	R	P	V	L	F	V	K	T	D	L	S	G	A	L	N	E	L	Q	D	E	A	A	R	L	S	W	L	A	T	T	G	V	P	C	A	A	V	L	D	V	V	T	E	A	G	R	D	W	L	L	L	G	E	V	P	G	Q	D	L	L	S	S	H	L	A	P	A	E	K	V	S	I	M	A	D	A	M	R	R	L	H	T	L	D	P	A	T	C	P	F	D	H	Q	A	K	H	R	I	E	R	A	R	T	R	M	E	A	G	L	V	D	Q	D	D	L	D	E	E	H	Q	G	L	A	P	A	E	L	F	A	R	L	K	A	R	M	P	D	G	E	D	L	V	V	T	H	G	D	A	C	L	P	N	I	M	V	E	N	G	R	F	S	G	F	I	D	C	G	R	L	G	V	A	D	R	Y	Q	D	I	A	L	A	T	R	D	I	A	E	E	L	G	G	E	W	A	D	R	F	L	V	L	Y	G	I	A	A	P	D	S	Q	R	I	A	F	Y	R	L	L	D	E	F	F
A	0	81	1	0	14	117	16	0	44993	43	0	3	43968	42678	0	29	0	0	0	0	10	0	1	0	44824	0	0	29	0	2	2	0	3	44508	44458	5	0	0	0	22	41658	3	6	3	1	27	0	0	37	0	4	108	0	5	1	43783	0	0	0	0	0	1	7	43916	41306	0	0	0	0	0	42776	3	30	6	6	0	0	39236	38361	4	0	1	18	3	6	1	38356	2	0	2	0	1	0	0	0	4	2	0	3	0	3	0	0	0	0	0	0	40479	0	40592	0	0	6	0	0	0	43306	0	30038	0	0	0	0	0	62	0	0	2	33842	2	0	0	0	1	0	21	38413	0	0	0	0	15	13	39175	0	56	0	0	1	42185	4	0	2	17	6	2	2	0	0	2	9	0	0	3	17	43160	3	41422	0	0	0	42241	0	0	0	40640	53	0	0	0	0	5	0	0	2	6	3	0	0	2	43925	0	0	23	0	0	0	11	2	0	0	0	0	7	2	0	0	13	0	1	0	0	0	5	46034	2	0	0	0	3	0	43656	0	40548	15	0	2	0	45305	3	3	0	0	51	5	0	43618	8	0	0	0	40	27	0	1	0	40275	37800	12	5	1	9	0	0	41373	0	0	0	0	0	0	1	0	0
C	0	0	9	2	51	88	218	7	0	23	248	0	1	4	27	0	2	3	0	0	8	6	3	34	6	1	0	0	0	12	46286	0	2	0	1	0	0	1	0	12	1062	0	8	0	0	53	0	0	13	0	1	59	0	1	9	2	1	0	1	0	0	0	0	1	4	3	0	3	11	2	3	0	0	14	0	1	35352	0	1	1	0	0	0	0	0	0	0	25	1	0	11	3	1	0	22	1	0	0	27	0	0	0	0	0	1	1	0	0	0	1	0	0	0	0	0	0	0	0	0	0	0	2	0	0	1	0	0	0	0	1	34282	0	3	0	0	0	0	0	0	1	0	0	2	0	2	0	1	0	0	1	25	0	0	0	12	0	0	0	0	0	0	0	0	21	1	0	0	0	0	0	0	0	4	5	0	0	140	5	0	0	16	1	0	0	6	0	0	3	15	1	10	42404	0	0	0	0	2	3	3	0	10	2	0	0	16	8	0	0	45290	18	1	0	22	0	0	2	5	3	0	0	2	3	0	0	0	0	0	0	0	0	1	0	18	12	1	24	0	0	2	9	0	6	3	8	15	0	21	5	0	1	0	1	2	2	0	1	3	3	1	0	0	0	1	0
D	0	46	5	0	45219	22	0	8	0	3	0	1	0	1	0	68	11	2	0	2	7	1	45823	0	1	0	1	1	14	2	0	0	43664	1	0	0	0	2	1	0	1	17	3	0	0	1	0	0	0	0	66	43325	2	1	5	7	0	5	4	1	16	46669	1	0	1	0	0	9	2	0	1	0	0	2	3	0	0	0	6	1	0	44223	1	0	0	0	0	0	0	35931	0	0	0	0	0	0	1	20	1	3	42670	2	5	0	0	139	0	0	0	0	7	0	0	0	4	0	0	30766	0	0	6	5	0	2	0	0	37694	0	0	0	0	0	0	36090	0	0	0	0	9	0	0	2	1	0	0	1	0	0	2	1	4	0	0	44175	0	45317	45585	0	46777	4	2	0	0	3	0	0	0	14	36	0	0	19	0	0	1	0	14	2	0	43056	1	1	42518	0	1	0	0	7	0	41894	0	1	4	2	6	3	1	0	2	6	2	0	0	0	1	0	0	43321	0	3	1	0	4	0	0	38853	1	2	0	43978	0	1	0	1	2	0	43104	0	0	3	7	0	3	228	1	0	0	40069	0	0	6	11	1	1	2	0	96	0	0	42542	0	11	0	0	21	0	0	0	0	0	43196	1	0	0
E	0	16	44357	55	264	140	16	44	11	9	6	0	93	9	0	58	40616	0	0	28	0	0	19	0	87	2	5	0	0	0	22	0	1	11	16	2	0	0	0	35	3	35	0	0	0	0	0	0	2	6	0	12	0	0	0	3	0	0	44047	3	1	1	44155	6	22	0	0	0	0	0	6	1	0	0	0	0	0	9	50	1	0	3	3	3	0	37448	9	0	0	0	0	0	0	0	1	38512	0	1	0	3	1	0	0	0	0	5	0	6	0	64	40016	7	0	22	0	0	13	21	3	0	0	0	1	0	0	0	1	0	7	0	0	0	0	4	0	2	11	4	0	0	0	39031	0	4	1	0	0	0	42930	7	0	0	5	2	20	9	0	0	2	45781	44720	0	0	0	1	6	0	7	38230	0	1	56	5	0	5	34	40	0	0	24	0	41626	1	0	1	3	0	0	0	6	11	0	0	0	0	0	0	1	47752	0	0	0	0	0	0	0	0	3	0	0	0	0	0	0	15	3	0	0	1	1	0	6	0	6	0	0	5	0	8	42589	43420	0	0	0	42678	0	11	5	0	0	0	245	234	0	0	0	29	67	2	2	4	4	0	0	5	0	0	0	0	0	2	41168	0	0
F	0	15	95	0	89	66	0	0	0	1	138	0	0	0	0	0	0	0	0	44680	0	0	0	0	0	0	0	0	0	0	1	0	0	0	0	0	39339	0	0	30	0	1	1	0	0	0	0	46740	0	0	0	0	0	0	0	0	0	0	0	0	14	0	0	0	0	0	0	0	0	0	0	0	0	0	0	0	3	0	0	2	0	0	81	0	0	0	0	0	0	0	0	0	0	0	0	0	0	0	0	0	0	0	0	0	0	0	0	0	0	0	0	0	0	0	0	0	0	0	0	0	0	5	0	0	2	0	0	0	0	1	7	0	36497	0	0	0	2	0	0	0	0	1	0	0	9	1	0	0	0	0	0	2	0	0	8	0	0	88	0	0	2	0	9	0	4	0	0	13	0	0	41971	0	3	0	0	1	81	7	0	0	0	0	0	0	0	0	0	0	0	0	107	9	0	0	0	1	0	0	0	0	0	0	45192	0	0	48686	3	0	5	0	0	0	0	0	0	0	0	1	0	0	0	0	0	0	4	0	0	0	0	0	0	1	0	1	0	0	0	10	0	44912	0	0	0	1	0	1	0	0	0	0	6	0	0	0	0	38993	0	0	0	0	0	0	41670	42854
G	0	0	0	10	186	43690	92	0	4	43269	96	0	0	0	13	24	11	1	0	6	47893	0	2	4	2	0	0	0	4	48815	0	7	19	1	0	8	0	1	1	16	0	0	40643	13	47	42	0	0	4	0	0	6	0	9	43442	1	4	0	3	0	1	2	7	0	0	1	0	4	13	0	0	0	0	42743	0	2	3	1	39	2	0	6	9	3	0	0	11	37526	1	0	8	0	0	0	41511	3	4	0	40087	1	3	0	0	2	12	0	0	0	0	1	1	0	1	15	0	0	2	1	1	0	0	1	0	0	4	0	4	0	0	0	0	0	0	2	0	0	0	0	6	6	0	2	1	0	2	0	4	0	5	2	42495	0	2	5	5	3	2	0	6	5	3	0	0	45831	0	2	0	0	0	0	0	8	6	0	0	16	124	0	0	1	43505	3	3	0	2	4	0	0	48720	2	0	9	0	3	0	0	0	2	6	0	42566	4	0	5	45043	0	0	1	1	43775	2	0	47015	6	0	2	4	0	0	1	0	3	1	0	0	4	3	0	0	4	3	0	44402	40573	2	4	1	41	4	0	0	0	0	0	51175	0	0	0	0	3	2	0	3	0	2	0	0	0	0	0	2	3	0	0
H	0	26	40	13	4	0	1	46591	0	0	0	0	0	0	0	0	0	2	0	58	0	1	0	0	0	8	9	0	0	0	0	0	2	0	0	0	0	1	0	0	0	3	47	0	11	0	3	0	0	0	0	15	0	8	0	0	0	0	0	0	39	3	0	0	0	3	0	0	0	0	0	0	0	2	0	0	0	0	0	0	0	0	8	0	0	2	0	0	1	1023	0	0	0	0	0	0	0	0	0	11	3	0	0	0	0	41082	0	41	0	6	0	0	0	1	0	0	0	4	0	0	1	3	0	34987	0	0	0	0	0	0	0	0	0	0	37222	14	0	0	38692	3	0	2	7	0	28	10	3	0	14	0	0	0	0	6	9	1	0	0	0	0	8	46586	28	7	0	0	16	40	0	0	0	23	9	0	0	45	96	0	0	27	0	0	0	0	0	0	0	47881	0	2	0	0	0	0	0	0	0	0	72	2	0	2	0	0	0	0	0	4	0	0	2	0	0	0	0	0	1	1	15	2	0	0	0	0	3	5	1	0	0	0	0	0	0	92	1	0	0	2	3	0	0	16	15	2	0	0	11	0	0	1	25	2	1	0	0	0	4	1	0	0	2	0	0	0
I	34	44773	12	0	16	210	1	0	0	0	230	0	0	1	0	1	0	0	0	12	1	0	0	0	0	1	0	1	45966	0	0	4	0	0	0	0	2	0	0	5	0	0	0	0	0	0	5	0	0	2	1	0	0	10	0	0	0	1	0	0	0	0	0	0	1	0	0	3	0	0	0	3	2	0	19	0	0	0	0	0	0	0	18	0	3	1	0	0	0	0	0	0	0	0	0	0	0	0	0	0	0	0	1	7	5	0	0	0	0	0	0	0	0	6	44330	15	0	0	0	8	0	0	0	0	0	0	0	0	0	2	0	0	1	0	0	0	38	2	0	0	40921	0	1	0	0	13	0	14	4	0	0	0	3	0	23	0	0	0	0	0	0	0	7	0	0	0	0	0	0	0	2	5	0	0	0	0	354	19	0	0	0	0	0	0	0	2	3	0	0	0	0	0	0	0	2	45191	22	0	0	0	0	0	0	5	0	0	49852	0	0	0	0	0	0	9	0	0	0	0	0	0	43102	0	5	0	16	0	0	41965	0	0	0	0	0	0	0	0	0	0	0	0	0	0	0	0	0	40986	0	5	0	1	30	0	0	39332	0	0	0	0	0	0	0	0	1	0
K	2	116	176	14	464	313	44	11	0	0	0	0	80	4	0	61	3	9	0	44	0	0	50	0	4	3	6	0	7	0	0	0	0	0	14	0	0	0	0	20	0	77	3	0	0	0	21	0	0	42328	7	0	16	0	0	20	0	9	1	0	10	0	3	0	23	0	0	0	0	0	0	30	6	0	0	0	0	0	151	0	0	0	16	0	0	2	20	0	0	0	0	0	0	0	3	0	0	2	0	13	0	0	0	0	0	0	0	0	0	0	1	42215	0	11	6	2	0	0	0	1	0	0	0	0	0	0	0	0	0	33	0	0	0	0	0	15	0	38287	10	0	0	6	0	0	9	22	0	1	1	0	0	5	0	0	21	0	0	0	0	19	1	0	10	2	0	0	0	16	3	0	0	53	0	0	42978	0	12	3	0	0	29	1	0	0	0	0	0	0	0	0	0	0	0	0	11	0	4	0	2	7	0	6	0	1	0	0	0	0	0	0	0	0	0	0	0	0	0	0	8	0	0	0	0	0	0	0	0	0	0	1	0	0	0	90	2	0	0	219	7	0	0	37	1	0	0	0	0	70	0	0	56	20	4	0	0	0	0	0	0	0	0	0	0	0
L	4	59	14	103	88	76	46256	1	1	0	111	1	5	0	11	4	0	14	44021	5	4	0	0	35	0	4	6	0	18	0	5	0	7	0	0	3	4	7	43057	0	0	0	0	14	1	14	49188	11	14	1	0	0	45048	0	19	0	44333	0	3	46961	0	1	6	0	0	9	43180	0	6	45059	0	0	5	2	3	1	2	0	0	2	42606	0	14	2	1	2	0	0	3	0	8	42610	42536	41154	4	1	5	3	0	5	0	43244	43617	0	2	0	42217	0	9	0	3	0	4	0	0	1	0	0	0	2	5	7112	34825	0	1	40305	0	6	0	0	0	2	2	1	0	2	15	0	1	10	0	0	21	0	11	4	8	2	15	0	0	42394	8	0	65	0	1	46080	0	10	0	2	2	0	42241	14	31	0	0	42073	8	3	8	40707	3	8	212	34	3	0	1	0	0	48413	10	7	0	5	2	9	30	0	44527	7	1	6	2	5	0	4	1	13	2	1	3	5	5	1	2	2	15	45769	0	11	0	1	11	0	0	0	5	0	41105	0	0	12	0	2	0	0	0	44836	1	19	0	11	0	3	17	8	47406	6	47566	3	2	14	1	57	3	0	41	0	5	20	0	9	0	9	40877	42890	1	0	3	13
M	46132	4	0	18	0	285	16	0	0	0	121	0	0	0	0	1	0	0	14	0	7	0	2	0	0	0	18	0	7	0	0	0	0	0	0	2	0	0	11	1	0	0	0	0	0	8	4	0	3	0	0	0	36	0	0	0	4	0	0	31	0	0	0	0	45	0	11	0	0	9	0	0	0	0	3	0	0	1	0	2	5	0	12	1	0	0	2	0	0	0	3	8	34	5	0	0	1	0	0	0	0	9	8	0	0	0	9	0	0	5	0	0	2	0	0	44326	0	0	0	30131	0	2	7	0	100	19	0	0	12	0	0	0	0	9	0	0	80	0	1	0	0	5	23	0	0	74	0	42417	0	7	0	10	2	0	53	5	0	14	0	3	0	0	0	0	16	0	10	0	0	7	0	1	18	9	0	0	670	43269	0	0	4	0	0	12	0	0	0	0	0	0	0	0	25	0	0	0	50475	2	0	0	0	0	0	0	0	0	4	0	0	0	0	14	0	3	0	0	0	0	0	0	1	0	5	0	30	0	0	0	0	0	0	6	0	22	0	0	0	51	0	0	10	73	5	0	0	0	0	63	2	0	3	0	0	1	0	0	0	0	4	16	0	0	0	0
N	0	171	12	35	295	201	0	10	4	0	0	0	0	0	0	0	0	0	0	64	0	0	52	0	0	0	31	12	0	0	0	1	3	8	0	0	0	0	0	0	0	0	0	0	0	98	0	0	0	2	17	1	26	1	0	7	0	44556	0	0	0	0	0	0	0	0	0	1	0	0	0	3	56	7	0	0	0	0	36	0	0	0	2	0	5	1	0	0	0	1	0	0	0	0	0	0	0	0	0	0	19	0	0	2	0	97	0	0	0	0	0	1	0	0	1	0	0	0	0	0	0	0	0	8	52	0	1	0	5	4	0	0	0	3	11	2	0	0	3	0	0	0	2	0	0	16	0	0	9	0	9	0	0	1	0	2	4	0	0	1	0	34	0	0	1	0	0	0	0	0	0	0	24	0	2	0	79	0	0	1	0	0	0	0	0	0	11	23	0	4	0	0	0	0	40120	1	0	0	0	38181	0	0	0	0	0	0	1	1	0	0	0	0	0	0	0	0	0	0	0	2	3	0	0	0	4	0	5	0	0	0	0	0	0	9	0	0	0	0	0	0	0	0	0	2	0	0	0	13	0	1	11	0	0	0	0	0	0	0	0	0	3	0	0	0
P	0	0	26	48	0	245	56	18	11	4	174	42968	3	0	0	0	0	0	2	0	2	0	0	0	1	1	1	0	0	0	0	0	0	1	2	0	0	0	3	0	1	69	0	2	46102	127	3	0	0	0	0	0	8	0	0	0	8	0	0	5	3	0	0	0	0	1	2	0	0	5	2	5	0	0	0	38679	0	12	1	1166	2	0	1	0	0	0	2	0	0	0	0	5	4	6	0	0	0	38271	0	6	0	4	5	0	0	75	7	7	37575	0	0	0	0	0	0	0	1	0	0	0	1	0	2	8	3	8	0	35499	0	0	0	36618	0	0	4	0	2	0	8	2	0	0	2	0	1	3	1	0	0	0	0	1	0	0	2	0	0	4	0	7	0	0	2	0	1	0	39522	10	0	6	0	0	2	9	0	0	0	0	44890	1	0	0	0	6	0	0	0	22	0	0	0	0	4	45184	0	0	0	0	0	0	0	1	0	0	1	0	0	0	0	0	1	2	0	0	0	0	0	0	6	0	0	0	2	0	1	0	0	0	1	0	0	18	0	99	0	0	0	0	0	0	3	0	10	0	0	0	0	2	39443	1	24	6	2	0	0	0	0	0	2	6	0	0	0	0
Q	1	8	5	45328	7	20	8	13	1	0	321	16	4	2	2	2	1	0	0	76	0	0	54	1	55	44560	45793	1	15	0	0	1	5	4	38	0	0	0	1	0	0	39821	0	3	8	0	6	0	0	1	10	11	3	7	1	1	7	0	9	1	48526	0	1	1	21	0	0	14	1	0	1	21	65	2	0	20	0	3	140	0	1	0	0	0	10	0	0	0	0	0	0	1	0	0	10	16	0	16	0	41582	5	0	1	0	0	1	2	0	15	0	0	0	0	7	1	0	4	2	0	0	3	8	1	10	0	0	1	6	0	0	0	12	0	6	0	37141	3	1	2	0	10	2	2	0	37	40	1	5	6	4	1	1	1	0	45098	9	0	1	1	20	5	8	46185	0	0	1	24	2	2	0	1	2	6	2	1	0	84	44	7	0	0	1	0	22	0	3	0	17	0	0	1	0	2	13	1	5	39	14	4	1	0	8	0	0	0	0	0	0	0	5	0	2	0	0	0	0	0	0	45010	0	1	0	1	0	0	0	1	6	0	3	1	1	0	192	1	0	1	72	0	0	13	14	8	0	0	0	29	2	20	14	57	42123	0	13	0	0	0	0	1	0	1	2	0	0
R	29	3	1	13	21	111	21	6	0	0	397	2	12	25	6	0	35	40869	7	0	3	0	52	9	0	61	5	1	0	3	2	7	4	3	0	0	0	43554	7	17	11	6	1	40763	0	29	2	0	0	13	3	0	28	35	6	11	8	1	0	7	8	0	0	1	0	41006	0	30	5	3	2	10	1	0	0	6	1	16	96	10	7	0	7	1	21	0	6	23	37121	0	0	0	0	5	4	1	6	13	0	6	0	9	2	15	6	4	0	0	2	0	0	3	0	50	0	9	1	0	0	1	31191	24532	17	3	0	3	0	1	8	2	1	0	0	0	2	10	0	15	5	39917	0	0	39483	0	37415	13	41340	0	2	0	0	7	0	0	5	0	0	0	11	1	3	3	26	2	3	2	2	0	0	2	7	1	39564	1	8	5	36862	3	3	21	5	0	6	13	1	3	0	1	1	0	0	4	5	14	2	11	12	1	16	0	0	43245	0	8	0	0	0	0	4	0	45327	1	1	0	1	0	41338	0	7	1	0	0	6	0	0	42666	0	0	0	2	0	5	2	31	0	2	0	17	40700	0	13	61	54	0	4	1	0	13	10	0	17	1	41479	0	1	0	0	40653	0	0	0	0	0	0
S	0	1	101	7	115	71	3	0	13	1	38656	4	26	17	2	26	0	6	0	5	5	8	0	2	30	0	0	2	8	48	10	46152	4	12	9	0	5	6	0	42451	15	0	0	0	2	0	0	6	0	4	3	5	53	45098	11	13	11	4	0	3	0	0	0	14	11	10	0	45315	2	0	14	1	4	5	1	2	1	11	103	0	0	0	0	0	5	0	4	3	18	0	0	1	0	1	4	0	0	3	4	0	2	0	0	43142	42241	2	0	13	4	8	0	0	0	41939	2	0	14	1	5	0	5	17	0	0	0	0	2	0	8	1	2	2	5	0	0	0	13	0	0	20	0	0	9	7	6	0	17	0	0	14	2	0	0	0	1	1	1	0	0	0	0	0	1	1	0	25	1	2005	0	0	0	36	19	2	0	31	186	0	10	0	29	0	1	0	1	1	3	1	3	0	18	2	1	15	5	6	1	0	8	3	4	14	2	45981	2	9	1	1	4	6	15	0	1	0	10	0	20	8	0	1	18	14	0	12	12	14	1	1	5	0	0	0	1	10	0	6	13	0	11	2	0	14	0	1	2	3	56	7	0	1	41994	0	10	2	14	1	1	15	0	0	0	0	2	4
T	3	3	50	62	332	205	0	0	3	5	45	14	6	11	1	6	0	0	0	0	1	0	2	0	2	2	19	44822	12	0	0	1	0	4	2	0	1	0	0	1	6	1	7	0	6	109	0	0	131	5	43966	0	1	0	0	21	0	1	0	0	4	0	0	0	3	0	0	4	0	0	1	35317	36080	1	1	7	1	1	9	0	0	0	52	2	38757	0	1	0	0	1	0	0	0	6	4	0	0	9	1	14	0	0	0	7	2	1	0	0	5	2	0	0	1	0	1	2	4	2	1	3	0	0	1	8	33300	0	0	15	11	33225	1	21	0	0	1	0	0	8	3	2	2	0	8	2	1	36309	0	4	0	0	3	0	0	0	9	2	0	0	7	0	0	0	0	0	0	1	6	7	0	0	0	13	5	0	0	4	119	1	9	1	67	5	0	0	0	1	46849	0	0	0	1	0	0	7	2	4	0	0	0	2	1	1	1	9	0	0	3	0	0	1	0	0	0	0	1	2	0	0	0	0	2	0	0	3	38417	2	0	7	1	0	0	0	0	20	0	0	0	7	6	0	0	54	0	2	0	2	48	14	8	1	0	0	0	1	1	0	0	0	9	0	0	0	1	0
V	23	71	4	43	84	7	6	0	37	13	17	0	5	12	0	27239	2	0	2	6	12	1	0	0	61	0	1	0	13	10	0	4	0	0	1	35903	5	0	1	0	1	0	4	0	0	49351	0	4	46284	1	0	1	33	0	17	0	0	0	1	0	21	2	1	2	4	0	0	0	0	0	1	0	0	5	39425	1	3	3	5	36482	3	1	40583	36671	1	1	3	13	0	4	0	4	3	1	11	0	37387	0	9	7	0	1	1	1	0	0	3	3	3	5	1	0	39056	0	5	5	6	2	4	1	0	1	1	0	0	4	1	1	3	0	0	0	1	0	0	0	38	1	0	0	3	0	24	1	0	0	0	2	2	5	19	5	42858	1	15	1	0	3	1	0	0	0	0	14	4	5	1	4	1	0	4	4	0	0	0	3	144	6	0	0	4	0	0	1	46969	42441	2	0	16	0	7	1	2	0	0	14	7	47870	3	1	10	0	3	0	10	5	2	1	10	16	0	2	17	43896	2	2	2	0	0	1	5	7	0	0	1	0	0	2	4	3	2	4	17	76	0	0	4	0	0	9	0	44725	3	0	9	5	11	31	0	2	66	0	1	1	4	1	0	0	3	3	1	0	1	1
W	0	8	6	173	19	127	0	0	0	0	0	0	0	0	36327	0	0	0	0	0	0	0	0	45661	0	0	0	0	6	0	3	0	0	0	0	0	0	0	0	0	0	0	0	0	0	0	0	24	0	0	0	0	0	0	0	0	1	0	0	0	0	0	0	0	0	0	0	0	47102	0	0	0	0	0	0	0	1	0	0	0	0	0	0	0	0	0	0	0	0	0	43105	0	0	0	0	0	0	0	0	0	0	0	0	0	0	0	0	0	0	2	0	0	0	0	0	0	0	0	0	0	0	18	0	0	0	0	0	0	0	0	0	0	0	0	1	0	0	1	0	0	0	0	0	0	0	0	0	0	2	0	0	0	0	0	23	0	0	0	0	2	0	0	0	0	0	0	0	0	0	0	0	0	1	0	0	0	89	0	0	1	0	0	0	1	0	0	0	0	0	0	0	1	0	0	0	0	0	0	0	0	0	0	0	0	0	0	0	0	1	0	0	0	0	0	0	0	0	0	0	0	0	0	0	1	0	0	0	0	0	0	0	42	0	89	0	42713	0	15	0	0	0	0	0	0	1	1	0	4	0	0	83	4	0	0	0	0	0	0	0	0	0	0	0	0
Y	0	32	298	0	298	554	0	37	2	0	216	0	0	0	0	2	0	0	0	57	13	46554	8	0	3	0	1	0	0	0	2	0	10	0	0	0	14	0	0	0	17	0	0	0	0	0	0	11	0	0	0	10	75	0	4	0	0	0	0	0	0	18	0	0	0	0	0	0	0	0	0	0	0	0	0	0	0	0	148	45	0	16	0	0	0	0	0	0	0	7	0	0	0	0	0	0	0	0	0	0	18	0	0	0	0	3	0	0	0	0	0	0	0	0	0	0	0	22	0	0	0	0	0	0	0	0	15	0	0	0	1	0	0	8	0	0	0	0	7	0	0	0	0	0	0	0	0	0	0	0	0	0	0	16	18	9	8	0	28	0	0	1	0	0	1	0	0	0	0	0	9	1	0	0	0	6	161	4	0	43	0	0	9	0	0	0	0	0	0	14	0	2	0	0	2	0	0	0	0	0	0	0	2	0	0	0	0	3	0	0	0	0	0	0	0	19	0	44486	0	16	0	0	0	0	34	0	14	0	0	0	0	0	0	28	0	0	0	74	16	1	0	2	0	51316	0	0	0	0	0	19	3	0	0	0	0	11	41722	0	0	0	19	0	3	1
