# POSITION WT A C D E F G H I K L M N P Q R S T V W Y
1 M 0 0 0 0 0 0 0 94 5 16 152820 0 0 7 95 2 15 83 0 0
2 I 10 18 25 22 18 14 29 149982 29 47 24 30 22 26 36 21 16 32 28 22
3 E 31 28 30 149440 16 35 28 20 25 25 12 20 6 41 16 13 9 14 17 18
4 Q 20 17 22 42 22 11 108 18 78 23 17 41 52 152053 66 26 15 15 26 33
5 D 31 13 156419 35 23 14 37 13 20 16 18 32 3 46 38 18 37 36 8 141
6 G 44 97 42 25 19 151783 18 10 15 21 19 24 15 24 35 26 20 90 19 24
7 L 11 16 19 10 15 12 16 24 15 153785 82 16 68 30 48 15 11 19 20 24
8 H 20 28 30 14 19 16 152665 25 16 26 6 62 13 32 33 10 19 16 16 51
9 A 147593 13 18 97 19 21 13 26 13 24 33 18 35 41 23 91 30 74 24 26
10 G 31 151 79 17 23 140999 21 29 17 10 16 27 15 20 39 41 37 80 30 11
11 S 19 30 9 11 9 47 4 56 8 25 16 26 17 19 113 132104 25 12 26 21
12 P 21 17 24 26 20 15 31 21 22 34 24 13 138676 118 24 22 136 16 28 16
13 A 142797 18 22 89 16 16 6 19 14 11 26 9 22 34 35 74 31 30 23 10
14 A 137594 9 8 67 13 35 19 15 11 23 28 4 25 17 14 76 40 24 15 18
15 W 14 150 16 8 108 55 12 8 12 98 19 19 23 32 25 32 18 18 117061 17
16 V 35 9 22 21 27 16 20 24 13 74 31 11 21 31 9 29 10 90419 20 7
17 E 22 21 25 129914 15 29 16 13 30 12 27 13 13 26 19 16 10 13 8 12
18 R 14 31 8 18 16 28 24 15 3 111 11 16 34 23 131637 55 15 21 21 19
19 L 14 24 9 6 25 18 56 18 18 141559 77 24 39 27 51 28 13 17 21 7
20 F 2 12 26 15 145271 14 19 14 14 59 21 13 0 28 8 24 11 14 14 18
21 G 25 121 45 23 17 154661 17 10 22 33 12 16 11 24 33 29 38 113 14 8
22 Y 10 30 23 14 21 20 20 20 21 31 15 22 20 22 17 35 11 13 17 149932
23 D 23 20 148045 34 17 34 38 22 11 12 25 35 11 21 22 18 18 27 12 105
24 W 12 208 20 18 15 36 27 20 9 176 22 19 19 20 44 28 10 18 145514 22
25 A 143459 45 18 79 14 33 15 12 12 16 19 23 28 42 18 126 39 35 19 10
26 Q 17 22 25 19 24 15 51 10 50 26 26 15 42 143473 32 5 15 18 11 22
27 Q 23 6 23 46 21 14 87 19 52 25 17 20 30 146660 42 18 56 12 21 19
28 T 73 28 14 18 8 26 11 30 21 10 23 82 3 13 24 38 142442 12 22 20
29 I 20 13 12 10 16 12 40 145851 17 44 61 25 13 31 18 22 19 40 9 21
30 G 41 124 35 21 24 153264 13 16 13 20 11 19 16 18 37 58 20 82 19 12
31 C 14 144285 12 21 41 24 12 20 22 35 13 15 12 12 37 69 17 24 25 30
32 S 16 10 7 19 22 39 17 49 18 25 17 25 19 17 64 143211 22 38 14 14
33 D 14 27 135205 15 16 19 23 24 24 48 14 28 12 32 24 35 18 9 11 93
34 A 137738 15 16 52 17 25 7 8 12 21 23 14 30 13 24 57 18 38 25 21
35 A 137738 17 27 80 13 22 13 12 15 21 13 9 24 60 14 80 31 34 12 9
36 V 41 33 11 22 18 47 17 16 10 74 23 22 19 16 21 22 11 112296 22 19
37 F 18 13 19 7 120532 20 31 11 10 33 21 12 13 18 39 37 8 27 23 20
38 R 14 49 19 11 14 30 49 14 20 66 19 19 21 9 134040 70 19 16 24 13
39 L 21 2 14 18 14 22 20 18 17 131871 110 15 40 21 34 4 10 30 19 10
40 S 15 21 22 26 14 44 15 73 20 22 19 15 26 12 67 130193 25 9 10 15
41 A 130451 13 49 72 32 29 18 21 12 39 35 20 27 19 25 57 43 37 25 22
42 Q 5 16 13 25 13 14 21 18 42 28 19 31 32 122941 40 22 13 8 10 29
43 G 32 99 28 11 28 124130 13 20 12 14 12 11 16 12 25 63 32 57 22 16
44 R 16 33 21 27 28 45 21 19 26 114 17 10 48 39 123729 27 15 19 20 14
45 P 30 19 22 16 24 8 92 19 13 16 12 16 140429 37 17 18 71 14 88 23
46 V 44 23 15 25 40 30 13 16 22 76 24 16 32 18 25 19 23 151906 26 13
47 L 31 16 20 21 16 17 26 28 17 150109 57 27 38 18 32 21 26 28 8 15
48 F 16 28 12 16 141885 8 19 19 11 83 21 14 12 19 15 28 13 50 26 14
49 V 38 20 20 23 43 35 21 22 12 92 36 22 22 16 14 23 13 141251 16 18
50 K 17 14 16 35 6 8 19 20 128015 11 11 32 9 19 33 35 24 14 8 12
51 T 34 23 6 26 9 9 16 32 19 6 30 59 10 29 9 31 131960 9 11 23
52 D 13 20 130491 30 15 25 28 17 17 17 7 25 9 11 18 14 13 19 7 89
53 L 7 21 8 16 29 13 16 10 11 135534 64 10 42 24 27 17 12 17 14 19
54 S 7 10 13 11 10 33 12 62 24 10 16 30 13 9 82 134316 26 8 19 15
55 G 12 102 36 17 20 129197 17 13 21 71 15 18 15 17 32 42 17 69 26 13
56 A 130638 20 28 44 12 15 18 12 9 17 29 22 25 17 17 52 42 31 9 11
57 L 7 12 11 21 14 14 20 15 16 132511 51 10 14 21 31 9 12 23 10 13
58 N 0 20 20 17 14 5 14 4 51 4 11 132284 8 3 5 21 13 6 11 21
59 E 10 6 25 130207 10 14 8 23 22 18 8 10 13 41 20 4 8 15 11 21
60 L 11 16 15 10 3 15 17 15 19 138222 41 6 25 20 20 21 11 16 7 12
61 Q 16 20 18 23 5 15 93 6 59 13 12 10 17 143834 41 10 13 9 13 9
62 D 25 5 137484 17 22 16 39 18 31 23 24 28 10 78 5 14 8 10 8 97
63 E 25 7 18 129194 13 14 19 9 27 25 9 18 8 8 2 11 12 18 7 19
64 A 126965 19 14 64 10 32 17 8 18 26 15 17 13 12 17 67 16 23 10 19
65 A 119423 15 13 57 11 28 13 13 18 16 13 9 11 46 6 65 19 34 20 21
66 R 16 16 9 13 11 12 37 13 16 79 14 13 6 15 118215 56 15 16 15 12
67 L 16 8 15 9 23 1 11 12 10 124003 101 12 12 12 17 11 4 27 11 18
68 S 8 11 12 8 9 26 11 60 9 10 13 16 12 12 54 130798 43 5 7 12
69 W 3 88 15 7 17 37 12 12 12 48 21 18 10 16 33 13 12 17 136875 26
70 L 14 20 10 12 17 7 12 18 17 130930 39 10 20 21 14 5 7 20 11 7
71 A 122945 23 12 49 11 25 12 17 10 29 10 12 12 15 17 65 30 51 26 18
72 T 13 3 27 34 24 1 27 46 55 27 46 40 30 22 8 5 99891 18 28 17
73 T 74 59 35 20 37 64 38 52 45 32 57 94 56 27 26 74 102058 15 26 31
74 G 28 173 79 53 30 121843 28 50 52 41 21 82 33 35 70 94 81 108 36 40
75 V 25 29 40 34 54 58 28 65 29 71 73 30 46 9 36 16 55 112471 31 20
76 P 47 17 21 31 34 12 15 36 26 17 31 36 110521 101 45 63 86 30 40 27
77 C 26 101228 29 18 73 22 21 29 38 23 32 71 14 52 55 26 30 24 50 57
78 A 111546 19 44 86 34 42 40 49 38 37 57 46 58 60 61 66 63 48 44 36
79 A 112604 39 46 83 29 38 24 52 39 20 43 35 13 179 32 68 100 102 41 48
80 V 79 42 39 55 42 82 26 39 31 81 67 37 34 62 24 39 38 109918 53 47
81 L 5 5 4 7 11 0 7 24 19 123666 51 8 21 26 38 13 5 18 15 11
82 D 18 11 126439 27 12 14 20 16 13 11 12 16 6 24 14 11 18 16 10 93
83 V 23 15 17 21 29 47 8 14 17 71 34 10 14 23 7 9 14 116981 11 15
84 V 19 8 12 12 15 19 12 15 16 51 21 10 15 8 11 17 8 102861 14 11
85 T 24 20 7 20 14 7 11 20 6 15 19 59 12 5 9 38 108886 11 7 7
86 E 11 13 15 105946 7 12 21 12 36 7 11 7 8 11 17 4 13 6 4 15
87 A 108872 15 17 45 16 21 11 12 14 8 14 7 20 20 12 32 16 22 12 10
88 G 8 104 24 12 11 105979 12 22 9 11 4 11 14 10 28 17 17 76 12 15
89 R 5 17 13 7 3 20 19 9 6 58 10 22 11 8 104963 90 11 5 8 5
90 D 20 11 105652 16 20 17 27 17 17 8 10 23 4 8 12 9 11 15 12 86
91 W 16 65 13 17 19 28 13 15 13 76 25 15 22 15 31 16 9 9 123582 19
92 L 11 8 14 15 12 4 18 13 8 122084 32 9 43 28 28 11 15 30 10 19
93 L 12 9 13 8 18 9 17 16 13 121895 35 12 30 17 22 7 8 25 14 11
94 L 18 17 14 13 32 27 36 34 15 117218 49 22 38 24 15 17 48 31 33 16
95 G 36 107 40 26 29 118054 16 15 22 15 25 16 21 19 51 28 23 71 37 8
96 E 34 2 25 110420 9 23 24 19 21 18 16 20 21 257 22 13 12 15 15 27
97 V 24 18 19 23 14 22 17 32 12 51 20 18 16 15 21 9 12 105740 15 16
98 P 17 17 10 15 14 10 28 10 24 40 17 10 108556 118 34 98 65 20 10 16
99 G 16 123 25 19 9 113477 15 23 20 18 17 29 9 28 29 30 26 86 22 23
100 Q 17 13 18 41 13 19 99 17 78 28 22 30 24 118295 32 9 13 9 31 20
101 D 25 9 122237 23 15 30 29 30 23 7 1 22 7 33 17 7 16 9 0 118
102 L 6 19 21 27 16 4 20 22 13 124185 67 7 36 18 50 15 12 20 13 23
103 L 20 11 21 14 13 12 20 25 21 124772 65 20 41 31 34 14 20 25 19 13
104 S 11 13 23 16 12 40 13 43 21 15 10 26 14 16 68 123190 34 16 18 13
105 S 21 11 11 24 20 56 15 53 16 20 24 37 13 28 53 119741 18 11 10 14
106 H 8 14 30 25 21 5 117485 18 21 41 10 66 48 24 26 3 6 13 25 23
107 L 24 22 16 17 20 11 22 24 12 119358 64 18 18 22 25 13 11 28 25 8
108 A 113796 19 25 81 13 12 26 7 8 22 15 17 20 23 22 65 27 31 12 10
109 P 8 17 9 12 15 6 26 20 10 23 12 13 105663 100 31 21 59 20 13 11
110 A 115491 12 17 63 8 28 15 15 16 23 22 13 23 36 15 76 22 28 18 13
111 E 31 10 20 114150 16 36 23 18 30 13 21 37 13 29 8 9 13 21 11 15
112 K 7 26 24 34 14 11 15 8 120610 12 14 19 9 15 39 21 16 8 15 20
113 V 38 18 17 13 9 28 14 27 23 51 27 29 23 22 22 2 31 112546 18 14
114 S 11 24 18 15 7 59 18 54 11 15 11 21 8 17 68 119677 27 13 14 9
115 I 24 27 30 14 22 23 34 126535 22 19 13 27 17 17 26 49 28 31 28 16
116 M 22 12 22 29 33 30 13 154 20 22 126316 13 23 27 36 36 23 41 29 17
117 A 121835 21 13 72 18 34 17 10 18 23 25 20 27 27 15 78 27 41 24 8
118 D 6 5 86902 28 27 13 41 12 23 22 8 43 14 42 23 3 10 22 11 152
119 A 85165 6 23 53 13 28 14 6 9 14 11 11 22 24 10 56 14 64 17 14
120 M 9 9 5 9 9 4 5 43 11 24 84766 14 12 5 3 20 9 23 8 6
121 R 5 27 29 5 11 16 45 8 6 46 13 8 23 6 87442 45 1 13 22 9
122 R 3 49 11 5 2 34 24 1 1 51 9 14 12 26 88083 96 18 5 19 5
123 L 15 9 4 4 10 10 14 16 11 97275 87 3 33 20 72 9 4 38 19 10
124 H 9 9 26 12 14 16 98738 9 6 14 7 42 33 52 27 8 53 7 8 26
125 T 66 28 9 12 18 10 11 15 13 15 13 43 14 6 6 28 91964 11 6 8
126 L 15 10 5 12 22 14 25 23 14 113808 83 6 32 27 26 20 5 25 26 5
127 D 20 12 104105 21 19 37 14 9 12 6 7 24 4 19 15 8 11 35 6 86
128 P 19 12 11 15 19 12 32 14 3 24 15 10 98632 73 33 13 111 16 19 5
129 A 93609 11 23 54 9 24 5 14 9 14 23 10 20 24 11 37 28 36 19 8
130 T 25 18 11 9 8 13 18 17 19 11 16 55 9 8 9 21 91370 8 18 6
131 C 10 94080 9 7 63 20 5 10 9 15 9 13 9 10 27 27 18 10 23 29
132 P 20 7 17 10 14 12 9 14 20 25 15 8 101910 98 28 16 103 16 22 14
133 F 11 23 24 10 101904 6 22 15 16 29 14 9 2 15 9 13 13 34 21 17
134 D 24 11 100677 36 16 23 17 10 16 11 19 27 11 21 11 17 13 28 9 68
135 H 8 17 33 20 10 20 103529 13 20 8 16 67 47 25 30 25 21 10 9 27
136 Q 13 19 25 41 17 19 78 12 66 17 19 37 23 103557 44 31 11 20 15 21
137 A 108199 15 27 63 16 42 25 27 21 30 24 18 32 31 15 85 31 30 29 16
138 K 1 28 22 38 15 9 8 12 107419 14 21 29 9 25 34 19 46 19 21 19
139 H 7 22 40 13 23 13 108569 15 20 27 14 33 28 27 24 11 8 8 11 35
140 R 11 35 15 12 12 53 34 10 20 83 11 18 22 31 111417 117 35 15 22 10
141 I 6 12 10 22 14 12 18 114806 19 18 47 15 11 29 8 20 21 30 12 20
142 E 15 14 33 108417 14 27 25 9 30 8 16 28 10 20 26 13 15 12 19 21
143 R 23 22 16 22 12 22 27 11 22 82 14 16 22 24 110228 42 19 16 8 15
144 A 108926 8 25 54 9 21 13 12 12 26 21 19 12 25 19 52 40 20 26 21
145 R 17 33 9 18 12 79 52 15 10 52 11 22 25 15 103988 52 22 5 23 14
146 T 25 12 16 13 19 14 7 24 36 9 29 44 22 15 12 19 100856 14 17 17
147 R 13 30 10 11 15 43 47 16 13 88 12 20 34 24 115797 81 21 15 28 6
148 M 17 14 6 8 12 12 7 93 18 12 119117 24 20 27 10 18 35 27 13 17
149 E 13 2 25 121095 6 25 19 14 30 7 7 14 7 17 19 6 16 9 16 26
150 A 118141 6 21 86 10 40 16 18 21 24 17 9 23 61 10 71 26 23 26 12
151 G 30 122 33 28 19 118367 7 19 24 22 19 23 6 17 15 26 28 84 25 23
152 L 1 12 19 11 16 6 28 15 16 118550 109 11 24 30 44 8 16 28 15 10
153 V 43 15 31 43 21 32 19 25 23 84 31 25 25 35 22 20 12 120463 13 11
154 D 21 10 124052 25 20 20 34 15 20 11 16 29 10 25 20 16 17 18 8 105
155 Q 20 9 16 31 17 15 82 9 75 31 23 24 23 127792 40 12 6 20 10 24
156 D 28 5 127610 37 27 27 28 20 22 7 20 38 15 51 23 5 13 17 18 127
157 D 26 13 128658 22 13 21 28 24 18 10 11 29 13 20 18 13 15 26 12 108
158 L 21 13 18 12 27 15 18 20 18 129673 77 10 35 27 15 11 14 33 15 10
159 D 17 17 132025 29 14 27 40 18 25 8 10 22 13 34 40 13 30 25 15 124
160 E 34 17 26 130201 13 41 32 10 29 7 13 23 7 97 12 12 11 14 21 29
161 E 42 15 25 126828 20 38 14 15 24 19 20 15 15 46 15 13 12 29 19 18
162 H 9 15 30 22 13 14 133064 14 13 21 19 57 22 105 40 12 9 15 6 24
163 Q 12 18 19 20 22 11 90 20 73 21 20 20 23 132235 30 13 13 18 18 21
164 G 30 151 34 21 18 130146 15 75 18 22 11 27 15 17 28 28 17 73 13 13
165 L 16 7 16 18 22 22 24 31 20 120024 86 16 17 31 35 18 13 24 8 14
166 A 122395 17 23 64 17 32 10 17 9 22 37 16 24 22 30 69 34 57 17 21
167 P 23 8 17 23 8 10 18 20 8 33 18 21 112603 86 19 30 55 10 17 6
168 A 124281 16 38 59 12 32 14 10 19 25 26 22 24 40 15 81 43 39 15 19
169 E 19 12 20 108672 15 9 29 12 12 20 20 17 15 39 8 11 21 18 23 24
170 L 14 14 13 9 12 11 14 16 21 120593 49 17 36 20 31 15 24 9 15 14
171 F 6 14 11 24 120199 8 4 35 17 46 23 19 1 2 10 29 19 41 27 20
172 A 119602 57 66 86 45 61 58 53 54 79 76 38 77 77 64 85 48 186 97 44
173 R 22 83 42 41 72 74 95 55 51 101 50 63 38 25 110452 148 54 44 76 52
174 L 28 33 18 28 20 11 12 21 16 115132 94 24 52 29 28 24 19 27 12 15
175 K 15 21 20 26 14 10 27 18 122007 6 13 26 15 4 23 24 25 6 9 17
176 A 114507 39 58 194 55 48 35 37 31 43 61 29 57 59 26 79 33 82 111 25
177 R 54 103 67 31 68 61 101 62 33 96 94 74 56 49 110483 191 75 52 71 73
178 M 16 21 19 15 22 9 17 103 8 13 122273 13 6 30 28 10 18 22 23 16
179 P 27 19 23 16 9 15 17 27 16 23 23 22 127045 78 37 61 69 16 14 11
180 D 5 19 122131 29 21 19 36 13 9 8 6 27 1 16 12 22 21 16 17 63
181 G 31 84 26 16 10 123789 12 16 15 13 10 24 15 16 24 47 27 78 22 16
182 E 51 10 30 118159 15 20 23 21 31 15 11 13 6 32 19 21 23 12 13 26
183 D 23 19 120465 12 35 26 29 6 21 23 16 21 13 29 43 14 12 15 14 91
184 L 20 10 22 14 40 16 24 19 19 139747 73 15 49 60 70 16 11 27 14 13
185 V 44 19 34 19 20 36 24 16 21 100 55 27 25 29 22 16 30 133779 32 23
186 V 46 15 31 33 41 36 24 38 19 108 29 12 36 39 39 21 18 119912 21 10
187 T 62 28 34 13 21 21 22 49 32 20 22 73 46 31 36 45 133308 19 24 16
188 H 20 17 58 17 19 22 136778 24 20 39 20 108 95 76 27 17 9 18 14 29
189 G 30 119 22 34 12 139366 22 24 20 28 18 22 16 27 48 42 22 102 31 13
190 D 32 18 120531 41 21 29 57 26 22 27 18 48 15 12 14 19 11 17 10 83
191 A 126864 25 17 81 20 41 12 20 31 23 30 13 36 20 12 82 17 42 30 24
192 C 18 121473 15 7 64 50 15 18 12 22 10 22 14 28 48 23 26 8 38 25
193 L 13 13 18 23 22 19 29 42 16 128470 87 26 38 27 32 17 23 23 19 22
194 P 34 20 13 24 23 21 31 17 15 46 11 11 130516 96 61 40 83 18 27 16
195 N 12 18 62 15 17 25 18 27 54 22 16 115490 23 22 11 24 24 15 12 26
196 I 17 19 26 12 23 17 29 132021 27 26 34 19 15 35 50 42 29 50 8 22
197 M 26 22 14 23 22 18 18 126 25 33 145808 33 33 145 66 29 43 30 25 24
198 V 35 23 25 19 26 33 23 24 13 79 46 23 26 34 23 21 10 137315 23 22
199 E 42 26 31 137569 13 30 40 18 38 18 12 18 26 35 26 14 15 20 22 27
200 N 20 26 31 13 23 26 13 19 62 21 25 111139 13 21 19 26 37 23 14 26
201 G 25 105 31 8 16 121734 25 16 14 19 9 11 16 22 22 28 10 58 21 11
202 R 16 24 10 15 19 33 19 12 12 61 12 15 20 25 123127 105 14 9 26 10
203 F 19 20 18 14 129194 20 22 28 19 41 24 7 24 11 15 28 12 31 16 20
204 S 16 27 11 14 15 27 8 47 20 9 23 7 5 7 80 131817 58 15 16 13
205 G 29 121 44 17 10 128420 17 16 21 18 14 23 14 28 24 34 14 63 27 17
206 F 18 38 25 11 140639 18 27 27 16 56 21 18 17 27 5 28 18 20 24 23
207 I 9 22 25 23 29 20 23 145153 18 34 49 25 15 17 30 21 37 33 17 22
208 D 60 16 125653 33 15 28 28 28 17 15 8 19 19 32 35 14 17 26 9 72
209 C 9 131160 8 24 65 21 22 32 14 24 19 23 14 12 41 31 24 37 31 21
210 G 26 128 53 16 17 125149 21 14 17 25 10 23 24 19 27 52 17 100 26 9
211 R 19 20 8 9 18 30 38 9 14 84 7 23 23 21 128925 110 23 10 16 7
212 L 34 15 16 22 23 14 12 15 17 130926 66 14 46 18 26 11 19 26 20 14
213 G 23 135 33 24 24 135842 23 21 13 16 26 25 11 31 23 56 24 105 33 20
214 V 28 21 26 16 29 38 19 21 8 75 39 18 29 5 24 17 22 126369 23 6
215 A 134179 14 7 79 17 23 13 9 14 17 14 21 7 29 17 85 46 59 19 20
216 D 6 11 109442 25 16 3 30 21 13 31 10 31 8 22 18 5 15 34 22 103
217 R 13 26 14 13 13 34 34 16 14 60 21 18 28 24 117532 103 14 12 20 16
218 Y 5 22 23 23 30 10 35 19 29 22 15 47 23 2 25 53 14 15 23 128755
219 Q 27 25 26 48 25 20 84 11 86 23 20 35 41 131642 51 22 31 19 28 19
220 D 41 16 129940 30 18 20 30 37 27 16 8 20 14 32 24 12 18 17 13 116
221 I 14 11 18 14 15 14 15 128214 21 31 33 15 14 20 27 60 37 25 24 17
222 A 128765 15 26 66 24 21 17 12 15 22 14 21 28 27 12 53 31 49 17 3
223 L 12 8 12 12 31 36 23 23 8 120293 54 17 19 19 37 11 14 27 28 20
224 A 119157 12 20 60 19 29 22 10 14 16 23 13 15 28 17 94 30 35 19 10
225 T 40 18 21 19 16 5 17 76 29 21 21 46 25 20 22 51 111599 20 18 22
226 R 13 30 12 15 28 45 33 14 23 71 26 20 25 23 124618 118 28 7 27 16
227 D 24 16 127016 40 22 28 28 27 24 10 23 21 10 25 8 18 15 16 23 88
228 I 15 24 28 15 20 15 11 124486 18 32 14 28 18 28 29 29 38 22 28 28
229 A 135593 20 22 66 25 38 24 17 7 29 24 15 24 35 25 49 33 65 27 12
230 E 39 15 46 126394 21 28 23 29 15 15 12 15 10 44 21 20 19 27 24 27
231 E 18 27 38 129355 39 36 34 10 26 26 13 16 22 31 27 15 13 14 14 30
232 L 43 30 23 33 13 22 28 26 29 134551 72 21 76 34 57 18 26 37 32 25
233 G 37 123 33 22 25 133128 38 17 18 27 18 26 24 25 37 41 20 99 30 19
234 G 27 93 36 30 26 122873 27 17 35 20 23 34 10 19 41 53 27 83 33 32
235 E 48 26 19 127586 11 32 15 27 43 10 12 7 16 33 16 10 18 20 14 20
236 W 10 151 21 31 22 48 15 20 19 88 21 25 17 19 33 38 20 8 127632 31
237 A 132243 16 20 96 14 41 13 16 31 15 22 12 42 33 16 64 35 50 42 14
238 D 21 17 121713 28 14 25 34 11 15 15 12 18 14 18 13 23 19 29 13 92
239 R 14 35 15 14 16 36 19 18 15 65 7 9 40 15 122354 82 17 16 25 26
240 F 14 60 13 24 137326 15 9 34 12 48 37 19 22 10 10 29 8 46 29 29
241 L 9 12 29 30 35 36 21 31 24 146360 61 25 35 254 80 12 33 27 29 17
242 V 48 23 47 24 21 45 14 22 21 111 30 17 12 74 33 10 28 139119 12 8
243 L 27 24 13 27 22 25 20 21 19 148804 70 15 53 17 190 14 20 29 22 8
244 Y 17 57 39 25 34 20 20 18 20 28 16 22 23 30 9 22 22 9 12 155953
245 G 19 107 55 23 16 156564 28 12 17 34 17 19 15 14 36 43 13 80 30 29
246 I 21 19 11 13 9 12 16 131150 19 58 33 24 20 11 34 19 40 30 12 18
247 A 129204 79 31 93 8 34 9 15 23 16 17 20 20 24 17 52 24 119 16 16
248 A 122616 6 22 57 12 26 5 12 17 22 20 9 24 8 23 73 25 24 19 6
249 P 57 12 10 20 16 14 24 15 31 43 46 9 127200 108 80 31 86 20 25 5
250 D 51 24 137092 20 18 38 37 19 37 28 11 25 20 102 17 12 19 22 24 97
251 S 11 25 33 24 26 41 17 62 32 23 23 26 14 8 89 137108 31 27 25 25
252 Q 14 12 21 32 7 10 43 8 82 38 31 28 32 137402 43 13 16 17 25 16
253 R 17 31 15 21 41 32 41 15 32 48 16 20 33 28 135450 74 23 17 39 20
254 I 16 23 11 16 18 20 22 129223 26 75 28 32 18 37 6 22 25 28 11 17
255 A 138231 28 12 91 28 39 19 23 33 34 20 17 26 23 27 59 24 31 19 18
256 F 6 16 22 10 130150 24 19 37 12 75 25 23 18 14 10 28 20 26 12 29
257 Y 17 27 26 15 30 12 35 15 30 18 18 33 24 19 34 26 13 21 28 138627
258 R 21 45 21 19 31 19 36 19 10 76 35 11 32 21 134698 104 28 24 18 19
259 L 23 24 26 25 31 28 24 19 18 135423 80 20 36 22 19 15 30 32 13 24
260 L 33 22 14 18 25 15 31 20 26 142864 64 30 45 31 24 26 18 35 20 11
261 D 24 29 144681 26 26 28 36 27 18 25 15 39 18 34 18 6 15 19 16 104
262 E 23 14 23 136893 17 21 20 21 21 30 22 15 9 41 12 12 19 35 12 22
263 F 13 29 12 18 138722 24 18 33 23 37 28 23 22 19 28 33 31 27 20 19
264 F 26 24 31 14 143022 16 18 25 23 75 28 16 23 19 9 25 18 32 16 21
