# POSITION WT A C D E F G H I K L M N P Q R S T V W Y
1 M 0 0 0 0 0 0 0 98 3 29 164968 0 0 10 98 1 13 98 0 0
2 I 12 15 13 11 18 19 20 162285 17 38 24 31 17 19 36 26 17 23 15 16
3 E 25 24 24 161622 17 32 18 17 27 16 7 12 16 38 12 13 10 21 13 20
4 Q 12 19 20 44 23 11 75 30 59 21 16 23 51 164459 75 21 15 19 21 21
5 D 32 6 170919 31 18 18 27 12 38 22 12 30 6 43 43 7 45 22 13 97
6 G 25 92 52 18 23 166192 21 10 11 24 12 17 13 18 55 25 12 78 15 22
7 L 16 11 12 10 17 6 14 23 5 165801 73 13 85 53 41 6 13 25 8 23
8 H 16 20 15 18 16 14 165361 17 9 29 9 41 6 37 36 6 19 12 9 23
9 A 159622 20 24 79 18 19 6 6 9 35 23 12 23 19 25 59 25 42 12 15
10 G 23 105 79 16 24 152618 10 14 10 15 17 19 15 6 33 27 47 60 15 9
11 S 6 21 7 11 9 79 6 44 9 26 17 22 16 11 67 143779 25 10 21 7
12 P 20 20 19 18 12 13 25 20 20 35 21 8 151274 111 26 20 109 16 13 19
13 A 155401 21 10 70 12 13 8 8 5 14 18 13 13 43 40 56 22 23 15 9
14 A 149660 10 17 62 13 26 16 11 16 21 13 6 10 12 9 35 39 20 12 9
15 W 11 100 20 9 25 73 11 12 16 70 8 16 18 25 47 28 24 17 127786 15
16 V 37 13 8 12 23 14 19 19 8 42 30 13 25 25 14 11 14 96232 12 11
17 E 24 17 22 143162 15 29 8 13 22 15 18 8 23 22 19 19 4 12 6 8
18 R 7 30 8 11 13 12 21 22 11 96 15 14 23 14 143850 36 13 14 18 17
19 L 12 13 9 3 20 8 11 11 5 153812 55 11 21 27 51 16 19 18 22 13
20 F 3 23 12 17 157143 14 15 12 12 50 11 14 0 30 9 28 11 28 10 11
21 G 24 87 36 20 20 166749 23 17 19 32 8 20 11 11 27 30 19 71 10 8
22 Y 8 32 23 21 20 17 25 25 14 20 14 20 12 14 10 41 7 9 19 161354
23 D 29 33 160127 30 11 27 37 22 19 15 20 34 13 20 12 8 18 29 8 100
24 W 16 174 11 23 22 38 15 17 9 169 23 10 21 14 51 36 18 16 158176 16
25 A 155958 63 20 56 16 34 11 13 13 14 10 21 23 41 22 108 35 44 11 13
26 Q 23 13 15 23 8 9 46 11 45 26 19 12 22 154498 41 5 12 25 18 19
27 Q 20 9 22 34 17 10 59 7 53 20 7 22 24 158342 46 18 57 12 13 18
28 T 76 25 15 13 18 24 12 25 8 10 17 48 7 19 13 31 153977 9 10 15
29 I 15 9 18 9 23 10 15 157026 16 42 47 24 9 21 19 23 23 31 8 17
30 G 24 90 28 11 21 165600 18 14 11 9 13 12 18 13 17 49 28 61 17 19
31 C 11 156428 7 15 38 14 10 11 12 33 11 14 10 6 31 84 23 18 17 32
32 S 4 17 13 14 15 33 9 48 18 12 11 15 18 19 54 155737 24 33 9 17
33 D 26 18 147369 19 14 22 22 14 18 54 11 19 8 27 36 37 18 13 8 76
34 A 150406 5 13 64 11 23 14 11 13 17 12 7 18 33 20 49 27 35 14 13
35 A 150650 11 29 59 8 18 8 11 15 15 21 7 20 73 3 71 32 27 15 12
36 V 21 18 20 15 25 52 11 13 10 64 34 16 19 27 24 19 18 121814 9 11
37 F 10 13 12 9 132310 15 31 25 9 30 23 8 5 23 20 34 14 13 23 38
38 R 12 26 22 15 18 27 35 17 20 57 14 21 15 19 146659 64 20 15 28 15
39 L 18 3 16 21 10 18 12 32 18 144552 65 11 42 23 41 4 10 28 22 11
40 S 20 29 8 15 13 40 21 42 22 21 17 23 22 24 68 142913 20 16 18 15
41 A 142877 24 30 45 25 18 18 17 13 36 21 14 29 11 9 42 27 38 24 7
42 Q 8 13 8 26 10 19 19 12 35 15 19 45 35 133422 40 17 15 10 10 19
43 G 20 81 21 15 22 136062 10 12 15 10 19 11 15 8 18 16 30 49 19 10
44 R 10 20 11 23 9 55 26 6 13 59 16 8 31 27 134858 30 17 19 20 14
45 P 31 20 9 8 22 16 67 11 21 21 15 10 153270 56 18 28 48 16 17 30
46 V 37 24 22 19 32 22 8 14 19 61 26 13 37 20 7 22 11 165617 21 8
47 L 140 24 12 22 15 8 14 26 13 163067 53 17 30 22 33 18 35 23 15 27
48 F 14 24 10 10 154900 7 25 20 26 68 11 9 8 14 7 37 7 45 13 10
49 V 50 16 23 37 25 31 20 18 15 69 28 18 12 24 21 14 25 153173 20 18
50 K 14 12 19 39 12 8 19 21 139918 23 11 32 10 19 33 33 30 18 13 14
51 T 29 20 21 16 16 11 6 27 20 3 16 33 13 47 13 17 144567 12 8 14
52 D 28 27 142890 26 14 19 21 16 34 13 14 28 13 12 26 22 17 21 22 66
53 L 13 12 16 14 16 9 21 15 18 148913 57 6 52 36 46 13 5 14 13 16
54 S 5 21 14 14 14 34 13 44 22 11 16 26 6 9 74 147620 11 10 16 11
55 G 15 86 31 18 20 141611 14 9 9 96 15 14 18 18 31 31 18 49 26 11
56 A 142474 24 31 45 22 16 18 19 12 11 14 11 14 23 25 73 38 26 17 13
57 L 16 9 16 10 9 13 11 10 10 144683 45 21 20 12 25 13 21 20 22 6
58 N 1 11 23 11 11 7 12 11 44 0 10 144694 10 5 5 12 17 11 10 16
59 E 9 14 30 142274 18 16 6 8 26 25 10 12 15 74 11 4 14 17 12 20
60 L 17 12 17 8 7 22 20 10 13 151720 34 5 18 20 19 24 9 17 9 8
61 Q 15 12 18 28 16 9 49 9 55 17 13 12 19 157113 50 15 12 10 16 6
62 D 24 7 150636 13 5 23 24 22 26 20 19 23 13 13 3 5 12 14 9 74
63 E 18 7 23 141767 13 25 13 13 30 30 9 17 14 7 2 5 11 18 2 18
64 A 140647 12 17 33 11 20 21 7 17 20 18 20 16 7 23 59 20 21 11 9
65 A 132621 16 14 55 16 33 11 14 15 13 18 9 18 24 5 35 26 30 11 10
66 R 5 20 8 17 9 11 37 14 11 77 10 9 3 20 131485 48 25 9 8 23
67 L 13 5 11 13 12 1 14 12 9 137168 65 9 23 13 15 21 4 20 23 9
68 S 10 15 8 12 15 22 13 41 12 13 14 13 9 12 37 144444 47 5 4 6
69 W 3 72 17 9 8 56 20 12 13 59 16 23 18 20 22 13 16 7 150153 20
70 L 19 18 8 13 17 5 12 21 7 143446 54 12 30 16 16 11 10 21 3 7
71 A 136005 27 24 62 11 24 25 16 11 12 17 15 13 15 24 39 30 38 24 12
72 T 26 4 21 28 29 0 17 44 43 19 48 33 37 12 6 7 112131 32 22 29
73 T 65 42 45 18 26 47 35 66 38 29 54 88 45 33 31 82 113089 37 19 32
74 G 24 126 66 58 53 134227 31 50 50 37 24 71 23 44 91 81 74 83 45 30
75 V 30 20 45 31 41 48 21 48 39 55 68 29 35 8 31 27 57 120678 31 24
76 P 48 19 27 24 29 16 14 30 38 14 33 31 121619 83 29 67 83 46 45 20
77 C 13 111488 20 33 68 28 26 26 36 25 30 67 24 29 51 21 43 16 38 59
78 A 123945 25 31 93 32 51 29 35 45 44 41 34 61 53 91 71 62 67 62 19
79 A 124855 34 67 90 27 49 45 29 35 30 56 20 6 310 26 71 86 91 34 36
80 V 66 28 42 54 48 94 35 33 40 97 66 23 46 51 62 49 36 120987 35 31
81 L 7 12 1 2 14 1 10 22 18 137748 50 18 27 20 46 9 8 17 19 6
82 D 15 10 141684 21 6 19 36 20 22 18 8 19 3 14 18 9 13 23 6 96
83 V 28 14 21 22 16 48 11 7 15 61 30 13 22 20 4 4 11 131012 13 16
84 V 21 14 11 10 13 18 15 12 18 35 26 13 14 11 11 25 8 118591 10 13
85 T 18 31 11 16 2 9 5 16 11 17 16 41 21 4 15 29 124304 4 6 5
86 E 10 7 16 120361 17 23 13 12 52 9 10 13 3 15 18 6 9 7 14 14
87 A 123388 15 11 43 10 19 18 10 7 18 14 3 13 24 10 33 24 14 14 6
88 G 16 97 29 16 13 120240 9 31 14 15 8 18 10 7 24 27 18 65 6 7
89 R 6 25 12 10 3 18 15 7 8 73 10 31 11 6 118692 74 11 6 7 8
90 D 21 6 118120 13 22 15 38 18 11 11 12 27 19 15 12 10 10 21 7 71
91 W 14 59 16 17 29 41 18 16 9 74 24 15 13 28 23 16 11 18 137844 24
92 L 11 14 11 13 17 5 17 5 10 136663 52 10 23 27 18 7 22 27 16 13
93 L 19 14 6 8 14 2 7 16 11 137172 35 9 33 17 27 8 6 26 5 14
94 L 20 20 23 19 27 32 36 32 20 132254 46 24 31 25 22 25 44 31 27 18
95 G 36 94 44 32 25 133360 27 14 22 40 22 18 33 33 39 30 28 82 30 21
96 E 40 12 37 123958 15 26 35 13 30 16 9 32 19 52 14 9 17 32 7 29
97 V 34 13 20 23 29 36 24 38 31 47 28 18 10 30 26 14 8 119738 18 20
98 P 21 22 18 28 25 16 30 14 18 33 17 15 123274 92 40 80 76 18 13 15
99 G 19 116 37 19 19 128994 18 32 25 18 9 32 12 31 27 33 38 85 25 19
100 Q 26 16 26 48 12 18 75 13 83 25 20 37 54 133878 43 18 20 16 33 22
101 D 27 28 138066 29 20 44 34 27 19 10 0 22 8 22 21 16 16 14 1 126
102 L 7 22 16 21 27 3 30 14 7 139603 71 12 33 24 49 16 9 33 9 25
103 L 22 23 24 13 18 21 19 21 21 140521 45 34 36 31 34 9 29 30 23 12
104 S 24 21 24 22 13 38 9 48 9 23 7 31 19 16 36 139777 33 16 29 20
105 S 13 21 11 18 21 56 11 48 15 26 19 54 17 16 60 136548 19 12 10 10
106 H 21 12 47 26 10 3 133916 14 24 25 6 56 38 32 40 4 6 18 23 15
107 L 24 20 19 25 15 12 23 26 16 136404 66 25 37 30 21 21 16 27 20 23
108 A 130682 17 23 55 19 16 21 22 12 22 27 30 25 30 26 59 40 39 23 24
109 P 17 20 15 9 29 12 27 32 16 18 16 21 121421 89 28 30 53 32 11 22
110 A 132234 14 19 57 15 25 14 31 24 21 21 19 36 21 15 63 28 47 17 23
111 E 26 13 27 129416 21 32 26 13 33 22 28 33 16 33 20 17 22 26 17 25
112 K 12 34 19 65 15 10 14 21 137265 18 24 22 16 20 35 15 27 11 14 17
113 V 30 24 15 34 13 29 22 18 32 64 14 20 11 34 22 8 43 127848 25 22
114 S 11 30 9 19 18 84 24 53 24 12 18 19 11 12 57 136866 28 11 19 8
115 I 25 30 22 24 14 25 35 144442 24 34 22 29 21 28 18 56 29 50 17 26
116 M 15 16 24 27 20 21 24 113 20 47 144390 19 34 30 50 23 24 29 39 23
117 A 140518 22 30 75 13 29 17 7 19 21 17 20 34 37 17 48 30 53 39 16
118 D 9 1 98768 26 24 14 37 18 31 24 13 38 19 39 21 5 15 30 5 110
119 A 96874 16 21 31 11 31 13 8 16 26 27 14 20 18 15 45 27 64 22 18
120 M 18 7 5 9 10 5 13 31 24 36 96648 7 9 7 7 10 17 23 15 10
121 R 9 23 27 5 9 16 44 5 11 31 8 11 11 20 99587 35 8 10 19 7
122 R 2 58 17 5 10 37 28 7 3 77 7 19 15 18 99799 68 13 4 23 12
123 L 17 6 11 14 12 8 23 16 10 110026 66 10 35 14 91 19 7 30 11 8
124 H 5 10 18 5 12 6 112176 17 17 11 10 41 57 69 27 7 40 7 8 31
125 T 74 23 8 10 17 16 4 18 15 17 24 45 19 11 9 34 107289 17 14 16
126 L 14 12 10 16 20 15 25 26 14 130116 77 10 40 22 26 20 13 13 28 4
127 D 24 11 120663 26 24 45 19 24 9 7 7 15 5 13 17 8 13 22 10 82
128 P 17 15 7 8 22 5 37 16 11 28 24 10 113305 49 33 18 72 40 27 6
129 A 107936 6 23 50 14 34 7 16 12 20 22 8 28 22 11 37 41 33 22 11
130 T 32 14 7 13 12 8 15 18 24 12 25 56 18 12 7 39 105837 6 14 11
131 C 4 108793 8 12 44 22 6 9 12 16 10 23 11 7 42 36 14 15 24 31
132 P 29 13 10 8 14 17 19 16 18 33 15 5 116770 80 29 21 72 28 27 10
133 F 11 26 26 9 116096 12 10 15 17 38 24 7 11 5 19 25 8 35 17 34
134 D 18 16 115213 27 16 35 23 15 26 22 10 33 15 19 35 12 19 35 5 69
135 H 15 10 25 26 20 13 119206 17 23 22 23 61 31 22 24 13 17 22 21 20
136 Q 36 10 30 29 23 17 79 18 64 40 14 17 14 118533 65 18 16 18 7 9
137 A 123234 16 32 49 19 40 25 9 35 29 26 15 30 36 18 64 46 48 30 9
138 K 3 11 31 50 17 18 15 24 122565 21 28 28 14 17 36 20 38 19 29 27
139 H 5 41 34 13 20 20 123771 17 13 23 14 29 42 33 35 21 25 7 12 26
140 R 17 41 20 16 19 55 37 13 19 68 25 20 27 32 127411 98 25 23 36 15
141 I 10 15 19 23 22 10 11 130742 25 21 35 21 12 33 14 19 31 40 9 19
142 E 25 18 37 123758 24 26 32 14 25 15 14 36 16 22 15 14 22 22 25 19
143 R 23 23 17 16 21 34 33 27 25 74 13 28 15 20 126210 51 17 20 14 21
144 A 124891 27 24 56 22 35 22 9 17 29 26 22 11 29 23 48 43 36 16 20
145 R 24 31 14 18 14 34 59 17 16 58 21 25 26 17 119733 57 16 13 28 13
146 T 21 17 24 12 10 10 5 17 24 14 22 48 23 20 20 25 116044 14 19 14
147 R 13 34 12 10 5 51 65 17 27 62 12 22 36 22 131284 100 23 17 19 13
148 M 18 7 17 10 18 12 5 73 21 23 134814 19 19 34 12 31 35 30 20 10
149 E 21 0 33 137162 7 26 28 20 43 10 11 22 7 30 25 10 24 15 16 32
150 A 134563 11 30 71 26 35 8 17 26 27 20 22 28 49 23 62 27 37 19 10
151 G 41 102 35 22 19 135441 12 23 24 23 19 36 13 19 32 33 34 77 26 15
152 L 1 10 25 15 17 7 19 31 19 134754 95 18 44 27 55 14 20 40 20 11
153 V 34 14 37 38 22 42 13 25 26 61 25 19 25 39 16 18 8 137366 21 14
154 D 27 18 141210 30 22 25 29 19 34 10 10 30 11 19 22 13 14 38 10 116
155 Q 23 7 20 30 12 14 93 11 85 26 22 15 22 144449 36 18 12 15 19 37
156 D 33 15 144786 22 30 44 27 23 13 9 10 34 15 75 38 19 30 21 11 104
157 D 28 15 145727 22 20 34 41 93 30 9 11 31 8 18 23 22 12 44 14 87
158 L 20 13 16 15 20 15 23 32 21 146895 62 19 42 27 26 13 10 33 28 19
159 D 20 11 149852 33 22 55 28 35 31 15 18 42 17 32 29 10 36 20 17 93
160 E 28 23 31 147784 16 46 19 18 33 14 13 37 8 50 19 10 23 20 12 23
161 E 51 13 36 144281 18 37 26 10 33 11 16 17 21 53 18 11 22 21 15 29
162 H 12 20 32 27 31 9 150001 19 27 25 23 70 23 135 37 10 12 12 9 33
163 Q 20 18 17 25 18 16 88 20 64 31 29 24 30 148706 46 10 22 23 21 27
164 G 30 131 40 16 32 148316 32 122 16 22 13 22 24 25 28 39 38 75 17 23
165 L 26 16 18 19 21 16 28 30 22 136283 73 9 43 25 36 12 19 25 12 16
166 A 139689 19 26 85 21 47 15 30 15 24 29 21 29 29 17 62 33 56 18 7
167 P 42 11 22 10 12 15 31 16 18 41 25 24 128275 85 21 26 54 24 13 9
168 A 141683 15 31 65 19 16 20 12 26 22 18 21 37 18 23 72 42 43 25 16
169 E 12 20 24 123822 20 11 17 14 25 18 12 12 10 33 12 22 18 23 17 25
170 L 26 22 8 18 16 15 27 23 21 136440 57 20 36 33 26 31 20 21 23 15
171 F 10 23 8 24 136077 22 1 25 20 55 23 30 2 3 12 36 23 47 25 25
172 A 136129 58 70 69 74 77 59 52 56 93 83 43 106 101 70 101 72 207 107 56
173 R 26 121 38 41 73 70 130 46 52 99 47 85 47 33 126001 140 79 38 104 66
174 L 29 36 27 18 20 18 27 23 31 130756 77 15 93 28 33 37 18 28 10 15
175 K 16 21 20 30 9 15 20 23 137034 13 16 36 13 18 43 28 24 16 4 22
176 A 129396 57 69 228 51 47 38 44 32 66 68 53 52 59 26 74 33 117 123 28
177 R 77 118 55 50 67 78 142 117 48 108 93 60 52 59 124916 204 85 52 66 78
178 M 15 18 11 13 30 15 22 73 4 38 138157 8 7 32 33 29 15 38 22 24
179 P 26 18 13 14 20 17 28 20 11 50 36 23 143527 84 28 88 53 24 19 15
180 D 9 11 137891 22 14 18 43 15 20 9 6 22 2 11 26 15 35 11 11 70
181 G 24 86 26 27 20 139770 25 19 19 24 14 17 20 17 32 44 34 76 20 26
182 E 49 10 37 133400 26 33 25 16 34 13 12 21 6 29 10 28 23 17 8 35
183 D 24 21 136157 27 23 24 30 29 37 11 20 26 15 19 46 16 15 37 27 77
184 L 30 16 29 24 28 17 27 15 18 156394 81 11 57 77 68 16 16 46 17 18
185 V 38 18 33 39 35 59 19 29 41 106 44 27 30 34 30 25 28 150606 38 20
186 V 50 25 34 56 46 48 32 40 42 98 40 25 37 36 39 28 29 135442 29 35
187 T 68 39 25 35 13 25 34 38 46 37 30 87 50 30 29 50 150337 34 25 28
188 H 17 18 69 30 35 28 154043 44 33 34 15 116 102 110 43 35 31 28 22 43
189 G 47 119 59 54 24 157205 58 22 33 35 30 30 23 32 57 65 36 99 43 18
190 D 51 26 135677 40 47 22 50 26 38 31 24 50 29 61 16 30 30 43 14 95
191 A 143134 32 18 71 36 39 17 17 31 43 36 25 22 24 22 93 38 59 30 42
192 C 28 136893 26 21 73 60 26 24 32 19 23 32 22 27 40 25 21 17 32 44
193 L 26 23 35 25 26 21 25 40 17 144366 99 25 53 49 42 33 31 58 35 28
194 P 25 21 24 24 30 26 33 32 31 54 28 19 146838 87 62 48 78 20 43 26
195 N 53 19 70 23 23 24 21 28 48 33 22 130120 28 46 25 34 36 4 26 34
196 I 26 34 45 23 31 31 28 147750 42 30 27 36 14 61 58 48 43 69 16 33
197 M 25 32 19 33 28 15 34 136 36 38 164649 39 30 174 87 33 84 52 41 38
198 V 55 32 40 25 40 24 43 20 32 97 41 53 54 24 38 18 27 156029 37 12
199 E 21 19 27 156344 41 40 32 28 51 23 20 45 33 44 29 24 24 36 28 33
200 N 34 36 34 20 23 35 41 39 61 31 24 125319 38 44 25 40 47 27 26 38
201 G 28 92 29 24 16 138107 38 18 24 23 15 20 23 18 33 52 13 93 27 21
202 R 26 34 20 21 18 44 20 17 12 78 16 17 22 27 139883 87 23 19 21 14
203 F 33 22 35 26 146764 27 28 36 22 67 30 19 13 21 18 34 24 32 24 30
204 S 13 27 31 21 17 40 18 42 13 17 22 22 9 11 79 149755 76 14 19 10
205 G 32 138 56 17 23 146125 21 17 49 21 30 23 13 25 35 45 32 66 26 29
206 F 33 46 35 25 159285 36 26 25 25 49 39 33 22 28 2 44 30 54 27 32
207 I 21 21 20 20 38 17 18 163258 39 54 62 27 33 15 37 25 45 37 27 26
208 D 96 35 141713 46 35 35 55 25 20 28 23 35 30 26 29 34 16 31 25 95
209 C 19 148003 15 17 60 17 19 19 22 32 21 44 18 23 58 65 29 52 26 44
210 G 43 81 61 25 34 142963 26 21 32 41 20 20 35 39 29 59 24 82 34 26
211 R 31 30 26 23 26 44 52 13 26 79 18 18 33 20 147525 101 34 25 24 23
212 L 25 16 30 21 19 14 20 25 32 150334 71 27 52 22 43 23 16 33 43 20
213 G 35 120 31 25 21 154898 43 84 24 31 22 25 24 48 29 67 29 109 33 18
214 V 60 18 31 17 24 50 18 29 18 59 43 21 44 14 29 31 27 144198 42 16
215 A 151610 17 24 90 18 31 24 27 23 40 36 15 19 19 19 53 56 68 25 20
216 D 2 11 126407 33 24 8 61 38 16 29 28 29 12 33 27 10 13 27 30 104
217 R 21 33 28 27 28 36 47 27 20 64 36 30 27 27 135223 85 36 19 41 20
218 Y 4 50 34 26 26 28 64 27 24 29 31 42 49 3 32 39 34 15 27 145866
219 Q 32 39 29 61 29 11 90 19 85 23 30 34 58 148086 66 26 23 28 23 22
220 D 31 18 145881 28 15 46 25 26 33 13 38 32 19 31 34 19 16 38 34 98
221 I 12 19 19 25 15 28 27 143992 23 30 50 30 18 30 34 68 30 37 32 37
222 A 145001 28 51 72 37 27 37 22 31 28 33 26 36 49 25 67 45 75 32 15
223 L 21 21 19 13 28 25 33 34 15 136901 64 15 36 37 37 40 21 34 32 26
224 A 135730 13 32 61 27 44 29 14 19 26 34 23 17 39 17 45 36 41 33 20
225 T 39 30 27 27 24 8 31 82 41 31 31 46 19 48 41 79 129725 34 18 21
226 R 15 32 24 24 33 48 52 37 31 78 23 41 44 25 144088 114 30 15 29 23
227 D 39 36 144996 32 31 40 22 28 41 26 22 43 18 35 9 35 23 33 25 110
228 I 10 22 36 20 26 32 33 141830 42 19 23 43 22 32 26 28 46 38 25 28
229 A 154209 30 47 69 25 33 34 26 15 43 31 29 38 45 29 69 44 85 22 37
230 E 38 21 38 144270 22 43 39 38 25 26 24 28 19 33 21 23 18 33 27 35
231 E 26 38 49 147154 28 37 31 27 29 38 23 34 21 36 28 34 22 44 32 55
232 L 43 45 21 45 18 31 22 39 38 152637 64 31 101 36 46 38 43 31 46 25
233 G 38 121 35 42 38 150701 30 15 25 31 25 34 22 51 22 40 20 81 34 21
234 G 46 90 47 24 24 140371 24 21 38 42 26 23 17 32 36 52 21 68 34 36
235 E 50 30 52 145192 12 27 23 22 38 23 13 25 14 44 18 7 18 32 18 33
236 W 16 115 31 24 26 53 15 14 18 80 42 23 12 21 50 52 33 14 145276 29
237 A 149389 10 28 86 14 46 11 12 21 19 31 20 22 28 10 84 39 47 18 12
238 D 30 32 138942 25 14 35 31 14 23 17 10 46 11 16 10 24 18 40 16 99
239 R 23 37 17 18 27 27 36 16 16 39 7 23 26 27 139221 82 20 19 31 14
240 F 8 86 14 16 154214 20 16 35 11 70 27 27 18 18 16 49 20 73 38 31
241 L 9 29 26 31 31 41 30 31 39 163400 80 25 47 90 98 12 48 37 25 16
242 V 49 24 68 47 26 35 16 33 25 89 34 23 13 103 46 15 37 156437 15 14
243 L 30 22 14 43 27 36 27 12 24 165686 66 18 47 19 202 9 15 37 29 20
244 Y 23 45 45 28 27 27 26 28 23 31 15 40 18 28 18 25 21 27 17 176211
245 G 40 86 69 37 23 176167 39 9 17 28 18 20 28 15 35 55 15 73 27 27
246 I 24 30 10 20 5 13 13 143343 14 46 31 22 29 9 33 17 30 29 9 20
247 A 141699 100 33 82 10 23 14 13 23 34 24 21 14 38 18 45 34 150 20 17
248 A 134316 14 33 60 7 31 6 10 22 18 27 11 19 5 21 61 32 22 24 7
249 P 47 13 11 15 12 12 10 28 32 51 51 14 138474 96 86 28 61 21 23 11
250 D 63 34 149245 38 21 51 34 16 31 23 23 31 22 127 20 22 13 20 18 85
251 S 8 34 34 25 25 48 25 80 44 36 34 32 15 13 73 148912 34 38 30 35
252 Q 22 15 36 32 15 22 39 14 79 35 43 34 66 148666 39 8 21 21 33 24
253 R 18 33 24 20 32 45 53 30 26 43 20 25 35 35 146597 68 26 31 36 27
254 I 14 24 18 11 32 27 22 138762 24 75 34 45 38 29 8 25 36 42 15 15
255 A 147586 38 21 71 26 29 23 22 33 26 35 26 38 32 41 59 27 50 21 25
256 F 16 34 13 21 140809 14 20 27 25 79 19 37 18 20 12 45 21 34 17 20
257 Y 23 36 29 23 23 28 47 15 45 19 18 38 24 33 29 20 21 27 20 148658
258 R 28 53 21 22 28 30 32 23 25 72 33 19 29 16 144756 85 16 25 35 29
259 L 17 22 20 24 46 32 34 16 31 145646 96 21 46 11 16 18 35 33 25 22
260 L 26 27 25 23 27 26 33 18 27 152994 60 31 46 22 20 33 22 39 41 13
261 D 29 29 154471 43 33 17 39 23 25 24 19 34 31 21 37 18 13 17 33 86
262 E 14 17 26 146966 19 28 38 18 30 23 20 32 24 27 9 14 17 33 17 34
263 F 8 39 10 19 149086 26 19 45 23 60 33 21 25 12 19 32 23 16 22 36
264 F 26 28 24 34 153009 8 24 29 21 70 47 23 16 11 13 29 19 34 17 26
