# POSITION WT A C D E F G H I K L M N P Q R S T V W Y
1 M 0 0 0 0 0 0 0 381 1 9 73607 0 0 2 38 0 6 21 0 0
2 I 14 0 0 0 65 0 45 72725 107 11 22 42 0 9 5 5 9 41 19 25
3 E 3 23 16 72180 44 5 27 11 40 28 1 69 12 61 51 29 41 1 4 68
4 Q 1 5 17 88 3 19 20 27 174 44 9 62 39 73046 33 8 0 26 59 0
5 D 31 2 74495 111 37 101 33 38 252 115 0 326 0 33 17 148 50 25 6 71
6 G 124 84 199 74 151 71385 1 160 329 22 90 104 433 5 42 188 78 177 349 130
7 L 5 88 0 32 0 32 0 0 1 73971 37 0 29 11 21 12 0 6 3 0
8 H 0 12 6 24 0 4 73494 0 0 1 14 21 136 25 24 0 1 15 2 4
9 A 70936 0 1 34 3 5 1 53 0 46 16 5 56 2 1 33 3 53 0 1
10 G 2 36 3 1 0 68166 0 0 0 1 3 1 3 0 3 1 4 61 0 0
11 S 3 459 1 21 149 28 14 758 1 505 155 2 137 166 8711 52955 152 65 12 399
12 P 9 0 0 0 1 0 0 0 1 7 0 0 67944 39 3 2 43 0 1 0
13 A 69481 1 4 56 0 5 5 2 92 50 0 1 1 22 22 94 2 21 0 1
14 A 67656 1 1 18 0 5 10 0 18 0 35 2 21 0 0 25 20 2 0 1
15 W 0 47 1 0 0 31 0 0 0 26 0 0 0 3 13 3 0 1 58264 0
16 V 90 2 3 7 0 10 1 0 99 10 3 10 0 24 6 19 4 44549 14 0
17 E 0 1 13 64340 0 7 7 0 2 0 0 0 13 25 0 38 0 1 12 0
18 R 0 5 4 0 0 5 11 2 87 22 0 2 5 0 64604 20 0 2 0 0
19 L 0 1 0 0 0 0 0 1 0 69454 26 0 3 1 10 0 0 8 0 0
20 F 5 35 25 24 70707 1 1 26 94 15 0 0 0 23 49 6 0 1 3 11
21 G 5 35 8 0 0 75127 1 0 0 3 0 1 0 0 4 8 2 30 0 0
22 Y 0 8 3 0 5 0 5 0 0 7 0 0 0 1 0 10 0 1 0 72927
23 D 1 4 72209 21 0 3 5 0 3 1 0 14 2 5 7 2 8 2 0 49
24 W 0 64 0 0 1 8 0 0 0 49 0 0 0 3 7 5 0 0 70946 0
25 A 70030 13 2 101 1 2 9 0 22 2 0 0 4 17 3 50 24 38 0 3
26 Q 0 1 1 12 0 0 19 2 15 15 1 1 3 69871 15 0 2 1 13 0
27 Q 0 0 0 6 0 0 18 60 10 0 0 14 8 71493 9 2 24 18 0 0
28 T 33 1 0 0 0 0 18 3 0 1 4 27 1 1 1 7 69701 1 0 2
29 I 0 0 0 0 2 0 0 71274 0 11 13 1 0 9 0 4 1 3 0 0
30 G 5 31 1 0 1 74939 0 0 0 0 0 0 0 0 5 16 0 22 0 0
31 C 0 69310 0 0 10 1 0 0 1518 53 0 0 0 80 17 30 0 2 1 1
32 S 0 0 0 0 0 5 0 10 0 1 0 2 0 0 22 70575 3 9 0 0
33 D 7 3 66938 3 0 46 2 1 0 21 0 5 0 23 25 201 77 1 0 22
34 A 68368 0 0 20 0 2 0 0 0 0 0 0 2 15 4 24 1 7 0 0
35 A 67782 5 2 57 14 0 15 0 0 5 2 12 6 32 0 113 404 5 0 3
36 V 3 0 0 0 0 22 0 0 0 13 3 0 0 2 2 0 0 56636 0 0
37 F 0 0 0 0 60909 0 0 0 0 4 1 0 0 0 0 6 0 0 0 7
38 R 0 1 0 0 0 2 12 0 3 17 0 0 0 0 67222 19 0 0 0 0
39 L 0 0 0 0 0 37 0 0 0 66239 19 0 6 0 3 0 0 2 0 0
40 S 0 0 0 2 0 5 2 10 1 0 0 1 1 2 22 65309 73 2 0 0
41 A 65410 0 4 16 0 1 0 0 2 0 0 13 2 2 1 24 15 3 0 0
42 Q 4 0 1 34 0 0 3 0 47 0 0 0 55 61563 22 42 4 1 0 0
43 G 4 27 11 1 0 61503 12 0 7 0 0 0 0 6 5 1726 17 8 0 0
44 R 0 0 0 1 0 18 0 1 14 31 0 0 2 9 62948 0 0 2 0 0
45 P 2 0 9 2 0 0 26 0 53 1 0 0 70600 29 10 5 13 0 0 0
46 V 138 5 1 0 0 54 0 0 0 22 3 1 6 0 1 1 66 75636 0 0
47 L 0 9 0 0 10 0 18 0 1 74848 24 0 7 3 6 0 0 2 1 16
48 F 0 1 0 0 71228 0 0 0 0 13 0 0 0 3 0 5 0 8 0 2
49 V 5 0 0 3 0 5 0 3 0 14 3 0 0 0 0 0 0 70393 0 0
50 K 0 0 0 4 0 0 0 0 64495 0 0 4 0 4 10 3 2 2 1 0
51 T 3 2 2 0 0 0 0 4 0 0 0 16 2 7 0 7 66605 0 0 0
52 D 145 75 66066 81 0 9 2 23 0 0 0 4 0 16 0 45 46 35 0 31
53 L 19 1 1 24 24 0 0 0 77 68195 34 15 12 16 80 2 9 16 4 53
54 S 0 0 0 11 0 7 15 23 0 1 1 3 0 0 27 68307 1 0 0 0
55 G 1 35 2 0 3 65242 31 0 0 32 0 0 0 7 8 5 0 19 0 0
56 A 65899 0 8 19 0 0 15 0 0 0 1 1 13 20 1 12 2 5 0 0
57 L 0 0 0 0 0 0 2 0 0 67108 8 1 6 0 11 0 0 1 0 0
58 N 0 0 4 0 0 0 2 0 27 0 0 67104 0 1 3 3 0 0 0 1
59 E 1 0 4 66220 0 3 0 0 3 2 0 0 0 14 0 0 0 0 0 0
60 L 0 0 2 0 0 0 4 7 0 70384 16 0 3 0 8 3 0 1 0 0
61 Q 7 0 10 0 0 1 58 1 28 1 9 0 1 72843 11 0 0 2 0 12
62 D 0 0 69998 34 0 3 3 0 0 0 0 3 0 0 0 0 0 2 0 38
63 E 3 0 5 65969 0 5 0 0 7 11 0 0 0 6 0 0 0 0 0 0
64 A 65065 6 1 14 0 2 0 0 0 0 0 0 0 0 2 28 1 3 0 0
65 A 59288 7 8 14 0 3 0 0 0 1 6 0 2 2 0 17 3 2026 0 0
66 R 0 3 1 0 0 1 8 0 0 18 0 1 3 0 60943 18 0 3 0 0
67 L 0 0 0 1 0 0 9 0 0 63656 20 0 7 0 5 3 0 1 0 0
68 S 3 0 1 3 0 9 0 11 12 0 1 3 0 5 75 67012 9 0 0 0
69 W 0 18 1 0 1 15 0 0 0 18 0 0 0 0 0 4 0 0 69313 21
70 L 0 4 1 0 0 0 0 0 0 66242 15 0 4 0 2 0 0 7 0 1
71 A 63105 3 0 22 0 5 0 0 0 0 0 2 2 3 4 25 1 6 0 0
72 T 2 0 1 0 1 0 0 2 9 1 0 7 10 0 0 3 52250 0 0 0
73 T 10 0 0 0 0 0 4 8 1 0 8 7 0 2 0 3 53147 1 0 0
74 G 13 34 0 0 0 63053 1 0 0 3 1 0 0 0 2 4 0 27 0 0
75 V 13 2 2 0 0 0 0 47 0 34 13 1 0 8 0 1 1 58276 0 0
76 P 1 0 0 0 0 0 0 1 0 7 0 0 57143 47 7 39 22 0 0 0
77 C 1 52324 0 0 8 3 1 0 0 2 0 0 1 0 6 2 6 3 0 0
78 A 57717 0 0 16 0 3 3 0 0 1 0 0 2 11 32 14 3 3 0 0
79 A 57104 0 12 50 0 3 8 464 76 0 0 6 2 156 34 55 41 5 0 0
80 V 14 0 2 1 0 11 0 23 0 29 3 0 0 2 13 0 0 56032 0 0
81 L 0 0 0 0 0 0 0 26 3 63466 17 0 8 8 15 0 0 1 0 0
82 D 0 0 65261 1 0 2 6 0 0 0 0 3 0 0 0 0 0 1 0 29
83 V 9 0 0 7 2927 14 3 1 9 19 5 0 0 4 8 16 0 57430 0 0
84 V 11 1 0 1 0 1 0 3 0 12 2 0 0 7 0 4 0 54930 0 0
85 T 2 4 0 0 0 0 0 3 0 1 0 7 0 0 0 4 57854 1 0 0
86 E 5 0 10 55675 0 0 1 0 8 1 0 0 0 2 2 0 1 1 1 0
87 A 57039 0 0 19 0 14 4 0 0 0 45 0 1 2 1 28 0 3 0 0
88 G 2 42 8 0 0 55665 0 0 0 0 0 2 0 0 3 5 1 15 0 0
89 R 0 4 0 0 0 3 3 0 0 16 0 0 2 0 54804 36 0 0 0 0
90 D 3 0 54420 2 0 2 1 0 0 0 0 4 0 1 0 0 3 1 0 13
91 W 0 4 0 0 1 10 0 0 0 20 0 0 0 2 4 3 0 0 63441 0
92 L 0 0 0 0 0 0 0 4 0 62726 11 0 5 4 1 0 0 2 0 0
93 L 0 2 0 0 4 0 0 0 0 62617 8 0 7 0 6 0 0 4 0 0
94 L 0 0 0 0 0 0 0 0 0 60776 8 0 8 1 2 0 4 0 5 0
95 G 1 31 1 0 0 61191 1 0 13 4 0 0 0 3 9 7 0 26 0 0
96 E 3 0 0 56430 0 4 1 0 5 0 0 0 0 383 1 0 0 2 0 0
97 V 3 0 2 0 0 3 0 0 1 14 0 0 0 0 9 0 0 55369 0 0
98 P 0 0 0 0 0 2 0 0 2 5 0 0 56622 50 17 28 20 0 0 0
99 G 2 46 4 0 1 59150 0 0 0 0 0 0 0 0 4 10 2 22 0 0
100 Q 0 1 0 12 0 0 31 0 30 3 0 1 10 61514 6 0 1 0 0 0
101 D 12 0 63525 1 0 3 4 0 0 0 0 6 0 11 0 0 0 3 0 39
102 L 2 0 1 0 0 0 0 0 1 64198 24 0 9 0 18 0 0 4 0 0
103 L 0 0 0 0 0 0 0 0 0 64653 15 0 4 1 3 2 1 2 0 0
104 S 0 1 0 0 0 12 0 4 0 0 5 2 0 1 10 64053 10 0 0 0
105 S 4 0 0 0 1 19 0 11 0 5 0 2 0 0 15 62308 0 0 0 0
106 H 1 1 21 0 0 0 61101 0 3 0 1 59 18 14 15 4 0 0 0 3
107 L 0 0 0 0 0 0 0 4 0 62163 24 0 9 4 1 0 0 3 0 0
108 A 59601 1 0 12 0 12 0 0 0 0 0 0 7 0 0 24 3 14 0 0
109 P 2 0 1 0 0 0 0 0 0 8 0 0 55638 26 3 3 23 6 0 0
110 A 60274 0 0 39 0 0 2 1 0 0 0 0 0 7 0 22 2 6 0 0
111 E 2 0 3 59055 0 5 0 0 0 16 0 0 0 4 2 0 4 4 0 0
112 K 0 0 1 15 0 1 0 2 62426 1 0 2 0 4 2 0 3 0 0 0
113 V 2 0 1 0 0 3 0 0 0 6 1 0 0 0 2 0 17 58414 0 0
114 S 0 506 0 0 0 28 0 12 3 0 0 5 0 0 18 61797 1 0 1 0
115 I 0 0 3 1 1 0 3 65778 3 1 0 3 0 0 1 2 4 9 0 0
116 M 0 0 1 0 0 0 0 42 2 1 65534 0 0 1 11 0 4 8 0 0
117 A 63655 0 0 20 0 3 0 0 0 0 0 0 0 3 4 21 3 4 0 1
118 D 2 0 44892 10 0 0 4 0 0 0 0 2 0 3 0 0 0 5 0 38
119 A 43770 0 0 8 0 3 0 0 0 0 0 0 2 0 0 12 2 6 0 0
120 M 0 0 0 0 0 0 0 13 1 17 43802 0 0 0 0 0 5 4 0 0
121 R 0 3 10 0 0 2 3 0 0 13 0 0 2 2 45046 11 2 0 0 0
122 R 0 4 2 0 0 7 4 0 1 10 2 1 0 4 45333 31 2 0 8 0
123 L 0 0 1 0 0 0 0 0 0 49768 15 0 8 0 29 0 0 5 0 0
124 H 0 0 8 0 0 0 50967 0 0 0 0 17 20 18 11 0 10 0 0 4
125 T 27 0 0 1 0 3 0 0 1 0 0 30 4 3 4 17 48771 0 0 1
126 L 0 0 0 0 0 0 0 0 0 58852 28 0 9 1 1 0 0 3 0 0
127 D 1 0 54479 3 0 3 1 0 0 0 0 2 1 3 2 222 0 6 0 38
128 P 1 0 0 0 0 0 0 19 1 2 0 0 51626 20 2 3 26 0 3 0
129 A 49328 0 0 15 1 0 0 0 0 0 0 0 3 5 2 21 1 5 0 3
130 T 4 0 1 0 0 0 1 1 10 2 8 12 0 0 0 6 48630 0 0 0
131 C 0 49815 0 0 10 3 0 0 0 0 0 0 0 0 2 5 1 0 2 3
132 P 4 0 0 0 0 0 0 0 1 8 0 0 53335 35 4 2 28 0 0 0
133 F 0 1 0 0 53182 0 0 0 0 6 0 0 0 0 0 1 1 6 0 0
134 D 0 0 52463 2 0 5 4 0 1 0 0 4 0 88 0 0 0 2 0 17
135 H 0 0 8 0 0 0 54575 0 0 1 0 17 6 1 2 1 1 0 0 3
136 Q 0 0 0 6 0 0 21 0 16 0 0 4 1 54434 30 1 5 0 0 0
137 A 56258 0 0 14 29 3 0 159 2 47 28 0 1 8 44 25 1 64 2 63
138 K 0 0 1 7 0 0 0 0 56418 0 0 1 0 3 25 0 3 1 0 10
139 H 5 0 15 0 0 0 57073 0 5 1 0 11 6 5 4 1 1 0 0 3
140 R 0 2 0 0 0 6 6 0 0 12 0 0 1 0 58824 49 2 0 0 0
141 I 0 4 0 0 2 0 0 60498 0 0 0 1 0 12 0 1 2 90 0 0
142 E 0 0 1 57570 0 6 0 0 2 0 0 0 0 4 0 0 0 2 0 0
143 R 0 10 0 0 0 3 4 0 0 22 14 0 4 1 58590 12 56 0 3 0
144 A 58057 0 1 18 0 3 1 0 0 0 0 0 1 0 0 16 5 2 0 0
145 R 4 3 0 0 0 8 7 0 0 20 0 1 2 0 55573 10 0 0 0 11
146 T 6 9 1 31 0 0 0 87 28 77 10 18 2 4 0 12 53567 81 0 0
147 R 0 4 0 0 0 12 2 0 0 21 0 0 4 14 61192 26 0 0 0 0
148 M 0 0 0 0 0 0 0 33 2 3 62962 0 0 4 0 1 3 6 0 0
149 E 1 1 8 63667 0 7 60 32 2 0 32 52 0 15 3 1 0 14 0 4
150 A 62451 5 1 17 4 2 0 0 0 0 0 0 3 20 1 14 3 5 0 0
151 G 4 36 11 0 0 62837 0 0 0 0 2 17 0 0 7 2 3 24 0 0
152 L 0 0 0 0 0 0 1 0 10 62704 27 7 3 4 8 0 1 8 0 5
153 V 3 8 0 1 122 2 0 5 0 91 25 0 62 1 1 0 0 63313 1 0
154 D 2 0 65789 3 0 4 3 0 2 1 0 2 0 1 0 0 0 5 0 32
155 Q 4 116 0 215 9 17 28 68 13 30 141 1 4 65479 6 2 15 82 932 72
156 D 7 0 67469 1 0 0 6 0 0 0 0 18 0 24 1 0 3 0 0 33
157 D 1 0 67970 0 0 6 0 0 0 0 0 5 0 0 0 1 0 0 0 23
158 L 0 0 0 0 1694 0 0 0 0 66226 28 0 5 5 2 0 1 3 206 31
159 D 1 0 69641 18 0 1 4 0 0 0 0 7 0 3 10 0 9 2 0 31
160 E 2 0 85 66279 0 8 2 0 5 4 0 0 0 2314 8 0 0 2 0 2
161 E 19 1 4 67365 3 6 2 0 7 0 0 0 0 15 5 0 0 3 0 0
162 H 0 2 2 0 0 0 69834 0 0 0 0 466 0 12 4 0 0 0 0 1
163 Q 44 17 1 29 102 0 33 275 56 162 212 2 2 68853 9 2 16 112 2 46
164 G 3 49 2 1 0 69348 12 0 0 0 0 4 0 0 2 2 0 28 0 0
165 L 1 7 0 0 13 0 0 17 1 64222 61 1 5 13 1 1 10 22 1 17
166 A 65672 1 4 12 1 4 2 0 0 26 5 1 1 2 8 45 24 25 10 0
167 P 13 2 0 0 0 7 0 8 0 121 13 0 60459 38 3 1 16 33 0 0
168 A 66207 0 0 34 0 1 0 9 11 6 40 1 2 17 5 68 23 10 7 4
169 E 0 0 7 58819 0 3 0 0 2 0 0 0 0 10 0 0 0 4 1 0
170 L 0 0 0 0 0 0 0 0 0 64484 8 0 10 1 4 0 0 0 0 0
171 F 0 3 1 0 63892 3 0 1 0 14 0 0 0 0 4 3 0 7 4 0
172 A 64450 0 10 43 0 3 2 0 4 3 4 5 2 33 85 22 5 63 2 1
173 R 2 10 0 18 0 7 29 0 2 161 324 1 4 18 59382 41 0 14 3 0
174 L 0 9 1 0 2 0 0 0 0 62117 39 0 8 2 2 6 0 1 0 0
175 K 0 0 0 2 0 0 0 30 64989 16 0 2 0 2 11 1 3 23 0 2
176 A 62279 1 8 13 11 1 3 3 0 12 1 0 3 9 2 50 3 10 1 3
177 R 454 1754 100 250 406 545 658 554 10 657 438 778 8 153 46363 3081 3581 37 300 501
178 M 0 21 1 1 39 0 28 30 8 20 65179 0 1 22 62 0 13 7 3 35
179 P 0 0 0 0 0 0 0 19 1 9 0 0 67151 27 13 12 22 1 0 0
180 D 2 0 64749 3 0 2 8 17 0 0 0 4 0 0 6 5 4 0 5 32
181 G 5 25 1 0 1 65427 0 0 0 0 0 0 0 1 6 15 2 15 0 21
182 E 10 4 3 62805 0 6 0 0 1 0 0 8 0 5 3 0 4 1 0 0
183 D 1 1 64226 0 0 4 1 0 0 0 0 0 0 1 11 0 0 0 0 6
184 L 0 0 1 0 0 0 0 0 0 72859 22 0 11 27 11 0 0 0 0 1
185 V 2 0 0 2 0 3 0 0 0 19 1 0 0 0 2 1 1 70516 0 0
186 V 16 0 0 0 0 5 0 1 1 23 0 0 5 7 0 0 2 63577 0 0
187 T 8 0 0 0 0 0 7 2 0 0 0 15 2 0 1 10 70202 3 0 0
188 H 0 7 7 0 0 0 71850 0 0 9 0 31 23 27 4 1 0 0 0 4
189 G 4 39 3 0 0 73010 0 1 0 5 0 0 0 0 7 10 3 21 0 0
190 D 6 0 63416 6 0 2 3 0 1 3 0 3 0 1 0 1 0 1 0 19
191 A 66095 0 0 21 549 3 1 0 0 0 1 0 2 0 1 26 2 10 0 6
192 C 0 63260 3 0 19 13 0 15 0 0 0 0 0 2 2 1 914 1 4 2
193 L 0 0 5 0 0 0 0 0 0 67363 26 0 4 4 10 0 0 3 0 0
194 P 3 0 1 0 0 0 0 0 1 5 0 0 68291 33 21 3 27 0 0 0
195 N 0 0 20 0 0 0 0 1 6 1 0 60869 0 0 1 4 2 1 0 5
196 I 0 0 1 0 0 0 0 68643 1 6 1 0 0 7 13 15 1 27 0 0
197 M 0 2 3 0 0 0 0 49 3 5 75481 0 0 57 11 0 3 4 0 0
198 V 10 4 0 2 0 1 0 0 0 22 3 0 0 1 3 0 0 71741 0 1
199 E 13 25 6 71828 0 2 37 0 7 0 1 1 0 6 1 8 0 2 0 1
200 N 0 0 6 0 0 1 1 0 15 4 0 58316 0 0 0 17 8 6 0 1
201 G 1 28 6 0 1 64282 0 0 0 2 0 0 0 0 7 6 1 25 0 0
202 R 0 8 0 0 0 3 2 1 1 25 0 0 2 0 64697 42 0 0 0 0
203 F 0 0 0 3 67649 0 0 0 0 5 0 0 2 1 0 2 0 4 0 0
204 S 1 1 0 0 0 6 0 17 0 0 2 1 0 1 28 68782 25 0 0 0
205 G 2 30 3 0 0 67593 0 0 0 0 0 0 0 2 2 7 0 19 0 0
206 F 0 12 0 0 73315 0 0 2 0 6 0 0 0 1 0 8 0 4 0 1
207 I 0 0 0 0 8 0 0 75152 0 3 5 1 0 4 0 0 3 8 0 1
208 D 19 0 65608 6 0 1 3 4 0 0 0 6 0 0 0 1 2 0 0 17
209 C 1 68121 0 1 15 3 0 0 0 1 0 0 0 0 12 8 33 13 0 3
210 G 1 39 5 0 0 65769 0 0 0 5 0 0 0 8 8 12 0 32 0 0
211 R 0 5 0 0 0 2 1 0 0 35 0 0 2 0 67908 38 0 0 0 0
212 L 0 0 0 0 0 0 0 0 0 69003 28 0 6 1 3 0 0 4 0 0
213 G 4 44 2 1 0 71040 0 0 0 0 0 0 0 0 12 1 0 24 0 0
214 V 4 0 0 1 0 13 0 7 0 19 6 0 0 0 0 0 0 65806 0 0
215 A 69128 1 0 25 0 1 0 0 0 0 0 0 2 0 0 32 6 7 0 0
216 D 1 2 58738 6 0 2 0 0 0 2 0 2 0 0 0 0 3 3 0 39
217 R 0 2 0 0 0 5 2 0 0 14 0 0 2 1 62108 24 1 0 0 0
218 Y 0 4 16 1 3 0 5 0 0 0 0 0 1 0 0 9 0 0 0 67057
219 Q 0 0 0 3 0 1 34 0 26 0 1 0 8 67877 15 0 3 1 0 0
220 D 10 0 66950 1 0 7 8 0 0 0 0 1 0 1 0 0 0 2 0 42
221 I 0 0 0 0 1 0 0 65833 0 232 7 3 0 1 0 26 10 3 0 0
222 A 66271 3 3 15 0 5 0 0 0 0 0 0 0 2 0 11 3 16 0 0
223 L 0 0 0 0 0 0 0 5 0 62549 13 0 6 0 7 0 0 1 0 0
224 A 61985 0 2 16 0 3 0 0 0 0 0 0 2 0 0 28 2 7 0 0
225 T 3 2 4 0 0 0 0 40 0 0 1 18 0 0 0 13 59220 11 0 0
226 R 0 4 0 0 0 11 3 1 0 25 0 0 4 0 65278 35 3 0 0 1
227 D 1 11 65134 6 0 1 5 0 0 0 0 8 0 2 0 29 0 2 0 20
228 I 0 0 1 0 0 0 0 64021 0 1 0 2 0 9 1 4 13 6 0 0
229 A 69032 0 0 25 0 5 0 0 1 0 0 0 2 2 1 13 7 7 0 0
230 E 2 0 1 64255 0 8 3 0 2 0 1 0 0 12 0 78 34 1 1 7
231 E 5 0 5 65749 32 5 81 0 1 1 0 0 0 0 24 0 0 4 1 423
232 L 0 0 0 0 0 0 0 0 0 68655 21 0 24 4 4 1 0 4 0 0
233 G 0 46 4 0 0 67541 0 0 0 4 0 0 0 0 5 5 0 31 0 0
234 G 119 26 40 43 1 62436 4 4 153 3 21 9 30 59 35 46 36 40 6 7
235 E 8 0 5 64986 0 2 0 0 3 0 0 0 0 4 0 0 0 1 0 11
236 W 0 53 0 0 0 14 0 0 0 22 0 0 0 1 5 4 0 1 65183 0
237 A 66928 0 0 24 0 1 0 0 0 0 0 0 0 2 0 16 5 5 0 0
238 D 1 2 61855 38 6 2 2 2 54 17 8 4 0 80 38 12 2 4 18 51
239 R 0 5 0 0 0 9 4 0 0 23 2 0 1 0 62475 19 3 0 0 5
240 F 0 25 0 0 69191 0 0 0 0 3 0 0 0 5 3 3 0 16 0 0
241 L 0 0 3 0 0 0 0 0 1 73308 17 0 13 13 18 1 0 0 0 0
242 V 80 3 110 61 3 1 12 0 23 21 28 7 0 77 32 5 56 69606 11 0
243 L 6 0 0 47 0 1 1 0 0 74020 18 0 9 0 67 0 1 3 0 0
244 Y 0 13 1 0 2 0 4 0 0 5 3 0 0 0 0 2 2 0 0 78266
245 G 2 31 4 1 0 78336 0 0 0 4 0 0 0 0 12 6 0 37 0 0
246 I 0 8 0 0 0 0 0 64636 2 10 1 1 0 1 7 2 3 4 0 0
247 A 63794 42 10 24 0 13 0 0 7 9 0 25 0 10 4 50 10 10 0 0
248 A 60697 0 6 29 1 4 6 1 12 45 8 1 2 25 1 36 24 0 0 1
249 P 14 0 0 0 0 2 0 0 2 10 0 1 62733 28 25 2 26 4 0 0
250 D 8 7 67091 1 0 2 3 2 0 0 0 2 0 38 0 0 0 0 0 39
251 S 3 1 11 3 44 3 29 30 4 22 33 1 0 17 56 66618 29 0 156 18
252 Q 0 0 40 46 0 0 12 0 26 3 2 3 7 66840 12 4 2 0 0 0
253 R 0 4 0 0 0 7 3 0 4 16 0 0 2 0 66061 17 0 1 0 0
254 I 0 0 1 3 1 0 0 63124 0 28 6 1 0 3 0 7 0 4 0 0
255 A 66749 0 2 16 0 20 0 0 0 0 9 0 1 1 3 20 6 2 0 9
256 F 0 2 0 0 62992 0 0 0 0 18 0 0 0 0 0 4 0 3 273 33
257 Y 0 6 1 0 0 0 1 0 0 0 0 0 0 1 0 1 0 2 0 66890
258 R 0 1 0 0 0 4 6 0 0 12 0 0 2 1 65132 23 0 0 0 0
259 L 0 3 0 0 0 0 0 0 0 65258 14 0 4 0 0 0 0 1 0 0
260 L 0 0 0 0 0 0 0 0 0 68381 11 0 5 0 2 0 0 3 0 0
261 D 0 0 68987 1 0 1 2 0 1 0 0 1 0 0 1 0 2 1 0 28
262 E 2 0 2 65736 0 3 0 0 8 0 0 0 1 2 1 0 0 1 0 0
263 F 0 0 0 0 66719 0 0 6 0 3 0 0 0 0 0 5 1 1 0 1
264 F 0 1 0 0 68370 0 0 0 0 14 0 0 0 0 0 5 0 7 0 12
