# POSITION WT A C D E F G H I K L M N P Q R S T V W Y
1 M 0 0 0 0 0 0 0 95 4 7 45875 0 0 1 25 1 5 27 0 0
2 I 2 1 0 0 25 0 24 44905 25 4 0 14 0 8 7 2 4 23 0 26
3 E 1 2 13 44622 97 10 82 4 10 4 0 16 0 50 16 0 0 1 0 36
4 Q 0 1 0 29 13 7 8 2 71 21 12 21 58 45609 14 0 5 22 12 2
5 D 12 1 46944 24 18 4 32 24 147 188 0 17 15 82 21 38 99 7 9 16
6 G 102 39 29 33 70 44666 1 115 246 10 70 183 253 4 27 209 177 45 52 72
7 L 0 28 0 7 0 0 1 0 15 46267 15 0 19 9 8 0 0 4 0 0
8 H 2 4 3 17 0 8 46041 0 0 34 1 15 17 14 4 1 0 1 0 21
9 A 44596 0 1 20 1 16 0 1 19 7 0 7 15 1 13 14 1 13 0 1
10 G 0 16 13 0 0 42706 0 0 0 1 0 0 0 3 6 2 8 16 0 1
11 S 0 226 10 10 37 29 21 351 0 246 77 1 36 63 86 38641 1 1 0 312
12 P 2 0 3 0 0 0 0 0 0 2 0 0 42417 17 1 2 15 1 0 0
13 A 43351 1 18 15 0 0 0 1 0 0 0 0 0 3 14 14 13 5 1 0
14 A 41928 3 2 11 0 10 0 0 0 0 0 0 7 1 4 25 16 5 0 0
15 W 0 15 0 0 0 14 0 0 0 21 0 0 0 3 5 4 1 0 35778 0
16 V 18 3 0 15 0 19 0 0 54 27 3 2 1 18 90 21 26 26617 0 6
17 E 1 0 4 39964 0 4 0 0 0 1 0 0 4 2 7 0 0 1 0 0
18 R 0 4 1 46 0 4 5 2 3 21 0 4 3 0 40430 11 0 0 5 1
19 L 0 0 0 0 0 0 0 0 0 43295 11 0 2 0 8 0 1 3 0 0
20 F 0 8 3 51 44231 0 17 0 6 18 8 0 0 5 14 5 13 10 0 0
21 G 2 13 10 4 0 47119 0 0 7 2 0 4 0 0 1 7 1 5 0 0
22 Y 0 7 1 1 0 0 2 0 0 1 0 1 0 1 0 7 0 1 0 45650
23 D 2 2 45185 2 0 2 6 17 0 1 0 4 0 1 2 0 10 0 0 9
24 W 0 32 2 0 0 4 0 0 0 34 0 3 0 2 4 1 0 0 44519 0
25 A 44067 12 7 7 0 4 0 6 0 0 2 0 1 11 0 23 1 20 0 0
26 Q 0 0 0 3 1 0 21 0 4 17 0 0 2 43460 7 0 0 0 0 2
27 Q 0 0 0 3 0 0 8 96 3 0 3 6 0 44474 6 1 15 32 0 0
28 T 47 0 1 0 0 0 0 1 0 0 3 2 0 0 10 4 43365 0 0 4
29 I 0 0 0 0 1 2 0 44170 0 10 8 1 0 4 0 5 1 4 0 1
30 G 2 20 0 0 3 46926 0 0 0 0 0 0 0 0 2 9 0 5 0 0
31 C 0 43474 0 0 4 0 0 0 742 7 0 0 0 91 43 14 0 2 1 1
32 S 0 1 0 0 0 3 0 4 0 1 0 0 0 0 4 44127 2 3 0 0
33 D 4 1 41703 0 0 58 2 0 10 14 0 1 28 4 4 30 66 2 0 9
34 A 42943 0 0 5 0 1 0 0 0 0 0 0 2 2 5 11 1 5 2 0
35 A 42834 1 1 21 3 2 0 12 0 0 0 3 1 32 1 50 13 5 0 0
36 V 2 0 2 0 0 11 0 0 0 9 3 0 0 0 1 0 0 33849 0 0
37 F 0 0 0 0 37206 0 0 1 0 4 0 0 0 0 0 10 0 3 0 0
38 R 0 5 0 0 0 2 2 0 0 12 0 0 2 0 41907 9 0 0 0 0
39 L 0 0 0 1 0 11 0 0 0 41236 8 0 2 0 2 0 0 0 0 0
40 S 0 0 0 0 0 2 4 7 0 0 0 1 0 10 12 40740 11 0 23 0
41 A 39376 1267 5 4 1 1 0 0 0 0 0 0 1 54 1 6 3 7 0 0
42 Q 0 0 5 24 0 0 3 0 6 3 0 0 3 38201 15 2 17 0 0 0
43 G 1 11 3 0 3 38743 0 0 0 0 0 11 0 0 3 48 6 3 0 0
44 R 0 0 0 0 0 12 0 0 14 11 0 0 3 4 38939 0 0 0 0 0
45 P 2 0 1 10 0 0 8 0 0 1 0 6 44219 2 6 1 4 0 1 5
46 V 26 33 13 2 0 16 0 0 0 5 3 14 54 0 0 27 70 47660 0 0
47 L 2 0 0 0 18 0 12 0 8 47197 17 0 9 0 13 0 1 0 0 31
48 F 0 0 0 0 44896 0 0 0 0 10 0 0 0 2 0 6 0 6 0 2
49 V 4 0 0 2 0 5 0 0 0 16 2 0 0 0 0 0 0 44642 0 0
50 K 0 0 0 2 0 0 0 2 40692 0 0 1 0 0 14 8 6 1 0 0
51 T 3 3 2 0 0 0 0 2 0 0 0 6 0 14 1 0 42108 0 0 0
52 D 240 26 41026 46 0 1 0 41 0 2 0 4 0 12 0 55 34 5 0 9
53 L 5 0 0 7 24 0 39 2 10 43015 16 0 8 5 38 12 0 39 10 25
54 S 0 0 0 13 0 3 7 7 0 0 0 2 0 1 10 42878 0 0 0 0
55 G 0 9 5 0 0 41456 48 0 0 16 0 1 0 2 9 2 1 7 0 3
56 A 41586 0 42 14 0 0 0 2 5 0 1 0 0 3 1 11 4 3 0 0
57 L 0 1 0 0 0 0 1 0 0 42358 6 0 2 0 13 0 0 0 0 0
58 N 3 0 2 6 0 0 4 0 9 0 1 42561 0 0 2 2 1 0 0 2
59 E 1 1 4 41916 0 2 0 0 0 3 0 0 0 14 0 0 0 1 0 0
60 L 1 0 4 1 0 0 0 0 0 44552 36 0 4 0 4 2 0 1 0 0
61 Q 0 0 8 31 0 0 32 0 19 0 0 1 2 46149 8 0 1 0 0 7
62 D 2 0 44240 61 0 1 4 0 2 4 0 2 0 0 0 0 0 1 0 14
63 E 7 0 3 42003 0 2 0 0 1 8 0 0 0 3 0 1 0 1 0 0
64 A 41691 4 0 5 0 2 0 0 3 0 0 0 1 0 0 16 1 2 0 0
65 A 39160 2 0 7 0 0 0 0 0 0 4 0 3 1 0 4 0 2 2 0
66 R 0 1 0 0 0 1 4 0 0 7 0 0 2 0 38915 11 0 0 0 0
67 L 0 0 0 0 0 0 0 0 0 40700 7 0 4 0 4 0 0 1 0 0
68 S 6 0 0 0 0 3 0 9 0 0 0 2 0 10 12 42903 5 0 0 0
69 W 0 9 1 0 0 10 0 0 0 7 0 0 0 1 2 3 0 0 44486 1
70 L 0 2 1 1 0 0 0 0 0 42057 12 0 5 0 3 0 0 1 0 0
71 A 40029 5 0 18 0 4 0 0 1 0 1 0 1 2 1 16 1 5 0 0
72 T 1 0 0 0 0 0 1 1 4 0 0 2 7 0 0 3 32055 0 0 0
73 T 12 4 0 0 0 0 0 2 0 0 0 5 2 1 0 7 32268 2 0 8
74 G 3 45 1 0 0 40448 0 0 0 0 0 0 0 0 2 4 8 10 0 0
75 V 6 1 4 0 0 1 0 4 0 11 4 0 0 0 1 0 5 37261 0 0
76 P 0 0 0 0 0 1 2 0 1 4 0 0 36879 24 10 3 8 0 1 0
77 C 0 33632 2 1 4 3 0 2 0 0 0 0 0 0 2 2 2 2 1 2
78 A 37568 0 0 8 0 3 0 0 1 1 0 0 1 2 14 4 6 4 0 0
79 A 38014 4 3 22 0 25 9 0 125 0 0 15 0 96 49 9 33 4 0 0
80 V 3 3 1 0 0 8 0 7 0 8 2 0 0 0 5 1 0 34972 5 0
81 L 0 1 0 7 0 0 0 1 0 40149 8 0 1 0 6 0 1 3 0 0
82 D 0 0 42085 1 0 1 1 0 0 0 0 1 0 0 0 0 2 0 0 16
83 V 8 0 0 3 35 11 0 0 0 12 8 0 0 0 1 0 0 39279 0 1
84 V 8 6 0 0 0 2 0 0 0 4 1 0 0 17 0 1 2 35454 1 0
85 T 5 3 0 0 0 0 0 2 0 0 0 6 1 0 0 5 37825 1 0 0
86 E 1 1 0 36558 3 4 0 0 2 1 0 0 0 4 1 0 0 0 0 1
87 A 37522 0 0 14 0 1 0 0 4 0 0 0 2 2 0 3 1 1 0 0
88 G 0 13 1 0 0 36651 0 0 0 0 0 0 0 0 10 3 0 6 0 0
89 R 0 4 0 0 0 4 4 0 0 8 0 0 0 0 36193 4 0 0 0 0
90 D 4 1 35295 0 0 2 1 0 0 0 0 6 0 0 1 0 1 0 1 8
91 W 0 10 0 0 2 12 0 0 0 7 0 0 0 3 4 0 0 0 41725 3
92 L 0 1 0 0 1 0 0 0 0 41420 1 0 4 2 1 0 0 0 0 0
93 L 0 0 0 0 0 0 0 0 0 41402 5 0 5 0 2 0 0 3 0 0
94 L 0 0 0 0 0 0 0 0 0 40089 7 0 6 1 4 0 13 2 0 0
95 G 1 11 2 0 0 40380 0 0 5 0 0 0 0 0 15 2 0 7 0 0
96 E 2 0 0 37209 0 3 1 0 3 1 0 0 0 3 0 0 0 0 0 0
97 V 0 0 0 2 0 2 0 0 0 3 0 0 0 0 5 0 1 36163 0 0
98 P 0 1 0 0 0 0 0 0 0 3 0 0 37193 24 1 5 16 1 0 0
99 G 1 14 2 0 0 39159 0 0 0 0 0 0 0 0 2 4 0 8 0 0
100 Q 1 0 0 2 0 0 10 0 9 7 0 0 7 40655 3 1 2 0 0 0
101 D 4 0 41983 1 0 4 1 0 0 0 0 0 0 6 0 4 0 2 0 10
102 L 0 0 2 0 0 0 0 0 0 42599 4 0 5 2 8 0 0 1 0 0
103 L 0 0 1 0 0 0 0 1 1 42880 9 0 2 0 2 0 0 1 0 0
104 S 0 0 0 0 0 3 0 4 0 2 0 1 0 3 7 42526 14 1 0 0
105 S 0 2 1 0 0 6 0 3 0 5 0 2 0 1 9 41659 2 0 0 0
106 H 0 1 7 20 0 1 40960 0 0 1 0 14 14 3 0 3 0 0 0 1
107 L 0 0 0 0 0 0 0 0 0 41913 10 0 5 1 1 0 0 3 0 0
108 A 40105 1 1 7 0 2 0 0 0 0 0 0 32 0 0 18 4 3 0 0
109 P 0 0 0 0 0 0 0 0 0 5 0 0 37463 12 1 1 5 4 0 0
110 A 40224 1 4 18 0 0 0 0 2 2 0 1 2 0 0 15 1 3 0 0
111 E 0 0 2 39047 0 4 0 2 0 1 1 0 0 4 0 0 0 3 0 0
112 K 0 0 0 8 0 0 0 0 41543 0 0 3 0 0 1 1 1 0 0 0
113 V 5 0 0 1 0 0 0 1 0 5 2 0 0 0 1 0 6 38672 0 0
114 S 49 0 0 1 0 19 0 4 0 4 0 1 0 0 17 41389 1 1 0 0
115 I 0 0 3 1 0 0 0 43610 6 1 0 0 1 0 1 6 3 8 0 0
116 M 0 0 0 0 0 0 0 17 1 0 43650 0 0 1 12 0 10 3 0 0
117 A 42612 0 1 19 0 2 0 0 0 0 0 0 0 8 0 7 1 4 0 0
118 D 0 1 28742 0 0 0 6 0 0 0 0 3 0 1 0 0 0 2 0 13
119 A 28200 0 0 6 0 0 0 0 1 0 0 0 0 0 0 5 0 1 2 0
120 M 0 0 0 0 0 0 0 5 1 64 28104 0 0 0 0 0 1 1 0 0
121 R 0 0 5 0 0 2 0 0 1 5 0 0 2 0 28836 6 0 0 0 0
122 R 0 2 5 0 0 1 0 0 0 1153 0 0 0 3 28159 16 2 0 6 0
123 L 0 0 0 0 0 0 0 0 0 32500 8 0 2 1 18 0 0 7 0 0
124 H 1 0 8 0 0 0 33168 0 0 0 0 5 13 11 3 1 17 0 0 7
125 T 18 2 0 0 0 1 0 2 0 0 39 11 5 2 0 6 32033 0 1 0
126 L 0 0 0 0 0 0 0 0 0 38678 18 0 11 0 2 0 0 4 0 0
127 D 1 0 35666 3 0 4 1 0 0 0 0 2 0 1 0 0 0 0 0 8
128 P 0 0 0 0 0 0 0 0 0 2 0 0 34141 6 4 0 5 0 0 0
129 A 32402 0 1 8 0 2 0 0 0 4 3 0 1 0 4 13 3 5 0 0
130 T 1 0 0 0 0 0 0 0 0 3 0 6 0 2 0 2 31620 0 0 0
131 C 0 32416 0 0 5 1 0 0 0 1 0 0 0 0 4 1 2 0 0 1
132 P 8 0 0 0 0 0 0 0 0 1 0 0 34955 17 2 0 14 0 0 0
133 F 0 0 0 0 35020 0 0 0 0 1 0 0 0 0 0 2 0 5 0 1
134 D 0 0 34770 1 1 1 1 0 0 0 0 5 0 0 1 0 0 0 0 6
135 H 0 0 0 0 0 0 36115 0 0 0 0 7 1 1 3 0 1 0 0 3
136 Q 0 0 0 5 0 0 9 0 14 0 0 0 1 35985 8 4 2 0 0 0
137 A 36910 2 0 12 14 0 0 219 30 21 67 0 1 2 57 11 2 19 0 41
138 K 0 0 0 2 0 0 0 1 37116 0 0 1 0 0 6 1 2 0 0 0
139 H 0 1 0 0 8 0 37370 0 0 3 0 10 8 11 3 0 0 0 0 3
140 R 0 2 0 1 0 7 2 0 0 8 0 0 0 0 38958 19 0 0 0 0
141 I 0 0 0 0 4 0 0 39754 0 1 1 0 0 9 0 0 4 65 0 0
142 E 2 1 0 37814 0 4 1 7 14 0 0 0 0 0 0 0 0 0 0 0
143 R 1 52 0 0 0 0 13 0 0 19 0 0 4 0 38644 8 12 10 0 0
144 A 38486 0 0 9 0 0 0 0 0 0 0 1 1 1 0 12 1 1 0 0
145 R 0 4 0 0 8 8 33 0 0 10 0 16 0 0 36776 6 1 0 1 0
146 T 4 12 1 14 0 0 4 29 16 11 5 7 0 36 18 0 35445 10 0 0
147 R 0 4 0 0 0 7 5 0 0 5 0 0 1 0 40778 23 0 0 0 0
148 M 0 0 0 0 0 0 0 21 3 2 41829 0 0 0 0 0 2 4 0 0
149 E 0 0 6 42250 1 6 12 20 57 16 0 19 0 8 13 0 0 2 0 13
150 A 41410 1 0 12 0 3 82 0 4 0 3 2 0 7 0 9 1 3 0 0
151 G 1 12 2 40 0 41852 0 0 0 0 0 12 0 4 2 2 0 8 0 0
152 L 0 0 0 0 0 0 0 0 0 42151 22 0 3 0 8 0 0 1 0 0
153 V 3 0 0 1 45 3 2 50 0 74 163 0 1 2 0 0 0 41832 0 0
154 D 1 0 43350 5 9 6 2 0 0 0 0 2 0 0 19 0 0 2 0 9
155 Q 0 26 0 345 0 0 13 42 10 37 54 0 5 43061 7 3 81 182 510 126
156 D 2 0 44688 1 0 2 1 0 0 0 0 1 1 18 1 1 4 0 0 20
157 D 0 1 44760 0 0 5 1 0 0 0 0 1 0 0 0 2 0 4 0 10
158 L 0 0 0 0 2167 0 6 0 0 42433 10 0 4 1 1 0 1 1 374 195
159 D 0 0 46069 4 0 6 2 0 0 0 0 2 0 3 4 0 5 3 0 14
160 E 4 7 49 45405 1 11 0 0 3 0 0 4 0 9 4 0 0 0 0 1
161 E 8 0 4 44298 0 4 0 0 1 0 0 0 2 4 0 0 0 0 0 0
162 H 0 1 2 0 0 14 45813 0 2 0 0 472 0 5 4 0 0 0 0 2
163 Q 8 2 3 16 58 1 11 308 17 214 368 1 3 44857 4 3 12 239 15 49
164 G 0 13 2 0 0 45784 1 0 0 0 0 0 1 0 1 4 0 8 0 0
165 L 0 0 0 2 30 0 4 15 0 42441 63 3 7 3 3 0 17 32 26 1
166 A 43643 2 3 15 0 0 0 6 12 6 0 1 0 4 1 10 2 8 0 0
167 P 4 1 0 0 0 0 0 27 0 160 5 0 40148 12 1 3 9 1 0 1
168 A 43082 0 1 12 9 3 17 0 5 11 0 0 1 19 1 576 71 9 4 2
169 E 1 0 4 38478 0 1 0 0 2 0 0 2 0 2 0 0 0 9 0 0
170 L 0 30 0 0 0 0 0 0 0 42407 5 0 4 0 4 0 0 0 0 0
171 F 0 0 0 0 42011 0 0 0 0 15 0 0 0 0 4 3 0 5 3 0
172 A 42483 0 7 47 12 2 15 0 27 4 0 0 2 25 7 7 7 71 1 2
173 R 7 15 0 90 0 3 4 0 1 74 208 2 1 30 38728 24 5 0 4 8
174 L 0 9 0 0 1 0 0 0 0 40917 7 0 8 0 2 0 0 0 0 0
175 K 0 1 0 1 0 0 0 0 42656 20 0 5 0 7 2 0 1 11 0 0
176 A 40895 0 6 6 0 4 0 0 1 0 0 9 3 13 7 3 1 1 0 0
177 R 507 1090 98 121 310 678 360 629 6 844 259 661 0 97 27068 2768 3456 69 362 448
178 M 0 6 1 9 123 3 18 9 2 9 42079 0 44 104 35 0 1 44 58 59
179 P 1 0 0 0 1 0 0 8 1 6 0 0 43691 20 6 3 11 2 0 0
180 D 3 0 42204 1 28 2 0 0 0 0 0 3 0 0 2 1 9 1 2 21
181 G 0 13 0 1 0 42666 0 0 0 2 0 0 0 0 3 8 11 55 0 1
182 E 9 0 1 40939 0 1 0 0 2 0 0 0 0 0 1 1 4 3 0 0
183 D 0 0 41706 1 0 1 1 0 0 0 0 0 0 1 8 0 0 0 0 6
184 L 0 0 0 0 0 0 0 0 1 47481 6 0 8 18 17 0 0 0 0 0
185 V 5 0 2 2 0 1 0 1 0 6 4 0 0 0 3 0 0 45688 0 0
186 V 9 0 1 3 0 5 0 1 0 7 2 0 0 2 3 0 3 41158 0 0
187 T 8 1 0 0 0 0 0 1 1 0 0 8 0 0 1 4 45796 0 0 0
188 H 0 1 5 0 0 0 46537 0 0 3 0 20 17 28 4 1 0 0 0 3
189 G 1 18 3 0 0 47603 0 0 0 0 0 0 0 0 2 8 0 8 0 0
190 D 5 0 41004 8 0 1 4 0 0 1 0 4 0 0 0 0 0 2 0 6
191 A 42866 0 0 9 184 1 60 0 1 43 0 0 1 0 2 10 2 7 1 2
192 C 0 40354 0 0 9 7 0 19 2 0 0 0 1 2 2 1 976 0 3 8
193 L 0 0 4 0 0 0 0 0 0 43514 17 0 5 1 6 0 0 2 0 0
194 P 0 0 1 0 0 0 0 1 0 6 0 0 44184 13 18 2 8 0 0 0
195 N 0 1 7 0 0 0 0 0 8 0 0 39566 0 0 0 2 3 0 0 1
196 I 0 0 3 0 1 0 0 44338 0 1 1 1 0 10 6 10 5 15 0 0
197 M 0 0 1 0 0 0 0 29 3 3 49488 0 0 46 11 0 4 5 0 0
198 V 4 1 0 1 0 2 0 0 0 7 1 0 0 5 1 0 0 47244 0 0
199 E 3 7 10 47038 1 5 78 0 4 0 0 5 0 6 5 0 0 2 0 0
200 N 0 0 3 0 0 0 3 0 10 1 0 37234 0 1 0 2 4 2 0 0
201 G 0 15 0 0 0 41773 0 0 0 0 0 0 0 0 2 7 0 7 0 0
202 R 0 5 0 0 0 2 0 0 9 8 0 0 1 0 42296 15 1 0 0 0
203 F 0 2 0 1 44296 0 0 1 0 4 0 0 0 0 0 2 0 1 0 0
204 S 0 1 0 0 0 2 0 7 0 0 0 3 0 0 12 45140 15 0 0 0
205 G 2 12 1 0 0 44358 0 0 0 1 0 0 0 3 0 2 0 5 0 0
206 F 0 7 0 0 47863 0 0 0 0 1 0 0 0 0 0 6 0 4 0 0
207 I 0 0 0 0 0 0 1 48983 0 1 6 2 0 1 1 1 4 5 0 0
208 D 8 1 42682 2 0 4 1 0 0 0 0 1 1 0 0 0 2 2 0 8
209 C 11 44478 0 0 8 3 0 0 0 5 0 0 0 0 6 3 2 8 0 1
210 G 1 9 0 0 0 43181 0 0 0 1 0 0 0 2 2 4 2 6 0 0
211 R 0 4 1 0 0 3 3 0 0 10 0 0 1 0 44397 17 0 0 0 0
212 L 0 1 0 0 0 0 0 0 0 45287 9 0 4 1 3 0 1 1 0 0
213 G 1 18 5 0 0 46900 0 0 0 3 0 0 0 0 2 2 0 11 0 0
214 V 2 0 0 0 0 14 0 1 0 15 1 0 2 0 0 0 0 43397 0 0
215 A 45511 0 0 14 0 4 0 0 0 0 0 0 1 0 0 9 4 7 0 0
216 D 1 1 38077 7 0 0 2 0 0 0 0 3 0 0 0 0 0 4 0 14
217 R 0 3 0 0 0 3 4 0 0 1 0 0 0 0 40416 10 1 1 0 0
218 Y 0 2 8 0 4 0 2 0 0 0 0 0 0 0 0 9 0 0 0 43474
219 Q 0 0 0 4 0 0 13 0 12 0 0 0 3 44167 12 0 8 0 0 0
220 D 2 1 43522 0 0 5 1 0 0 0 0 0 0 0 2 0 1 0 0 10
221 I 0 0 0 0 0 0 0 42420 0 183 2 0 0 2 0 12 6 4 0 0
222 A 43234 1 5 5 0 1 0 0 0 0 0 0 0 1 1 4 1 8 0 0
223 L 0 0 0 0 0 1 0 0 0 40765 2 0 1 1 6 0 0 0 0 0
224 A 40396 1 0 12 0 6 5 0 0 0 0 0 1 1 0 10 0 1 0 0
225 T 3 18 2 1 0 0 0 17 0 0 0 12 0 0 0 9 38618 0 0 0
226 R 0 3 0 1 0 5 3 0 0 8 0 0 2 0 42448 24 2 0 0 0
227 D 2 22 42915 4 0 3 1 0 0 0 0 1 0 2 0 15 0 2 0 10
228 I 0 0 0 8 1 0 0 41824 0 3 1 2 0 4 3 2 10 3 0 0
229 A 45485 5 0 60 0 1 0 0 0 0 0 0 2 3 2 3 0 5 0 0
230 E 12 0 3 42113 0 8 105 0 0 0 0 0 1 7 0 34 0 0 1 0
231 E 4 0 1 42340 0 2 71 0 43 0 24 1 0 4 13 0 0 5 42 870
232 L 0 1 0 0 7 0 0 0 0 44934 3 0 24 1 2 0 1 6 0 0
233 G 0 12 0 0 0 44502 0 0 0 4 0 0 0 0 2 1 0 17 0 1
234 G 82 12 16 31 0 40685 29 11 226 12 5 26 43 23 13 31 10 81 25 14
235 E 6 0 3 42736 0 1 0 0 2 0 0 0 0 4 0 0 1 0 0 0
236 W 0 19 0 0 0 8 0 0 0 21 0 0 0 0 6 3 0 0 42849 0
237 A 43860 0 0 13 1 0 0 0 0 1 0 0 0 1 0 7 1 3 1 0
238 D 15 1 40421 53 6 3 69 15 47 3 1 9 0 51 13 10 1 15 38 46
239 R 0 8 0 0 0 4 5 0 0 7 0 0 2 0 41035 9 3 0 0 0
240 F 0 14 0 0 45085 0 0 1 0 1 0 0 0 1 0 2 0 10 0 0
241 L 0 0 3 0 0 0 0 0 0 47718 6 0 7 9 14 0 0 0 0 0
242 V 53 3 21 108 18 1 21 0 37 18 28 6 0 50 82 13 76 45011 8 9
243 L 0 1 0 112 0 0 0 0 0 47945 8 0 4 3 47 0 0 2 0 0
244 Y 0 3 1 0 2 0 1 0 0 4 0 0 0 2 0 1 0 0 0 51334
245 G 0 13 1 0 0 51343 1 0 0 4 0 0 0 0 5 4 0 13 0 0
246 I 0 5 0 0 1 0 0 41039 0 16 0 0 1 1 4 8 0 5 0 4
247 A 40682 34 1 7 0 1 0 0 3 2 0 4 2 8 4 5 1 7 0 0
248 A 38369 0 7 27 0 0 0 1 0 16 8 0 0 8 0 6 6 1 0 0
249 P 8 1 0 0 0 0 0 0 1 4 0 0 39600 18 25 1 10 1 0 0
250 D 3 0 42875 0 0 3 1 0 0 0 0 1 0 25 0 0 1 2 0 8
251 S 0 0 5 0 42 5 5 32 26 13 52 5 0 14 37 42399 4 1 139 69
252 Q 0 1 19 5 1 0 7 0 5 2 0 5 10 42608 5 0 1 0 0 0
253 R 0 3 0 0 0 1 1 0 10 5 2 0 1 0 42023 4 0 1 0 0
254 I 0 0 0 0 2 0 0 39741 0 16 3 1 0 6 0 2 1 0 0 0
255 A 42317 0 0 18 0 10 0 0 0 1 0 0 1 0 1 8 2 3 0 17
256 F 0 0 0 0 39498 0 0 0 0 10 0 0 0 0 0 4 0 1 421 27
257 Y 0 5 0 0 0 0 8 0 0 0 0 0 0 1 0 0 0 1 0 42420
258 R 0 2 0 0 0 5 0 0 0 11 0 0 0 0 41265 13 0 0 0 0
259 L 0 1 1 0 0 0 0 0 1 41556 12 0 5 0 1 0 0 2 0 0
260 L 0 0 0 0 0 0 0 0 0 43525 14 0 4 1 0 1 0 1 0 0
261 D 0 0 43678 0 0 2 2 0 1 1 0 2 0 2 0 0 0 0 0 12
262 E 0 1 2 41534 0 2 0 0 3 0 0 1 0 1 0 0 0 2 0 0
263 F 0 0 0 0 42078 0 0 0 0 4 0 0 0 0 0 2 0 0 0 1
264 F 0 2 0 0 43173 0 0 1 0 12 0 0 0 0 0 3 0 2 0 3
