#Relative solvent accessibilities from a DSSP analysis of the 1RVX trimer (H1 hemagglutinin), taking results for chain A. Absolute solvent accessibilities are normalized to relative ones using the maximum solvent accessibilities of Tien et al, PLoS One, 8:e80635.
#SITE RSA
18 0.170984455959
19 0.168604651163
20 0.0
21 0.0778443113772
22 0.00507614213198
23 0.0
24 0.0
25 0.0803571428571
26 0.0077519379845
27 0.14358974359
28 0.769230769231
29 0.116129032258
30 0.668604651163
31 0.284974093264
32 0.220930232558
33 0.0
34 0.269430051813
35 0.00581395348837
36 0.051724137931
37 0.154228855721
38 0.381165919283
39 0.364406779661
40 0.54358974359
41 0.0114942528736
42 0.337209302326
43 0.0
44 0.0232558139535
45 0.339285714286
46 0.129032258065
47 0.293103448276
48 0.261538461538
49 0.0149253731343
50 0.00995024875622
51 0.125560538117
52 0.476683937824
53 0.458064516129
54 0.334821428571
55 0.307692307692
56 0.346153846154
57 0.334745762712
58 0.00497512437811
59 0.0
60 0.310218978102
61 0.109452736318
62 0.533898305085
63 0.346153846154
64 0.390862944162
65 0.255813953488
66 0.0754716981132
67 0.0149253731343
68 0.377777777778
69 0.0
70 0.182692307692
71 0.360169491525
72 0.0
73 0.138461538462
74 0.0
75 0.046511627907
76 0.0
77 0.0421052631579
78 0.0
79 0.0
80 0.0192307692308
81 0.025641025641
82 0.0062893081761
83 0.403587443946
84 0.0179640718563
85 0.20725388601
86 0.566037735849
87 0.044776119403
88 0.26368159204
89 0.603773584906
90 0.270114942529
91 0.467153284672
92 0.483870967742
93 0.0245614035088
94 0.103225806452
95 0.0
96 0.0
97 0.0172413793103
98 0.0538116591928
99 0.21511627907
100 0.496855345912
101 0.610256410256
102 0.0709677419355
103 0.668161434978
104 0.158974358974
105 0.0384615384615
106 0.253807106599
107 0.0119760479042
108 0.0190114068441
109 0.0377358490566
110 0.259615384615
111 0.507772020725
112 0.0791666666667
113 0.137055837563
114 0.316062176166
115 0.106463878327
116 0.112107623318
117 0.00896860986547
118 0.0
119 0.0620437956204
120 0.0941704035874
121 0.08
122 0.00497512437811
123 0.116129032258
124 0.264516129032
125 0.0
126 0.277419354839
127 0.135483870968
128 0.0166666666667
129 0.22869955157
130 0.248175182482
131 0.0875
132 0.37668161435
133 0.0456852791878
134 0.0166666666667
135 0.276729559748
136 0.343220338983
137 0.739910313901
138 0.606451612903
139 0.0903225806452
140 0.0385964912281
141 0.490566037736
142 0.507692307692
143 0.0580357142857
144 0.246153846154
145 0.139534883721
146 0.564102564103
147 0.144230769231
148 0.402298850575
149 0.0523255813953
150 0.426356589147
151 0.031007751938
152 0.0119760479042
153 0.322580645161
154 0.232142857143
155 0.793721973094
156 0.798076923077
157 0.682203389831
158 0.38064516129
159 0.135483870968
160 0.0583333333333
161 0.0152091254753
162 0.20802919708
163 0.0102564102564
164 0.00995024875622
165 0.0298507462687
166 0.0631578947368
167 0.0
168 0.093023255814
169 0.210762331839
170 0.292372881356
171 0.766816143498
172 0.5
173 0.309677419355
174 0.00760456273764
175 0.270440251572
176 0.567796610169
177 0.0497512437811
178 0.377118644068
179 0.220512820513
180 0.296774193548
181 0.12927756654
182 0.344827586207
183 0.00512820512821
184 0.75
185 0.309322033898
186 0.576923076923
187 0.338983050847
188 0.255605381166
189 0.0
190 0.00497512437811
191 0.0
192 0.00995024875622
193 0.0
194 0.0
195 0.00507614213198
196 0.0
197 0.0223214285714
198 0.0
199 0.125786163522
200 0.364102564103
201 0.438709677419
202 0.673728813559
203 0.264573991031
204 0.00444444444444
205 0.515555555556
206 0.553846153846
207 0.233830845771
208 0.0
209 0.342222222222
210 0.261538461538
211 0.542600896861
212 0.733333333333
213 0.0387596899225
214 0.0798479087452
215 0.00574712643678
216 0.0387096774194
217 0.0
218 0.00574712643678
219 0.0
220 0.277419354839
221 0.394871794872
222 0.117870722433
223 0.230769230769
224 0.361313868613
225 0.313868613139
226 0.0333333333333
227 0.441860465116
228 0.119496855346
229 0.264573991031
230 0.228426395939
231 0.0387596899225
232 0.457399103139
233 0.0255474452555
234 0.11320754717
235 0.60593220339
236 0.218390804598
237 0.507299270073
238 0.585492227979
239 0.24
240 0.162790697674
241 0.0192307692308
242 0.021897810219
243 0.0
244 0.102564102564
245 0.0
246 0.0684410646388
247 0.0666666666667
248 0.0581395348837
249 0.164179104478
250 0.0
251 0.220338983051
252 0.459119496855
253 0.538461538462
254 0.0777202072539
255 0.186046511628
256 0.0
257 0.0862944162437
258 0.0
259 0.0896860986547
260 0.0
261 0.0820512820513
262 0.0
263 0.0
264 0.0
265 0.0
266 0.0
267 0.0
268 0.09375
269 0.212927756654
270 0.0
271 0.0125
272 0.0
273 0.0199004975124
274 0.164233576642
275 0.295620437956
276 0.163461538462
277 0.879166666667
278 0.375
279 0.116129032258
280 0.00961538461538
281 0.0913705583756
282 0.0253807106599
283 0.470930232558
284 0.0322580645161
285 0.707692307692
286 0.15503875969
287 0.490322580645
288 0.183035714286
289 0.419642857143
290 0.681614349776
291 0.161676646707
292 0.523076923077
293 0.0755813953488
294 0.512711864407
295 0.0239520958084
296 0.0
297 0.0
298 0.062893081761
299 0.398009950249
300 0.0
301 0.031007751938
302 0.0253807106599
303 0.8
304 0.251612903226
305 0.735483870968
306 0.223880597015
307 0.0377358490566
308 0.0
309 0.0
310 0.225641025641
311 0.0964467005076
312 0.200892857143
313 0.396226415094
314 0.155172413793
315 0.0
316 0.0
317 0.144230769231
318 0.313901345291
319 0.0179640718563
320 0.0503144654088
321 0.169491525424
322 0.174904942966
323 0.0
324 0.383211678832
325 0.0129032258065
326 0.713178294574
327 0.35593220339
328 0.0248756218905
329 0.229927007299
330 0.0
331 0.0
332 0.127906976744
333 0.0
334 0.0
335 0.226277372263
336 0.0769230769231
337 0.208121827411
338 0.352201257862
339 0.519379844961
340 0.985401459854
345 0.18407960199
346 0.0625
347 0.153846153846
348 0.0
349 0.0913705583756
350 0.418604651163
351 0.298076923077
352 0.204166666667
353 0.0558375634518
354 0.7533632287
355 0.134615384615
356 0.0576923076923
357 0.154385964912
358 0.470930232558
359 0.355769230769
360 0.0
361 0.649746192893
362 0.554404145078
363 0.115384615385
364 0.0982456140351
365 0.0
366 0.0
367 0.0266159695817
368 0.138392857143
369 0.0580357142857
370 0.506666666667
371 0.0461538461538
372 0.538116591928
373 0.511111111111
374 0.298076923077
375 0.477419354839
376 0.221153846154
377 0.368821292776
378 0.178294573643
379 0.124031007752
380 0.0932642487047
381 0.551111111111
382 0.669491525424
383 0.122580645161
384 0.0348837209302
385 0.404444444444
386 0.497435897436
387 0.0
388 0.279187817259
389 0.461538461538
390 0.0673076923077
391 0.0152284263959
392 0.395348837209
393 0.123076923077
394 0.021186440678
395 0.0862068965517
396 0.430769230769
397 0.0516129032258
398 0.0287356321839
399 0.269035532995
400 0.448430493274
401 0.131355932203
402 0.03125
403 0.487179487179
404 0.406091370558
405 0.0977777777778
406 0.520833333333
407 0.244186046512
408 0.31007751938
409 0.218390804598
410 0.432692307692
411 0.199152542373
412 0.354260089686
413 0.1
414 0.292307692308
415 0.478813559322
416 0.318407960199
417 0.170403587444
418 0.262711864407
419 0.0510948905109
420 0.107142857143
421 0.304932735426
422 0.261538461538
423 0.00995024875622
424 0.0615384615385
425 0.405128205128
426 0.233050847458
427 0.00574712643678
428 0.300518134715
429 0.336787564767
430 0.0769230769231
431 0.0833333333333
432 0.129353233831
433 0.19170984456
434 0.0
435 0.0350877192982
436 0.0755813953488
437 0.0570342205323
438 0.0666666666667
439 0.0
440 0.170403587444
441 0.0845771144279
442 0.0646766169154
443 0.0344827586207
444 0.0796019900498
445 0.199004975124
446 0.0538116591928
447 0.00512820512821
448 0.0493273542601
449 0.131386861314
450 0.0
451 0.0497512437811
452 0.0673575129534
453 0.0833333333333
454 0.0
455 0.0569948186528
456 0.00645161290323
457 0.107692307692
458 0.00574712643678
459 0.21186440678
460 0.246153846154
461 0.0348258706468
462 0.0266159695817
463 0.304932735426
464 0.470338983051
465 0.0114942528736
466 0.313559322034
467 0.4
468 0.151111111111
469 0.00995024875622
470 0.415254237288
471 0.579487179487
472 0.138461538462
473 0.077519379845
474 0.406779661017
475 0.251121076233
476 0.294416243655
477 0.548076923077
478 0.25641025641
479 0.00961538461538
480 0.179640718563
481 0.0166666666667
482 0.345291479821
483 0.0125
484 0.520912547529
485 0.330357142857
486 0.516949152542
487 0.0239520958084
488 0.341968911917
489 0.246153846154
490 0.578475336323
491 0.149700598802
492 0.0
493 0.354260089686
494 0.129032258065
495 0.00574712643678
496 0.13503649635
497 0.415384615385
498 0.298076923077
499 0.43023255814
500 0.0798479087452
501 0.611398963731
502 0.657794676806
503 0.572327044025
