# POSITION WT A C G T
20 C 632 234025 0 753
21 A 235029 6 364 11
22 A 235006 10 203 191
23 G 621 6 234719 64
24 C 24 235350 0 36
25 T 211 350 39 234810
26 T 338 196 11 234865
27 T 372 840 121 234077
28 C 114 235282 0 14
29 A 234117 57 645 591
30 G 28 6 235218 158
31 G 74 23 235306 7
32 T 112 189 8 235101
33 A 234748 3 422 237
34 G 565 101 234429 315
35 A 234543 6 708 153
36 T 171 1461 84 233694
37 T 138 247 39 234986
38 G 549 5 234769 87
39 C 255 234724 11 420
40 T 637 44 30 234699
41 T 261 858 17 234274
42 T 203 217 18 234972
43 C 212 235145 13 40
44 T 363 763 172 234112
45 T 420 468 176 234346
46 T 723 537 95 234055
47 G 77 13 234893 427
48 G 1303 30 234069 8
49 C 49 235064 1 296
50 A 235256 3 127 24
51 T 114 164 7 235125
52 G 26 1 235378 5
53 T 5 32 11 235362
54 C 168 235235 0 7
55 C 98 235158 0 154
56 G 118 0 235263 29
57 C 10 235394 0 6
58 A 235302 0 72 36
59 A 234891 33 204 282
60 A 235098 49 156 107
61 A 234909 55 317 129
62 G 121 3 235247 39
63 A 235021 22 294 73
64 G 171 43 235147 49
65 T 90 553 12 234755
66 T 77 206 1 235126
67 G 17 1 235383 9
68 C 23 235372 0 15
69 A 235402 0 4 4
70 G 21 0 235075 314
71 A 235388 0 22 0
72 C 12 235378 0 20
73 C 0 235409 0 1
74 A 235257 2 0 151
75 A 235005 32 73 300
76 G 0 0 235272 138
77 A 235364 1 37 8
78 A 235099 24 132 155
79 C 6 235314 7 83
80 T 195 248 4 234963
81 A 235201 1 80 128
82 G 151 21 235088 150
83 G 329 3 235067 11
84 T 105 895 21 234389
85 G 196 0 235107 107
86 A 235232 0 156 22
87 T 244 525 20 234621
88 G 922 90 234252 146
89 C 96 234979 16 319
90 C 245 234943 3 219
91 C 101 235132 0 177
92 C 125 235009 0 276
93 A 235000 45 203 162
94 T 73 476 2 234859
95 T 0 231 217 234962
96 C 39 235318 3 50
97 C 159 235165 3 83
98 T 357 293 55 234705
99 T 158 164 37 235051
100 G 199 229 234820 162
101 A 235087 10 133 180
102 T 2 102 2 235304
103 C 308 235048 2 52
104 G 106 6 235227 71
105 G 26 2 235367 15
106 C 20 235360 4 26
107 T 90 116 7 235197
108 T 14 56 7 235333
109 C 98 235092 1 219
110 G 86 26 235262 36
111 C 16 235327 2 65
112 C 177 234964 6 263
113 G 196 12 234948 254
114 A 235103 43 126 138
115 G 291 6 234886 227
116 A 234753 12 301 344
117 T 239 382 15 234774
118 C 234 235043 0 133
119 A 234583 64 451 312
120 G 93 4 235188 125
121 A 234736 16 462 196
122 A 234878 27 297 208
123 G 93 20 235263 34
124 T 14 122 0 235274
125 C 64 235233 7 106
126 C 92 235148 5 165
127 C 158 234844 217 191
128 T 257 213 16 234924
129 A 234691 5 534 180
130 A 234521 29 420 440
131 G 100 12 235173 125
132 A 235176 1 108 125
133 G 145 56 235030 179
134 G 168 1 235117 124
135 A 234850 12 133 415
136 A 234089 52 718 551
137 G 135 4 235204 67
138 A 235047 44 162 157
139 G 264 59 234907 180
140 G 377 12 234915 106
141 C 50 234886 6 468
142 A 234476 21 585 328
143 G 181 23 235117 89
144 C 28 235146 58 178
145 A 234911 32 299 168
146 C 54 235146 13 197
147 T 123 277 6 235004
148 C 266 234965 9 170
149 T 310 659 115 234326
150 T 590 455 112 234253
151 G 503 3 234632 272
152 G 316 134 234782 178
153 T 280 398 22 234710
154 C 627 234469 35 279
155 T 479 683 18 234230
156 G 219 109 234475 607
157 G 229 13 234902 266
158 A 233468 25 1609 308
159 C 42 235064 15 289
160 A 234832 17 323 238
161 T 203 465 14 234728
162 C 351 234465 16 578
163 G 586 57 234212 555
164 A 233887 29 1002 492
165 A 234264 16 759 371
166 A 188348 109 556 645
167 C 14 189482 7 155
168 A 188604 230 527 297
169 G 988 66 188282 322
170 C 185 189229 66 178
171 C 468 188743 42 405
172 A 187826 182 693 957
173 C 33 188901 151 573
174 C 803 188203 79 573
175 C 709 187942 5 1002
176 G 358 32 189220 48
177 T 302 498 50 188808
178 G 406 223 188871 158
179 C 113 189171 51 323
180 T 330 714 43 188571
181 G 92 42 189090 434
182 G 174 24 189280 180
183 A 188374 27 1041 216
184 A 188130 75 951 502
185 A 188496 78 912 172
186 G 331 86 189162 79
187 C 30 189438 8 182
188 A 188985 13 390 270
189 A 188453 62 681 462
190 A 188914 121 470 153
191 T 160 446 17 189035
192 A 188916 7 461 274
193 G 241 50 189282 85
194 T 158 437 58 189005
195 G 199 6 189383 70
196 G 309 10 189161 178
197 A 188752 39 706 161
198 G 528 90 188902 138
199 C 44 189547 11 56
200 G 264 4 189029 361
201 G 94 6 189498 60
202 A 189354 10 255 39
203 T 150 107 32 189369
204 T 79 182 11 189386
205 C 167 189207 2 282
206 T 172 515 47 188924
207 G 147 32 189331 148
208 A 189096 6 434 122
209 A 189008 32 413 205
210 G 139 28 189287 204
211 G 79 10 189561 8
212 A 189318 3 333 4
213 A 189056 35 346 221
214 G 59 0 189503 96
215 A 189415 38 198 7
216 A 189402 4 175 77
217 T 77 261 9 189311
218 C 158 189439 8 53
219 T 314 634 32 188678
220 G 159 7 189283 209
221 A 189092 307 259 0
222 T 4 2 0 189652
223 G 57 229 189133 239
224 A 189552 3 1 102
225 G 79 2 189524 53
226 G 130 5 189513 10
227 C 11 189630 12 5
228 A 189461 16 57 124
229 C 108 189234 1 315
230 T 177 244 10 189227
231 C 342 189199 0 117
232 A 189043 17 334 264
233 A 188667 46 615 330
234 A 189020 103 220 315
235 A 189362 21 130 145
236 T 86 95 6 189471
237 G 213 8 188934 503
238 A 189294 12 236 116
239 C 114 189273 42 229
240 C 324 189019 33 282
241 A 189081 18 269 290
242 T 239 374 75 188970
243 G 189 9 189402 58
244 G 5 19 189617 17
245 C 1 189554 15 88
246 C 54 189498 31 75
247 T 86 256 9 189307
248 C 111 189470 2 75
249 T 329 284 88 188957
250 G 206 18 189417 17
251 T 98 211 3 189346
252 A 189364 3 193 98
253 C 116 188761 119 662
254 C 781 188610 66 201
255 T 888 722 108 187940
256 G 151 18 189394 95
257 C 58 189239 96 265
258 A 189186 3 409 60
259 T 52 208 28 189370
260 C 286 189129 1 242
261 G 336 18 189111 193
262 C 673 188499 2 484
263 G 494 47 189061 56
264 C 544 188519 79 516
265 T 152 211 28 189267
266 A 188899 11 457 291
267 C 36 189362 14 246
268 C 359 189076 20 203
269 T 301 271 18 189068
270 A 189249 27 195 187
271 A 189108 37 348 165
272 C 31 189365 13 249
273 T 292 432 60 188874
274 G 90 23 189129 416
275 A 188651 144 614 249
276 C 17 189538 8 95
277 A 189234 24 314 86
278 T 158 845 45 188610
279 G 301 13 189052 292
280 A 189045 22 400 191
281 C 59 189442 33 124
282 T 121 508 36 188993
283 C 228 189409 2 19
284 T 354 819 12 188473
285 T 507 777 27 188347
286 G 355 31 189031 241
287 A 188878 43 449 288
288 G 218 184 188955 301
289 G 81 2 189376 199
290 A 189129 44 219 266
291 A 188580 52 843 183
292 A 188084 15 1350 209
293 T 302 510 19 188827
294 G 345 182 189082 49
295 T 220 581 28 188829
296 C 610 188925 8 115
297 A 188626 45 802 185
298 A 188813 40 621 184
299 G 151 2 189433 72
300 G 757 5 188865 31
301 C 55 189306 4 293
302 A 188246 45 1009 358
303 C 127 188983 35 513
304 T 1040 245 55 188318
305 G 209 153 188977 319
306 G 165 12 189404 77
307 T 195 207 56 189200
308 T 575 722 8 188353
309 C 392 189121 0 145
310 A 189066 18 208 366
311 T 231 351 29 189047
312 G 402 65 254351 383
313 C 367 254149 123 562
314 T 399 338 22 254442
315 C 835 254078 2 286
316 A 254478 31 479 213
317 T 391 438 40 254332
318 G 381 80 254592 148
319 C 86 254725 83 307
320 C 456 254476 34 235
321 C 396 254466 15 324
322 A 253994 78 622 507
323 A 253458 55 579 1109
324 G 527 60 254239 375
325 C 68 254996 14 123
326 A 254742 14 210 235
327 G 123 34 254903 141
328 A 254752 26 289 134
329 A 253901 80 609 611
330 A 254337 46 382 436
331 G 252 18 254875 56
332 T 262 443 37 254459
333 G 512 12 254219 458
334 G 1259 26 253534 382
335 C 150 253911 13 1127
336 A 253644 51 216 1290
337 G 169 2 254819 211
338 G 185 7 254915 94
339 C 5 255185 9 2
340 C 26 255150 0 25
341 C 1 255198 0 2
342 T 1 347 3 254850
343 C 17 255115 0 69
344 T 6 107 4 255084
345 T 2 37 3 255159
346 T 10 6 0 255185
347 G 12 0 255178 11
348 T 7 5 0 255189
349 A 255143 0 9 49
350 T 25 25 3 255148
351 C 21 255019 0 161
352 A 255135 12 5 49
353 G 82 4 255065 50
354 A 255085 1 111 4
355 A 255154 0 20 27
356 T 62 5 0 255134
357 G 33 0 255124 44
358 G 2 1 255193 5
359 A 255088 1 112 0
360 C 10 255186 2 3
361 C 7 255187 0 7
362 A 255156 8 3 34
363 G 10 2 255169 20
364 G 8 0 255192 1
365 C 1 255195 4 1
366 G 0 1 255191 9
367 A 255201 0 0 0
368 T 29 1 61 255110
369 C 2 255199 0 0
370 A 255192 6 2 1
371 T 21 13 0 255167
372 G 6 1 255103 91
373 G 5 7 255188 1
374 A 255146 1 47 7
375 T 6 15 0 255180
376 A 255181 2 9 9
377 A 255190 0 6 5
378 G 54 0 255130 17
379 A 255184 0 16 1
380 A 255187 0 12 2
381 C 8 255188 1 4
382 A 254957 60 99 85
383 T 173 342 15 254671
384 C 289 254755 3 154
385 A 254493 29 414 265
386 T 135 68 9 254989
387 A 254827 60 180 134
388 C 96 254868 81 156
389 T 193 292 43 254673
390 G 130 3 254917 151
391 A 254712 9 215 265
392 A 254576 18 490 117
393 A 254720 40 347 94
394 G 11 5 255120 65
395 C 92 254741 18 350
396 G 228 6 254479 488
397 A 254829 2 237 133
398 A 254803 14 327 57
399 C 48 254888 30 235
400 T 125 256 9 254811
401 T 79 179 15 254928
402 C 63 255028 1 109
403 A 254494 36 414 257
404 G 274 48 254821 58
405 T 157 351 15 254678
406 G 198 58 254890 55
407 T 183 467 27 254524
408 G 117 0 254735 349
409 A 254967 7 191 36
410 T 146 196 14 254845
411 T 231 311 27 254632
412 T 158 359 38 254646
413 T 218 530 29 254424
414 T 72 292 8 254829
415 G 155 0 254729 317
416 A 254575 15 457 154
417 C 32 254917 37 215
418 C 1125 253288 139 649
419 G 444 36 254329 392
420 G 523 72 254361 245
421 C 173 254628 14 386
422 T 216 261 45 254679
423 G 424 55 254266 456
424 G 284 4 254821 92
425 A 254469 21 440 271
426 G 91 4 254883 223
427 A 254714 4 345 138
428 C 65 254985 14 137
429 T 157 184 15 254845
430 C 100 254922 9 170
431 T 268 251 23 254659
432 A 254891 3 110 197
433 A 254422 22 601 156
434 T 44 308 0 254849
435 A 254792 0 343 66
436 T 178 417 14 254592
437 T 87 264 9 254841
438 A 254923 23 233 22
439 C 49 254926 99 127
440 T 267 234 8 254692
441 A 254384 13 706 98
442 A 254551 89 240 321
443 G 77 0 255053 71
444 G 235 6 254912 48
445 G 122 9 255053 17
446 C 40 254892 10 259
447 C 255 254830 0 116
448 T 294 54 19 254834
449 T 197 208 13 254783
450 C 172 254735 11 283
451 A 254714 2 350 135
452 C 29 254966 25 181
453 C 610 253744 26 821
454 G 54 1 254940 206
455 A 255072 5 63 61
456 A 255091 7 83 20
457 G 27 1 255115 58
458 A 258041 2 743 13
459 G 33 0 258609 157
460 G 218 1 258536 44
461 G 42 2 258729 26
462 G 27 1 258739 32
463 A 257755 6 1026 12
464 C 4 258765 2 28
465 A 258287 11 292 209
466 A 257117 1 1521 160
467 T 282 328 20 258169
468 T 448 511 52 257788
469 G 127 44 258601 27
470 T 570 1020 62 257147
471 T 407 229 18 258145
472 G 64 10 258488 237
473 G 32 4 258741 22
474 C 56 258465 4 274
475 G 66 3 258460 270
476 A 258602 6 129 62
477 A 258307 6 201 285
478 A 258631 13 30 125
479 T 103 185 6 258505
480 T 286 727 3 257783
481 T 192 121 17 258469
482 C 295 258462 7 35
483 A 258605 2 176 16
484 C 16 258754 0 29
485 C 185 258577 1 36
486 A 258591 13 110 85
487 C 134 257952 45 668
488 T 112 301 7 258379
489 G 66 5 258664 64
490 C 10 258594 2 193
491 C 79 258697 0 23
492 C 38 258744 0 17
493 T 131 49 2 258617
494 C 27 258766 0 6
495 T 9 51 1 258738
496 C 116 258677 0 6
497 T 23 56 3 258717
498 T 9 171 1 258618
499 C 76 258704 2 17
500 C 343 258307 7 142
501 A 258606 17 47 129
502 G 56 45 258465 233
503 G 325 2 258377 95
504 A 258731 0 23 45
505 C 38 258447 7 307
506 A 258597 10 162 30
507 T 86 206 3 258504
508 A 258490 9 190 110
509 C 65 258524 37 173
510 T 317 145 8 258329
511 G 311 24 258261 203
512 A 258427 13 192 167
513 T 91 428 39 258241
514 G 0 8 258686 105
515 A 258799 0 0 0
516 G 187 25 258312 275
517 G 87 9 258695 8
518 A 258741 15 0 43
519 T 69 118 35 258577
520 G 490 18 258263 28
521 T 142 162 7 258488
522 C 335 258378 3 83
523 A 257974 41 645 139
524 A 258181 43 414 161
525 A 258336 32 309 122
526 A 258302 16 279 202
527 A 258331 65 238 165
528 T 27 126 2 258644
529 G 215 5 258564 15
530 C 87 258492 121 99
531 A 257547 56 737 459
532 G 262 63 258377 97
533 T 141 375 25 258258
534 T 252 306 39 258202
535 G 231 3 258432 133
536 G 291 9 258390 109
537 G 283 14 258405 97
538 G 197 14 258568 20
539 T 23 445 4 258327
540 C 19 258594 5 181
541 C 158 258504 0 137
542 T 98 85 5 258611
543 C 75 258617 1 106
544 A 258306 14 313 166
545 T 85 198 43 258473
546 C 189 258430 18 162
547 G 561 38 258021 179
548 G 165 3 258515 116
549 A 258235 3 284 277
550 G 91 3 258575 130
551 G 83 3 258491 222
552 A 258373 9 212 205
553 C 64 258453 2 280
554 T 200 171 24 258404
555 T 222 289 39 258249
556 G 260 9 258122 408
557 A 257659 15 541 584
558 A 258094 20 408 277
559 T 193 310 16 258280
560 G 124 7 258445 223
561 G 84 18 258382 315
562 A 258246 24 290 239
563 A 258014 11 561 213
564 T 72 174 2 258551
565 A 258502 11 182 104
566 A 258079 28 488 204
567 T 88 348 7 258356
568 A 258494 5 232 68
569 A 258338 25 252 184
570 C 10 258650 22 117
571 A 258028 8 604 159
572 C 20 258418 108 253
573 A 258147 27 495 130
574 G 251 62 258389 97
575 T 214 313 16 258256
576 T 76 302 4 258417
577 C 681 257930 3 185
578 G 961 3 257513 322
579 A 257596 1 932 270
580 G 87 74 258566 72
581 T 293 207 37 258262
582 C 476 258043 15 265
583 T 455 585 28 257731
584 C 159 258553 0 87
585 T 268 480 14 258037
586 G 174 0 258497 128
587 A 258284 12 385 118
588 A 238083 47 509 152
589 A 238290 28 412 61
590 C 33 238565 71 122
591 T 159 380 6 238246
592 C 155 238477 4 155
593 T 296 437 16 238042
594 A 237932 22 693 144
595 C 27 238459 21 284
596 A 237490 54 969 278
597 G 257 0 238372 162
598 A 238262 30 379 120
599 G 111 10 238404 266
600 A 238061 10 653 67
601 T 100 12 19 238660
602 T 214 238 30 238309
603 C 358 238190 15 228
604 G 777 39 237887 88
605 C 60 238512 8 211
606 T 636 963 66 237126
607 T 776 879 72 237064
608 G 102 44 238518 127
609 G 60 5 238567 159
610 A 238173 34 382 202
611 G 213 0 238483 95
612 A 238400 31 244 116
613 A 238107 17 481 186
614 G 389 90 238016 296
615 C 47 238587 46 111
616 A 237613 35 555 588
617 G 166 62 238514 49
618 T 132 263 37 238359
619 A 238184 11 316 280
620 A 238473 18 131 169
621 T 54 195 3 238539
622 G 109 0 238456 226
623 A 238290 58 319 124
624 G 63 1 238497 230
625 A 238153 12 568 58
626 A 238017 67 359 348
627 T 86 237 12 238456
628 G 355 4 238228 204
629 G 82 4 238621 84
630 G 127 0 238650 14
631 A 238377 24 343 47
632 G 124 0 238549 118
633 A 238620 1 165 5
634 C 27 238564 63 137
635 C 140 238545 6 100
636 T 229 215 8 238339
637 C 144 238303 9 335
638 C 224 238285 21 261
639 A 238207 24 263 297
640 C 26 238308 33 424
641 T 599 172 43 237977
642 C 10 238408 6 367
643 A 238773 2 14 2
644 C 279 238107 327 78
645 T 208 8 4 238571
646 C 359 238237 4 191
647 C 236 238436 4 115
648 A 238325 11 303 152
649 A 237671 43 797 280
650 A 238147 61 278 305
651 A 238305 60 250 176
652 C 12 238598 35 146
653 A 238513 43 117 118
654 G 49 0 238611 131
655 A 238600 16 157 18
656 A 238506 24 118 143
657 A 238301 42 401 47
658 C 101 238325 22 343
659 G 456 148 238027 160
660 G 196 6 238502 87
661 A 237839 16 690 246
662 A 237889 100 719 83
663 A 238059 92 535 105
664 A 238458 10 295 28
665 T 14 108 6 238663
666 G 73 0 238629 89
667 G 204 17 238525 45
668 C 300 237981 58 452
669 G 492 4 238036 259
670 G 800 7 237620 364
671 G 191 4 238262 334
672 A 238390 5 216 180
673 A 237688 14 923 166
674 C 6 238712 0 73
675 A 237934 7 433 417
676 A 238191 13 405 182
677 T 199 390 19 238183
678 T 72 224 8 238487
679 A 238337 9 367 78
680 G 258 2 238287 244
681 G 167 22 238578 24
682 T 385 632 17 237757
683 C 461 238267 2 61
684 A 209246 13 536 271
685 G 120 0 209888 58
686 A 209784 25 219 38
687 A 209572 13 327 154
688 G 57 17 209986 6
689 T 46 166 7 209847
690 T 106 224 4 209732
691 T 177 469 25 209395
692 G 40 5 209793 228
693 A 209618 10 388 50
