# POSITION WT A C G T
20 C 653 181078 3 162
21 A 180650 30 775 441
22 A 181204 22 424 246
23 G 251 22 181547 76
24 C 68 181673 12 143
25 T 202 363 59 181272
26 T 317 500 59 181020
27 T 306 605 38 180947
28 C 167 181634 1 94
29 A 180616 51 760 469
30 G 266 68 181001 561
31 G 280 77 181489 50
32 T 170 459 15 181252
33 A 181053 11 494 338
34 G 164 45 181408 279
35 A 181407 12 301 176
36 T 178 500 24 181194
37 T 253 464 16 181163
38 G 360 34 181460 42
39 C 135 181574 6 181
40 T 299 558 72 180967
41 T 257 569 49 181021
42 T 136 299 18 181443
43 C 157 181660 11 68
44 T 261 364 90 181181
45 T 356 626 82 180832
46 T 512 699 73 180612
47 G 404 32 181092 368
48 G 574 80 181029 213
49 C 103 181189 52 552
50 A 180934 22 557 383
51 T 241 474 37 181144
52 G 359 68 181432 37
53 T 370 520 32 180974
54 C 264 181392 10 230
55 C 482 180862 21 531
56 G 712 83 180887 214
57 C 93 181520 18 265
58 A 180911 29 546 410
59 A 180995 24 490 387
60 A 181396 32 251 217
61 A 180999 30 598 269
62 G 79 4 181651 162
63 A 181236 26 312 322
64 G 219 63 181581 33
65 T 258 452 47 181139
66 T 410 740 55 180691
67 G 463 27 181309 97
68 C 107 181278 22 489
69 A 180473 51 837 535
70 G 236 35 181155 470
71 A 181269 20 336 271
72 C 71 181570 43 212
73 C 216 181423 3 254
74 A 180725 47 608 516
75 A 180658 53 798 387
76 G 114 7 181585 190
77 A 181439 17 295 145
78 A 181375 22 337 162
79 C 32 181711 7 146
80 T 236 542 13 181105
81 A 180963 45 494 394
82 G 290 56 181079 471
83 G 285 19 181569 23
84 T 296 662 63 180875
85 G 199 2 181510 185
86 A 180972 25 586 313
87 T 166 567 23 181140
88 G 452 56 181315 73
89 C 113 181113 337 333
90 C 266 181275 14 341
91 C 284 181277 6 329
92 C 197 181450 1 248
93 A 181295 270 217 114
94 T 419 747 35 180695
95 T 185 580 30 181101
96 C 157 181456 2 281
97 C 140 181653 5 98
98 T 335 885 52 180624
99 T 303 699 55 180839
100 G 174 46 181112 564
101 A 181196 17 341 342
102 T 278 421 17 181180
103 C 473 181097 7 319
104 G 415 27 181204 250
105 G 410 40 181346 100
106 C 123 181534 33 206
107 T 276 501 47 181072
108 T 172 342 10 181372
109 C 111 181543 1 241
110 G 734 118 180859 185
111 C 89 181504 6 297
112 C 523 180715 29 629
113 G 500 48 180883 465
114 A 180825 31 540 500
115 G 234 34 181359 269
116 A 181186 15 340 355
117 T 305 536 9 181046
118 C 296 181348 4 248
119 A 180282 56 866 692
120 G 140 5 181579 172
121 A 181185 33 394 284
122 A 181096 42 503 255
123 G 149 49 181677 21
124 T 141 419 21 181315
125 C 250 181501 4 141
126 C 144 181516 6 230
127 C 186 181544 5 161
128 T 310 372 27 181187
129 A 181123 18 509 246
130 A 180783 46 460 607
131 G 144 18 181607 127
132 A 181309 22 340 225
133 G 171 58 181387 280
134 G 139 11 181593 153
135 A 180996 26 517 357
136 A 180609 49 748 490
137 G 98 8 181719 71
138 A 181297 28 348 223
139 G 183 36 181501 176
140 G 356 13 181440 87
141 C 86 181364 20 426
142 A 180806 36 675 379
143 G 616 68 181011 201
144 C 58 181532 35 271
145 A 181379 22 328 167
146 C 80 181628 13 175
147 T 199 331 16 181350
148 C 270 181494 7 125
149 T 419 816 62 180599
150 T 320 633 54 180889
151 G 379 23 181259 235
152 G 408 96 181327 65
153 T 181 358 21 181336
154 C 489 181214 18 175
155 T 464 744 53 180635
156 G 215 106 180959 616
157 G 281 17 181346 252
158 A 180750 42 677 427
159 C 37 181497 33 329
160 A 181267 22 354 253
161 T 244 611 21 181020
162 C 286 181110 33 467
163 G 436 29 180992 439
164 A 180705 30 688 473
165 A 181008 37 548 303
166 A 153730 22 399 240
167 C 14 154164 17 196
168 A 153716 40 335 300
169 G 375 32 153886 98
170 C 150 153841 25 375
171 C 288 153823 28 252
172 A 153661 30 385 315
173 C 13 154066 24 288
174 C 447 153690 45 209
175 C 254 153772 4 361
176 G 628 42 153666 55
177 T 250 479 46 153616
178 G 442 110 153703 136
179 C 210 153869 32 280
180 T 298 496 33 153564
181 G 195 34 153833 329
182 G 164 38 154032 157
183 A 153637 19 483 252
184 A 153611 25 533 222
185 A 153676 42 398 275
186 G 218 58 154023 92
187 C 27 154171 10 183
188 A 153784 21 383 203
189 A 153592 27 499 273
190 A 153900 31 280 180
191 T 167 300 6 153918
192 A 153827 19 270 275
193 G 286 45 153992 68
194 T 138 505 34 153714
195 G 209 9 154089 84
196 G 229 11 153940 211
197 A 153393 30 541 427
198 G 264 48 153962 117
199 C 76 153952 24 339
200 G 288 30 153732 341
201 G 171 21 153977 222
202 A 154027 10 222 132
203 T 168 341 55 153827
204 T 122 223 33 154013
205 C 199 154131 2 59
206 T 249 666 42 153434
207 G 165 48 153911 267
208 A 153451 32 533 375
209 A 153645 41 373 332
210 G 160 51 153961 219
211 G 109 8 154130 144
212 A 153741 14 400 236
213 A 153479 21 571 320
214 G 54 1 154186 150
215 A 154008 10 246 127
216 A 153880 4 377 130
217 T 73 240 7 154071
218 C 269 153992 6 124
219 T 482 627 39 153243
220 G 159 22 153976 234
221 A 153644 30 461 256
222 T 139 319 17 153916
223 G 161 0 154153 77
224 A 153406 24 539 422
225 G 200 5 154036 150
226 G 530 52 153686 123
227 C 63 154007 27 294
228 A 153736 48 349 258
229 C 127 154110 3 151
230 T 374 436 28 153553
231 C 413 153812 3 163
232 A 153445 39 597 310
233 A 153215 26 729 421
234 A 153759 54 301 277
235 A 153429 24 291 647
236 T 157 372 369 153493
237 G 545 9 153248 589
238 A 153279 369 517 226
239 C 185 153921 15 270
240 C 714 153353 39 285
241 A 153631 56 423 281
242 T 302 576 37 153476
243 G 297 8 153988 98
244 G 432 27 153864 68
245 C 54 154013 21 303
246 C 224 153982 22 163
247 T 235 370 33 153753
248 C 134 154108 9 140
249 T 381 679 61 153270
250 G 371 46 153957 17
251 T 171 436 11 153773
252 A 153758 12 400 221
253 C 65 153987 24 315
254 C 321 153848 7 215
255 T 553 750 49 153039
256 G 413 53 153796 129
257 C 75 153974 47 295
258 A 153823 7 382 179
259 T 136 336 7 153912
260 C 279 153800 5 307
261 G 575 60 153596 160
262 C 114 153805 21 451
263 G 499 85 153700 107
264 C 222 153927 24 218
265 T 190 469 22 153710
266 A 153895 15 335 146
267 C 28 154183 3 177
268 C 160 154044 10 177
269 T 290 372 25 153704
270 A 153772 11 412 196
271 A 153540 54 473 324
272 C 42 154150 29 170
273 T 481 692 58 153160
274 G 230 34 153471 656
275 A 153258 70 546 517
276 C 25 154099 22 245
277 A 153655 24 482 230
278 T 227 558 46 153560
279 G 220 17 153667 487
280 A 153760 26 382 223
281 C 73 154107 27 184
282 T 309 300 17 153765
283 C 223 154057 6 105
284 T 365 571 51 153404
285 T 378 612 51 153350
286 G 186 17 154030 158
287 A 153488 28 530 345
288 G 143 36 153952 260
289 G 107 5 154138 141
290 A 153666 29 365 331
291 A 153510 24 548 309
292 A 153785 26 348 232
293 T 179 350 34 153828
294 G 242 12 154118 19
295 T 205 559 20 153607
296 C 603 153570 16 202
297 A 153276 60 633 422
298 A 153498 26 455 412
299 G 114 3 154151 123
300 G 496 32 153805 58
301 C 55 154031 6 299
302 A 153664 24 412 291
303 C 79 154045 11 256
304 T 397 400 54 153540
305 G 242 44 153723 382
306 G 349 78 153920 44
307 T 203 540 16 153632
308 T 290 431 28 153642
309 C 309 153930 2 150
310 A 153450 31 596 314
311 T 250 457 30 153654
312 G 512 85 203548 177
313 C 387 203368 91 476
314 T 635 634 45 203008
315 C 823 203190 14 295
316 A 203312 50 613 347
317 T 440 649 41 203192
318 G 525 78 203622 97
319 C 172 203565 73 512
320 C 521 203359 26 416
321 C 264 203656 28 374
322 A 202988 94 712 528
323 A 202824 81 711 706
324 G 528 81 203511 202
325 C 90 203833 38 361
326 A 203217 44 581 480
327 G 124 58 203932 208
328 A 203611 36 430 245
329 A 203370 51 562 339
330 A 203198 60 525 539
331 G 230 33 204009 50
332 T 291 695 49 203287
333 G 330 14 203595 383
334 G 747 48 203324 203
335 C 105 203426 36 755
336 A 202588 71 861 802
337 G 343 10 203689 280
338 G 538 79 203608 97
339 C 78 204149 31 64
340 C 140 203990 0 192
341 C 239 203899 1 183
342 T 170 435 24 203693
343 C 197 204010 0 115
344 T 456 429 129 203308
345 T 431 795 85 203011
346 T 447 464 58 203353
347 G 471 97 203723 31
348 T 241 527 10 203544
349 A 203549 13 446 314
350 T 506 538 31 203247
351 C 516 203568 9 229
352 A 202684 93 839 706
353 G 288 59 203437 538
354 A 203574 36 423 289
355 A 203378 54 615 275
356 T 178 459 21 203664
357 G 316 3 203800 203
358 G 284 18 203681 339
359 A 203456 27 670 169
360 C 93 203653 113 463
361 C 240 203735 32 315
362 A 202995 68 624 635
363 G 336 48 203365 573
364 G 395 29 203765 133
365 C 177 203755 65 325
366 G 456 41 203247 578
367 A 203705 8 417 192
368 T 421 463 26 203412
369 C 433 203654 7 228
370 A 202891 62 716 653
371 T 420 662 57 203183
372 G 379 42 203284 617
373 G 278 15 203770 259
374 A 203268 26 719 309
375 T 251 309 7 203755
376 A 203515 28 502 277
377 A 203285 50 483 504
378 G 196 12 203635 479
379 A 203673 16 476 157
380 A 203453 42 605 222
381 C 32 204004 42 244
382 A 203547 44 486 245
383 T 342 653 19 203308
384 C 312 203808 7 195
385 A 203094 44 687 497
386 T 343 481 15 203483
387 A 203702 17 329 274
388 C 144 203695 128 355
389 T 494 787 53 202988
390 G 204 10 203896 212
391 A 203218 57 628 419
392 A 203275 57 664 326
393 A 203252 120 514 436
394 G 223 23 203981 95
395 C 118 203593 33 578
396 G 387 4 203302 629
397 A 203383 20 562 357
398 A 203602 35 496 189
399 C 42 203967 48 265
400 T 247 610 56 203409
401 T 428 540 48 203306
402 C 186 203939 11 186
403 A 202797 79 844 602
404 G 567 121 203508 126
405 T 315 566 60 203381
406 G 436 107 203733 46
407 T 460 871 55 202936
408 G 225 4 203588 505
409 A 203638 13 560 111
410 T 166 330 34 203792
411 T 334 401 60 203527
412 T 351 498 55 203418
413 T 331 714 38 203239
414 T 272 699 30 203321
415 G 244 10 203295 773
416 A 203327 27 648 320
417 C 81 203648 102 491
418 C 932 202521 152 717
419 G 602 103 202907 710
420 G 722 118 203180 302
421 C 246 203586 52 438
422 T 476 879 65 202902
423 G 351 89 203368 514
424 G 191 13 204013 105
425 A 202969 28 780 545
426 G 146 26 203807 343
427 A 203531 40 527 224
428 C 61 204052 12 197
429 T 254 346 13 203709
430 C 142 204050 12 118
431 T 423 491 28 203380
432 A 203564 11 640 107
433 A 203682 7 425 208
434 T 79 205 4 204034
435 A 203996 2 265 59
436 T 278 350 26 203668
437 T 137 521 10 203654
438 A 203955 12 298 57
439 C 27 204127 45 123
440 T 322 515 10 203475
441 A 203605 30 539 148
442 A 203351 54 418 499
443 G 218 1 203929 174
444 G 227 6 204001 88
445 G 410 34 203828 50
446 C 67 203824 32 399
447 C 222 203922 5 173
448 T 458 847 85 202932
449 T 490 751 31 203050
450 C 239 203820 23 240
451 A 203102 33 852 335
452 C 36 203768 49 469
453 C 846 202723 99 654
454 G 491 23 203328 480
455 A 202849 59 867 547
456 A 203155 69 719 379
457 G 152 3 203986 181
458 A 194925 31 950 227
459 G 295 42 195473 323
460 G 284 16 195655 178
461 G 434 23 195251 425
462 G 281 27 195502 323
463 A 194909 20 852 352
464 C 16 195736 42 339
465 A 195166 45 606 316
466 A 195391 8 462 272
467 T 279 311 18 195525
468 T 339 318 30 195446
469 G 294 37 195776 26
470 T 437 555 50 195091
471 T 755 583 54 194741
472 G 416 60 195240 417
473 G 452 36 195504 141
474 C 207 195081 111 734
475 G 253 10 195561 309
476 A 195330 14 481 308
477 A 195618 28 267 220
478 A 195787 13 211 122
479 T 156 394 18 195565
480 T 198 517 23 195395
481 T 286 692 30 195125
482 C 312 195627 13 181
483 A 195158 37 710 228
484 C 86 195524 83 440
485 C 626 194954 113 440
486 A 195082 49 491 511
487 C 145 195393 108 487
488 T 641 752 48 194692
489 G 622 63 195303 145
490 C 79 195613 52 389
491 C 151 195644 22 316
492 C 265 195564 6 298
493 T 303 457 19 195354
494 C 165 195813 8 147
495 T 292 380 23 195438
496 C 271 195763 2 97
497 T 431 611 59 195032
498 T 319 742 21 195051
499 C 235 195594 25 279
500 C 632 195161 41 299
501 A 194869 40 806 418
502 G 137 73 195334 589
503 G 352 7 195449 325
504 A 195100 28 582 423
505 C 28 195806 35 264
506 A 195452 37 414 230
507 T 190 389 30 195524
508 A 195480 25 374 254
509 C 121 195457 135 420
510 T 629 614 68 194822
511 G 258 16 195614 245
512 A 195138 23 615 357
513 T 262 501 47 195323
514 G 244 0 195716 173
515 A 195114 32 618 369
516 G 225 41 195526 341
517 G 232 31 195659 211
518 A 195233 29 499 372
519 T 327 427 41 195338
520 G 454 67 195577 35
521 T 323 476 12 195322
522 C 706 195168 15 244
523 A 194724 52 937 420
524 A 195110 57 657 309
525 A 195425 40 355 313
526 A 195495 77 349 212
527 A 195223 49 308 553
528 T 178 404 431 195120
529 G 378 435 195204 116
530 C 572 194618 382 561
531 A 194130 363 1130 510
532 G 519 44 195039 531
533 T 347 549 336 194901
534 T 513 744 82 194794
535 G 347 21 195363 402
536 G 358 28 195612 135
537 G 294 22 195672 145
538 G 364 27 195691 51
539 T 259 442 25 195407
540 C 125 195762 7 239
541 C 243 195631 4 255
542 T 347 514 35 195237
543 C 168 195771 7 187
544 A 195143 40 670 280
545 T 380 567 29 195157
546 C 366 195369 19 379
547 G 583 62 194866 622
548 G 269 21 195676 167
549 A 195073 21 672 367
550 G 253 7 195646 227
551 G 163 5 195714 251
552 A 195523 19 381 210
553 C 80 195816 15 222
554 T 331 596 31 195175
555 T 363 772 56 194942
556 G 186 26 195367 554
557 A 194905 27 798 403
558 A 195099 30 685 319
559 T 321 406 36 195370
560 G 196 10 195663 264
561 G 160 27 195500 446
562 A 194976 26 695 436
563 A 195265 18 560 290
564 T 126 287 15 195705
565 A 195766 10 269 88
566 A 195457 26 431 219
567 T 77 301 3 195752
568 A 195702 24 264 143
569 A 195304 53 467 309
570 C 30 195780 49 274
571 A 195256 34 565 278
572 C 41 195457 64 571
573 A 195185 57 496 395
574 G 292 74 195670 97
575 T 243 563 32 195295
576 T 280 775 27 195051
577 C 653 195021 13 446
578 G 441 12 195349 331
579 A 195056 12 655 410
580 G 173 23 195889 48
581 T 342 438 37 195316
582 C 455 195479 18 181
583 T 360 536 32 195205
584 C 161 195841 1 130
585 T 526 966 74 194567
586 G 113 2 195841 177
587 A 195095 31 620 387
588 A 188992 29 478 229
589 A 189170 36 409 113
590 C 18 189550 43 117
591 T 276 395 14 189043
592 C 214 189401 9 104
593 T 401 609 39 188679
594 A 188946 19 590 173
595 C 52 189224 69 383
596 A 188187 89 804 648
597 G 112 2 189450 164
598 A 189056 51 379 242
599 G 60 15 189410 243
600 A 189319 11 304 94
601 T 119 149 16 189444
602 T 273 488 39 188928
603 C 445 189000 14 269
604 G 457 65 189118 88
605 C 142 189287 19 280
606 T 691 799 106 188132
607 T 708 813 58 188149
608 G 300 34 189183 211
609 G 175 4 189413 136
610 A 188690 29 651 358
611 G 93 1 189458 176
612 A 188890 43 505 290
613 A 188712 29 596 391
614 G 304 42 189247 135
615 C 62 189322 22 322
616 A 188629 35 610 454
617 G 183 77 189423 45
618 T 208 316 16 189188
619 A 189102 24 425 177
620 A 188712 42 583 391
621 T 132 462 13 189121
622 G 163 1 189196 368
623 A 188639 53 627 409
624 G 68 2 189290 368
625 A 188869 26 538 295
626 A 188830 51 594 253
627 T 213 507 41 188967
628 G 258 6 189254 210
629 G 240 21 189183 284
630 G 154 5 189485 84
631 A 188651 30 671 376
632 G 155 8 189304 261
633 A 189116 21 434 157
634 C 25 189419 35 249
635 C 148 189311 7 262
636 T 469 879 29 188351
637 C 177 189237 22 292
638 C 428 188907 48 345
639 A 188556 67 589 516
640 C 55 189268 49 356
641 T 689 671 55 188313
642 C 671 188737 30 290
643 A 188762 75 522 369
644 C 97 189241 73 317
645 T 511 612 32 188573
646 C 462 188978 20 268
647 C 483 188912 41 292
648 A 188494 109 757 368
649 A 188428 80 782 438
650 A 188972 80 393 283
651 A 188967 43 416 302
652 C 18 189450 49 211
653 A 188856 53 533 286
654 G 90 0 189423 215
655 A 189018 34 401 275
656 A 189115 65 231 317
657 A 188790 127 552 259
658 C 385 188804 178 361
659 G 346 366 188791 225
660 G 237 4 189334 153
661 A 188395 31 1021 281
662 A 188807 22 660 239
663 A 189028 98 432 170
664 A 189160 32 366 170
665 T 93 209 12 189414
666 G 189 6 189369 164
667 G 391 47 189128 162
668 C 249 188569 122 788
669 G 609 26 188783 310
670 G 307 11 189142 268
671 G 200 5 189101 422
672 A 188870 18 619 221
673 A 188941 19 609 159
674 C 5 189478 13 232
675 A 188951 33 446 298
676 A 189071 18 478 161
677 T 301 408 27 188992
678 T 289 453 35 188951
679 A 188919 26 454 329
680 G 232 23 189222 251
681 G 252 30 189415 31
682 T 337 682 29 188680
683 C 461 189000 22 245
684 A 181424 54 943 488
685 G 86 3 182722 98
686 A 182125 26 514 244
687 A 181941 72 593 303
688 G 77 29 182789 14
689 T 74 383 44 182408
690 T 227 852 30 181800
691 T 304 860 32 181713
692 G 154 8 182473 274
693 A 181644 22 849 394
