# POSITION WT A C G T
20 C 136 207100 0 522
21 A 207503 6 240 9
22 A 207375 9 186 188
23 G 419 11 207268 60
24 C 21 207704 0 33
25 T 236 331 49 207142
26 T 343 132 15 207268
27 T 444 705 94 206515
28 C 36 207708 0 14
29 A 206774 48 572 364
30 G 30 19 207584 125
31 G 122 13 207616 7
32 T 57 203 0 207498
33 A 207242 1 289 226
34 G 305 52 207219 182
35 A 207218 4 422 114
36 T 221 1137 68 206332
37 T 113 197 37 207411
38 G 341 6 207369 42
39 C 177 207153 9 419
40 T 451 53 23 207231
41 T 218 545 10 206985
42 T 177 154 14 207413
43 C 149 207511 7 91
44 T 245 453 79 206981
45 T 342 471 156 206789
46 T 611 439 70 206638
47 G 64 68 207423 203
48 G 884 18 206847 9
49 C 17 207439 1 301
50 A 207694 2 45 17
51 T 95 188 20 207455
52 G 60 2 207686 10
53 T 1 44 2 207711
54 C 57 207691 3 7
55 C 54 207615 1 88
56 G 90 3 207651 14
57 C 8 207744 0 6
58 A 207647 1 73 37
59 A 207282 16 200 260
60 A 207492 30 121 115
61 A 207258 23 334 143
62 G 106 0 207631 21
63 A 207369 22 227 140
64 G 167 40 207511 40
65 T 75 511 3 207169
66 T 82 262 0 207414
67 G 27 0 207725 6
68 C 4 207734 1 19
69 A 207731 0 19 8
70 G 18 2 207633 105
71 A 207733 0 25 0
72 C 8 207738 2 10
73 C 1 207757 0 0
74 A 207648 3 4 103
75 A 207264 15 102 377
76 G 0 0 207701 57
77 A 207653 4 82 19
78 A 207409 22 167 160
79 C 24 207661 5 68
80 T 258 233 5 207262
81 A 207482 0 126 150
82 G 107 4 207525 122
83 G 253 0 207503 2
84 T 101 1352 34 206271
85 G 158 0 207555 45
86 A 207624 0 103 31
87 T 179 506 19 207054
88 G 910 58 206655 135
89 C 47 207381 10 320
90 C 275 207240 3 240
91 C 65 207573 0 120
92 C 58 207550 2 148
93 A 207427 32 151 148
94 T 85 428 1 207244
95 T 1 236 129 207392
96 C 30 207654 0 74
97 C 149 207524 6 79
98 T 356 302 70 207030
99 T 173 235 41 207309
100 G 146 190 207343 79
101 A 207443 10 118 187
102 T 11 132 6 207609
103 C 103 207620 1 34
104 G 46 0 207659 53
105 G 52 1 207694 11
106 C 19 207696 2 41
107 T 81 101 13 207563
108 T 42 92 31 207593
109 C 83 207501 4 170
110 G 163 37 207500 58
111 C 20 207649 0 89
112 C 128 207435 2 193
113 G 126 6 207538 88
114 A 207399 15 180 164
115 G 294 10 207348 106
116 A 207049 8 368 333
117 T 207 281 10 207260
118 C 54 207596 0 108
119 A 206936 32 457 333
120 G 81 4 207611 62
121 A 207319 17 298 124
122 A 207428 8 219 103
123 G 81 25 207626 26
124 T 23 102 7 207626
125 C 46 207615 0 97
126 C 77 207517 1 163
127 C 198 207220 131 209
128 T 203 169 5 207381
129 A 207116 11 426 205
130 A 206984 44 392 338
131 G 115 8 207452 183
132 A 207558 3 117 80
133 G 125 25 207489 119
134 G 132 0 207559 67
135 A 207148 4 184 422
136 A 206918 28 451 361
137 G 98 6 207615 39
138 A 207466 24 152 116
139 G 212 53 207355 138
140 G 333 5 207300 120
141 C 44 207318 4 392
142 A 206929 12 568 249
143 G 217 23 207423 95
144 C 16 207463 67 212
145 A 207247 20 323 168
146 C 65 207568 3 122
147 T 177 266 5 207310
148 C 160 207507 5 86
149 T 237 509 61 206951
150 T 465 414 80 206799
151 G 412 7 207172 167
152 G 250 105 207236 167
153 T 263 353 17 207125
154 C 369 207076 4 309
155 T 389 572 22 206775
156 G 206 112 206989 451
157 G 188 2 207462 106
158 A 205667 41 1732 318
159 C 42 207458 19 239
160 A 207125 9 383 241
161 T 236 517 25 206980
162 C 200 206920 28 610
163 G 545 58 206904 251
164 A 206202 30 1027 499
165 A 206689 25 713 331
166 A 181075 80 471 534
167 C 3 181984 5 168
168 A 181122 153 527 358
169 G 761 72 180966 361
170 C 182 181745 75 158
171 C 378 181342 59 381
172 A 180767 132 450 811
173 C 31 181590 114 425
174 C 811 180803 34 512
175 C 502 181043 7 608
176 G 386 20 181708 46
177 T 391 518 75 181176
178 G 470 87 181487 116
179 C 121 181720 11 308
180 T 346 642 44 181128
181 G 87 24 181776 273
182 G 91 19 181900 150
183 A 180948 34 968 210
184 A 180920 62 809 369
185 A 181112 68 797 183
186 G 245 50 181814 51
187 C 8 182027 4 121
188 A 181619 3 376 162
189 A 181128 59 670 303
190 A 181619 49 348 144
191 T 135 370 4 181651
192 A 181430 9 429 292
193 G 268 46 181763 83
194 T 124 363 39 181634
195 G 179 9 181913 59
196 G 279 14 181772 95
197 A 181378 15 595 172
198 G 574 82 181402 102
199 C 63 181935 14 148
200 G 257 17 181441 445
201 G 177 11 181884 88
202 A 181807 16 205 132
203 T 113 135 41 181871
204 T 64 147 8 181941
205 C 139 181759 0 262
206 T 181 383 14 181582
207 G 192 30 181813 125
208 A 181620 13 350 177
209 A 181455 39 448 218
210 G 163 58 181812 127
211 G 72 15 182057 16
212 A 181834 3 304 19
213 A 181480 32 419 229
214 G 55 0 182040 65
215 A 181898 50 194 18
216 A 181711 31 317 101
217 T 61 386 10 181703
218 C 121 181949 5 85
219 T 411 673 18 181058
220 G 148 2 181926 84
221 A 181666 266 226 2
222 T 8 3 0 182149
223 G 73 303 181501 283
224 A 181995 8 4 153
225 G 103 5 181997 55
226 G 145 17 181980 18
227 C 13 182128 7 12
228 A 181925 23 81 131
229 C 79 181718 1 362
230 T 169 184 26 181781
231 C 122 181879 3 156
232 A 181520 24 319 297
233 A 180994 25 827 314
234 A 181631 62 265 202
235 A 181751 44 187 178
236 T 43 108 4 182005
237 G 189 9 181744 218
238 A 181800 4 239 117
239 C 84 181853 45 178
240 C 188 181639 100 233
241 A 181682 11 259 208
242 T 236 345 43 181536
243 G 227 25 181864 44
244 G 7 19 182113 21
245 C 1 182056 3 100
246 C 42 182040 18 60
247 T 81 262 2 181815
248 C 121 181933 2 104
249 T 505 383 82 181190
250 G 179 13 181957 11
251 T 109 306 17 181728
252 A 181807 2 214 137
253 C 114 181358 109 579
254 C 592 181296 55 217
255 T 941 903 109 180207
256 G 193 24 181846 97
257 C 37 181754 69 300
258 A 181627 3 454 76
259 T 73 178 23 181886
260 C 179 181757 6 218
261 G 500 14 181419 227
262 C 636 181109 5 410
263 G 436 30 181662 32
264 C 565 181051 76 468
265 T 77 233 17 181833
266 A 181483 2 417 258
267 C 16 181940 7 197
268 C 449 181529 23 159
269 T 237 234 16 181673
270 A 181702 27 189 242
271 A 181619 27 338 176
272 C 25 181881 15 239
273 T 250 405 47 181458
274 G 102 4 181913 141
275 A 181405 90 514 151
276 C 17 182018 6 119
277 A 181800 35 248 77
278 T 96 588 39 181437
279 G 181 5 181847 127
280 A 181641 37 352 130
281 C 51 181994 18 97
282 T 122 582 30 181426
283 C 145 181992 1 22
284 T 390 739 21 181010
285 T 337 765 172 180886
286 G 331 31 181699 99
287 A 181505 44 402 209
288 G 197 116 181529 318
289 G 39 8 182008 105
290 A 181818 29 171 142
291 A 181091 66 830 173
292 A 180124 27 1750 259
293 T 234 516 13 181397
294 G 251 270 181615 24
295 T 268 406 27 181459
296 C 149 181884 13 114
297 A 181010 39 845 266
298 A 181542 42 457 119
299 G 135 0 181952 73
300 G 846 6 181286 22
301 C 68 181792 9 291
302 A 180939 49 802 370
303 C 118 181559 58 425
304 T 894 247 60 180959
305 G 278 72 181616 194
306 G 137 9 181947 67
307 T 195 178 55 181732
308 T 384 665 9 181102
309 C 168 181863 0 129
310 A 181592 7 235 326
311 T 278 404 16 181462
312 G 284 39 215424 288
313 C 341 215345 67 282
314 T 287 226 18 215504
315 C 267 215561 3 204
316 A 215431 19 405 180
317 T 330 444 27 215234
318 G 294 66 215541 134
319 C 70 215724 49 192
320 C 277 215561 15 182
321 C 244 215460 22 309
322 A 215197 58 422 358
323 A 214749 22 500 764
324 G 359 26 215348 302
325 C 28 215882 7 118
326 A 215616 9 160 250
327 G 128 47 215800 60
328 A 215697 11 231 96
329 A 214892 33 689 421
330 A 215336 29 399 271
331 G 125 22 215846 42
332 T 217 379 14 215425
333 G 486 14 215289 246
334 G 876 11 214824 324
335 C 163 214932 8 932
336 A 214271 38 393 1333
337 G 102 1 215832 100
338 G 89 5 215880 61
339 C 10 216017 6 2
340 C 21 215981 0 33
341 C 0 216030 0 5
342 T 1 332 6 215696
343 C 31 215906 0 98
344 T 21 143 10 215861
345 T 3 82 1 215949
346 T 6 7 0 216022
347 G 8 0 216015 12
348 T 4 1 2 216028
349 A 215982 0 12 41
350 T 83 46 3 215903
351 C 17 215838 0 180
352 A 215937 10 7 81
353 G 125 14 215830 66
354 A 215817 2 213 3
355 A 215936 20 31 48
356 T 68 9 0 215958
357 G 45 0 215945 45
358 G 6 0 216024 5
359 A 215923 0 112 0
360 C 24 216009 0 2
361 C 4 216030 0 1
362 A 215960 20 8 47
363 G 61 16 215930 28
364 G 12 0 216023 0
365 C 0 216028 5 2
366 G 0 6 216020 9
367 A 216034 0 1 0
368 T 47 0 133 215855
369 C 0 216035 0 0
370 A 216004 8 18 5
371 T 61 19 0 215955
372 G 11 5 215848 171
373 G 4 9 216019 3
374 A 215912 0 116 7
375 T 6 21 0 216008
376 A 216019 3 2 11
377 A 215998 1 16 20
378 G 134 0 215894 7
379 A 215986 0 48 1
380 A 216018 0 15 2
381 C 34 215994 1 6
382 A 215822 21 136 56
383 T 160 209 10 215656
384 C 138 215740 0 157
385 A 215353 27 425 230
386 T 143 111 7 215774
387 A 215638 64 175 158
388 C 60 215741 73 161
389 T 133 182 34 215686
390 G 117 2 215815 101
391 A 215732 10 123 170
392 A 215609 10 339 77
393 A 215595 28 325 87
394 G 30 4 215960 41
395 C 49 215754 43 189
396 G 286 4 215501 244
397 A 215723 4 182 126
398 A 215706 12 282 35
399 C 32 215798 17 188
400 T 110 230 9 215686
401 T 95 101 8 215831
402 C 30 215869 12 124
403 A 215463 30 314 228
404 G 210 43 215736 46
405 T 138 408 17 215472
406 G 215 36 215759 25
407 T 133 409 11 215482
408 G 135 2 215756 142
409 A 215795 16 186 38
410 T 100 117 17 215801
411 T 148 240 24 215623
412 T 117 317 55 215546
413 T 135 391 47 215462
414 T 68 339 8 215620
415 G 151 1 215776 107
416 A 215451 7 490 87
417 C 29 215680 54 272
418 C 1071 214367 128 469
419 G 343 34 215478 180
420 G 530 40 215319 146
421 C 97 215594 12 332
422 T 169 214 30 215622
423 G 353 57 215192 433
424 G 195 6 215806 28
425 A 215506 12 312 205
426 G 104 6 215821 104
427 A 215363 9 515 148
428 C 32 215873 12 118
429 T 128 155 15 215737
430 C 72 215790 3 170
431 T 145 171 16 215703
432 A 215691 5 131 208
433 A 215196 27 704 108
434 T 29 231 1 215774
435 A 215733 1 238 63
436 T 138 328 6 215563
437 T 48 149 0 215838
438 A 215807 9 195 24
439 C 34 215801 56 144
440 T 145 154 3 215733
441 A 215324 14 551 146
442 A 215706 55 103 171
443 G 52 0 215925 58
444 G 173 0 215824 38
445 G 76 8 215936 15
446 C 52 215776 30 177
447 C 231 215630 3 171
448 T 159 52 13 215811
449 T 115 169 5 215746
450 C 59 215725 4 247
451 A 215660 2 274 99
452 C 22 215847 27 139
453 C 454 214882 26 673
454 G 47 1 215889 98
455 A 215932 2 40 61
456 A 215939 0 65 31
457 G 17 1 215990 27
458 A 213717 2 917 10
459 G 32 0 214515 99
460 G 80 7 214518 41
461 G 32 1 214593 20
462 G 36 1 214592 17
463 A 213891 0 736 19
464 C 5 214617 3 21
465 A 214263 11 209 163
466 A 212879 4 1679 84
467 T 167 207 10 214262
468 T 364 524 37 213721
469 G 112 28 214493 13
470 T 294 795 35 213522
471 T 335 182 27 214102
472 G 46 28 214506 66
473 G 32 4 214597 13
474 C 27 214285 7 327
475 G 47 0 214544 55
476 A 214480 8 126 32
477 A 214240 16 168 222
478 A 214528 8 36 74
479 T 74 114 1 214457
480 T 158 542 2 213944
481 T 159 82 12 214393
482 C 65 214556 3 22
483 A 214472 1 163 10
484 C 5 214622 1 18
485 C 57 214562 3 24
486 A 214423 7 116 100
487 C 75 213934 39 598
488 T 104 172 0 214370
489 G 50 2 214539 55
490 C 7 214494 6 139
491 C 37 214592 0 17
492 C 54 214566 0 26
493 T 145 15 3 214483
494 C 28 214610 1 7
495 T 9 50 0 214587
496 C 55 214578 0 13
497 T 11 60 3 214572
498 T 13 137 0 214496
499 C 40 214593 0 13
500 C 219 214257 11 159
501 A 214340 12 130 164
502 G 53 49 214327 217
503 G 272 4 214313 57
504 A 214547 5 20 74
505 C 18 214372 4 252
506 A 214475 5 119 47
507 T 38 147 2 214459
508 A 214429 7 138 72
509 C 112 214357 42 135
510 T 566 161 28 213891
511 G 408 10 214108 120
512 A 214269 5 174 198
513 T 82 482 35 214047
514 G 0 3 214592 51
515 A 214646 0 0 0
516 G 157 11 214224 254
517 G 103 6 214532 5
518 A 214591 8 0 47
519 T 46 101 32 214467
520 G 389 14 214204 39
521 T 93 163 4 214386
522 C 166 214367 2 111
523 A 213933 15 627 71
524 A 214045 29 433 139
525 A 214218 23 300 105
526 A 214172 31 261 182
527 A 214140 85 303 118
528 T 36 163 0 214447
529 G 139 2 214493 12
530 C 49 214409 91 97
531 A 213464 38 700 444
532 G 254 49 214296 47
533 T 71 302 10 214263
534 T 278 288 25 214055
535 G 201 1 214291 153
536 G 253 3 214298 92
537 G 274 2 214290 80
538 G 182 8 214400 56
539 T 36 423 6 214181
540 C 23 214449 4 170
541 C 101 214455 0 90
542 T 76 83 0 214487
543 C 45 214463 0 138
544 A 214186 17 322 121
545 T 68 190 20 214368
546 C 87 214357 12 190
547 G 394 41 214117 94
548 G 148 9 214392 97
549 A 213999 2 355 290
550 G 76 4 214516 50
551 G 125 4 214433 84
552 A 214209 7 235 195
553 C 46 214379 7 214
554 T 132 134 7 214373
555 T 220 377 76 213973
556 G 241 11 214290 104
557 A 213839 13 383 411
558 A 214036 11 413 186
559 T 190 214 24 214218
560 G 83 2 214492 69
561 G 61 7 214481 97
562 A 214233 43 215 155
563 A 214049 2 501 94
564 T 127 152 2 214365
565 A 214414 12 168 52
566 A 214134 9 416 87
567 T 69 384 6 214187
568 A 214443 9 144 50
569 A 214320 16 167 143
570 C 8 214465 6 167
571 A 214053 9 468 116
572 C 18 214329 119 180
573 A 214076 26 452 92
574 G 264 28 214303 51
575 T 133 191 9 214313
576 T 98 225 1 214322
577 C 235 214310 9 92
578 G 740 6 213783 117
579 A 213672 2 669 303
580 G 114 50 214425 57
581 T 185 170 34 214257
582 C 182 214183 28 253
583 T 421 338 19 213868
584 C 95 214508 0 43
585 T 195 428 7 214016
586 G 177 1 214432 36
587 A 214212 7 346 81
588 A 204425 42 473 140
589 A 204676 11 305 88
590 C 29 204902 57 92
591 T 228 358 4 204490
592 C 77 204892 1 110
593 T 190 328 25 204537
594 A 204314 29 657 80
595 C 31 204892 22 135
596 A 204074 28 759 219
597 G 186 1 204789 104
598 A 204807 9 189 75
599 G 80 7 204909 84
600 A 204431 6 595 48
601 T 66 19 17 204978
602 T 198 147 22 204713
603 C 107 204803 4 166
604 G 590 30 204407 53
605 C 65 204836 5 174
606 T 662 1289 72 203057
607 T 704 924 72 203380
608 G 108 37 204867 68
609 G 60 6 204912 102
610 A 204394 49 412 225
611 G 202 0 204820 58
612 A 204758 13 150 159
613 A 204442 26 432 180
614 G 406 145 204259 270
615 C 41 204857 40 142
616 A 204342 36 271 431
617 G 180 71 204769 60
618 T 87 232 19 204742
619 A 204607 10 231 232
620 A 204593 24 192 271
621 T 40 203 2 204835
622 G 182 0 204793 105
623 A 204575 89 303 113
624 G 56 8 204861 155
625 A 204611 26 339 104
626 A 204557 62 242 219
627 T 103 223 30 204724
628 G 383 2 204540 155
629 G 49 5 204959 67
630 G 107 0 204956 17
631 A 204684 26 287 83
632 G 53 0 204955 72
633 A 204967 6 85 22
634 C 12 204891 92 85
635 C 95 204917 1 67
636 T 119 162 15 204784
637 C 244 204427 8 401
638 C 92 204717 19 252
639 A 204544 28 358 150
640 C 20 204513 53 494
641 T 727 146 38 204169
642 C 3 204853 6 218
643 A 205066 0 9 5
644 C 87 204474 450 69
645 T 380 21 11 204668
646 C 183 204725 7 165
647 C 124 204869 2 85
648 A 204344 11 565 160
649 A 203605 34 1050 391
650 A 204579 19 158 324
651 A 204650 64 176 190
652 C 15 204854 52 159
653 A 204841 100 84 55
654 G 45 0 204934 101
655 A 204907 15 114 44
656 A 204867 6 82 125
657 A 204620 22 376 62
658 C 138 204425 23 494
659 G 353 170 204461 96
660 G 171 9 204849 51
661 A 204152 19 712 197
662 A 203588 43 1370 79
663 A 204183 82 684 131
664 A 204557 14 468 41
665 T 30 87 7 204956
666 G 86 1 204935 58
667 G 243 34 204756 47
668 C 421 203982 12 665
669 G 549 4 204167 360
670 G 1225 4 203321 530
671 G 215 5 204722 138
672 A 204796 8 136 140
673 A 203482 19 1376 203
674 C 11 204966 1 102
675 A 204092 15 526 447
676 A 204384 3 563 130
677 T 183 221 33 204643
678 T 87 232 12 204749
679 A 204772 3 259 46
680 G 180 0 204733 167
681 G 104 20 204949 7
682 T 211 1121 14 203734
683 C 166 204873 6 35
684 A 217174 11 704 268
685 G 117 2 217983 55
686 A 217855 21 217 64
687 A 217607 19 366 165
688 G 48 18 218083 8
689 T 92 161 23 217881
690 T 146 278 3 217730
691 T 190 520 26 217421
692 G 79 7 217996 75
693 A 217678 15 389 75
