# POSITION WT RMS_dPI dPI_A dPI_C dPI_D dPI_E dPI_F dPI_G dPI_H dPI_I dPI_K dPI_L dPI_M dPI_N dPI_P dPI_Q dPI_R dPI_S dPI_T dPI_V dPI_W dPI_Y dPI_*
1 M 0.0581763 -0.0433397 -0.0510038 -0.055211 0.0156753 -0.0207681 0.091606 -0.0553381 0.00574529 -0.0496323 0.129102 -0.0304486 -0.0203205 -0.0358777 0 0.0850348 -0.0542592 0.127021 -0.0550009 0 0.0170148 0
2 I 0 0 0 0 0 0 0 0 0 0 0 0 0 0 0 0 0 0 0 0 0 0
3 E 0 0 0 0 0 0 0 0 0 0 0 0 0 0 0 0 0 0 0 0 0 0
4 Q 0 0 0 0 0 0 0 0 0 0 0 0 0 0 0 0 0 0 0 0 0 0
5 D 0.0496178 -0.0148388 -0.0307345 -0.0242282 -0.0207991 0.0147108 -0.0484158 -0.0358708 0.103155 0.0342166 -0.02568 0 -0.0533371 -0.0489268 0.0968778 0.0406213 -0.0298667 0.113528 -0.0534273 -0.0169846 0 0
6 G 0 0 0 0 0 0 0 0 0 0 0 0 0 0 0 0 0 0 0 0 0 0
7 L 0.0664463 0.158088 0.167827 0 -0.0648183 0 -0.0592896 -0.0816789 0 0.0671533 -0.0261012 0 0 -0.0461311 0 0.0562617 -0.0830959 0 -0.0882158 0 0 0
8 H 0.115384 0 0.489376 -0.0549523 0.0449001 0 -0.0775277 -0.0823297 0 0 -0.0464833 -0.0747745 -0.0601124 -0.0811627 0 -0.0141214 0.0185888 0 -0.061401 0 0 0
9 A 0 0 0 0 0 0 0 0 0 0 0 0 0 0 0 0 0 0 0 0 0 0
10 G 0 0 0 0 0 0 0 0 0 0 0 0 0 0 0 0 0 0 0 0 0 0
11 S 0 0 0 0 0 0 0 0 0 0 0 0 0 0 0 0 0 0 0 0 0 0
12 P 0 0 0 0 0 0 0 0 0 0 0 0 0 0 0 0 0 0 0 0 0 0
13 A 0 0 0 0 0 0 0 0 0 0 0 0 0 0 0 0 0 0 0 0 0 0
14 A 0 0 0 0 0 0 0 0 0 0 0 0 0 0 0 0 0 0 0 0 0 0
15 W 0 0 0 0 0 0 0 0 0 0 0 0 0 0 0 0 0 0 0 0 0 0
16 V 0 0 0 0 0 0 0 0 0 0 0 0 0 0 0 0 0 0 0 0 0 0
17 E 0 0 0 0 0 0 0 0 0 0 0 0 0 0 0 0 0 0 0 0 0 0
18 R 0 0 0 0 0 0 0 0 0 0 0 0 0 0 0 0 0 0 0 0 0 0
19 L 0 0 0 0 0 0 0 0 0 0 0 0 0 0 0 0 0 0 0 0 0 0
20 F 0 0 0 0 0 0 0 0 0 0 0 0 0 0 0 0 0 0 0 0 0 0
21 G 0 0 0 0 0 0 0 0 0 0 0 0 0 0 0 0 0 0 0 0 0 0
22 Y 0 0 0 0 0 0 0 0 0 0 0 0 0 0 0 0 0 0 0 0 0 0
23 D 0 0 0 0 0 0 0 0 0 0 0 0 0 0 0 0 0 0 0 0 0 0
24 W 0 0 0 0 0 0 0 0 0 0 0 0 0 0 0 0 0 0 0 0 0 0
25 A 0.0689028 -0.080602 0 0.0691648 0.221243 0 -0.0790445 0 0.0723191 -0.0729425 -0.0768495 0 0 0 0.0886615 -0.032267 -0.0376601 0.00787734 -0.0798997 0 0 0
26 Q 0 0 0 0 0 0 0 0 0 0 0 0 0 0 0 0 0 0 0 0 0 0
27 Q 0.0843319 0.0635818 0 0 0 0 0 0 -0.00756785 0 0.338415 0 -0.0666438 -0.0738462 -0.0902797 -0.0759676 -0.0119661 0.00628495 -0.0820103 0 0 0
28 T 0 0 0 0 0 0 0 0 0 0 0 0 0 0 0 0 0 0 0 0 0 0
29 I 0 0 0 0 0 0 0 0 0 0 0 0 0 0 0 0 0 0 0 0 0 0
30 G 0 0 0 0 0 0 0 0 0 0 0 0 0 0 0 0 0 0 0 0 0 0
31 C 0 0 0 0 0 0 0 0 0 0 0 0 0 0 0 0 0 0 0 0 0 0
32 S 0 0 0 0 0 0 0 0 0 0 0 0 0 0 0 0 0 0 0 0 0 0
33 D 0 0 0 0 0 0 0 0 0 0 0 0 0 0 0 0 0 0 0 0 0 0
34 A 0 0 0 0 0 0 0 0 0 0 0 0 0 0 0 0 0 0 0 0 0 0
35 A 0 0 0 0 0 0 0 0 0 0 0 0 0 0 0 0 0 0 0 0 0 0
36 V 0.0352316 0 0 0 0 0 -0.017009 0 0 0 -0.0813676 0 0 0 0 -0.0354213 0 0 0.133798 0 0 0
37 F 0 0 0 0 0 0 0 0 0 0 0 0 0 0 0 0 0 0 0 0 0 0
38 R 0 0 0 0 0 0 0 0 0 0 0 0 0 0 0 0 0 0 0 0 0 0
39 L 0 0 0 0 0 0 0 0 0 0 0 0 0 0 0 0 0 0 0 0 0 0
40 S 0 0 0 0 0 0 0 0 0 0 0 0 0 0 0 0 0 0 0 0 0 0
41 A 0 0 0 0 0 0 0 0 0 0 0 0 0 0 0 0 0 0 0 0 0 0
42 Q 0.0831287 -0.0603328 0 -0.0677074 -0.0482275 -0.0344823 0 0 0 0 -0.0753138 0 0 -0.0641518 -0.0269895 0.00403626 -0.071567 0.319398 0.125338 0 0 0
43 G 0 0 0 0 0 0 0 0 0 0 0 0 0 0 0 0 0 0 0 0 0 0
44 R 0 0 0 0 0 0 0 0 0 0 0 0 0 0 0 0 0 0 0 0 0 0
45 P 0 0 0 0 0 0 0 0 0 0 0 0 0 0 0 0 0 0 0 0 0 0
46 V 0 0 0 0 0 0 0 0 0 0 0 0 0 0 0 0 0 0 0 0 0 0
47 L 0 0 0 0 0 0 0 0 0 0 0 0 0 0 0 0 0 0 0 0 0 0
48 F 0 0 0 0 0 0 0 0 0 0 0 0 0 0 0 0 0 0 0 0 0 0
49 V 0 0 0 0 0 0 0 0 0 0 0 0 0 0 0 0 0 0 0 0 0 0
50 K 0 0 0 0 0 0 0 0 0 0 0 0 0 0 0 0 0 0 0 0 0 0
51 T 0.0521886 -0.100805 0 0 0 0 0 0 0 0 -0.0653263 0 0.133951 -0.121418 -0.0134377 0.0375431 0.0720906 0.0574027 0 0 0 0
52 D 0.0776071 0.0497432 -0.0770483 -0.0279065 -0.0527821 0 -0.0643965 0 0.0349029 0 0.0760822 -0.0550015 0 0 0.297701 0 -0.057918 -0.0808508 -0.0425258 0 0 0
53 L 0.0718077 -0.0319568 0 0.0580982 -0.0494672 -0.0524653 0.222822 0.00191606 0.00156658 -0.00425816 -0.0557601 -0.0378508 -0.0539049 0.0244787 0 -0.0507062 -0.00805794 -0.0405176 0.17758 -0.0499493 -0.0515669 0
54 S 0.0487235 0 0 0 -0.0999065 0 0 0.0342277 0 0 -0.0505449 0 -0.0544977 0.0476057 0 0.154417 0.0416879 0 -0.0729889 0 0 0
55 G 0.0525933 -0.0654659 -0.0701505 0 0 0.0374907 -0.0633357 -0.0779533 0 0 -0.0132876 0 0 0 0.0229956 -0.0506364 0.0888527 0.158547 0.0329434 0 0 0
56 A 0 0 0 0 0 0 0 0 0 0 0 0 0 0 0 0 0 0 0 0 0 0
57 L 0.107272 0 0 0 0 0 0 -0.0926825 0 0 -0.209133 0 0 0.419031 0 -0.117216 0 0 0 0 0 0
58 N 0 0 0 0 0 0 0 0 0 0 0 0 0 0 0 0 0 0 0 0 0 0
59 E 0 0 0 0 0 0 0 0 0 0 0 0 0 0 0 0 0 0 0 0 0 0
60 L 0 0 0 0 0 0 0 0 0 0 0 0 0 0 0 0 0 0 0 0 0 0
61 Q 0 0 0 0 0 0 0 0 0 0 0 0 0 0 0 0 0 0 0 0 0 0
62 D 0 0 0 0 0 0 0 0 0 0 0 0 0 0 0 0 0 0 0 0 0 0
63 E 0 0 0 0 0 0 0 0 0 0 0 0 0 0 0 0 0 0 0 0 0 0
64 A 0 0 0 0 0 0 0 0 0 0 0 0 0 0 0 0 0 0 0 0 0 0
65 A 0.0501042 -0.10912 0.0598068 0 0.0439471 0 0 0 0 0 0 0 0 -0.0900919 0 0.0229213 0.145883 0 -0.0733466 0 0 0
66 R 0 0 0 0 0 0 0 0 0 0 0 0 0 0 0 0 0 0 0 0 0 0
67 L 0.0571339 0 0 0 0 0 0 0.130933 0 0 -0.117312 0 0 0.150901 0 -0.108141 -0.0563799 0 0 0 0 0
68 S 0 0 0 0 0 0 0 0 0 0 0 0 0 0 0 0 0 0 0 0 0 0
69 W 0 0 0 0 0 0 0 0 0 0 0 0 0 0 0 0 0 0 0 0 0 0
70 L 0 0 0 0 0 0 0 0 0 0 0 0 0 0 0 0 0 0 0 0 0 0
71 A 0 0 0 0 0 0 0 0 0 0 0 0 0 0 0 0 0 0 0 0 0 0
72 T 0 0 0 0 0 0 0 0 0 0 0 0 0 0 0 0 0 0 0 0 0 0
73 T 0 0 0 0 0 0 0 0 0 0 0 0 0 0 0 0 0 0 0 0 0 0
74 G 0.0342927 -0.111121 0 0 0 0 0.111121 0 0 0 0 0 0 0 0 0 0 0 0 0 0 0
75 V 0.089971 -0.11035 0 0 0 0 0 0 0 0 -0.141277 0 0 0 0.0289809 0 0 0.348208 -0.125562 0 0 0
76 P 0 0 0 0 0 0 0 0 0 0 0 0 0 0 0 0 0 0 0 0 0 0
77 C 0 0 0 0 0 0 0 0 0 0 0 0 0 0 0 0 0 0 0 0 0 0
78 A 0 0 0 0 0 0 0 0 0 0 0 0 0 0 0 0 0 0 0 0 0 0
79 A 0 0 0 0 0 0 0 0 0 0 0 0 0 0 0 0 0 0 0 0 0 0
80 V 0 0 0 0 0 0 0 0 0 0 0 0 0 0 0 0 0 0 0 0 0 0
81 L 0 0 0 0 0 0 0 0 0 0 0 0 0 0 0 0 0 0 0 0 0 0
82 D 0 0 0 0 0 0 0 0 0 0 0 0 0 0 0 0 0 0 0 0 0 0
83 V 0 0 0 0 0 0 0 0 0 0 0 0 0 0 0 0 0 0 0 0 0 0
84 V 0 0 0 0 0 0 0 0 0 0 0 0 0 0 0 0 0 0 0 0 0 0
85 T 0.0402259 -0.142388 0.0844517 0 0 0 0 0 0.0122444 0 0 0 0 0 0 0 -0.0426101 0.0253088 0.0629929 0 0 0
86 E 0 0 0 0 0 0 0 0 0 0 0 0 0 0 0 0 0 0 0 0 0 0
87 A 0 0 0 0 0 0 0 0 0 0 0 0 0 0 0 0 0 0 0 0 0 0
88 G 0.0416151 0 0 0.00942824 0 0 -0.08806 0 0 0 0.060957 0 -0.0916735 0 0 0.086756 0.0769582 0 -0.0543661 0 0 0
89 R 0 0 0 0 0 0 0 0 0 0 0 0 0 0 0 0 0 0 0 0 0 0
90 D 0 0 0 0 0 0 0 0 0 0 0 0 0 0 0 0 0 0 0 0 0 0
91 W 0 0 0 0 0 0 0 0 0 0 0 0 0 0 0 0 0 0 0 0 0 0
92 L 0.0648484 0.248844 -0.10318 0 0 0 0 0 0 0 -0.0221692 0 0 -0.123494 0 0 0 0 0 0 0 0
93 L 0 0 0 0 0 0 0 0 0 0 0 0 0 0 0 0 0 0 0 0 0 0
94 L 0 0 0 0 0 0 0 0 0 0 0 0 0 0 0 0 0 0 0 0 0 0
95 G 0 0 0 0 0 0 0 0 0 0 0 0 0 0 0 0 0 0 0 0 0 0
96 E 0 0 0 0 0 0 0 0 0 0 0 0 0 0 0 0 0 0 0 0 0 0
97 V 0 0 0 0 0 0 0 0 0 0 0 0 0 0 0 0 0 0 0 0 0 0
98 P 0 0 0 0 0 0 0 0 0 0 0 0 0 0 0 0 0 0 0 0 0 0
99 G 0 0 0 0 0 0 0 0 0 0 0 0 0 0 0 0 0 0 0 0 0 0
100 Q 0 0 0 0 0 0 0 0 0 0 0 0 0 0 0 0 0 0 0 0 0 0
101 D 0.0418552 0.0876963 0 -0.146026 0 0 0.0635689 0 0 0 0 0 0 0 0 0 -0.0457487 0 0.040509 0 0 0
102 L 0 0 0 0 0 0 0 0 0 0 0 0 0 0 0 0 0 0 0 0 0 0
103 L 0 0 0 0 0 0 0 0 0 0 0 0 0 0 0 0 0 0 0 0 0 0
104 S 0.076179 0 0 0 0 0 0.0790085 0 0.231229 0 -0.00478919 0 0 0 0 -0.140135 -0.136758 -0.122415 0.0938596 0 0 0
105 S 0 0 0 0 0 0 0 0 0 0 0 0 0 0 0 0 0 0 0 0 0 0
106 H 0 0 0 0 0 0 0 0 0 0 0 0 0 0 0 0 0 0 0 0 0 0
107 L 0.0191391 0 0 0 0 0 0 0 0 0 0.0702097 0 0 -0.0473175 0 0 0 0 -0.0228922 0 0 0
108 A 0 0 0 0 0 0 0 0 0 0 0 0 0 0 0 0 0 0 0 0 0 0
109 P 0 0 0 0 0 0 0 0 0 0 0 0 0 0 0 0 0 0 0 0 0 0
110 A 0.039083 0.0772667 -0.114791 0 0 0 0 0 0 0 0.0782183 0 0 0.0343512 0 0 -0.0750451 0 0 0 0 0
111 E 0 0 0 0 0 0 0 0 0 0 0 0 0 0 0 0 0 0 0 0 0 0
112 K 0.0380958 0 0 0 0 0 0 0 0.123444 -0.123444 0 0 0 0 0 0 0 0 0 0 0 0
113 V 0 0 0 0 0 0 0 0 0 0 0 0 0 0 0 0 0 0 0 0 0 0
114 S 0 0 0 0 0 0 0 0 0 0 0 0 0 0 0 0 0 0 0 0 0 0
115 I 0 0 0 0 0 0 0 0 0 0 0 0 0 0 0 0 0 0 0 0 0 0
116 M 0 0 0 0 0 0 0 0 0 0 0 0 0 0 0 0 0 0 0 0 0 0
117 A 0.12789 0.507142 0 0 0 0 0 0 0 0 0 0 0 0 0 -0.152488 -0.185665 -0.168989 0 0 0 0
118 D 0 0 0 0 0 0 0 0 0 0 0 0 0 0 0 0 0 0 0 0 0 0
119 A 0 0 0 0 0 0 0 0 0 0 0 0 0 0 0 0 0 0 0 0 0 0
120 M 0 0 0 0 0 0 0 0 0 0 0 0 0 0 0 0 0 0 0 0 0 0
121 R 0 0 0 0 0 0 0 0 0 0 0 0 0 0 0 0 0 0 0 0 0 0
122 R 0 0 0 0 0 0 0 0 0 0 0 0 0 0 0 0 0 0 0 0 0 0
123 L 0 0 0 0 0 0 0 0 0 0 0 0 0 0 0 0 0 0 0 0 0 0
124 H 0.039634 0 0 0.0358334 0 0 0 0.039802 0 0 -0.0658846 0 0 -0.0112145 -0.00108762 -0.0501461 0.130629 -0.0779316 0 0 0 0
125 T 0 0 0 0 0 0 0 0 0 0 0 0 0 0 0 0 0 0 0 0 0 0
126 L 0.0594233 0 0 0 0 0 0 0 0 0 -0.0270787 0 0 -0.00281418 0 0.205951 0 0 -0.176059 0 0 0
127 D 0.0448333 0 0 0.089337 0 0 0 0 0 0 0 0 0 0 0.00330772 0 -0.168648 0 0 0 0.076003 0
128 P 0 0 0 0 0 0 0 0 0 0 0 0 0 0 0 0 0 0 0 0 0 0
129 A 0.0326709 0.0587726 0 0 0 0 0 0 0 0 -0.0669654 0 0 0.04481 0 0.0474631 -0.0998375 0 0 0 0.0157572 0
130 T 0 0 0 0 0 0 0 0 0 0 0 0 0 0 0 0 0 0 0 0 0 0
131 C 0 0 0 0 0 0 0 0 0 0 0 0 0 0 0 0 0 0 0 0 0 0
132 P 0.0300587 -0.0589398 0 0 0 0 0 0 0 0 -0.00357871 0 0 0.0635814 0 -0.006855 0.0783315 -0.0725393 0 0 0 0
133 F 0 0 0 0 0 0 0 0 0 0 0 0 0 0 0 0 0 0 0 0 0 0
134 D 0 0 0 0 0 0 0 0 0 0 0 0 0 0 0 0 0 0 0 0 0 0
135 H 0 0 0 0 0 0 0 0 0 0 0 0 0 0 0 0 0 0 0 0 0 0
136 Q 0.102103 0 0 0 0 0 0 0 0 0 0 0 0 0 -0.111579 0.403613 -0.124427 -0.167607 0 0 0 0
137 A 0 0 0 0 0 0 0 0 0 0 0 0 0 0 0 0 0 0 0 0 0 0
138 K 0 0 0 0 0 0 0 0 0 0 0 0 0 0 0 0 0 0 0 0 0 0
139 H 0 0 0 0 0 0 0 0 0 0 0 0 0 0 0 0 0 0 0 0 0 0
140 R 0 0 0 0 0 0 0 0 0 0 0 0 0 0 0 0 0 0 0 0 0 0
141 I 0 0 0 0 0 0 0 0 0 0 0 0 0 0 0 0 0 0 0 0 0 0
142 E 0 0 0 0 0 0 0 0 0 0 0 0 0 0 0 0 0 0 0 0 0 0
143 R 0.0498024 0.119935 0 0 0 0 0.0576231 -0.0797829 -0.0630756 0 -0.0905607 0 0 0.077755 0 0.0412734 0.00227624 0.0217759 -0.0872194 0 0 0
144 A 0 0 0 0 0 0 0 0 0 0 0 0 0 0 0 0 0 0 0 0 0 0
145 R 0.0743925 -0.00108703 0 0 0 -0.130546 0.0833355 0.266782 0 0 -0.0142547 0 0 0 0 -0.102162 -0.102068 0 0 0 0 0
146 T 0.0507233 -0.00915887 0.0596973 0.0587268 -0.053597 0 -0.0375451 -0.0589467 0.132239 -0.0623538 -0.0021512 0 0.0318858 -0.0257436 0.0974571 -0.0378605 -0.0524375 0.00842293 -0.0486346 0 0 0
147 R 0 0 0 0 0 0 0 0 0 0 0 0 0 0 0 0 0 0 0 0 0 0
148 M 0 0 0 0 0 0 0 0 0 0 0 0 0 0 0 0 0 0 0 0 0 0
149 E 0 0 0 0 0 0 0 0 0 0 0 0 0 0 0 0 0 0 0 0 0 0
150 A 0 0 0 0 0 0 0 0 0 0 0 0 0 0 0 0 0 0 0 0 0 0
151 G 0 0 0 0 0 0 0 0 0 0 0 0 0 0 0 0 0 0 0 0 0 0
152 L 0 0 0 0 0 0 0 0 0 0 0 0 0 0 0 0 0 0 0 0 0 0
153 V 0 0 0 0 0 0 0 0 0 0 0 0 0 0 0 0 0 0 0 0 0 0
154 D 0 0 0 0 0 0 0 0 0 0 0 0 0 0 0 0 0 0 0 0 0 0
155 Q 0 0 0 0 0 0 0 0 0 0 0 0 0 0 0 0 0 0 0 0 0 0
156 D 0.0318613 -0.0495965 0 -0.0218186 0 0 0 0 0 0 0.0631993 0 0 0 0 -0.0288445 0.0987464 0 0 0 -0.061686 0
157 D 0 0 0 0 0 0 0 0 0 0 0 0 0 0 0 0 0 0 0 0 0 0
158 L 0 0 0 0 0 0 0 0 0 0 0 0 0 0 0 0 0 0 0 0 0 0
159 D 0.0547072 0 0 -0.0726582 -0.146388 0 0.089618 0 0 0 0 0 0 0 0 0.130838 0 0.0734262 0 0 -0.074836 0
160 E 0 0 0 0 0 0 0 0 0 0 0 0 0 0 0 0 0 0 0 0 0 0
161 E 0 0 0 0 0 0 0 0 0 0 0 0 0 0 0 0 0 0 0 0 0 0
162 H 0 0 0 0 0 0 0 0 0 0 0 0 0 0 0 0 0 0 0 0 0 0
163 Q 0 0 0 0 0 0 0 0 0 0 0 0 0 0 0 0 0 0 0 0 0 0
164 G 0 0 0 0 0 0 0 0 0 0 0 0 0 0 0 0 0 0 0 0 0 0
165 L 0.085369 -0.0558744 -0.0762242 0 0 -0.06984 0 0 0.109168 0 0.0778672 -0.0461213 -0.0652503 -0.0719798 0 -0.0759684 0 0.320397 -0.0131438 0 -0.0330295 0
166 A 0 0 0 0 0 0 0 0 0 0 0 0 0 0 0 0 0 0 0 0 0 0
167 P 0 0 0 0 0 0 0 0 0 0 0 0 0 0 0 0 0 0 0 0 0 0
168 A 0 0 0 0 0 0 0 0 0 0 0 0 0 0 0 0 0 0 0 0 0 0
169 E 0.0442938 0 0 0 -0.0919742 0 -0.021774 0 0 0 0.0749459 0 0 -0.085672 0.13318 0 0.0233596 0 -0.0320653 0 0 0
170 L 0 0 0 0 0 0 0 0 0 0 0 0 0 0 0 0 0 0 0 0 0 0
171 F 0 0 0 0 0 0 0 0 0 0 0 0 0 0 0 0 0 0 0 0 0 0
172 A 0 0 0 0 0 0 0 0 0 0 0 0 0 0 0 0 0 0 0 0 0 0
173 R 0 0 0 0 0 0 0 0 0 0 0 0 0 0 0 0 0 0 0 0 0 0
174 L 0 0 0 0 0 0 0 0 0 0 0 0 0 0 0 0 0 0 0 0 0 0
175 K 0 0 0 0 0 0 0 0 0 0 0 0 0 0 0 0 0 0 0 0 0 0
176 A 0 0 0 0 0 0 0 0 0 0 0 0 0 0 0 0 0 0 0 0 0 0
177 R 0 0 0 0 0 0 0 0 0 0 0 0 0 0 0 0 0 0 0 0 0 0
178 M 0 0 0 0 0 0 0 0 0 0 0 0 0 0 0 0 0 0 0 0 0 0
179 P 0.0553986 0 0 0 0 0 0 0 -0.0141476 0 -0.00602755 0 0 0.207938 -0.00659915 -0.0830094 -0.116987 0.0188328 0 0 0 0
180 D 0.0612364 -0.0461912 0 -0.0516624 -0.0114825 -0.077727 0.182805 0 -0.00586667 0 0.0802854 0 0 -0.0638579 0 -0.0706189 -0.00832481 -0.0534057 0 0.126047 0 0
181 G 0 0 0 0 0 0 0 0 0 0 0 0 0 0 0 0 0 0 0 0 0 0
182 E 0 0 0 0 0 0 0 0 0 0 0 0 0 0 0 0 0 0 0 0 0 0
183 D 0 0 0 0 0 0 0 0 0 0 0 0 0 0 0 0 0 0 0 0 0 0
184 L 0 0 0 0 0 0 0 0 0 0 0 0 0 0 0 0 0 0 0 0 0 0
185 V 0 0 0 0 0 0 0 0 0 0 0 0 0 0 0 0 0 0 0 0 0 0
186 V 0 0 0 0 0 0 0 0 0 0 0 0 0 0 0 0 0 0 0 0 0 0
187 T 0 0 0 0 0 0 0 0 0 0 0 0 0 0 0 0 0 0 0 0 0 0
188 H 0.0588077 0 0.0857007 0 0 0 0 -0.124621 0 0 0.0873452 0 0 -0.0766617 -0.00887513 -0.114629 0 0 0 0 0.151741 0
189 G 0 0 0 0 0 0 0 0 0 0 0 0 0 0 0 0 0 0 0 0 0 0
190 D 0 0 0 0 0 0 0 0 0 0 0 0 0 0 0 0 0 0 0 0 0 0
191 A 0.0702793 -0.100188 0 0 0 0.0739775 0 -0.0956496 0 0 -0.106764 0 0 0 0 0.0989844 0.0254466 0 -0.108825 0 0.213018 0
192 C 0.0385207 0.134801 -0.0807686 0 0 0 -0.0523456 0 0.0135752 0 0 0 0 0 0 -0.0490143 0 0.0337526 0 0 0 0
193 L 0.0392966 0 0 0 0 0 0 0 0 0 0.0458007 -0.0870893 0 -0.0967178 0 0.112987 0 0 0.0250194 0 0 0
194 P 0 0 0 0 0 0 0 0 0 0 0 0 0 0 0 0 0 0 0 0 0 0
195 N 0 0 0 0 0 0 0 0 0 0 0 0 0 0 0 0 0 0 0 0 0 0
196 I 0 0 0 0 0 0 0 0 0 0 0 0 0 0 0 0 0 0 0 0 0 0
197 M 0 0 0 0 0 0 0 0 0 0 0 0 0 0 0 0 0 0 0 0 0 0
198 V 0 0 0 0 0 0 0 0 0 0 0 0 0 0 0 0 0 0 0 0 0 0
199 E 0 0 0 0 0 0 0 0 0 0 0 0 0 0 0 0 0 0 0 0 0 0
200 N 0 0 0 0 0 0 0 0 0 0 0 0 0 0 0 0 0 0 0 0 0 0
201 G 0.0543378 0 -0.00305698 -0.130118 0 0 0.0359151 0 0 0 0 0 0 0 0 0.187695 0.00198369 -0.0924185 0 0 0 0
202 R 0 0 0 0 0 0 0 0 0 0 0 0 0 0 0 0 0 0 0 0 0 0
203 F 0.0351885 0 0.130602 0 0 -0.0797504 0 0 0 0 -0.0508514 0 0 0 0 0 0 0 0 0 0 0
204 S 0 0 0 0 0 0 0 0 0 0 0 0 0 0 0 0 0 0 0 0 0 0
205 G 0.00727458 0 0 0 0 0 0.0235723 0 0 0 0 0 0 0 0 0 0 0 -0.0235723 0 0 0
206 F 0 0 0 0 0 0 0 0 0 0 0 0 0 0 0 0 0 0 0 0 0 0
207 I 0 0 0 0 0 0 0 0 0 0 0 0 0 0 0 0 0 0 0 0 0 0
208 D 0 0 0 0 0 0 0 0 0 0 0 0 0 0 0 0 0 0 0 0 0 0
209 C 0 0 0 0 0 0 0 0 0 0 0 0 0 0 0 0 0 0 0 0 0 0
210 G 0 0 0 0 0 0 0 0 0 0 0 0 0 0 0 0 0 0 0 0 0 0
211 R 0 0 0 0 0 0 0 0 0 0 0 0 0 0 0 0 0 0 0 0 0 0
212 L 0 0 0 0 0 0 0 0 0 0 0 0 0 0 0 0 0 0 0 0 0 0
213 G 0.0653185 -0.169371 0.0126923 0 0 0 0.207374 0 0 0 0 0 0 0 0 0.0653724 0 0 -0.116067 0 0 0
214 V 0 0 0 0 0 0 0 0 0 0 0 0 0 0 0 0 0 0 0 0 0 0
215 A 0 0 0 0 0 0 0 0 0 0 0 0 0 0 0 0 0 0 0 0 0 0
216 D 0 0 0 0 0 0 0 0 0 0 0 0 0 0 0 0 0 0 0 0 0 0
217 R 0 0 0 0 0 0 0 0 0 0 0 0 0 0 0 0 0 0 0 0 0 0
218 Y 0 0 0 0 0 0 0 0 0 0 0 0 0 0 0 0 0 0 0 0 0 0
219 Q 0 0 0 0 0 0 0 0 0 0 0 0 0 0 0 0 0 0 0 0 0 0
220 D 0 0 0 0 0 0 0 0 0 0 0 0 0 0 0 0 0 0 0 0 0 0
221 I 0 0 0 0 0 0 0 0 0 0 0 0 0 0 0 0 0 0 0 0 0 0
222 A 0.0264689 -0.0827041 0 0 0 0 -0.0058319 0 0 0 0 0 0 0 0 0 0 0 0.088536 0 0 0
223 L 0.0122234 0 0 0 0 0 0 0 0 0 -0.0396084 0 0 0 0 0.0396084 0 0 0 0 0 0
224 A 0 0 0 0 0 0 0 0 0 0 0 0 0 0 0 0 0 0 0 0 0 0
225 T 0 0 0 0 0 0 0 0 0 0 0 0 0 0 0 0 0 0 0 0 0 0
226 R 0 0 0 0 0 0 0 0 0 0 0 0 0 0 0 0 0 0 0 0 0 0
227 D 0 0 0 0 0 0 0 0 0 0 0 0 0 0 0 0 0 0 0 0 0 0
228 I 0.0814944 0 0 0 0 0 0 0 -0.154928 0 -0.0618973 0 0 0 0 -0.0615592 0.266902 -0.129429 0.140911 0 0 0
229 A 0 0 0 0 0 0 0 0 0 0 0 0 0 0 0 0 0 0 0 0 0 0
230 E 0 0 0 0 0 0 0 0 0 0 0 0 0 0 0 0 0 0 0 0 0 0
231 E 0.0780994 -0.0620038 0 0 0.0737801 -0.0871537 -0.100627 -0.0952963 0 0.115677 0 0 0 0 0 -0.0120977 0 0 -0.0605943 0.27026 -0.0419439 0
232 L 0.0574426 0 0 0 0 0 0 0 0 0 -0.105371 0 0 -0.170051 0 0.139778 0.0841758 0 0.0514677 0 0 0
233 G 0 0 0 0 0 0 0 0 0 0 0 0 0 0 0 0 0 0 0 0 0 0
234 G 0.0850502 -0.0505206 0.244526 -0.0510872 0.123521 0 -0.0324312 -0.0459377 -0.0505422 -0.0333241 -0.0498702 -0.0485107 0.00374412 0.219034 -0.0377907 -0.0518954 -0.0496553 0.0263406 -0.0373157 -0.0269551 -0.0513293 0
235 E 0 0 0 0 0 0 0 0 0 0 0 0 0 0 0 0 0 0 0 0 0 0
236 W 0 0 0 0 0 0 0 0 0 0 0 0 0 0 0 0 0 0 0 0 0 0
237 A 0 0 0 0 0 0 0 0 0 0 0 0 0 0 0 0 0 0 0 0 0 0
238 D 0 0 0 0 0 0 0 0 0 0 0 0 0 0 0 0 0 0 0 0 0 0
239 R 0 0 0 0 0 0 0 0 0 0 0 0 0 0 0 0 0 0 0 0 0 0
240 F 0 0 0 0 0 0 0 0 0 0 0 0 0 0 0 0 0 0 0 0 0 0
241 L 0.0748036 0 0 0 0 0 0 0 0 0 0.00453624 0 0 0.276745 0 -0.166517 -0.114764 0 0 0 0 0
242 V 0 0 0 0 0 0 0 0 0 0 0 0 0 0 0 0 0 0 0 0 0 0
243 L 0 0 0 0 0 0 0 0 0 0 0 0 0 0 0 0 0 0 0 0 0 0
244 Y 0.0476849 0 0 0 0 0 0 0 0 0 0.154517 0 0 0 0 0 0 0 0 0 -0.154517 0
245 G 0.0402873 0.00496752 0.0985239 0 0 0 -0.102656 0 0 0 -0.0390274 0 0 0 0 0.0566553 -0.0759812 0 0.057518 0 0 0
246 I 0 0 0 0 0 0 0 0 0 0 0 0 0 0 0 0 0 0 0 0 0 0
247 A 0 0 0 0 0 0 0 0 0 0 0 0 0 0 0 0 0 0 0 0 0 0
248 A 0 0 0 0 0 0 0 0 0 0 0 0 0 0 0 0 0 0 0 0 0 0
249 P 0.0478766 0.106434 0 0 0 0 0.0611735 0 0 0 -0.08815 0 0 -0.101277 -0.0422541 0.0949115 0.0279901 -0.0588276 0 0 0 0
250 D 0.0737884 -0.0825826 0 0.0013293 0 0 0 0 0 0 -0.0334319 0 0 0 0.0652643 0 0 -0.0961064 0.275637 0 -0.130109 0
251 S 0 0 0 0 0 0 0 0 0 0 0 0 0 0 0 0 0 0 0 0 0 0
252 Q 0 0 0 0 0 0 0 0 0 0 0 0 0 0 0 0 0 0 0 0 0 0
253 R 0 0 0 0 0 0 0 0 0 0 0 0 0 0 0 0 0 0 0 0 0 0
254 I 0 0 0 0 0 0 0 0 0 0 0 0 0 0 0 0 0 0 0 0 0 0
255 A 0.0554863 0.159873 0 0 0.111585 0 -0.0360255 0 0 0 0 0 0 0 0 -0.079459 0.0312361 -0.109907 0 0 -0.0773034 0
256 F 0 0 0 0 0 0 0 0 0 0 0 0 0 0 0 0 0 0 0 0 0 0
257 Y 0 0 0 0 0 0 0 0 0 0 0 0 0 0 0 0 0 0 0 0 0 0
258 R 0 0 0 0 0 0 0 0 0 0 0 0 0 0 0 0 0 0 0 0 0 0
259 L 0.0725307 0 0 0 0 0 0 0 0 0 -0.235026 0 0 0 0 0.235026 0 0 0 0 0 0
260 L 0 0 0 0 0 0 0 0 0 0 0 0 0 0 0 0 0 0 0 0 0 0
261 D 0.0432561 0 0 0.154724 0 0 0 0 0 0 0 0 0 0 0 0 -0.0362291 0 0 0 -0.118494 0
262 E 0 0 0 0 0 0 0 0 0 0 0 0 0 0 0 0 0 0 0 0 0 0
263 F 0.0367296 0 0 0 0 -0.0165999 0 0 -0.0293668 0 -0.0913318 0 0 0 0 0 0.137299 0 0 0 0 0
264 F 0.0968354 0 -0.108539 0 0 -0.0170396 0 0 0 0 0.3875 0 0 0 0 0 -0.000358439 0 -0.146341 0 -0.115221 0
