# POSITION WT AAA AAC AAG AAT ACA ACC ACG ACT AGA AGC AGG AGT ATA ATC ATG ATT CAA CAC CAG CAT CCA CCC CCG CCT CGA CGC CGG CGT CTA CTC CTG CTT GAA GAC GAG GAT GCA GCC GCG GCT GGA GGC GGG GGT GTA GTC GTG GTT TAA TAC TAG TAT TCA TCC TCG TCT TGA TGC TGG TGT TTA TTC TTG TTT
1 ATG 115 109 14 44 3257 325 2673 0 1513 2 358 2 249 3488 1.97307e+06 490 0 5 0 1 20 125 68 32 302 140 554 777 888 370 477 1247 552 3 718 4 170 223 366 4 852 1753 987 5 0 0 0 0 0 402 0 1117 3 4 7 7 0 65 0 26 1628 51 105 234
2 ATT 194 146 232 375 135 54 50 169 9 89 12 8 35 122 0 1.99118e+06 130 658 587 13 15 71 3 28 22 99 9 83 24 81 15 33 0 68 0 27 62 788 123 104 32 1 54 17 270 653 379 882 0 521 0 158 8 77 40 87 0 0 338 0 6 239 52 328
3 GAG 85 143 375 69 790 175 306 1163 17 496 1357 41 66 45 0 126 791 1036 683 434 19 271 79 7 269 317 602 440 737 114 10 164 148 173 1.98202e+06 251 0 0 0 0 60 79 69 164 10 9 19 67 0 114 0 308 722 14 124 554 0 0 106 0 683 1491 148 1440
4 CAA 329 166 959 495 57 52 105 521 46 36 1 70 41 123 0 131 1.99029e+06 0 53 0 44 295 159 157 13 324 44 254 121 1445 412 285 43 0 187 0 0 0 0 0 8 288 432 535 396 44 56 58 0 45 0 75 85 48 16 20 0 105 422 42 6 0 57 0
5 GAC 9311 48 25002 99 2411 2737 1542 457 13 1797 3008 948 10526 649 0 5619 3452 161 3412 17 159 141 387 149 773 332 17 308 959 2045 182 1168 298 1.91372e+06 1043 345 149 140 185 19 128 268 771 128 5 4 6 9 0 0 0 0 12 367 652 684 0 43 447 78 1266 397 413 594
6 GGC 3070 8333 9158 277 73 1990 166 1106 228 3282 303 21 1806 4367 1614 1814 53 0 62 0 8944 3940 1866 2360 628 439 47 144 13 160 282 64 3587 235 261 81 608 95 311 1591 133 1.92021e+06 170 80 314 391 712 1058 0 947 0 279 4201 3164 66 437 0 0 1870 0 175 889 276 1246
7 CTT 401 0 1085 0 0 0 0 0 187 0 220 20 0 0 0 0 0 15 0 1 17 32 58 54 258 43 599 34 4 43 239 1.99223e+06 176 0 158 0 194 235 377 32 49 22 33 98 14 5 8 0 0 0 0 0 2 15 12 13 0 556 0 2264 125 0 76 0
8 CAT 0 2782 0 3408 0 0 0 0 1571 2361 6273 1136 0 0 2476 0 0 247 0 1.78874e+06 962 1816 963 1175 3551 584 4504 1095 6572 4197 3837 137 33678 340 36937 3699 0 0 0 0 224 847 269 563 206 1543 127 1806 0 0 0 0 2336 1014 3147 1753 0 5308 0 53371 2183 0 12266 0
9 GCA 138 380 44 237 53 15 52 4 0 45 47 43 341 1256 0 382 0 0 0 0 1012 178 93 235 29 95 24 45 19 180 87 40 94 0 199 0 1.99284e+06 60 110 54 116 149 237 322 160 203 27 4 0 0 0 0 36 49 70 50 0 0 0 0 108 0 36 0
10 GGA 0 0 0 0 89 0 14 140 0 8 0 23 0 0 0 0 0 0 0 0 58 10 35 22 0 0 0 0 60 36 33 43 0 0 0 0 0 0 0 0 1.99804e+06 66 146 17 74 19 231 349 0 0 0 0 8 52 107 31 0 197 0 51 35 0 10 0
11 TCT 27 0 85 0 339 381 317 375 1601 17 1857 234 1111 3687 15054 3912 289 4380 3757 1496 1058 1017 1462 2055 5290 7357 8639 4046 11787 1626 13576 3750 189 826 320 371 15 20 46 73 166 379 46 68 293 1554 11 567 0 11543 0 4183 60 22 129 1.86177e+06 0 2792 111 3229 6559 1984 1316 775
12 CCC 0 0 0 0 109 56 33 122 38 6 15 34 0 0 0 0 0 0 0 0 204 1.99845e+06 10 30 23 40 9 11 24 44 30 20 0 123 0 55 112 122 14 42 0 0 0 0 9 41 55 13 0 0 0 0 16 11 28 22 0 0 0 0 11 0 17 0
13 GCT 197 0 287 0 114 171 209 212 77 329 144 251 0 0 0 0 231 157 33 34 20 54 28 8 219 359 9 27 18 22 62 65 13 966 184 611 229 1 61 1.99331e+06 100 17 20 42 152 101 25 318 0 0 0 0 73 220 117 72 0 0 0 0 16 0 18 0
14 GCA 425 50 176 96 167 198 144 257 43 36 59 199 0 0 186 0 0 0 0 0 82 378 140 144 138 54 102 142 44 16 3 3 22 38 86 230 1.99452e+06 314 75 103 104 213 34 51 7 15 63 47 0 0 0 0 151 67 185 194 0 63 0 89 47 0 4 0
15 TGG 0 0 0 0 0 0 0 0 156 57 34 10 0 0 0 0 0 0 0 0 0 0 0 0 74 56 148 399 63 83 40 1 0 0 0 0 0 0 0 0 25 28 24 143 0 0 0 0 0 0 0 0 133 5 43 18 0 32 1.99812e+06 84 2 0 226 0
16 GTG 2273 210 363 153 166 422 279 377 1137 33 116 289 0 0 0 0 451 0 495 0 0 0 0 0 1421 51 48 1655 37 131 71 132 43 0 514 0 154 972 196 261 61 370 628 17 124 70 1.98457e+06 61 0 171 0 83 76 196 468 247 0 22 0 93 9 0 288 0
17 GAA 0 0 0 0 32 84 21 2 9 181 71 3 0 0 0 0 251 85 274 48 18 46 99 28 103 174 25 27 2 15 32 28 1.99673e+06 0 143 0 9 52 41 43 103 65 44 29 11 48 21 47 0 0 0 0 648 77 21 23 0 0 145 0 11 0 29 0
18 CGT 142 78 1081 23 0 0 0 0 53 146 101 189 0 0 0 0 0 0 0 0 8 140 5 28 221 67 207 1.99488e+06 23 73 71 111 484 66 135 128 23 22 6 64 136 156 197 148 12 34 24 90 0 0 0 0 47 49 85 37 0 217 0 120 71 0 3 0
19 TTG 0 0 0 0 0 0 0 0 36 0 55 0 0 0 162 0 0 0 0 0 0 0 0 0 42 5 51 20 300 163 129 163 0 0 0 0 0 0 0 0 0 0 0 0 0 0 0 0 0 0 0 0 0 0 0 0 0 0 0 0 161 0 1.99871e+06 0
20 TTC 32 0 132 0 284 60 205 1045 1343 46 1773 36 507 322 434 52 52 235 54 261 7 71 525 47 328 1512 69 1781 128 43 502 182 257 131 984 167 54 275 528 311 23 19 14 61 127 221 77 20 0 97 0 28 17 58 84 114 0 223 0 252 105 1.98343e+06 115 137
21 GGA 0 62 0 91 0 0 0 0 76 55 17 121 0 0 0 0 0 0 0 0 0 0 0 0 17 15 18 18 15 25 23 0 0 80 0 60 0 0 0 0 1.99822e+06 17 255 73 5 62 173 10 0 0 0 0 16 73 224 117 0 0 0 0 53 0 8 0
22 TAT 0 0 0 0 0 0 0 0 0 33 0 34 0 0 0 0 0 0 0 0 0 0 0 0 0 0 0 0 23 66 1 22 0 75 0 76 10 27 25 43 0 0 0 0 0 0 0 0 0 47 0 1.99926e+06 23 72 20 13 0 0 0 0 37 0 95 0
23 GAT 0 18 0 194 41 152 65 256 92 27 73 72 35 109 0 83 27 43 61 69 0 0 0 0 116 114 61 9 71 1 24 8 0 18 0 1.99757e+06 0 0 0 0 31 85 16 63 0 0 0 0 0 109 0 28 47 9 55 42 0 0 0 0 26 0 83 0
24 TGG 0 0 0 0 42 2 36 45 21 24 20 24 0 0 0 0 0 0 0 0 0 0 0 0 213 3 127 107 39 43 48 107 0 0 0 0 0 0 0 0 85 24 30 24 0 0 0 0 0 0 0 0 37 29 24 0 0 40 1.9982e+06 329 121 0 152 0
25 GCA 77 0 370 0 1220 2834 302 1778 629 3507 23 232 1220 90 0 4099 4538 0 4397 0 0 0 0 0 1319 126 215 254 56 43 8 100 678 6947 23573 2768 1.936e+06 13 29 21 37 54 36 122 58 26 129 71 0 0 0 0 1276 110 266 308 0 0 0 0 41 0 1 0
26 CAA 0 0 0 0 31 47 41 10 62 14 107 22 9 80 0 19 1.99682e+06 147 191 163 3 40 63 38 534 241 0 105 216 66 27 223 160 0 12 0 0 0 0 0 0 0 0 0 0 0 0 0 0 0 0 0 50 0 70 91 0 0 0 0 228 0 72 0
27 CAA 0 25 0 278 1009 202 340 177 78 284 80 0 321 5270 0 28401 1.9538e+06 0 33 0 74 216 103 160 140 26 35 84 1735 284 444 839 0 0 0 0 326 227 508 659 0 0 0 0 502 486 750 22 0 0 0 0 21 436 331 118 0 0 0 0 749 0 431 0
28 ACA 0 110 0 55 1.99643e+06 324 153 0 13 29 84 64 29 38 0 30 0 305 0 19 16 29 6 46 88 26 54 74 1 80 5 18 0 0 0 0 119 397 239 322 0 0 0 0 0 0 0 0 0 365 0 26 80 53 145 83 0 0 0 0 17 0 31 0
29 ATC 0 0 0 0 0 0 0 0 0 7 0 25 104 1.99857e+06 0 84 83 0 66 0 10 80 24 13 0 0 0 0 18 81 107 34 0 0 0 0 0 0 0 0 24 40 14 23 66 12 13 19 0 42 0 69 8 1 0 212 0 0 0 0 94 0 59 0
30 GGC 0 0 0 0 0 0 0 0 94 51 37 242 0 0 0 0 0 0 0 0 0 0 0 0 110 68 1 20 0 0 0 0 0 0 0 0 0 0 0 0 88 1.99856e+06 115 141 34 102 59 46 0 0 0 0 34 63 113 27 0 0 0 0 0 0 0 0
31 TGC 13809 0 1039 0 0 0 0 0 187 108 962 17 29 50 0 31 1505 27 2120 65 0 0 0 0 502 334 15 385 271 162 449 213 112 0 1 0 22 25 7 94 48 8 69 42 80 46 39 68 0 0 0 0 32 15 52 30 0 1.9764e+06 0 9 296 69 93 66
32 AGT 0 0 0 0 60 74 26 56 92 100 35 1.99838e+06 57 13 0 171 0 0 0 0 0 0 0 0 37 67 45 5 7 28 30 56 0 0 0 0 0 0 0 0 0 0 0 0 0 0 0 0 0 0 0 0 71 335 8 196 0 0 0 0 23 0 25 0
33 GAC 97 107 452 56 1893 2406 2937 1187 302 922 502 2600 164 57 0 55 85 0 40 107 184 849 291 387 380 311 88 80 154 205 268 18 28 1.9744e+06 105 112 44 105 180 15 614 706 245 48 8 63 35 75 0 28 0 79 1717 1040 1113 1599 0 41 0 104 199 0 111 0
34 GCC 0 0 0 0 0 0 0 0 27 77 22 53 0 0 0 0 164 0 27 0 0 0 0 0 183 3 0 49 0 0 0 0 115 0 12 0 0 1.9987e+06 100 40 17 49 21 24 0 0 0 0 0 0 0 0 1 100 212 0 0 0 0 0 0 0 0 0
35 GCC 0 552 0 185 1316 425 653 418 0 491 48 152 53 72 0 575 0 412 0 17 135 21 9 8 39 63 8 70 20 48 40 29 231 0 86 0 145 1.9905e+06 102 382 114 18 42 10 201 44 162 120 0 0 0 0 553 11 1025 43 0 0 0 0 11 222 5 119
36 GTA 0 0 0 0 0 0 0 0 15 0 46 0 0 0 0 0 0 0 0 0 0 0 0 0 10 5 0 20 17 67 31 1 0 0 0 0 0 0 0 0 0 1 119 23 1.99937e+06 181 27 29 0 0 0 0 0 0 0 0 0 0 0 0 13 0 27 0
37 TTT 0 0 0 0 0 0 0 0 0 37 0 54 0 0 0 0 0 0 0 0 0 0 0 0 0 0 0 0 6 18 16 15 0 0 0 0 0 0 0 0 0 0 0 0 0 0 0 0 0 0 0 0 124 56 116 46 0 0 0 0 21 64 25 1.9994e+06
38 CGC 0 0 0 0 0 0 0 0 9 95 164 1 0 0 0 0 0 0 0 0 0 0 0 0 197 1.99866e+06 63 14 118 35 124 147 0 0 0 0 0 0 0 0 33 28 25 28 0 0 0 0 0 0 0 0 29 84 11 82 0 0 0 0 25 0 32 0
39 CTT 0 0 0 0 0 0 0 0 4 0 39 0 0 0 0 0 0 0 0 0 0 0 0 0 0 1 68 27 83 34 35 1.99889e+06 0 0 0 0 0 0 0 0 150 189 250 41 0 0 0 0 0 0 0 0 0 0 0 0 0 0 0 0 96 0 92 0
40 AGT 0 0 0 0 26 88 91 135 6 206 18 1.99743e+06 72 59 0 3 19 22 131 76 0 0 0 0 78 43 36 178 0 0 0 0 0 0 0 0 0 0 0 0 9 74 47 35 22 25 5 136 0 0 0 0 90 84 29 157 0 0 568 0 0 0 0 0
41 GCT 0 143 0 17 82 1 6 30 0 24 0 52 0 0 0 0 77 0 361 0 0 0 0 0 0 0 0 0 0 0 0 0 214 0 40 0 468 133 98 1.99676e+06 0 0 0 0 23 109 7 32 0 0 0 0 51 136 116 45 0 847 0 123 0 0 0 0
42 CAG 0 0 0 0 856 1419 5388 40 86 123 61 14 0 0 0 0 134 0 1.98876e+06 0 105 207 153 23 294 134 590 96 12 4 29 42 17 16 284 50 7 44 19 0 0 0 0 0 191 83 227 48 0 0 0 0 31 156 46 81 0 0 0 0 15 71 44 5
43 GGA 0 867 0 88 31 63 194 57 143 3796 85 650 0 0 0 0 0 168 0 173 0 0 0 0 208 54 119 36 3 29 9 17 0 0 0 0 17 5 14 70 1.987e+06 33 69 104 88 11 24 41 0 0 0 0 630 2220 473 2176 0 0 0 0 30 60 83 66
44 AGG 308 0 36 0 0 0 0 0 31 0 1.99815e+06 0 0 0 0 0 0 0 0 0 53 34 20 17 5 212 299 49 75 9 74 40 0 0 0 0 18 43 5 17 142 78 174 70 0 0 0 0 0 0 0 0 0 0 0 0 0 0 0 0 2 0 37 0
45 CCG 166 226 89 78 43 39 60 18 163 25 187 26 0 0 0 0 115 0 232 0 125 16 1.99675e+06 151 219 56 240 178 30 3 15 19 49 0 130 0 8 22 50 32 23 41 15 32 0 0 0 0 0 151 0 9 61 10 0 45 0 0 0 0 22 0 31 0
46 GTG 0 249 0 7 300 677 283 405 6 289 40 257 0 0 0 0 0 0 0 0 86 260 76 50 10 25 61 1 45 47 59 8 0 87 0 102 1088 1389 1044 443 264 44 333 117 6 57 1.99059e+06 144 0 0 0 0 66 169 6 65 0 297 0 219 160 0 73 0
47 TTG 134 0 222 0 0 0 0 0 6 0 7 0 0 0 0 0 38 73 63 443 50 59 65 4 140 60 185 58 14 89 125 301 0 0 0 0 0 0 0 0 28 74 6 22 0 0 0 0 0 46 0 78 0 0 0 0 0 0 0 0 18 103 1.99728e+06 212
48 TTC 0 0 0 0 0 0 0 0 0 88 0 11 0 0 0 0 0 0 0 0 0 0 0 0 0 0 0 0 8 136 51 5 0 0 0 0 0 0 0 0 0 0 0 0 129 52 11 21 0 0 0 0 67 1 0 22 0 0 0 0 14 1.9993e+06 1 82
49 GTT 0 0 0 0 0 0 0 0 0 0 0 0 0 0 0 0 0 0 0 0 0 0 0 0 0 0 0 0 112 9 164 41 130 0 21 0 36 28 34 13 26 51 47 12 116 486 184 1.99836e+06 0 0 0 0 0 0 0 0 0 0 0 0 58 0 68 0
50 AAG 208 0 1.99905e+06 0 0 0 0 0 28 97 38 26 0 0 0 0 0 0 0 0 0 0 0 0 18 116 11 110 0 0 0 0 0 0 0 0 0 0 0 0 0 0 0 0 58 9 46 4 0 0 0 0 28 8 146 1 0 0 0 0 0 0 0 0
51 ACC 0 60 0 95 97 1.99887e+06 67 212 43 65 26 3 0 0 0 0 34 0 62 0 0 0 0 0 10 41 26 9 34 9 41 12 0 0 0 0 9 0 11 10 0 0 0 0 0 0 0 0 0 0 0 0 71 12 15 47 0 0 0 0 12 0 1 0
52 GAT 0 0 0 0 2 7 29 38 0 1426 0 60 758 1741 64 1725 1904 0 1679 0 0 0 0 0 0 0 0 0 11 184 406 87 37 39 55 1.96252e+06 5485 6501 10129 2335 57 10 7 26 103 321 81 28 0 0 0 0 367 65 288 960 0 73 0 266 30 0 100 0
53 TTG 57761 214 90029 999 2525 879 6330 2177 2891 13607 3485 2288 5464 3435 3043 1085 0 21836 0 2767 6560 3350 17369 11864 11475 285 720 2582 22 15 50 10 1220 12478 1432 17591 9894 15047 4464 21066 5562 13162 8546 13696 333070 262190 30227 182257 0 1960 0 1713 4851 21799 38298 16258 0 0 3039 0 3 1114 703566 380
54 TCT 0 7 0 36 0 0 0 0 215 72 158 152 0 0 0 0 0 265 0 21 34 18 5 49 422 172 18 57 10 6 8 19 20 0 12 0 0 0 0 0 0 0 0 0 15 3 19 1 0 0 0 0 513 219 50 1.99737e+06 0 0 0 0 20 0 13 0
55 GGG 0 0 0 0 295 527 57 689 263 133 69 231 0 0 0 0 445 38 137 353 0 0 0 0 82 161 162 59 44 396 710 23 0 0 0 0 5 55 25 161 86 172 1.99034e+06 108 1116 420 75 437 0 0 0 0 101 59 348 174 0 17 0 70 731 435 61 129
56 GCG 0 0 0 0 44 22 24 83 8 29 26 5 67 7 0 52 0 21 0 442 93 22 33 74 25 14 15 7 0 0 0 0 0 313 0 287 81 70 1.99778e+06 52 0 0 0 0 0 0 0 0 0 0 0 0 10 16 259 20 0 0 0 0 0 0 0 0
57 CTA 0 0 0 0 0 0 0 0 581 0 249 0 0 0 0 0 0 308 0 206 988 1144 216 330 608 104 78 836 1.99367e+06 82 209 59 0 0 0 0 0 0 0 0 0 0 0 0 0 0 0 0 0 0 0 0 0 0 0 0 0 0 0 0 249 0 86 0
58 AAC 301 1.99768e+06 18 154 6 61 81 16 22 2 96 4 0 0 0 0 0 56 0 66 0 0 0 0 57 12 134 114 12 34 27 3 68 0 51 0 24 62 190 59 3 34 54 77 11 124 40 2 0 0 0 0 16 38 63 22 0 0 0 0 15 0 96 0
59 GAG 0 0 0 0 0 0 0 0 10 78 39 62 0 0 0 0 0 0 0 0 0 0 0 0 19 23 4 4 27 83 49 10 233 0 1.99911e+06 175 0 0 0 0 0 0 0 0 0 0 0 0 0 0 0 0 10 0 8 23 0 0 0 0 17 0 17 0
60 CTG 0 0 0 0 0 0 0 0 17 59 52 64 47 99 97 19 0 0 0 0 62 40 84 8 9 80 89 13 98 7 1.99821e+06 134 0 167 0 81 39 0 39 113 0 0 0 0 11 18 1 71 0 0 0 0 64 19 34 14 0 0 0 0 15 0 29 0
61 CAA 255 0 29 0 15 134 12 5 99 54 164 13 0 0 0 0 1.99609e+06 386 86 83 3 6 118 22 26 25 52 72 11 4 23 79 250 482 88 210 41 128 9 56 55 8 3 85 89 40 44 4 0 45 0 187 41 7 0 27 0 0 0 0 27 58 60 86
62 GAT 0 0 0 0 153 19 45 17 0 11 0 59 0 0 0 0 0 0 0 0 0 0 0 0 0 0 0 0 1 8 151 2 60 9 1151 1.99779e+06 0 0 0 0 0 0 0 0 91 16 20 83 0 0 0 0 19 5 2 9 0 35 0 117 42 0 86 0
63 GAG 104 0 36 0 0 0 0 0 58 37 21 66 0 0 0 0 64 0 100 0 11 59 19 14 131 68 38 28 21 32 220 19 23 62 1.99782e+06 143 10 38 51 21 66 1 212 60 0 0 0 0 0 0 0 0 0 54 40 37 0 0 0 0 92 0 126 0
64 GCG 25 0 121 0 0 0 0 0 45 3 54 40 0 0 0 0 0 0 0 0 0 0 0 0 23 16 27 11 0 0 0 0 83 0 36 0 40 16 1.9987e+06 95 0 0 0 0 0 0 0 0 0 0 0 0 44 481 13 129 0 0 0 0 0 0 0 0
65 GCC 0 0 0 0 0 0 0 0 62 30 32 587 0 0 0 0 0 0 0 0 34 12 91 57 175 17 21 219 0 0 0 0 138 0 707 0 35 1.99017e+06 203 23 0 0 0 0 1253 1016 690 1068 0 0 0 0 971 9 1073 96 0 931 0 284 0 0 0 0
66 CGA 0 0 0 0 0 0 0 0 46 113 6 89 0 0 0 0 0 0 0 0 0 0 0 0 1.99898e+06 92 55 119 43 11 34 0 0 0 0 0 0 0 0 0 21 2 43 41 0 0 0 0 0 0 0 0 127 22 26 25 0 0 0 0 22 0 87 0
67 CTT 0 0 0 0 0 0 0 0 107 35 31 181 0 0 0 0 0 346 0 635 1060 1117 289 7 56 11 8 15 36 48 12 1.99557e+06 0 0 0 0 0 0 0 0 0 0 0 0 0 0 0 0 0 0 0 0 50 116 68 128 0 0 0 0 44 0 29 0
68 TCG 320 9 133 90 106 57 114 15 508 7 457 34 1 128 0 62 534 0 93 0 0 0 0 0 316 887 28 776 39 7 39 15 0 0 0 0 85 43 151 146 8 81 43 107 0 0 0 0 0 130 0 19 346 11 1.9938e+06 239 0 0 0 0 0 0 16 0
69 TGG 0 0 0 0 18 14 65 5 0 38 0 49 0 0 0 0 0 0 0 0 0 0 0 0 0 0 0 0 54 3 64 11 0 0 0 0 8 26 25 47 69 121 6 189 0 0 0 0 0 42 0 91 12 12 40 4 0 0 1.99876e+06 0 136 0 94 0
70 CTG 0 0 0 0 0 0 0 0 44 14 126 55 0 0 82 0 0 0 0 0 44 37 90 16 66 15 17 27 6 16 1.99855e+06 264 0 0 0 0 0 0 0 0 0 0 0 0 70 5 181 20 0 0 0 0 14 3 0 20 0 0 0 0 2 0 217 0
71 GCC 0 0 0 0 0 0 0 0 38 129 102 153 0 0 0 0 0 0 0 0 65 86 23 97 56 26 71 0 0 0 0 0 0 0 0 0 68 1.99748e+06 104 386 59 196 31 34 91 16 13 30 0 0 0 0 53 330 66 72 0 118 0 8 0 0 0 0
72 ACA 0 0 0 0 1.99848e+06 112 311 286 0 156 0 52 0 0 0 0 0 0 0 0 83 7 17 9 0 0 0 0 0 0 0 0 0 0 0 0 0 0 0 0 22 28 65 30 0 0 0 0 0 0 0 0 49 124 5 34 0 121 0 4 0 0 0 0
73 ACA 0 0 0 0 1.99906e+06 21 537 144 0 0 0 0 0 0 0 0 0 0 0 0 0 0 0 0 0 0 0 0 0 0 0 0 0 0 0 0 0 0 0 0 0 0 0 0 0 0 0 0 0 42 0 83 22 61 3 26 0 0 0 0 0 0 0 0
74 GGG 0 0 0 0 0 0 0 0 0 0 0 0 0 0 0 0 0 0 0 0 0 0 0 0 0 0 0 0 0 0 0 0 0 0 0 0 29 9 8 21 141 227 1.999e+06 565 0 0 0 0 0 0 0 0 0 0 0 0 0 0 0 0 0 0 0 0
75 GTT 0 0 0 0 596 126 157 58 0 0 0 0 0 0 0 0 178 0 276 0 0 0 0 0 0 0 0 0 40 12 57 38 0 0 0 0 21 22 37 45 0 0 0 0 210 156 48 1.99779e+06 0 0 0 0 0 0 0 0 0 0 0 0 88 0 49 0
76 CCG 0 0 0 0 113 44 11 43 65 34 58 69 0 0 0 0 42 88 203 62 36 0 1.99765e+06 118 210 28 37 72 126 33 114 46 0 0 0 0 0 0 0 0 4 10 45 51 0 0 0 0 0 0 0 0 35 32 146 237 0 0 0 0 80 0 61 0
77 TGC 0 0 0 0 21 49 9 22 14 20 60 24 0 0 0 0 0 0 0 0 0 0 0 0 17 0 19 4 4 2 10 37 0 0 0 0 0 0 0 0 47 120 46 7 100 75 91 12 0 0 0 0 45 18 61 28 0 1.9985e+06 0 386 46 0 102 0
78 GCA 0 0 0 0 16 32 177 6 24 17 14 21 0 0 0 0 0 0 0 0 0 0 0 0 170 29 132 12 2 10 19 5 0 0 0 0 1.99876e+06 30 70 193 0 0 0 0 0 0 0 0 0 0 0 0 25 83 37 9 0 0 0 0 89 0 23 0
79 GCG 134 66 711 358 74 55 172 0 162 112 204 51 893 362 0 523 187 233 113 62 42 6 101 82 437 198 204 111 0 0 0 0 55 0 91 0 76 14 1.99289e+06 108 317 161 66 70 16 17 3 79 0 0 0 0 22 53 86 225 0 0 0 0 0 0 0 0
80 GTT 0 0 0 0 0 0 0 0 159 0 47 0 0 0 0 0 0 0 0 0 0 0 0 0 39 80 51 17 8 53 31 42 0 0 0 0 0 0 0 0 0 0 0 0 326 125 30 1.99872e+06 0 0 0 0 0 0 0 0 0 65 0 24 25 0 153 0
81 TTA 0 0 0 0 54 13 0 96 13 0 1 0 191 61 0 104 0 0 0 0 50 66 15 28 61 59 35 70 187 250 21 62 281 0 30 0 21 32 33 39 53 4 24 51 0 0 0 0 0 0 0 0 0 0 0 0 0 0 0 0 1.99771e+06 0 282 0
82 GAT 0 0 0 0 0 0 0 0 0 0 0 0 0 0 0 0 0 0 0 0 0 0 0 0 0 0 0 0 0 0 0 0 0 52 0 1.99966e+06 0 0 0 0 0 0 0 0 0 0 0 0 0 85 0 203 0 0 0 0 0 0 0 0 0 0 0 0
83 GTT 0 0 0 0 0 0 0 0 139 102 237 118 23 39 0 99 0 0 0 0 0 0 0 0 69 118 64 335 51 107 237 7 0 0 0 0 16 26 286 8 123 113 90 36 67 44 90 1.98905e+06 0 0 0 0 104 82 78 17 0 0 0 0 107 1868 103 5950
84 GTA 0 0 0 0 53 9 72 10 0 59 0 52 32 32 0 24 177 0 48 0 0 0 0 0 0 0 0 0 14 19 11 20 0 0 0 0 134 44 5 55 0 0 0 0 1.99847e+06 47 26 215 0 0 0 0 103 19 44 27 0 81 0 58 30 0 14 0
85 ACG 0 0 0 0 48 231 1.999e+06 3 0 6 0 62 24 37 0 75 0 0 0 0 0 0 0 0 0 0 0 0 0 0 0 0 0 0 0 0 1 5 12 9 0 0 0 0 38 30 72 10 0 0 0 0 26 39 27 28 0 71 0 145 0 0 0 0
86 GAG 0 0 0 0 0 0 0 0 0 0 0 0 0 0 0 0 0 0 0 0 0 0 0 0 0 0 0 0 26 14 38 5 99 0 1.99926e+06 0 36 3 56 49 2 44 54 146 7 58 22 4 0 0 0 0 0 0 0 0 0 0 0 0 0 0 80 0
87 GCG 31 0 196 0 0 0 0 0 7 163 5 55 3 79 272 46 0 117 0 3 76 142 2 35 28 4 61 10 109 6 57 10 0 0 0 0 37 55 1.99764e+06 312 0 0 0 0 2 9 68 53 0 0 0 0 56 57 87 56 0 0 0 0 33 0 19 0
88 GGC 0 40 0 92 0 0 0 0 168 87 14 244 0 0 0 0 0 0 0 0 0 0 0 0 95 199 6 77 38 137 57 53 0 316 0 75 0 0 0 0 72 1.99626e+06 2 187 57 14 28 109 0 0 0 0 168 222 712 277 0 0 0 0 66 0 125 0
89 AGG 0 0 0 0 6 53 29 12 43 31 1.99826e+06 10 0 0 0 0 0 87 0 118 0 0 0 0 83 287 389 23 0 0 0 0 0 0 0 0 0 0 0 0 80 77 34 70 0 0 0 0 0 0 0 0 4 204 17 78 0 0 0 0 0 0 0 0
90 GAT 0 0 0 0 17 67 31 22 38 42 14 78 0 0 0 0 0 0 0 0 0 0 0 0 10 23 38 15 0 0 0 0 0 225 0 1.99894e+06 10 95 54 11 18 31 100 53 0 0 0 0 0 0 0 0 17 20 27 0 0 0 0 0 0 0 0 0
91 TGG 0 0 0 0 0 0 0 0 6 95 30 126 0 0 0 0 145 0 8 0 0 0 0 0 26 46 58 32 17 27 92 70 0 0 0 0 0 0 0 0 149 66 90 52 0 0 0 0 0 0 0 0 30 3 35 2 0 44 1.99852e+06 171 12 0 43 0
92 CTA 0 0 0 0 0 0 0 0 0 0 0 0 0 0 0 0 0 0 0 0 39 27 13 31 0 0 0 0 1.99896e+06 227 0 137 0 0 0 0 88 48 39 70 0 0 0 0 0 0 0 0 0 0 0 0 0 0 0 0 0 25 0 21 237 0 42 0
93 TTA 0 0 0 0 0 0 0 0 2 3 49 15 0 0 0 0 0 0 0 0 31 118 75 69 67 26 23 32 36 275 109 139 0 0 0 0 0 0 0 0 0 0 0 0 35 7 59 87 0 0 0 0 44 28 11 13 0 0 0 0 1.9985e+06 86 40 23
94 TTA 0 0 0 0 84 65 125 191 27 0 105 0 0 0 0 0 0 0 0 0 82 41 19 67 63 9 41 30 169 70 126 25 0 0 0 0 0 0 0 0 0 0 0 0 0 0 0 0 0 0 0 0 0 0 0 0 0 0 0 0 1.99865e+06 0 8 0
95 GGT 0 0 0 0 0 0 0 0 69 27 184 14 0 0 0 0 0 0 0 0 0 0 0 0 86 36 43 21 6 22 29 41 0 0 0 0 0 0 0 0 217 72 49 1.99843e+06 81 94 97 63 0 0 0 0 11 85 27 7 0 4 0 101 80 0 1 0
96 GAG 153 0 76 0 0 0 0 0 22 0 15 0 0 0 0 0 59 0 82 0 0 0 0 0 33 0 32 6 5 40 14 31 208 0 1.99869e+06 0 184 1 29 43 89 2 131 12 0 0 0 0 0 0 0 0 0 0 0 0 0 0 0 0 26 0 19 0
97 GTT 0 0 0 0 32 3 36 39 127 0 23 0 0 0 0 0 0 0 0 0 0 0 0 0 16 222 33 84 75 42 4 75 0 0 0 0 0 0 0 0 48 53 5 15 135 50 52 1.99875e+06 0 0 0 0 0 0 0 0 0 0 0 0 79 0 4 0
98 CCG 0 0 0 0 31 93 13 14 13 12 80 72 0 0 0 0 76 0 55 0 39 44 1.99856e+06 33 91 33 113 207 31 24 19 59 0 0 0 0 0 0 0 0 20 32 42 38 0 0 0 0 0 0 0 0 6 15 25 1 0 0 0 0 56 0 57 0
99 GGG 0 0 0 0 0 0 0 0 52 10 0 49 0 0 0 0 0 0 0 0 0 0 0 0 8 48 61 73 0 0 0 0 0 0 0 0 12 18 111 5 178 245 1.99852e+06 170 0 33 52 47 0 0 0 0 9 95 23 74 0 77 0 32 0 0 0 0
100 CAA 154 0 34 0 29 47 52 61 28 12 17 44 0 0 0 0 1.9986e+06 0 15 0 84 38 34 124 5 55 20 47 0 41 52 21 106 0 85 0 0 0 0 0 0 0 0 0 0 0 0 0 0 0 0 0 2 30 7 21 0 0 0 0 126 0 10 0
101 GAC 0 0 0 0 0 0 0 0 0 347 0 149 0 0 0 0 0 0 0 0 0 0 0 0 0 0 0 0 0 0 0 0 0 1.99564e+06 0 206 159 47 427 988 178 59 13 219 175 434 534 40 0 0 0 0 221 85 45 39 0 0 0 0 0 0 0 0
102 TTG 0 0 0 0 0 0 0 0 4 0 211 0 0 0 0 0 0 0 0 0 8 1 132 52 143 57 58 70 52 23 78 224 0 0 0 0 65 13 95 85 0 0 0 0 0 0 0 0 0 0 0 0 0 0 0 0 0 0 0 0 517 0 1.99811e+06 0
103 CTT 0 0 0 0 0 0 0 0 6 8 22 2 0 0 0 0 0 0 0 0 4 16 70 6 23 4 10 39 22 378 133 1.99906e+06 0 0 0 0 0 0 0 0 0 0 0 0 0 0 0 0 0 0 0 0 73 29 31 33 0 0 0 0 23 0 6 0
104 AGT 0 0 0 0 767 1178 55 337 43 90 47 1.95138e+06 1964 1894 0 11860 0 0 0 0 0 0 0 0 138 0 27 31 296 215 184 1320 0 0 0 0 0 0 0 0 7345 4449 1453 5082 2147 148 593 3930 0 0 0 0 14 59 127 20 0 0 0 0 1403 0 1399 0
105 TCC 0 0 0 0 0 0 0 0 34 124 38 2 0 0 0 0 0 0 0 0 0 0 0 0 108 37 39 36 16 11 18 21 0 0 0 0 0 0 0 0 277 16 63 28 0 0 0 0 0 0 0 0 131 1.99846e+06 291 73 0 0 0 0 18 0 155 0
106 CAC 0 0 0 0 0 0 0 0 35 115 50 150 0 0 0 0 131 1.99674e+06 283 51 72 151 441 122 141 12 59 11 0 0 0 0 58 110 395 159 13 11 9 108 49 40 163 25 0 0 0 0 0 0 0 0 17 43 26 117 0 61 0 32 0 0 0 0
107 CTG 0 0 0 0 0 0 0 0 0 0 0 0 0 0 0 0 0 0 0 0 0 11 134 5 0 0 0 0 171 45 1.9986e+06 251 0 0 0 0 0 0 0 0 0 0 0 0 7 34 23 25 0 0 0 0 0 0 0 0 0 0 0 0 613 0 79 0
108 GCC 0 0 0 0 0 0 0 0 0 134 0 34 0 0 0 0 0 0 0 0 1002 214 105 117 0 0 0 0 0 0 0 0 73 0 72 0 88 1.99703e+06 24 127 136 53 23 29 64 50 16 141 0 0 0 0 50 93 4 321 0 0 0 0 0 0 0 0
109 CCG 0 0 0 0 11 118 3 6 25 14 22 40 0 0 0 0 111 0 13 0 0 178 1.99866e+06 156 21 31 7 9 137 2 33 64 0 0 0 0 0 0 0 0 0 0 0 0 201 27 16 1 0 0 0 0 8 13 33 22 0 0 0 0 2 0 11 0
110 GCG 0 0 0 0 0 0 0 0 0 30 0 11 0 0 0 0 0 0 0 0 5 43 21 39 0 0 0 0 31 56 0 62 0 0 0 0 34 21 1.99928e+06 108 0 0 0 0 0 0 0 0 0 0 0 0 10 13 55 60 0 7 0 45 48 0 24 0
111 GAG 0 0 0 0 58 37 1 67 41 0 7 0 0 0 0 0 0 0 0 0 0 0 0 0 15 15 19 20 11 60 41 78 123 0 1.99906e+06 0 0 0 0 0 67 26 19 72 0 0 0 0 0 0 0 0 0 0 0 0 0 0 0 0 93 0 65 0
112 AAA 1.99975e+06 0 62 0 0 0 0 0 0 0 0 0 17 92 0 83 0 0 0 0 0 0 0 0 0 0 0 0 0 0 0 0 0 0 0 0 0 0 0 0 0 0 0 0 0 0 0 0 0 0 0 0 0 0 0 0 0 0 0 0 0 0 0 0
113 GTA 0 0 0 0 96 172 161 57 19 0 15 0 0 0 0 0 0 0 0 0 0 0 0 0 22 39 25 17 19 4 85 85 0 0 0 0 0 0 0 0 35 16 53 40 1.99854e+06 138 172 147 0 0 0 0 0 0 0 0 0 0 0 0 40 0 4 0
114 AGT 0 0 0 0 0 0 0 0 33 35 82 1.9927e+06 0 0 0 0 0 0 0 0 90 51 27 12 59 6 55 1 19 77 27 106 0 0 0 0 960 1259 189 837 50 139 34 56 33 20 16 134 0 0 0 0 97 54 166 29 0 2042 0 295 115 0 94 0
115 ATA 101 0 51 0 0 0 0 0 0 0 38 54 1.99936e+06 120 0 31 0 0 0 0 0 0 0 0 10 24 1 66 0 0 0 0 0 0 0 0 0 0 0 0 0 0 0 0 0 0 0 0 0 0 0 0 28 22 26 63 0 0 0 0 0 0 0 0
116 ATG 0 0 0 0 0 0 0 0 23 0 8 0 0 0 1.99948e+06 0 0 0 0 0 0 0 0 0 124 5 66 100 0 0 0 0 0 0 0 0 0 0 0 0 0 0 0 0 71 52 35 37 0 0 0 0 0 0 0 0 0 0 0 0 0 0 0 0
117 GCT 0 0 0 0 5 2 3 4 17 2 13 10 0 0 0 0 0 0 0 0 0 0 0 0 4 7 8 7 0 0 0 0 0 0 0 0 69 1 188 1.99965e+06 0 0 0 0 0 0 0 0 0 0 0 0 0 2 2 3 0 0 0 0 0 0 0 0
118 GAT 0 0 0 0 0 0 0 0 0 44 0 14 0 0 0 0 0 0 0 0 0 0 0 0 0 0 0 0 0 0 0 0 0 267 0 1.99924e+06 13 68 52 2 0 0 0 0 85 1 71 44 0 0 0 0 48 18 26 9 0 0 0 0 0 0 0 0
119 GCT 0 0 0 0 3 2 73 14 0 26 0 52 0 0 0 0 0 0 0 0 0 0 0 0 0 0 0 0 0 0 0 0 64 0 59 0 70 113 270 1.99908e+06 0 0 0 0 0 0 0 0 0 0 0 0 28 32 103 9 0 0 0 0 0 0 0 0
120 ATG 0 0 0 0 213 2 6 154 8 28 5 55 78 23 1.99778e+06 8 8 0 98 0 0 0 0 0 64 22 27 74 38 213 263 6 0 0 0 0 0 0 0 0 21 131 38 42 31 19 20 42 0 0 0 0 4 7 12 12 0 0 0 0 312 0 135 0
121 AGG 0 0 0 0 0 71 30 180 357 165 1.99773e+06 35 44 5 0 100 0 0 0 0 38 49 5 44 100 93 14 19 122 63 12 48 0 0 0 0 0 0 0 0 121 31 14 5 0 0 0 0 0 44 0 70 61 29 19 110 0 0 0 0 130 0 45 0
122 CGT 0 0 0 0 46 16 110 1 181 17 74 272 0 0 0 0 0 0 0 0 0 0 0 0 185 261 17 1.99093e+06 137 927 590 1088 0 0 0 0 35 159 30 32 50 106 6 59 40 43 47 53 0 0 0 0 104 196 23 206 0 0 127 0 2228 0 1604 0
123 TTA 0 0 0 0 0 0 0 0 137 5 11 24 0 0 0 0 0 0 0 0 0 0 0 0 47 79 22 208 6 111 104 52 0 0 0 0 0 0 0 0 20 89 4 13 171 91 66 18 0 0 0 0 0 16 6 63 0 0 0 0 1.99842e+06 0 215 0
124 CAC 0 0 0 0 9 7 29 11 39 20 43 28 0 0 0 0 76 1.99874e+06 16 190 17 31 57 78 40 22 5 0 16 1 2 17 0 115 0 87 0 0 0 0 0 0 0 0 0 0 0 0 0 0 0 0 48 30 124 74 0 0 0 0 3 0 27 0
125 ACA 0 38 0 181 1.9977e+06 13 154 17 53 214 7 147 0 0 0 0 0 0 0 0 2 40 126 52 6 89 109 132 0 0 0 0 0 0 0 0 68 172 4 143 30 48 22 11 0 0 0 0 0 0 0 0 146 73 66 140 0 0 0 0 0 0 0 0
126 CTA 0 0 0 0 0 0 0 0 38 0 12 0 0 0 0 0 0 0 0 0 340 59 0 32 106 65 77 10 1.99885e+06 37 68 126 0 0 0 0 0 0 0 0 0 0 0 0 7 32 16 27 0 0 0 0 0 0 0 0 0 0 0 0 4 0 93 0
127 GAT 0 0 0 0 0 0 0 0 0 20 0 27 0 0 0 0 21 0 53 0 0 0 0 0 0 0 0 0 0 0 0 0 0 276 0 1.99925e+06 0 0 0 0 0 0 0 0 0 0 0 0 0 35 0 81 89 29 65 54 0 0 0 0 0 0 0 0
128 CCA 0 0 0 0 14 13 79 35 31 70 28 2 0 0 0 0 0 0 0 0 1.99909e+06 155 54 81 48 7 30 24 44 11 16 43 0 0 0 0 0 0 0 0 0 0 0 0 0 0 0 0 0 0 0 0 8 25 4 31 0 0 0 0 7 0 46 0
129 GCA 0 0 0 0 0 0 0 0 45 8 61 8 0 0 0 0 0 0 0 0 21 76 12 23 28 36 15 89 27 22 28 6 0 0 0 0 1.99878e+06 142 100 210 0 0 0 0 0 0 0 0 0 107 0 5 12 0 105 27 0 0 0 0 0 0 4 0
130 ACG 63 5 56 94 232 67 1.99896e+06 11 0 126 0 10 0 0 0 0 0 0 0 0 0 0 0 0 0 0 0 0 27 18 100 70 0 0 0 0 0 0 0 0 0 0 0 0 0 0 0 0 0 0 0 0 4 19 40 1 0 0 0 0 69 0 31 0
131 TGC 0 0 0 0 30 45 73 17 47 19 31 6 0 0 0 0 0 0 0 0 0 0 0 0 6 5 22 7 15 43 10 27 0 0 0 0 0 0 0 0 0 0 0 0 0 0 0 0 0 0 0 0 48 15 15 32 0 1.99944e+06 0 38 1 0 9 0
132 CCA 0 0 0 0 13 41 13 34 61 0 43 20 0 0 0 0 0 0 0 0 1.9989e+06 100 194 80 10 0 7 51 19 35 55 16 0 0 0 0 49 16 11 9 0 0 0 0 0 0 0 0 0 0 0 0 38 41 34 82 0 0 0 0 26 0 7 0
133 TTC 0 0 0 0 0 0 0 0 0 0 0 0 0 0 0 0 0 0 0 0 0 0 0 0 0 0 0 0 13 36 0 22 0 0 0 0 0 0 0 0 0 0 0 0 0 0 0 0 0 0 0 0 0 0 0 0 0 0 0 0 62 1.99984e+06 9 15
134 GAT 0 0 0 0 0 0 0 0 0 0 0 0 0 0 0 0 71 0 254 0 0 0 0 0 0 0 0 0 0 0 0 0 0 257 0 1.99942e+06 0 0 0 0 0 0 0 0 0 0 0 0 0 0 0 0 0 0 0 0 0 0 0 0 0 0 0 0
135 CAC 0 0 0 0 9 74 45 23 0 0 0 0 0 0 0 0 0 1.99962e+06 0 83 5 78 19 49 0 0 0 0 0 0 0 0 0 0 0 0 0 0 0 0 0 0 0 0 0 0 0 0 0 0 0 0 0 0 0 0 0 0 0 0 0 0 0 0
136 CAA 0 0 0 0 104 5 14 120 63 0 496 33 0 0 0 0 1.99865e+06 0 178 0 0 0 0 0 52 23 20 78 0 0 0 0 0 0 0 0 0 0 0 0 0 0 0 0 0 0 0 0 0 0 0 0 103 5 46 8 0 0 0 0 0 0 0 0
137 GCG 90 0 42 0 83 5 30 153 319 15 1080 61 1621 61 334 2851 180 0 121 0 0 0 0 0 508 636 11 610 184 428 70 371 0 0 0 0 222 28 1.98413e+06 242 0 0 0 0 34 818 167 116 0 368 0 2508 50 0 22 52 0 74 0 63 335 630 255 23
138 AAA 1.99929e+06 0 105 0 0 0 0 0 71 5 91 41 0 0 0 0 0 0 0 0 0 0 0 0 5 78 63 38 0 0 0 0 0 0 0 0 31 55 12 47 0 0 0 0 0 0 0 0 0 0 0 0 13 8 15 28 0 0 0 0 0 0 0 0
139 CAC 0 98 0 97 0 0 0 0 41 26 108 8 0 0 0 0 204 1.99782e+06 47 94 38 21 59 94 41 4 26 61 39 64 13 60 0 55 0 128 89 98 10 73 0 0 0 0 76 28 9 32 0 0 0 0 2 76 38 5 0 0 0 0 25 96 32 64
140 CGA 0 0 0 0 0 0 0 0 96 20 6 38 0 0 0 0 0 0 0 0 0 0 0 0 1.99916e+06 10 19 22 36 25 38 51 0 0 0 0 0 0 0 0 15 61 0 99 0 0 0 0 0 0 0 0 9 28 29 135 0 0 0 0 67 0 33 0
141 ATA 0 0 0 0 55 4 14 67 18 36 13 2 1.99798e+06 277 0 169 0 0 0 0 0 0 0 0 8 78 3 10 28 40 8 48 0 0 0 0 0 0 0 0 0 0 0 0 300 173 222 176 0 0 0 0 0 15 50 18 0 25 0 91 46 0 26 0
142 GAA 120 0 15 0 0 0 0 0 0 0 0 0 0 0 0 0 0 0 0 0 38 17 0 46 0 0 0 0 0 0 0 0 1.99964e+06 0 9 0 0 0 0 0 18 41 33 20 0 0 0 0 0 0 0 0 0 0 0 0 0 0 0 0 0 0 0 0
143 CGA 0 0 0 0 593 53 27 904 40 60 11 52 16 1 0 12 0 28 0 5 104 83 40 46 1.997e+06 103 119 123 15 1 6 1 0 0 0 0 99 38 4 19 56 40 33 86 6 3 13 5 0 0 0 0 52 13 17 66 0 0 0 0 7 0 3 0
144 GCA 0 0 0 0 0 0 0 0 0 0 0 45 56 24 0 32 0 0 0 0 0 0 0 0 0 0 0 0 0 0 0 0 0 0 0 0 1.99928e+06 77 250 78 0 0 0 0 0 0 0 0 0 0 0 0 60 23 26 54 0 0 0 0 0 0 0 0
145 AGA 0 0 0 0 0 0 0 0 1.99299e+06 9 60 20 0 0 0 0 0 539 0 2135 0 0 0 0 169 102 218 322 654 262 410 138 0 0 0 0 51 148 230 66 324 87 165 345 0 0 0 0 0 0 0 0 94 5 55 16 0 0 0 0 351 22 14 2
146 ACT 5 56 33 210 182 29 13 1.99199e+06 138 10 57 18 765 155 0 201 797 15 762 10 16 4 56 1 37 109 133 4 544 147 522 61 106 102 44 128 134 136 22 123 7 28 9 4 194 99 52 443 0 0 0 0 12 1 11 14 0 388 0 119 573 0 173 0
147 CGC 0 0 0 0 0 0 0 0 206 21 116 121 0 0 0 0 0 0 0 0 0 0 0 0 27 1.99856e+06 30 58 52 0 55 169 0 0 0 0 0 0 0 0 52 59 98 72 0 0 0 0 0 0 0 0 9 18 176 12 0 0 0 0 28 0 61 0
148 ATG 0 0 0 0 0 0 0 0 0 0 0 0 112 10 1.99963e+06 78 0 0 0 0 0 0 0 0 0 0 0 0 0 0 0 0 0 0 0 0 0 0 0 0 0 0 0 0 158 5 3 4 0 0 0 0 0 0 0 0 0 0 0 0 0 0 0 0
149 GAG 598 588 385 502 0 0 0 0 2 26 156 4 416 74 0 796 330 229 128 31 0 0 0 0 12 119 94 54 245 269 336 874 88 41 1.99072e+06 143 6 54 20 23 392 60 11 441 48 98 189 87 0 46 0 96 3 327 22 38 0 363 0 37 34 53 115 180
150 GCT 0 0 0 0 26 18 28 46 38 75 12 26 0 0 0 0 148 519 117 175 12 61 30 8 21 5 115 13 0 0 0 0 74 0 44 0 45 248 359 1.9973e+06 0 0 0 0 0 97 35 27 0 0 0 0 61 48 138 29 0 0 0 0 0 0 0 0
151 GGA 0 291 0 25 0 0 0 0 15 9 136 36 0 0 0 0 0 0 0 0 0 0 0 0 81 113 41 32 0 0 0 0 311 0 188 0 0 0 0 0 1.99785e+06 131 228 78 128 32 16 42 0 0 0 0 18 3 50 36 0 71 0 35 0 0 0 0
152 CTA 0 0 0 0 0 0 0 0 11 5 30 32 0 0 144 0 0 0 0 0 0 0 0 0 13 9 17 47 1.99847e+06 161 462 311 0 0 0 0 0 0 0 0 0 0 0 0 0 0 0 0 0 4 0 96 18 11 2 76 0 0 0 0 33 0 50 0
153 GTA 0 0 0 0 119 45 17 19 33 10 19 13 284 265 459 232 0 0 0 0 319 1534 243 917 55 12 7 62 228 335 1027 1028 0 0 0 0 0 0 0 0 40 33 21 32 1.9884e+06 276 185 3 0 0 0 0 19 16 20 17 0 167 0 8 758 1205 504 1011
154 GAT 0 0 0 0 0 0 0 0 12 0 194 0 0 0 0 0 0 0 0 0 0 0 0 0 2 79 77 10 8 62 4 30 0 43 0 1.99906e+06 0 0 0 0 97 48 19 46 14 94 60 26 0 0 0 0 0 0 0 0 0 0 0 0 4 0 13 0
155 CAA 0 0 0 0 1221 119 1540 1852 277 23 32 105 789 1000 2058 1326 1.93503e+06 77 12 40 50 124 46 49 8 39 3 71 32 1008 100 21 1362 0 2392 0 93 39 16 77 97 73 452 76 1322 8467 1393 429 0 1815 0 2122 86 87 7 60 0 920 30257 719 37 279 134 136
156 GAT 0 0 0 0 0 0 0 0 14 5 6 89 0 0 0 0 0 0 0 0 0 0 0 0 5 4 45 43 2 55 3 63 0 3 0 1.999e+06 41 12 70 97 0 0 0 0 0 0 0 0 0 203 0 37 11 11 33 37 0 0 0 0 34 0 76 0
157 GAT 0 0 0 0 0 0 0 0 0 0 0 0 0 0 0 0 0 0 0 0 0 0 0 0 0 0 0 0 0 0 0 0 0 49 0 1.9996e+06 37 38 38 4 52 6 24 63 35 9 46 3 0 0 0 0 0 0 0 0 0 0 0 0 0 0 0 0
158 CTT 0 89 0 6 63 45 5 39 56 0 30 0 0 0 144 0 40 0 49 0 3 0 89 9 52 31 174 6 106 11 213 1.97496e+06 0 0 0 0 0 0 0 0 0 0 0 0 15 36 8 31 0 788 0 3012 0 0 0 0 0 0 1209 0 0 2283 58 16345
159 GAC 0 0 0 0 231 6 129 191 147 0 34 0 0 0 0 0 0 0 0 0 0 0 0 0 423 29 161 212 0 0 0 0 17 1.99783e+06 38 12 0 0 0 0 1 31 103 141 0 0 0 0 0 260 0 4 0 0 0 0 0 0 0 0 0 0 0 0
160 GAG 0 72 0 71 0 0 0 0 31 66 116 38 0 0 0 0 838 0 50 0 0 0 0 0 141 42 62 17 7 13 98 43 118 873 1.99568e+06 864 60 102 28 33 19 80 4 76 0 0 0 0 0 0 0 0 58 19 13 2 0 64 0 43 6 46 47 64
161 GAG 0 0 0 0 0 0 0 0 12 29 165 2 0 0 0 0 124 0 16 0 0 0 0 0 3 15 0 11 0 0 0 0 52 0 1.99939e+06 0 18 72 3 24 0 0 0 0 0 0 0 0 0 0 0 0 15 25 21 3 0 0 0 0 0 0 0 0
162 CAT 0 690 0 2658 112 3 34 48 26 46 27 3 0 0 0 0 0 106 0 1.99487e+06 0 0 0 0 20 33 62 3 26 23 6 0 0 0 0 0 0 0 0 0 491 18 153 419 0 0 0 0 0 0 0 0 7 5 47 1 0 0 0 0 45 0 22 0
163 CAA 139 0 58 0 1210 563 553 101 57 26 280 20 780 2926 2862 1477 1.96612e+06 41 21 96 45 68 81 14 205 57 79 52 286 4288 399 2208 25 0 97 0 399 846 196 499 2 39 44 94 1728 2548 937 414 0 1422 0 1938 139 24 162 75 0 846 158 313 717 605 288 328
164 GGG 0 0 0 0 0 0 0 0 58 9 5 12 0 0 0 0 0 0 0 0 0 0 0 0 73 2 21 0 0 0 0 0 0 0 0 0 0 0 0 0 171 122 1.9987e+06 231 163 42 31 93 0 0 0 0 66 20 0 23 0 30 0 132 0 0 0 0
165 CTG 0 11 0 12 180 243 52 156 0 0 1 0 133 95 38 165 0 0 0 0 22 9 1 1 2 2 0 0 7 40 1.99706e+06 228 0 0 0 0 5 8 0 1 0 0 0 0 193 335 100 114 0 28 0 33 0 0 0 0 0 8 0 8 482 10 187 28
166 GCG 84 0 148 0 49 86 72 1 45 24 77 45 8 69 0 76 0 0 0 0 0 0 0 0 0 11 4 1 162 207 83 19 58 0 135 0 36 22 1.99748e+06 145 0 0 0 0 8 136 21 33 0 0 0 0 54 133 9 10 0 0 0 0 283 0 166 0
167 CCC 9 0 97 0 167 52 18 51 14 3 48 16 580 139 113 811 101 0 93 0 251 1.98888e+06 64 56 72 38 37 0 396 341 1768 373 0 0 0 0 36 37 43 33 54 20 156 32 295 498 735 481 0 29 0 131 29 15 23 43 0 26 0 155 1886 0 653 0
168 GCG 213 0 1 0 34 392 168 92 9 93 43 318 68 273 0 56 0 25 0 116 0 0 0 0 45 136 167 9 130 50 104 15 3 0 141 0 98 114 1.99512e+06 283 0 0 0 0 30 24 56 29 0 0 0 0 186 446 87 414 0 0 216 0 53 43 7 93
169 GAA 0 0 0 0 0 0 0 0 0 77 0 163 0 0 0 0 233 0 460 0 24 45 14 17 0 0 0 0 66 137 56 57 1.99719e+06 0 146 0 0 0 0 0 23 102 187 258 169 124 7 105 0 0 0 0 34 55 37 3 0 0 0 0 188 0 25 0
170 CTC 0 0 0 0 0 0 0 0 0 0 0 0 0 0 0 0 0 0 0 0 19 212 16 74 0 0 0 0 57 1.99874e+06 303 91 0 0 0 0 0 0 0 0 0 0 0 0 0 0 0 0 0 0 0 0 0 0 0 0 0 322 0 43 14 0 104 0
171 TTT 0 0 0 0 0 0 0 0 16 42 372 21 0 0 0 0 0 0 0 0 19 10 38 61 33 178 12 17 358 33 134 96 0 0 0 0 0 0 0 0 15 21 133 72 23 31 118 5 0 0 0 0 72 24 42 39 0 0 0 0 58 3 84 1.99782e+06
172 GCT 0 0 0 0 0 0 0 0 293 0 121 0 0 0 0 0 130 0 27 0 0 0 0 0 214 5 89 204 0 0 0 0 120 0 125 0 17 38 79 1.99789e+06 0 0 0 0 151 38 137 318 0 0 0 0 0 0 0 0 0 0 0 0 0 0 0 0
173 AGG 0 0 0 0 0 0 0 0 298 39 1.99279e+06 117 0 0 1956 0 435 0 310 0 0 0 0 0 13 165 306 172 85 396 146 566 152 0 10 0 8 28 92 64 46 9 17 14 72 25 47 218 0 0 0 0 151 23 39 164 0 0 0 0 647 0 380 0
174 TTG 0 0 0 0 0 0 0 0 0 0 0 0 0 0 0 0 0 0 0 0 0 0 0 0 0 0 0 0 46 103 18 176 0 0 0 0 0 0 0 0 0 0 0 0 0 0 0 0 0 0 0 0 0 0 0 0 0 16 0 157 44 0 1.99944e+06 0
175 AAA 1.99408e+06 0 266 0 0 0 0 0 9 7 41 16 7 98 0 14 272 0 50 0 0 0 0 0 32 0 31 8 906 316 569 1085 0 0 0 0 0 0 0 0 43 47 9 78 204 600 15 204 0 0 0 0 9 3 54 21 0 0 0 0 858 0 47 0
176 GCT 0 0 0 0 0 0 0 0 24 0 8 22 0 0 0 0 0 0 0 0 0 0 0 0 110 89 95 69 35 16 11 41 0 0 0 0 184 159 86 1.99865e+06 0 0 0 0 0 0 0 0 0 0 0 0 36 100 38 126 0 0 0 0 19 0 80 0
177 CGG 0 912 0 1982 4209 19460 1675 8473 63 1885 210 10788 2698 2549 2410 1336 520 59 412 1543 65 56 21 43 174 119 1.85382e+06 385 4272 1595 3602 4186 627 646 4592 393 579 2457 3569 2472 1476 1095 7042 3055 805 55 1277 519 0 73 0 1093 3081 3037 9232 1198 0 2186 2820 5105 4030 5720 1468 773
178 ATG 482 0 133 0 244 698 70 194 690 15 21 39 147 52 1.98293e+06 86 34 491 286 330 120 325 255 643 176 190 543 1373 585 387 96 141 87 0 98 0 19 10 72 5 50 5 40 35 103 46 298 187 0 1685 0 1191 10 33 22 27 0 183 1076 505 363 1760 19 295
179 CCC 0 0 0 0 7 48 19 12 39 9 40 1 59 65 0 90 35 0 54 0 78 1.99862e+06 314 281 36 15 9 19 7 69 15 2 0 0 0 0 0 0 0 0 0 0 0 0 0 0 0 0 0 0 0 0 5 10 3 0 0 0 0 0 25 0 12 0
180 GAC 0 0 0 0 137 3 48 68 55 50 49 74 800 145 0 107 0 0 0 0 82 9 5 13 49 9 22 6 51 192 203 336 327 1.99374e+06 14 211 110 108 72 92 659 386 15 267 0 0 0 0 0 0 0 0 23 12 162 16 0 0 907 0 15 49 269 33
181 GGT 0 0 0 0 49 51 10 7 129 51 48 308 0 0 0 0 0 0 0 0 0 0 0 0 89 51 101 101 10 44 8 6 0 0 0 0 29 99 58 23 2 54 20 1.997e+06 80 337 9 282 0 21 0 224 41 60 11 112 0 352 0 79 3 0 39 0
182 GAA 0 0 0 0 20 16 75 100 0 38 0 8 0 0 0 0 0 0 0 0 0 0 0 0 0 0 0 0 0 0 0 0 1.99904e+06 0 132 0 37 2 24 41 19 42 80 90 11 24 61 9 0 0 0 0 2 21 73 35 0 0 0 0 0 0 0 0
183 GAT 0 0 0 0 0 0 0 0 40 0 79 0 0 0 0 0 0 0 0 0 0 0 0 0 0 24 142 25 0 0 0 0 0 13 0 1.99956e+06 0 0 0 0 29 12 36 38 0 0 0 0 0 0 0 0 0 0 0 0 0 0 0 0 0 0 0 0
184 TTG 0 0 0 0 0 0 0 0 9 0 78 0 0 0 0 0 42 0 330 0 34 27 4 117 18 54 15 23 0 126 50 177 0 0 0 0 0 0 0 0 0 0 0 0 0 0 0 0 0 0 0 0 0 0 0 0 0 0 0 0 76 0 1.99882e+06 0
185 GTG 0 0 0 0 0 0 0 0 41 13 13 68 0 0 0 0 0 0 0 0 0 0 0 0 20 73 25 3 13 24 15 20 0 0 0 0 34 38 134 6 0 0 0 0 68 194 1.99905e+06 20 0 0 0 0 3 24 2 8 0 0 0 0 82 0 7 0
186 GTA 0 0 0 0 0 0 0 0 0 0 0 0 0 0 0 0 0 0 0 0 4 12 73 29 0 0 0 0 26 69 59 14 0 0 0 0 23 84 50 93 0 0 0 0 1.99909e+06 59 54 193 0 0 0 0 0 0 0 0 0 0 0 0 46 0 25 0
187 ACT 0 0 0 0 7 168 26 1.99957e+06 0 35 0 29 0 0 0 0 0 0 0 0 0 0 0 0 0 0 0 0 0 0 0 0 0 0 0 0 0 0 0 0 0 0 0 0 0 0 0 0 0 0 0 0 13 47 6 95 0 0 0 0 0 0 0 0
188 CAT 0 0 0 0 0 0 0 0 96 0 8 0 0 0 0 0 1174 47 458 1.98697e+06 76 158 115 387 21 53 128 156 343 885 1694 800 0 0 0 0 0 0 0 0 0 0 0 0 0 0 0 0 0 423 0 4199 0 0 0 0 0 1239 0 190 122 0 257 0
189 GGG 0 0 0 0 0 0 0 0 0 83 0 124 0 0 0 0 0 0 0 0 0 0 0 0 0 0 0 0 24 57 6 9 0 0 0 0 0 0 0 0 60 27 1.99903e+06 138 104 8 58 50 0 0 0 0 139 41 6 9 0 0 0 0 22 0 1 0
190 GAT 0 0 0 0 0 0 0 0 0 0 0 0 0 0 0 0 0 0 0 0 0 0 0 0 0 0 0 0 0 0 0 0 12 186 101 1.99959e+06 0 0 0 0 16 15 11 65 0 0 0 0 0 0 0 0 0 0 0 0 0 0 0 0 0 0 0 0
191 GCC 0 0 0 0 0 0 0 0 147 312 159 176 0 0 0 0 0 2076 0 173 0 0 0 0 163 407 170 183 267 118 1 122 0 0 0 0 34 1.9233e+06 220 128 0 0 0 0 27 7 40 63 0 2006 0 1373 185 284 533 36 0 0 0 0 110 55820 38 11327
192 TGC 0 0 0 0 8598 1960 35961 16128 43 0 79 0 171 603 0 134 0 0 0 0 0 0 0 0 32 29 14 59 0 0 0 0 0 0 0 0 69 116 89 165 38 11 152 24 0 0 0 0 0 0 0 0 0 0 0 0 0 1.93546e+06 0 62 0 0 0 0
193 CTC 0 0 0 0 0 0 0 0 8 0 65 0 0 0 96 0 0 0 0 0 3 2 25 46 15 249 92 6 21 1.99842e+06 277 71 0 0 0 0 0 0 0 0 0 0 0 0 17 15 68 41 0 0 0 0 0 0 0 0 0 0 0 0 356 0 111 0
194 CCG 0 0 0 0 54 66 167 4 42 39 58 13 0 0 0 0 120 0 30 0 19 61 1.99858e+06 259 86 53 12 42 0 81 35 9 0 0 0 0 0 0 0 0 0 0 0 0 0 0 0 0 0 0 0 0 4 40 19 11 0 0 0 0 52 0 49 0
195 AAC 63 1.99923e+06 78 130 45 68 26 10 0 64 0 52 0 0 0 0 0 0 0 0 0 0 0 0 0 0 0 0 0 0 0 0 0 0 0 0 0 0 0 0 0 0 0 0 0 0 0 0 0 1 0 180 32 8 2 10 0 0 0 0 0 0 0 0
196 ATA 0 0 0 0 0 0 0 0 14 191 36 126 1.99772e+06 164 0 680 0 0 0 0 0 0 0 0 77 134 81 23 5 39 10 10 0 0 0 0 0 0 0 0 0 0 0 0 13 24 35 31 0 0 0 0 243 22 126 117 0 0 0 0 74 0 3 0
197 ATG 23 0 86 0 34 34 12 27 67 0 0 0 0 0 1.99893e+06 0 226 0 213 0 0 0 0 0 34 0 27 3 30 7 7 24 0 69 0 95 0 0 0 0 0 0 0 0 0 0 0 0 0 0 0 0 0 0 0 0 0 0 0 0 45 0 7 0
198 GTG 0 0 0 0 0 0 0 0 25 0 27 0 0 0 0 0 0 0 0 0 0 0 0 0 23 60 20 7 6 27 22 9 0 0 0 0 84 18 18 6 18 17 39 33 286 81 1.99894e+06 161 0 0 0 0 0 0 0 0 0 0 0 0 15 0 63 0
199 GAA 0 0 0 0 0 0 0 0 34 115 19 49 0 0 0 0 0 64 0 25 0 0 0 0 23 9 41 61 0 0 0 0 1.99829e+06 0 32 0 42 9 4 269 3 172 20 39 0 0 0 0 0 0 0 0 51 273 3 71 0 78 0 200 0 0 0 0
200 AAC 0 1.99897e+06 0 224 20 214 46 1 0 41 0 27 0 0 0 0 0 0 0 0 0 0 0 0 0 0 0 0 19 6 168 0 0 0 0 0 0 0 0 0 0 0 0 0 48 56 27 26 0 0 0 0 37 12 23 13 0 0 0 0 17 0 9 0
201 GGC 0 0 0 0 3 4 17 20 67 39 128 23 0 0 0 0 0 0 0 0 0 0 0 0 70 88 24 134 0 0 0 0 0 0 0 20 0 0 0 0 536 1.99817e+06 82 323 0 0 0 0 0 0 0 0 25 2 137 6 0 77 0 8 0 0 0 0
202 CGT 67 0 113 0 0 0 0 0 164 7 412 23 0 0 0 0 0 0 0 0 0 0 0 0 33 97 233 1.99735e+06 14 10 284 42 0 0 0 0 0 0 0 0 0 0 0 0 0 0 0 0 0 0 0 0 41 103 256 40 0 107 0 68 125 0 408 0
203 TTT 0 0 0 0 0 0 0 0 0 0 0 0 0 0 0 0 0 0 0 0 0 0 0 0 0 0 0 0 26 5 2 106 0 0 0 0 0 0 0 0 0 0 0 0 0 0 0 0 0 0 0 0 0 0 0 0 0 32 0 193 77 328 28 1.9992e+06
204 AGC 0 49 0 61 47 42 62 68 106 1.99823e+06 0 134 14 82 0 176 0 0 0 0 0 0 0 0 59 53 122 17 0 0 0 0 0 0 0 0 0 0 0 0 42 4 74 26 0 0 0 0 0 0 0 0 99 151 152 132 0 0 0 0 0 0 0 0
205 GGA 0 0 0 0 0 0 0 0 0 0 0 0 0 0 0 0 0 0 0 0 0 0 0 0 0 0 0 0 0 0 0 0 0 0 0 0 0 0 0 0 1.99935e+06 347 122 33 10 89 38 11 0 0 0 0 0 0 0 0 0 0 0 0 0 0 0 0
206 TTC 0 0 0 0 0 0 0 0 9 60 27 30 0 0 0 0 0 0 0 0 0 0 0 0 2 51 13 8 26 62 13 1 0 0 0 0 0 0 0 0 0 0 0 0 96 0 56 13 0 0 0 0 43 13 59 42 0 0 0 0 16 1.99922e+06 47 98
207 ATT 0 0 0 0 36 44 52 24 0 0 0 0 136 58 0 1.99951e+06 0 0 0 0 0 0 0 0 0 0 0 0 0 0 0 0 0 0 0 0 0 0 0 0 0 0 0 0 24 0 69 44 0 0 0 0 0 0 0 0 0 0 0 0 0 0 0 0
208 GAT 0 0 0 0 2 40 93 45 0 0 0 0 0 0 0 0 0 0 0 0 0 0 0 0 0 0 0 0 0 0 0 0 84 82 17 1.99909e+06 115 79 86 57 28 8 98 74 0 0 0 0 0 0 0 0 0 0 0 0 0 0 0 0 0 0 0 0
209 TGC 0 0 0 0 8 139 306 206 36 89 119 85 0 0 0 0 0 0 0 0 0 0 0 0 30 54 8 124 12 71 24 27 0 0 0 0 1 29 39 268 15 13 0 90 0 0 0 0 0 0 0 0 13 15 41 12 0 1.99785e+06 0 92 10 21 56 98
210 GGA 0 0 0 0 0 0 0 0 31 2 30 70 0 0 0 0 0 0 0 0 0 0 0 0 7 30 18 34 0 0 0 0 0 0 0 0 0 0 0 0 1.99876e+06 182 85 261 81 143 101 81 0 0 0 0 31 25 2 27 0 0 0 0 0 0 0 0
211 CGG 0 0 0 0 0 0 0 0 44 39 68 1 0 0 0 0 0 0 0 0 0 0 0 0 29 166 1.99862e+06 158 165 49 153 49 0 0 0 0 0 0 0 0 0 0 0 0 0 0 0 0 0 0 0 0 86 39 29 93 0 56 0 89 7 0 58 0
212 TTG 0 0 0 0 17 78 1 33 50 0 35 0 0 0 0 0 0 0 0 0 0 0 0 0 44 7 10 47 232 72 85 41 0 0 0 0 0 0 0 0 0 0 0 0 0 0 0 0 0 0 0 0 0 0 0 0 0 0 0 0 69 0 1.99918e+06 0
213 GGT 0 0 0 0 0 0 0 0 5 0 112 0 0 0 0 0 0 0 0 0 0 0 0 0 55 32 0 55 0 0 0 0 0 0 0 0 1 0 3 1 131 34 15 1.99941e+06 11 6 0 8 0 0 0 0 0 0 0 0 0 11 0 114 0 0 0 0
214 GTC 0 0 0 0 0 0 0 0 0 0 0 0 0 0 0 0 0 0 0 0 0 0 0 0 0 0 0 0 29 7 57 64 0 0 0 0 9 10 53 95 56 30 202 27 47 1.99919e+06 41 54 0 0 0 0 0 0 0 0 0 0 0 0 31 0 0 0
215 GCT 0 0 0 0 2 3 101 63 0 22 0 20 0 0 0 0 0 0 0 0 32 29 55 31 0 0 0 0 0 0 0 0 0 0 0 0 155 50 0 1.99907e+06 36 31 40 21 0 0 0 0 0 0 0 0 181 26 23 10 0 0 0 0 0 0 0 0
216 GAT 0 0 0 0 0 0 0 0 0 13 0 24 0 0 0 0 0 0 0 0 0 0 0 0 0 0 0 0 17 4 40 7 0 93 0 1.99906e+06 5 16 3 75 51 56 32 24 29 13 65 37 0 105 0 63 24 10 63 3 0 0 0 0 0 0 65 0
217 CGA 0 0 0 0 0 0 0 0 11 59 106 115 0 0 0 0 0 0 0 0 0 0 0 0 1.99906e+06 84 98 23 15 38 15 38 0 0 0 0 0 0 0 0 33 40 22 18 0 0 0 0 0 0 0 0 73 16 0 74 0 0 0 0 45 0 22 0
218 TAT 0 0 0 0 0 0 0 0 0 28 0 115 0 0 0 0 0 0 0 0 0 0 0 0 0 0 0 0 0 0 0 0 0 0 0 0 0 0 0 0 0 0 0 0 0 0 0 0 0 129 0 1.99958e+06 42 10 45 51 0 0 0 0 0 0 0 0
219 CAA 106 0 12 0 139 32 0 15 25 0 13 0 0 0 0 0 1.99844e+06 285 577 7 16 108 0 4 80 47 82 11 0 0 0 0 0 0 0 0 0 0 0 0 0 0 0 0 0 0 0 0 0 0 0 0 0 0 0 0 0 0 0 0 0 0 0 0
220 GAT 0 0 0 0 0 0 0 0 0 0 0 0 0 0 0 0 0 0 0 0 0 0 0 0 0 0 0 0 0 0 0 0 0 98 0 1.9995e+06 27 66 0 105 45 24 62 75 0 0 0 0 0 0 0 0 0 0 0 0 0 0 0 0 0 0 0 0
221 ATA 0 0 0 0 0 114 87 150 0 35 0 101 1.98635e+06 168 0 84 0 0 0 0 0 0 0 0 0 0 0 0 3160 4507 549 2766 0 0 0 0 0 0 0 0 24 6 17 62 0 51 49 6 0 0 0 0 30 75 335 40 0 0 0 0 896 0 334 0
222 GCA 0 0 0 0 0 0 0 0 0 0 0 0 0 0 0 0 0 0 0 0 0 0 0 0 0 0 0 0 0 0 0 0 0 0 0 0 1.99926e+06 52 170 55 97 22 11 10 95 23 12 194 0 0 0 0 0 0 0 0 0 0 0 0 0 0 0 0
223 TTG 0 0 0 0 0 0 0 0 65 0 40 0 0 0 0 0 0 0 0 0 0 0 0 0 6 67 6 5 326 47 72 301 0 0 0 0 0 0 0 0 0 0 0 0 0 0 0 0 0 0 0 0 0 0 0 0 0 0 0 0 239 0 1.99883e+06 0
224 GCA 0 0 0 0 0 0 0 0 0 103 0 162 0 0 0 0 0 0 0 0 21 21 39 20 0 0 0 0 23 23 39 14 240 0 59 0 1.9985e+06 40 79 59 81 9 32 33 13 68 56 5 0 0 0 0 19 46 110 50 0 0 0 0 25 0 10 0
225 ACT 0 0 0 0 20 43 4 1.99933e+06 0 10 0 5 132 5 0 13 0 0 0 0 0 0 0 0 0 0 0 0 0 0 0 0 0 0 0 0 0 0 0 0 0 0 0 0 139 14 143 45 0 0 0 0 35 41 13 12 0 0 0 0 0 0 0 0
226 CGC 0 0 0 0 46 27 12 13 335 52 136 13 0 0 0 0 0 0 0 0 0 0 0 0 267 1.99801e+06 45 82 78 4 64 108 0 0 0 0 0 0 0 0 54 10 83 13 0 0 0 0 0 0 0 0 109 117 111 93 0 0 0 0 58 0 64 0
227 GAT 0 0 0 0 0 0 0 0 57 38 22 445 0 0 0 0 0 65 0 88 0 0 0 0 51 58 14 13 0 0 0 0 63 137 59 1.998e+06 0 0 0 0 0 0 0 0 83 75 40 97 0 0 0 0 8 167 0 162 0 174 0 86 0 0 0 0
228 ATC 0 0 0 0 351 194 13 216 174 10465 702 2626 34 1.9716e+06 0 151 0 0 0 0 0 0 0 0 379 133 28 401 69 176 751 19 0 0 0 0 0 0 0 0 0 0 0 0 1245 592 2043 865 0 0 0 0 1500 3315 397 573 0 0 0 0 743 0 244 0
229 GCC 0 0 0 0 14 33 24 45 18 25 57 62 0 0 0 0 0 0 0 0 56 22 40 10 10 16 20 19 0 0 0 0 122 0 150 0 65 1.99871e+06 116 119 0 0 0 0 43 25 55 5 0 0 0 0 14 6 54 41 0 0 0 0 0 0 0 0
230 GAA 0 0 0 0 257 323 27 505 0 1590 0 44 0 0 0 0 0 493 0 200 37 20 53 10 0 0 0 0 0 0 0 0 1.99178e+06 0 175 0 89 39 33 75 12 155 151 7 0 0 0 0 0 0 0 0 270 102 3308 245 0 0 0 0 0 0 0 0
231 GAG 220 0 320 0 0 0 0 0 254 0 170 0 0 0 0 0 0 38 0 72 0 0 0 0 192 290 117 68 0 0 0 0 13 0 1.99398e+06 0 17 1 35 18 1 0 0 0 1 42 35 1 0 1163 0 2687 0 0 0 0 0 0 249 0 0 9 0 5
232 CTT 0 0 0 0 0 0 0 0 129 79 129 34 0 0 0 0 0 0 0 0 6 35 14 54 21 30 90 331 10 294 97 1.99793e+06 0 0 0 0 0 0 0 0 0 0 0 0 131 108 78 41 0 0 0 0 10 12 85 136 0 0 0 0 19 0 101 0
233 GGT 0 0 0 0 0 0 0 0 33 17 3 14 0 0 0 0 0 0 0 0 0 0 0 0 22 31 1 2 0 0 0 0 0 0 0 0 0 0 0 0 64 170 60 1.999e+06 86 17 122 35 0 0 0 0 18 58 72 0 0 48 0 125 0 0 0 0
234 GGT 1168 1425 562 623 36 3760 309 659 2 9 6 5 27 10 75 11 232 60 348 71 14798 33020 12187 5285 1 2 11 22 3 1 7 8 226 11 10919 11 216 120 345 168 106 505 0 1.90916e+06 184 206 67 438 0 10 0 5 3 14 28 59 0 782 213 1392 2 0 67 0
235 GAA 0 0 0 0 17 7 39 42 0 0 0 0 0 0 0 0 0 0 0 0 0 0 0 0 0 0 0 0 7 0 51 51 1.99946e+06 0 157 0 20 5 67 57 0 0 0 0 0 0 0 0 0 0 0 0 0 0 0 0 0 0 0 0 12 0 10 0
236 TGG 0 0 0 0 0 0 0 0 58 7 78 21 0 0 0 0 0 0 0 0 0 0 0 0 15 40 115 2 148 26 68 161 0 0 0 0 0 0 0 0 144 82 12 7 13 66 36 11 0 0 0 0 5 56 30 95 0 0 1.99858e+06 0 104 0 20 0
237 GCA 0 0 0 0 0 0 0 0 1 24 6 143 0 0 0 0 0 0 0 0 0 0 0 0 24 42 5 38 0 0 0 0 0 0 0 0 1.99897e+06 331 67 44 0 0 0 0 0 0 0 0 0 0 0 0 73 125 35 73 0 0 0 0 0 0 0 0
238 GAC 215 518 1008 101 51 23 21 35 615 230 351 586 540 1103 106 159 252 828 448 29 1 27 33 106 427 305 951 419 136 248 98 135 987 1.98617e+06 296 52 105 171 20 91 0 0 0 0 48 134 137 79 0 210 0 2 169 81 175 153 0 38 0 128 101 34 61 456
239 AGA 0 0 0 0 71 7 16 85 1.99816e+06 17 34 14 0 0 0 0 0 0 0 0 86 59 5 7 229 1 364 34 63 7 50 65 0 0 0 0 0 0 0 0 34 62 42 7 0 0 0 0 0 0 0 0 19 76 47 15 0 90 0 67 50 0 114 0
240 TTT 47 0 57 0 0 0 0 0 0 31 0 14 0 0 0 0 0 0 0 0 0 0 0 0 0 0 0 0 0 0 0 0 0 0 0 0 0 0 0 0 0 0 0 0 116 30 13 53 0 0 0 0 33 0 30 19 0 3 0 118 0 349 0 1.99909e+06
241 TTA 0 0 0 0 0 0 0 0 4 16 35 12 0 0 0 0 0 0 0 0 70 253 104 81 58 6 49 30 10 118 143 166 0 0 0 0 0 0 0 0 0 0 0 0 0 0 0 0 0 0 0 0 45 0 5 1 0 0 0 0 1.99863e+06 0 166 0
242 GTT 152 50 914 104 614 91 509 652 361 44 50 51 0 0 382 0 34 683 110 250 14 76 13 52 1401 372 126 486 0 50 18 34 389 0 775 0 195 0 732 118 0 0 0 0 93 317 36 1.98718e+06 0 42 0 198 96 518 437 507 0 0 225 0 37 228 110 70
243 CTG 0 0 0 0 0 0 0 0 1 0 8 0 0 0 0 0 28 0 102 0 47 65 8 1 33 65 124 83 38 165 1.99805e+06 229 208 0 153 0 57 51 16 95 0 0 0 0 44 53 49 14 0 0 0 0 0 0 0 0 0 0 0 0 46 0 164 0
244 TAT 0 0 0 0 0 0 0 0 0 0 0 0 0 0 0 0 0 0 0 0 0 0 0 0 0 0 0 0 22 304 43 15 0 0 0 0 0 0 0 0 0 0 0 0 0 0 0 0 0 51 0 1.99948e+06 0 0 0 0 0 0 0 0 2 0 84 0
245 GGT 0 0 0 0 0 0 0 0 1108 10 32 11 0 0 0 0 0 0 0 0 0 0 0 0 2 168 377 352 45 25 128 83 0 0 0 0 11 185 292 385 580 109 219 1.99296e+06 660 575 113 459 0 0 0 0 7 7 34 235 0 407 0 388 25 0 6 0
246 ATC 0 0 0 0 0 0 0 0 171 22 26 207 148 1.99798e+06 0 89 0 0 0 0 0 0 0 0 80 3 46 22 36 12 26 55 0 0 0 0 0 0 0 0 0 0 0 0 147 23 6 23 0 0 0 0 151 78 150 40 0 159 0 98 73 51 6 73
247 GCG 17 58 124 208 62 43 96 66 88 76 103 589 0 0 0 0 57 0 48 0 167 11 0 78 55 81 18 57 47 0 11 85 0 91 0 4 6 29 1.99613e+06 115 37 10 77 25 0 0 0 0 0 0 0 0 441 56 38 246 0 133 0 62 204 0 52 0
248 GCA 78 0 79 0 272 24 69 314 35 51 4 127 19 41 160 51 282 0 145 0 0 0 0 0 20 15 29 23 634 202 64 219 36 88 88 182 1.99533e+06 81 53 112 25 33 11 34 12 62 30 10 0 0 0 0 41 88 4 34 0 0 0 0 513 0 174 0
249 CCA 0 0 0 0 98 5 338 154 1837 233 223 140 0 0 0 0 386 0 116 0 1.98713e+06 133 2 74 615 72 2362 1253 129 76 58 38 0 0 0 0 69 264 1584 820 130 103 814 133 0 0 0 0 0 0 0 0 39 52 173 116 0 0 0 0 226 0 2 0
250 GAC 0 0 0 0 5 7 14 5 0 0 0 0 0 0 0 0 189 0 433 0 0 0 0 0 0 0 0 0 2 17 15 2 0 1.99877e+06 0 77 8 38 4 1 0 0 0 0 19 20 167 181 0 3 0 1 0 0 0 0 0 0 0 0 17 0 8 0
251 TCT 40 0 78 0 108 51 270 528 34 138 143 45 44 0 191 178 885 159 124 15 0 0 0 0 149 451 539 276 71 39 704 494 0 139 0 35 23 19 130 68 17 8 52 58 0 0 0 0 0 619 0 80 13 176 53 1.98924e+06 0 0 2530 0 246 232 41 472
252 CAG 0 99 0 33 0 0 0 0 29 0 48 25 0 0 0 0 21 52 1.99802e+06 190 0 0 0 0 5 39 56 19 5 3 12 16 0 472 0 417 0 0 0 0 0 0 0 0 0 0 0 0 0 0 0 0 24 2 91 45 0 0 0 0 35 125 109 12
253 CGT 0 0 0 0 0 0 0 0 48 67 52 68 0 0 0 0 0 0 0 0 0 0 0 0 112 0 13 1.99906e+06 12 49 6 42 0 0 0 0 0 0 0 0 23 31 81 20 0 51 78 1 0 0 0 0 27 11 8 58 0 0 0 0 3 0 83 0
254 ATC 0 0 0 0 0 0 0 0 17 147 36 8 61 1.99908e+06 0 13 0 0 0 0 0 0 0 0 6 3 65 0 4 49 31 49 0 0 0 0 0 0 0 0 0 0 0 0 0 0 0 0 0 0 0 0 21 76 13 61 0 0 0 0 156 0 103 0
255 GCC 0 0 0 0 1 5 0 7 5 75 3 74 0 0 0 0 0 0 0 0 0 0 0 0 0 7 1 10 0 0 0 0 97 0 4 0 20 1.99899e+06 84 320 57 39 3 12 0 0 0 0 0 7 0 41 10 71 5 53 0 0 0 0 0 0 0 0
256 TTT 0 0 0 0 0 0 0 0 16 46 45 14 0 0 0 0 77 0 31 0 43 9 55 7 90 10 84 43 90 21 48 101 0 0 0 0 0 0 0 0 0 0 0 0 0 0 0 0 0 435 0 625 49 66 33 53 0 0 2294 0 24 23 13 1.99556e+06
257 TAT 0 0 0 0 0 0 0 0 0 0 0 0 0 0 0 0 0 99 0 77 0 0 0 0 0 0 0 0 0 0 0 0 0 0 0 0 0 0 0 0 0 0 0 0 0 0 0 0 0 4 0 1.99982e+06 0 0 0 0 0 0 0 0 0 0 0 0
258 AGA 0 0 0 0 0 0 0 0 1.99881e+06 40 53 8 0 0 0 0 0 0 0 0 0 0 0 0 207 68 88 35 85 64 0 22 0 0 0 0 0 0 0 0 70 0 37 38 0 0 0 0 0 0 0 0 110 115 2 13 0 0 0 0 130 0 8 0
259 TTA 0 0 0 0 0 0 0 0 112 0 31 0 0 0 0 0 0 0 0 0 0 0 0 0 5 22 119 43 100 10 85 215 0 0 0 0 0 0 0 0 0 0 0 0 0 0 0 0 0 0 0 0 0 0 0 0 0 0 0 0 1.99908e+06 0 174 0
260 CTA 0 0 0 0 0 0 0 0 0 0 0 0 0 0 0 0 0 0 0 0 0 0 0 0 0 0 0 0 1.99931e+06 471 36 29 0 0 0 0 0 0 0 0 0 0 0 0 0 0 0 0 0 0 0 0 0 0 0 0 0 0 0 0 11 0 144 0
261 GAC 0 0 0 0 0 0 0 0 0 15 0 2 0 0 0 0 0 0 0 0 0 0 0 0 0 0 0 0 0 0 0 0 0 1.9999e+06 0 4 0 0 0 0 0 0 0 0 0 0 0 0 0 46 0 4 3 6 14 5 0 0 0 0 0 0 0 0
262 GAG 112 0 41 0 0 0 0 0 35 17 7 15 0 0 0 0 0 0 0 0 0 0 0 0 3 62 18 3 0 0 0 0 59 0 1.9994e+06 0 0 0 0 0 0 0 0 0 38 12 42 30 0 0 0 0 47 35 5 23 0 0 0 0 0 0 0 0
263 TTC 0 0 0 0 0 0 0 0 0 103 0 24 13 75 0 36 0 0 0 0 0 0 0 0 0 0 0 0 2 3 21 16 0 0 0 0 0 0 0 0 0 0 0 0 0 0 0 0 0 0 0 0 48 44 47 33 0 0 0 0 40 1.9993e+06 8 185
264 TTC 0 0 0 0 0 0 0 0 0 9 0 45 0 0 0 0 0 0 0 0 0 0 0 0 0 0 0 0 240 7 58 131 0 0 0 0 0 0 0 0 0 0 0 0 3 7 15 8 0 14 0 31 64 17 23 13 0 14 0 24 101 1.99896e+06 135 77
