# POSITION WT AAA AAC AAG AAT ACA ACC ACG ACT AGA AGC AGG AGT ATA ATC ATG ATT CAA CAC CAG CAT CCA CCC CCG CCT CGA CGC CGG CGT CTA CTC CTG CTT GAA GAC GAG GAT GCA GCC GCG GCT GGA GGC GGG GGT GTA GTC GTG GTT TAA TAC TAG TAT TCA TCC TCG TCT TGA TGC TGG TGT TTA TTC TTG TTT
1 ATG 315 41 38 13 239 22 176 0 116 13 32 24 50 715 994626 94 26 131 13 22 11 77 68 15 29 16 37 56 60 28 31 87 86 139 121 54 199 246 425 9 84 182 71 0 63 58 19 27 0 67 0 232 45 31 59 61 0 204 6 94 100 21 2 74
2 ATT 105 80 127 211 65 32 27 83 3 39 11 4 18 64 35 995424 75 345 298 5 2 22 2 11 20 45 3 38 13 38 13 14 3 29 16 16 35 371 41 55 22 4 39 6 109 360 206 396 0 282 0 94 3 30 28 40 0 25 179 19 2 138 30 150
3 GAG 49 68 184 34 347 55 147 580 12 227 652 19 35 26 1 75 404 526 330 209 13 123 47 4 149 187 312 203 403 51 4 91 69 91 990969 93 14 25 8 1 35 31 40 74 9 4 10 33 0 44 0 141 343 11 62 301 0 39 44 12 343 773 83 731
4 CAA 152 78 451 246 30 22 42 234 30 23 1 30 22 68 7 61 995131 4 34 48 19 140 85 91 5 153 18 115 78 741 177 151 21 4 94 43 10 9 6 0 11 135 188 293 158 15 25 27 0 26 0 32 35 14 6 11 0 48 194 20 1 13 34 40
5 GAC 1655 1028 4270 1963 220 244 126 44 1 968 453 558 1063 64 7 558 350 114 334 12 400 413 1031 350 152 62 2 51 575 1109 82 586 135 974523 465 173 44 52 66 12 251 579 1536 246 165 102 265 120 0 6 0 7 12 209 387 377 0 16 211 55 705 79 231 126
6 GGC 1459 3987 4534 136 38 953 94 521 101 1591 137 12 818 2064 742 898 23 17 25 34 4247 1936 933 1153 305 231 27 69 11 80 159 51 1762 125 133 58 300 51 142 855 67 961073 81 30 181 181 349 491 0 476 0 147 2066 1555 25 198 0 25 972 0 89 422 129 631
7 CTT 91 9 212 15 0 0 15 6 28 4 55 155 9 6 38 8 12 48 11 3 15 23 50 34 47 13 142 3 1 32 140 997119 216 7 179 9 26 29 62 2 50 23 41 121 80 45 69 2 0 10 0 0 25 31 44 122 0 58 9 267 65 11 36 17
8 CAT 3 118 28 157 7 14 12 0 25 24 90 17 0 25 280 7 16 118 24 993915 585 973 525 643 59 10 75 16 178 112 107 4 285 8 310 139 1 2 14 4 31 147 36 77 8 47 5 74 0 31 0 8 23 11 30 12 0 10 23 81 63 5 338 10
9 GCA 64 197 21 117 24 8 28 4 0 20 26 16 164 601 15 176 12 32 23 29 501 93 44 128 12 51 12 17 8 67 48 25 37 31 101 0 996280 31 51 19 51 74 115 170 106 92 10 4 0 10 0 19 21 28 46 22 0 2 1 0 51 15 24 6
10 GGA 10 7 11 10 45 0 5 61 14 2 3 11 2 3 37 2 33 0 2 5 45 10 19 10 11 6 17 3 22 12 16 25 2 14 1 4 4 22 1 2 998790 21 71 7 41 17 116 176 0 1 0 3 2 15 61 13 0 81 5 32 23 6 2 8
11 TCT 19 23 29 21 171 222 169 218 814 8 897 138 551 1850 7339 2035 137 2238 1917 729 572 491 690 972 2562 3584 4245 2029 5876 812 6817 1982 111 401 151 211 18 6 17 32 71 189 15 30 132 805 8 289 0 5595 0 2035 20 15 53 931256 0 1356 63 1615 3295 961 708 385
12 CCC 13 26 7 17 55 22 10 50 22 4 3 17 27 1 2 2 7 8 14 0 84 999035 10 17 8 24 2 4 14 23 27 23 4 55 22 32 58 47 13 15 0 5 4 3 3 17 39 3 0 4 0 7 9 7 10 16 0 9 12 9 0 13 4 2
13 GCT 99 2 136 8 71 96 106 122 32 182 70 91 6 11 16 30 127 69 22 16 7 35 19 2 114 181 4 13 10 15 25 40 6 506 81 289 118 3 23 996450 32 11 10 22 68 54 15 179 0 25 0 1 32 123 49 48 0 40 22 4 1 1 6 4
14 GCA 212 31 74 45 75 100 91 110 20 23 23 97 7 3 96 25 34 12 3 17 51 163 60 64 65 28 60 86 26 8 2 2 18 16 57 141 997056 152 38 49 59 122 18 27 7 10 28 18 0 10 0 10 57 33 113 110 0 41 3 45 25 16 2 6
15 TGG 6 5 17 7 1 11 18 2 86 25 11 6 6 21 0 9 3 11 21 0 7 3 0 3 40 23 79 162 35 42 25 0 11 1 5 0 2 2 4 7 17 16 15 79 3 14 21 1 0 3 0 0 81 4 14 13 0 11 998836 42 2 2 106 3
16 GTG 1134 92 158 58 75 233 137 180 550 20 77 143 15 26 6 2 224 44 226 4 20 8 3 3 678 23 26 836 23 46 41 65 21 6 261 31 100 480 99 131 33 169 314 15 56 32 992125 41 0 85 0 43 39 107 240 106 0 12 24 66 5 25 156 2
17 GAA 1 4 14 6 12 46 16 1 9 104 37 1 3 28 5 0 108 47 141 19 15 19 47 23 53 83 8 6 0 7 12 15 998202 14 73 6 6 32 22 25 53 34 20 10 10 33 9 15 0 1 0 19 332 47 8 9 0 2 84 7 12 2 15 8
18 CGT 69 45 560 8 2 18 1 2 18 82 52 90 6 15 2 2 16 3 45 28 9 85 3 18 118 35 124 997048 11 44 32 58 241 33 64 70 10 17 10 31 84 89 107 72 5 18 17 38 0 26 0 0 34 20 39 12 0 114 45 58 47 36 1 13
19 TTG 12 1 14 1 10 5 6 7 19 2 36 0 6 0 76 3 26 1 6 2 13 15 1 2 20 2 25 9 149 93 44 71 4 3 19 5 2 26 7 12 15 1 11 5 4 6 10 11 0 0 0 6 1 5 2 1 0 1 0 1 87 10 999064 4
20 TTC 11 13 55 3 165 45 68 501 679 20 935 17 240 181 201 38 36 134 41 133 4 30 250 17 175 750 28 814 48 19 261 78 129 57 453 70 16 133 276 141 11 8 6 31 68 132 50 18 0 47 0 10 11 24 35 67 0 103 6 133 61 991786 54 74
21 GGA 26 27 13 35 8 0 13 10 41 33 9 62 0 18 10 4 7 12 4 2 5 19 1 6 6 8 3 5 9 11 10 1 4 26 7 27 8 9 10 12 998814 5 123 31 1 29 79 4 0 23 0 1 7 44 114 82 0 44 16 3 38 7 5 9
22 TAT 8 6 1 16 4 11 1 5 2 18 4 16 7 3 0 6 20 9 18 10 18 3 5 1 11 5 1 5 6 44 0 11 21 38 22 28 5 14 19 22 5 1 0 8 6 12 8 6 0 19 0 999294 14 44 15 4 0 15 7 0 26 14 43 15
23 GAT 23 5 1 103 19 79 40 132 52 15 24 35 22 58 27 41 11 31 34 51 4 19 8 13 55 66 26 5 30 1 13 7 34 4 5 998550 3 3 1 4 16 33 7 38 5 5 6 8 0 55 0 8 20 4 30 27 0 18 8 1 10 3 44 0
24 TGG 0 22 3 23 29 4 25 10 12 16 14 12 16 5 2 1 11 9 2 5 0 7 0 3 118 3 53 51 21 19 23 66 8 3 0 27 5 3 10 11 27 17 17 20 5 20 2 0 0 0 0 9 12 8 17 0 0 25 998837 182 65 3 75 7
25 GCA 10 7 65 5 22 71 3 37 29 129 0 7 14 1 9 60 55 4 47 0 6 16 8 8 37 5 12 3 16 12 1 15 3 74 125 40 998388 10 9 6 5 13 16 37 83 29 214 95 0 22 0 1 39 2 8 8 0 19 0 30 7 3 0 0
26 CAA 4 34 8 19 14 24 19 10 23 5 58 10 4 49 4 7 998166 99 83 81 2 18 31 13 288 120 0 61 111 34 20 99 81 12 6 4 6 2 2 8 7 16 5 0 7 25 1 1 0 9 0 8 19 0 36 41 0 5 14 2 102 13 28 22
27 CAA 10 2 32 45 47 15 16 14 20 14 23 0 15 295 35 1601 996764 12 18 2 16 38 18 32 43 3 9 20 24 5 7 13 25 18 0 22 4 10 15 21 15 16 6 1 153 123 208 3 0 0 0 16 0 31 21 7 0 18 4 27 15 2 3 8
28 ACA 16 50 1 27 998079 132 75 1 5 15 39 36 13 19 5 17 1 146 11 10 15 11 10 19 49 10 28 26 1 40 1 13 18 15 10 9 45 203 128 152 4 14 0 0 2 2 3 14 0 188 0 11 37 40 68 54 0 7 2 10 9 11 11 12
29 ATC 0 13 4 16 35 2 3 0 4 7 2 15 56 999038 46 43 43 2 39 0 8 46 16 6 2 0 4 5 10 32 50 17 5 1 26 2 3 0 5 0 14 21 7 12 36 3 3 8 0 23 0 34 5 3 0 105 0 10 5 2 35 14 34 20
30 GGC 14 2 12 0 13 2 9 3 55 20 18 132 1 8 0 10 2 16 5 14 28 21 5 2 57 34 1 8 10 14 7 14 0 0 12 15 14 8 2 4 60 998870 60 77 17 50 47 25 0 1 0 7 13 32 53 18 0 7 5 24 7 2 1 32
31 TGC 6863 30 500 19 7 8 8 10 101 54 458 8 12 30 2 8 740 16 1098 27 18 0 1 16 248 162 8 210 151 84 210 114 45 8 3 10 16 13 4 39 13 1 36 13 44 29 12 40 0 9 0 5 12 13 21 8 0 988085 19 7 164 35 39 36
32 AGT 15 27 0 8 38 31 8 30 27 37 16 998923 38 5 6 75 0 2 16 0 0 40 4 11 23 34 21 5 3 14 16 26 10 1 1 2 4 1 21 1 3 21 2 1 12 14 0 8 0 11 0 6 41 186 2 100 0 2 4 4 14 5 15 9
33 GAC 41 49 244 19 954 1235 1438 621 150 403 273 1313 64 32 3 28 40 0 23 52 89 450 158 190 159 188 51 48 64 113 130 9 10 987146 51 57 32 46 92 16 285 349 146 22 6 40 18 45 0 19 0 36 842 515 599 751 0 30 6 52 91 10 47 10
34 GCC 3 12 11 0 10 7 10 0 23 48 10 30 16 12 18 29 66 24 13 19 14 13 6 11 78 0 1 22 6 8 1 9 52 1 4 16 0 999025 55 15 5 20 12 16 24 2 4 5 0 0 0 7 0 52 111 0 0 14 1 3 1 7 13 5
35 GCC 5 255 0 105 664 202 314 224 0 258 14 56 20 44 45 286 3 203 10 11 61 19 1 4 28 35 0 24 9 29 26 21 113 11 47 4 62 995202 48 189 44 5 24 3 103 29 76 71 0 0 0 19 289 10 486 17 0 5 10 2 1 100 3 51
36 GTA 33 10 2 1 11 14 10 3 12 13 33 2 5 4 27 9 10 3 0 21 23 0 1 5 1 4 0 25 21 64 31 1 0 3 1 1 14 8 14 22 0 0 61 11 999282 101 11 14 0 0 0 2 5 4 2 2 0 1 8 3 11 0 15 5
37 TTT 35 5 2 31 7 1 0 4 4 22 10 19 15 3 7 5 2 3 0 2 8 3 23 18 20 3 7 3 5 7 17 4 0 5 18 4 10 4 0 1 9 1 0 1 10 0 7 32 0 29 0 7 60 36 62 24 0 2 14 2 1 23 15 999328
38 CGC 21 16 10 5 8 16 1 1 3 41 79 1 9 1 7 0 3 16 2 34 5 14 7 6 102 998957 28 4 57 13 77 66 10 0 8 12 0 0 5 4 19 12 12 11 6 1 28 9 0 0 0 3 15 44 10 51 0 28 26 6 17 2 19 32
39 CTT 11 0 9 2 4 0 0 8 2 9 15 0 8 16 2 13 3 6 1 0 6 7 3 30 0 0 33 15 35 21 26 999146 1 10 3 3 1 3 7 0 68 100 128 20 11 1 0 1 0 16 0 10 6 1 11 12 0 33 6 1 41 20 43 12
40 AGT 0 16 12 17 12 58 44 70 5 92 6 998550 38 45 8 1 9 12 54 37 2 9 13 1 31 22 18 77 24 2 1 3 12 0 6 21 6 7 1 8 4 33 27 18 11 16 3 53 0 12 0 4 51 42 7 75 0 0 268 10 0 9 2 5
41 GCT 4 80 2 15 30 2 3 16 4 6 0 35 12 4 0 0 37 4 157 16 15 5 17 3 3 1 3 16 1 6 0 5 107 4 13 0 210 58 46 998327 1 3 0 10 3 57 1 20 0 5 0 1 26 58 48 26 0 429 2 36 0 1 0 6
42 CAG 18 4 11 6 67 129 447 5 27 214 18 10 5 2 10 7 62 1 996558 17 145 261 173 26 120 50 221 27 33 3 27 89 10 25 225 53 9 41 20 1 17 4 0 19 39 11 42 11 0 0 0 3 25 243 85 135 0 4 4 1 34 34 100 12
43 GGA 5 434 6 55 21 36 97 18 70 1864 33 353 0 9 1 16 7 111 4 72 7 11 11 1 105 26 63 15 3 13 6 4 8 10 10 0 8 4 12 40 993415 18 42 51 46 6 7 31 0 4 0 0 317 1068 230 1043 0 2 21 14 13 32 35 36
44 AGG 157 2 22 7 2 3 0 9 15 0 998831 2 3 9 0 10 30 2 1 1 32 21 5 8 4 95 136 41 39 8 48 21 0 4 7 28 11 22 1 9 65 45 83 39 4 15 3 13 0 1 0 14 0 5 1 4 0 8 6 0 3 5 18 22
45 CCG 67 106 55 28 14 18 31 5 77 18 75 7 9 0 16 1 64 18 120 22 66 5 998318 73 102 28 113 72 17 1 11 11 30 5 74 10 4 11 30 12 11 16 7 19 3 6 3 12 0 76 0 9 25 9 0 18 0 9 0 4 12 0 14 3
46 GTG 0 117 1 2 157 298 139 178 1 147 16 122 2 6 20 17 5 6 6 4 37 147 39 32 6 12 24 0 24 20 20 8 19 61 14 46 586 697 544 213 164 11 148 47 1 31 995118 79 0 30 0 3 39 78 8 31 0 159 9 100 101 6 32 12
47 TTG 83 1 97 1 11 5 0 12 2 7 4 0 4 5 30 0 26 32 43 224 31 28 32 2 72 19 86 34 9 43 49 171 0 14 2 2 1 0 7 7 17 37 3 8 2 12 1 37 0 18 0 28 6 0 1 0 0 7 14 29 17 39 998434 94
48 TTC 3 6 0 35 11 6 0 11 0 34 11 9 1 33 15 2 13 0 3 0 43 2 1 1 3 0 5 1 5 69 28 5 0 5 11 5 1 4 1 2 13 3 9 13 68 22 3 6 0 17 0 7 33 0 0 11 0 1 9 0 8 999348 3 41
49 GTT 4 1 8 3 8 2 5 9 0 2 1 0 5 0 12 17 2 7 5 1 1 14 2 5 0 2 11 6 47 1 52 23 59 2 7 8 14 15 17 7 9 23 15 3 57 228 89 999051 0 16 0 17 1 0 15 1 0 11 15 0 29 0 33 2
50 AAG 103 24 999086 14 16 3 4 3 12 51 22 15 7 11 8 8 14 11 10 28 11 9 6 0 17 53 3 45 8 0 9 13 4 4 12 1 18 0 14 13 2 18 0 14 26 3 23 3 0 53 0 3 16 10 73 2 0 10 4 15 0 26 1 8
51 ACC 8 22 2 35 41 999007 28 102 25 25 10 1 14 12 0 25 19 2 40 0 27 6 11 17 4 23 24 6 51 16 62 11 2 12 11 20 44 3 24 46 7 15 1 8 14 5 2 1 0 1 0 12 21 3 10 14 0 1 11 1 16 6 2 11
52 GAT 1 20 1 28 18 104 760 874 1 1467 4 68 191 398 77 392 170 24 132 0 25 11 4 6 5 27 1 12 4 41 72 22 34 15 39 985769 1174 1445 2161 474 96 19 24 44 91 232 62 19 0 12 0 34 398 45 340 1031 0 281 2 1171 5 1 19 3
53 TTG 475 29 739 171 80 25 192 62 200 104 211 14 36 25 82 5 38 182 10 16 37 10 85 51 659 25 45 159 17 27 62 22 82 48 107 64 188 249 72 372 6 21 5 13 579 453 50 316 0 389 0 302 37 189 340 152 0 3 231 28 9 246 991469 85
54 TCT 2 6 2 56 0 15 2 1 65 26 59 90 5 19 17 18 12 140 1 16 25 7 1 18 143 53 4 16 8 11 7 24 53 3 22 7 22 0 1 28 10 3 12 16 22 11 30 1 0 1 0 0 257 113 28 998391 0 5 3 23 35 2 22 10
55 GGG 5 13 17 3 17 33 2 46 69 10 21 7 0 13 0 6 43 38 23 401 5 7 5 0 34 55 60 19 6 56 104 6 5 10 2 8 1 19 12 57 45 59 998139 32 106 34 6 44 0 4 0 8 5 5 23 8 0 12 8 38 112 42 16 16
56 GCG 9 10 8 8 24 15 4 41 6 13 12 8 28 7 14 24 8 6 24 243 35 8 23 32 17 2 5 8 8 7 6 5 21 162 14 152 37 36 998622 26 4 5 36 3 0 0 2 6 0 0 0 5 5 12 120 6 0 5 3 4 17 22 1 6
57 CTA 2 29 6 15 2 13 0 18 90 14 47 3 4 3 8 0 2 64 8 23 43 51 5 9 104 24 14 135 998683 37 116 35 6 0 3 8 10 25 1 8 11 5 5 3 21 10 4 3 0 8 0 5 3 3 2 4 0 5 2 6 140 38 50 4
58 AAC 160 998623 9 96 5 30 37 11 8 1 58 2 2 1 15 7 0 35 25 28 26 3 0 19 22 6 82 65 5 11 13 0 33 4 15 19 16 14 116 27 4 12 16 43 3 71 26 2 0 8 0 12 7 19 29 15 0 3 7 0 6 4 57 7
59 GAG 16 9 11 12 19 16 11 0 6 41 17 47 4 2 14 11 20 16 32 3 6 0 29 5 13 8 2 3 12 30 27 1 86 0 999245 92 10 8 10 7 1 1 11 6 2 1 5 2 0 2 0 17 3 0 4 13 0 3 11 1 4 2 4 6
60 CTG 4 7 2 15 3 4 1 7 6 41 24 35 20 49 61 7 15 38 5 4 36 20 49 9 6 37 30 2 48 0 998864 64 1 76 8 48 17 0 15 56 11 30 1 2 2 16 1 40 0 12 0 8 38 9 16 8 0 0 11 23 1 12 13 12
61 CAA 115 18 11 18 7 60 4 5 59 31 95 9 9 2 14 17 997925 194 45 36 3 2 43 11 22 10 29 40 7 0 11 34 129 253 50 103 23 73 6 23 28 6 3 29 66 28 10 3 0 28 0 96 18 4 0 13 0 5 4 11 9 21 35 37
62 GAT 0 27 9 9 77 9 25 12 6 10 6 37 12 1 2 5 0 14 9 1 5 13 2 24 8 6 11 3 1 4 76 1 39 3 512 998677 4 7 4 0 17 2 14 3 45 12 11 40 0 5 0 10 8 5 1 10 0 17 11 46 20 2 37 13
63 GAG 47 14 11 6 17 1 10 1 27 17 6 23 10 10 3 8 22 10 44 17 9 28 8 7 65 27 28 9 18 22 107 12 14 29 998742 70 3 28 29 12 33 2 98 34 8 12 3 13 0 4 0 3 0 23 16 16 0 21 6 7 48 12 67 3
64 GCG 16 0 47 4 4 2 18 0 27 1 18 24 12 3 3 3 5 11 9 1 12 8 2 3 13 5 7 8 1 0 7 1 42 3 25 21 18 7 999151 36 5 20 13 3 7 2 8 8 0 0 0 1 19 219 12 57 0 28 5 7 3 4 1 0
65 GCC 6 8 2 11 8 1 3 7 10 2 2 38 0 1 14 7 4 1 6 0 11 1 23 18 19 3 5 23 5 1 0 4 12 8 64 6 23 998244 92 6 8 4 6 5 295 251 173 237 0 7 0 2 62 0 65 6 0 87 41 18 23 3 1 7
66 CGA 19 2 4 29 5 8 21 1 25 71 8 30 3 5 1 7 16 8 6 33 18 3 22 0 999161 64 21 64 11 6 14 0 2 13 8 1 5 0 0 0 12 3 16 21 1 14 5 3 0 1 0 8 48 16 15 7 0 20 3 31 11 5 45 0
67 CTT 11 19 6 17 4 4 7 0 33 15 11 41 0 20 5 10 0 50 4 71 129 119 30 3 19 7 5 7 28 14 7 998981 2 8 4 7 10 1 4 3 7 11 7 12 6 1 1 31 0 5 0 19 11 38 20 47 0 4 0 13 29 2 13 7
68 TCG 163 5 67 53 71 29 73 10 252 3 257 15 0 64 44 29 266 1 62 10 11 9 3 2 158 471 4 424 18 2 26 7 16 11 14 10 46 23 76 65 2 53 27 56 5 0 26 18 0 69 0 6 147 5 996549 107 0 14 9 2 0 16 6 13
69 TGG 3 5 4 0 18 7 31 1 3 12 12 32 9 4 3 0 2 0 16 16 0 3 9 5 1 4 11 0 18 3 36 3 10 2 4 20 7 10 12 26 43 54 5 97 7 9 7 6 0 13 0 46 4 9 21 1 0 6 999184 8 57 11 48 2
70 CTG 11 5 5 4 2 2 2 0 27 11 45 29 4 6 56 5 0 22 6 2 19 13 52 13 27 16 6 15 5 11 999019 152 2 18 7 4 3 1 13 5 7 4 6 10 35 3 83 7 0 7 0 1 15 1 0 8 0 19 11 22 0 2 103 11
71 GCC 37 18 5 18 1 15 10 1 28 79 59 81 4 2 3 3 1 0 44 2 50 35 9 37 26 28 34 0 2 11 9 1 13 10 12 0 29 998418 67 202 21 95 24 15 46 8 6 13 0 14 0 0 28 195 25 34 0 58 1 2 0 5 1 5
72 ACA 10 7 6 24 998867 51 171 138 1 93 6 26 13 0 5 3 0 43 10 2 59 3 12 10 0 0 0 28 22 1 1 11 5 5 4 19 4 5 26 7 12 13 40 14 5 2 1 9 0 4 0 0 22 59 3 29 0 56 1 4 0 8 1 19
73 ACA 1 8 7 3 999263 11 260 56 1 0 0 0 14 16 3 3 26 2 6 5 9 14 0 2 5 0 0 5 0 0 0 0 12 0 7 3 17 22 9 9 3 1 3 2 11 15 2 0 0 12 0 31 18 28 1 6 0 8 24 2 8 13 9 4
74 GGG 5 2 1 3 10 5 5 12 4 0 4 5 6 1 2 0 3 4 0 1 2 8 3 0 1 5 0 0 9 2 10 1 0 10 3 4 22 10 7 19 86 102 999209 279 10 10 13 12 0 2 0 4 6 7 0 4 0 12 5 13 5 8 24 0
75 GTT 0 4 0 4 50 9 6 5 1 0 16 6 2 21 19 30 27 2 60 1 2 4 1 2 7 6 2 10 24 10 33 15 1 11 7 4 9 3 18 12 3 2 0 7 85 59 23 999232 0 0 0 0 6 1 17 7 0 22 0 15 52 0 23 2
76 CCG 7 0 0 3 61 25 6 23 33 16 35 35 1 5 0 3 17 31 102 23 13 0 998724 59 123 11 22 24 67 13 72 20 5 2 3 10 9 10 2 3 0 4 26 24 1 4 2 9 0 0 0 4 17 22 69 99 0 4 8 8 42 6 32 1
77 TGC 1 2 0 1 12 22 3 16 7 10 22 10 7 2 0 22 0 8 0 8 12 4 4 1 11 0 12 4 5 2 5 22 1 7 26 22 0 0 5 19 17 63 29 1 54 34 50 6 0 1 0 4 13 8 37 8 0 999090 0 185 22 2 59 2
78 GCA 0 1 5 0 5 26 100 3 11 6 5 14 0 7 5 0 14 5 14 3 5 2 7 2 85 15 80 4 3 2 10 1 8 2 5 17 999138 6 46 90 2 2 7 22 29 11 10 0 0 0 0 2 15 53 23 3 0 7 1 3 32 10 15 1
79 GCG 61 44 365 179 37 26 72 0 73 56 87 35 450 183 0 273 83 106 60 26 20 1 63 55 204 105 109 52 6 11 2 7 47 4 45 15 51 17 996348 51 151 76 34 42 10 10 2 31 0 2 0 8 5 25 38 93 0 6 0 12 3 8 14 1
80 GTT 5 13 2 4 10 5 0 2 70 5 14 4 6 6 14 22 1 2 5 10 4 3 4 3 24 22 25 5 5 31 14 25 4 4 0 3 12 5 5 14 19 3 6 3 176 80 15 999108 0 1 0 0 6 5 1 18 0 31 8 14 19 5 67 3
81 TTA 12 9 29 41 31 8 0 46 5 0 1 3 79 28 22 46 19 10 26 6 30 35 10 16 28 24 22 44 98 151 13 29 141 1 20 5 14 17 7 20 28 1 13 15 1 7 9 8 0 21 0 15 13 2 15 8 0 14 5 0 998513 4 136 26
82 GAT 6 3 3 11 11 4 5 11 12 8 12 6 8 5 6 4 1 14 6 11 8 10 0 1 2 7 14 6 8 2 6 0 5 19 5 999458 6 3 8 4 13 6 7 9 8 1 8 0 0 41 0 112 13 0 24 3 0 9 10 1 2 0 14 0
83 GTT 22 2 6 4 9 17 25 1 49 51 128 68 4 22 47 38 22 4 19 12 2 0 0 11 32 62 35 156 32 48 112 9 13 4 9 18 8 13 158 4 61 69 47 18 38 22 48 994320 0 13 0 6 63 30 43 7 0 17 1 6 43 917 51 2904
84 GTA 6 13 2 9 22 10 29 5 17 30 6 30 21 23 10 20 110 17 22 2 23 0 6 6 3 2 2 5 5 15 4 11 15 11 3 3 67 31 1 40 4 5 6 4 998994 28 11 101 0 12 0 9 39 4 27 15 0 32 5 30 7 5 4 1
85 ACG 1 7 3 28 32 139 999099 2 10 5 6 37 12 14 10 46 5 3 2 6 6 4 3 21 16 3 9 12 18 0 2 3 3 8 2 3 4 24 31 29 0 12 0 0 22 22 29 2 0 10 0 4 25 36 19 26 0 38 10 39 8 14 14 2
86 GAG 5 17 3 36 3 12 4 1 0 4 10 0 5 12 21 0 1 3 1 0 11 6 43 0 10 4 6 1 8 9 28 0 63 27 999263 10 20 1 21 22 2 17 32 54 1 30 14 3 0 5 0 5 5 14 2 29 0 7 7 10 0 14 33 25
87 GCG 12 8 99 27 26 1 10 11 1 71 3 29 0 35 133 32 12 50 13 4 40 69 2 20 10 2 26 6 58 8 13 12 32 4 0 12 23 24 998655 130 3 0 9 24 4 8 28 31 0 2 0 3 15 25 27 41 0 3 8 3 15 13 8 7
88 GGC 6 18 11 34 2 5 10 5 22 7 1 36 3 0 5 2 0 0 11 7 0 5 0 7 17 29 1 6 6 20 8 8 21 49 12 15 9 6 10 23 24 999132 1 72 22 3 9 35 0 15 0 6 22 31 93 37 0 9 5 15 10 0 22 0
89 AGG 16 3 22 27 2 27 16 7 19 13 998777 4 1 3 1 2 2 33 16 65 18 10 11 8 38 140 195 12 5 9 2 0 10 0 14 9 8 0 8 6 37 36 13 33 0 3 28 14 0 29 0 3 3 87 11 53 0 41 6 15 13 9 0 7
90 GAT 7 25 0 8 7 35 15 9 21 26 13 38 0 0 6 4 7 14 7 1 9 9 1 11 2 6 25 5 2 0 2 8 1 115 11 999181 9 50 19 12 7 7 61 36 10 18 10 2 0 17 0 11 14 5 6 0 0 7 19 25 13 1 7 3
91 TGG 9 10 19 0 4 0 11 5 3 52 11 56 0 6 2 15 66 7 5 8 1 11 0 2 11 16 31 9 11 16 55 25 6 2 0 2 11 15 6 11 82 35 38 27 0 16 9 0 0 15 0 3 9 1 22 2 0 14 999074 71 11 19 14 8
92 CTA 6 15 1 14 9 3 5 0 12 1 3 3 10 6 13 11 28 10 10 1 40 16 14 36 10 11 6 2 999181 107 0 60 3 2 8 2 20 5 6 13 5 4 1 1 7 15 3 2 0 4 0 12 6 14 0 0 0 26 3 27 137 13 15 2
93 TTA 3 8 4 4 16 8 13 4 4 5 27 12 8 1 39 4 2 1 9 9 17 57 31 33 30 12 15 16 22 145 50 69 21 0 10 3 2 1 0 6 3 28 3 1 18 2 34 52 0 8 0 0 24 9 4 8 0 4 9 14 998991 34 16 17
94 TTA 2 0 0 1 43 32 43 98 12 1 43 11 5 0 28 3 8 4 6 0 43 17 7 34 34 5 18 10 103 42 80 19 1 0 2 2 1 2 8 0 0 0 0 1 5 11 6 7 0 7 0 1 0 2 5 4 0 4 12 13 999142 7 3 2
95 GGT 5 3 30 8 5 7 1 15 35 16 89 8 4 17 3 2 5 2 4 13 3 14 1 1 50 29 23 10 6 16 8 23 0 10 10 9 0 0 0 1 114 37 14 999012 40 43 42 31 0 1 0 18 7 36 9 4 0 3 8 51 33 5 1 5
96 GAG 74 0 35 4 2 5 15 1 7 11 6 1 2 5 0 11 21 3 40 14 1 0 4 0 12 1 16 5 3 28 4 16 101 3 999200 0 79 0 13 17 50 3 60 4 10 21 4 10 0 8 0 1 19 3 0 3 0 10 3 0 13 5 10 3
97 GTT 6 1 1 7 16 1 17 18 64 0 16 6 3 0 2 7 13 2 0 15 9 25 13 0 11 111 13 34 33 19 1 37 17 20 3 14 7 6 7 9 30 27 3 7 59 26 19 999143 0 5 0 0 5 5 7 2 0 3 5 12 52 0 1 5
98 CCG 3 1 0 3 20 52 10 10 10 11 53 29 2 1 23 2 37 0 25 4 24 28 999074 16 35 15 57 108 18 8 11 30 6 3 0 6 12 4 3 6 10 15 16 25 14 14 14 4 0 5 0 4 5 9 8 0 0 1 5 26 33 0 31 1
99 GGG 2 11 9 0 6 3 0 1 24 2 0 30 18 21 6 3 10 1 5 3 4 9 0 2 3 26 23 37 6 3 5 6 2 14 0 12 7 8 63 1 96 147 999033 87 0 20 21 19 0 0 0 5 3 50 11 35 0 46 0 23 0 5 7 6
100 CAA 81 8 12 6 10 21 29 36 16 6 4 22 5 2 19 1 999135 15 8 11 41 22 15 60 3 35 11 22 0 27 22 14 55 2 48 1 7 5 5 0 5 7 4 0 3 2 1 0 0 2 0 6 3 10 3 11 0 4 4 3 80 2 7 1
101 GAC 1 8 7 21 1 1 9 8 1 79 0 22 4 0 16 0 17 37 18 9 0 5 0 4 1 8 12 9 12 7 6 9 1 999045 0 114 17 4 51 104 24 4 0 32 17 46 63 6 0 18 0 18 44 9 9 7 0 14 0 2 6 6 4 3
102 TTG 12 7 9 4 11 2 3 10 4 1 92 4 13 2 40 25 25 1 0 6 6 1 71 22 70 28 33 40 23 19 46 128 7 33 1 15 35 10 54 45 0 14 5 2 13 6 4 4 0 6 0 17 5 12 11 3 0 11 19 3 271 10 998621 5
103 CTT 4 0 7 4 2 4 5 0 2 6 9 3 2 7 17 3 6 11 0 7 6 15 34 9 13 2 4 21 11 178 62 999296 3 7 0 22 2 4 15 2 1 3 5 6 2 4 5 16 0 9 0 0 39 17 13 19 0 20 7 1 16 4 8 0
104 AGT 3 17 3 0 90 129 6 34 32 36 23 998841 9 13 18 58 11 0 23 11 1 38 5 12 71 0 15 16 6 0 4 14 0 4 0 7 8 3 11 17 59 23 8 46 14 0 2 29 0 21 0 22 6 35 57 17 0 9 2 8 19 11 15 8
105 TCC 0 35 11 4 1 2 5 1 22 66 13 0 10 2 10 5 6 11 7 13 0 6 2 0 32 11 20 34 6 6 5 6 13 17 15 25 0 0 24 17 155 7 26 14 5 4 12 6 0 1 0 0 58 998988 129 44 0 1 6 2 6 4 68 1
106 CAC 6 1 1 34 15 3 3 4 26 59 20 70 6 16 17 8 62 998146 139 18 34 65 223 60 63 8 28 7 8 1 3 3 25 47 208 75 9 2 4 52 29 23 80 18 5 10 10 10 0 3 0 29 5 22 11 41 0 36 11 24 13 0 5 36
107 CTG 5 13 2 1 14 5 0 0 13 3 0 4 20 3 15 14 9 1 17 9 3 5 89 3 1 7 5 3 88 23 998969 128 9 19 5 5 0 4 0 3 2 4 2 5 9 19 21 15 0 0 0 1 3 8 2 12 0 9 0 0 324 4 39 4
108 GCC 12 0 7 0 17 8 6 11 0 76 12 15 11 1 4 13 7 3 9 1 471 114 47 66 9 0 0 1 1 9 3 1 40 0 31 5 39 998322 3 83 70 32 7 10 16 21 6 77 0 9 0 3 24 38 0 159 0 10 22 5 1 13 15 4
109 CCG 0 3 18 3 2 44 3 4 12 7 7 9 0 0 14 7 59 4 9 2 1 77 999208 79 8 18 4 2 64 3 14 32 0 3 6 8 24 12 2 10 1 6 0 1 104 15 2 0 0 4 0 4 4 2 17 13 0 5 2 3 4 6 10 15
110 GCG 37 0 1 7 38 2 1 0 6 38 12 16 0 3 3 7 23 14 6 4 5 38 16 24 4 1 2 1 11 25 0 32 24 0 13 53 13 8 999125 57 1 10 0 0 5 28 7 5 0 0 0 0 8 10 58 70 0 13 1 55 21 15 16 7
111 GAG 3 7 0 0 24 16 2 42 22 1 14 6 4 18 1 21 11 5 15 17 19 5 5 5 5 6 18 11 4 35 30 45 57 2 999219 29 0 0 2 5 33 9 11 41 3 9 26 4 0 2 0 0 22 7 3 9 0 4 5 11 36 3 30 1
112 AAA 999588 2 27 28 3 7 6 10 5 12 1 8 1 19 1 31 0 6 4 3 7 7 3 6 15 1 6 1 8 5 2 6 17 1 26 6 8 3 3 3 2 11 9 5 0 0 8 2 0 10 0 4 0 8 0 7 0 7 3 6 4 4 4 10
113 GTA 4 1 5 1 50 76 84 26 8 3 9 2 1 7 22 0 6 3 3 3 1 4 1 17 9 22 14 9 16 1 37 35 3 5 0 1 9 5 20 8 12 8 15 18 999038 69 103 81 0 6 0 19 12 12 3 6 0 16 0 12 17 7 1 14
114 AGT 18 32 10 5 9 13 13 6 24 24 46 995994 12 11 5 21 15 3 3 1 49 27 12 7 23 3 29 1 6 35 18 56 10 16 17 1 510 689 99 421 17 64 15 20 21 9 8 70 0 14 0 17 51 26 85 18 0 1001 1 135 65 6 59 4
115 ATA 41 0 19 8 13 23 6 6 0 0 13 37 999417 68 1 18 21 2 0 12 4 3 4 16 3 13 3 26 15 5 3 2 15 4 2 11 6 7 0 1 9 16 3 1 5 2 6 38 0 0 0 0 12 4 4 28 0 2 0 1 14 4 0 3
116 ATG 1 6 3 8 7 11 3 2 12 0 5 13 4 22 999415 17 19 1 6 2 14 9 7 8 61 1 39 70 10 6 9 1 1 8 1 4 0 1 5 2 0 2 0 2 33 35 27 15 0 14 0 7 1 0 5 17 0 8 8 4 1 4 2 1
117 GCT 3 3 10 7 26 5 14 16 59 6 52 71 5 3 4 6 25 1 22 1 3 11 1 5 13 31 8 26 12 1 3 4 10 0 2 9 40 1 119 999180 0 15 1 7 5 2 25 7 0 3 0 22 6 16 27 23 0 4 4 2 2 9 2 0
118 GAT 3 3 7 3 2 19 4 0 4 20 6 8 10 8 2 8 10 19 15 8 0 10 7 5 1 2 8 6 10 5 1 1 3 110 21 999280 3 39 36 6 9 21 4 1 38 0 40 29 0 36 0 6 23 7 14 2 0 24 1 6 10 2 0 14
119 GCT 2 7 5 1 3 4 43 4 0 8 7 32 1 3 3 7 6 4 0 4 10 17 8 0 0 8 1 17 2 8 2 2 30 5 29 3 25 44 127 999344 10 7 8 0 3 9 2 3 0 0 0 0 13 19 53 5 0 8 5 7 0 0 12 10
120 ATG 7 8 1 6 114 4 11 81 2 13 1 24 61 9 998643 5 8 16 60 1 1 5 6 5 24 11 13 28 23 112 141 1 18 9 20 22 3 8 5 5 11 57 13 9 21 11 3 18 0 0 0 32 1 6 4 4 0 14 24 0 140 10 77 10
121 AGG 2 1 15 0 1 44 15 87 186 81 998619 12 25 1 0 58 2 2 21 7 20 20 1 19 62 63 6 7 51 32 3 27 8 11 3 0 4 18 16 28 62 17 3 5 12 20 5 6 0 19 0 31 36 22 4 52 0 0 3 4 72 5 29 15
122 CGT 9 20 7 1 25 15 53 3 75 5 33 148 6 8 15 3 2 7 11 20 0 4 8 29 86 136 7 995270 57 444 303 512 25 4 14 30 21 86 17 21 22 47 1 16 11 18 21 32 0 7 0 3 60 98 7 91 0 0 90 7 1145 1 783 0
123 TTA 1 1 4 4 9 17 10 16 73 4 5 11 1 2 27 22 6 4 13 16 8 18 5 0 22 28 15 82 4 54 59 25 12 39 12 13 0 19 0 9 10 30 3 9 82 43 27 9 0 7 0 14 0 7 2 29 0 11 26 10 998884 6 116 5
124 CAC 26 16 3 14 12 21 51 23 39 7 35 15 12 7 4 0 52 998922 10 80 10 28 43 68 35 27 2 0 23 0 11 10 0 59 23 46 2 2 44 0 4 5 22 5 1 4 9 6 0 6 0 9 17 6 30 19 0 0 1 15 3 21 19 16
125 ACA 0 28 3 105 998556 6 80 15 31 87 1 66 0 20 8 2 0 0 4 5 0 19 64 31 5 50 63 61 0 20 2 4 2 1 1 41 33 81 3 89 14 18 20 0 4 7 6 2 0 9 0 12 58 38 34 95 0 13 31 8 23 1 9 11
126 CTA 1 10 0 11 2 4 8 3 12 3 2 0 5 2 20 0 16 4 0 2 137 28 0 10 25 12 20 1 999241 10 31 54 0 0 16 11 6 1 5 6 3 3 1 7 11 44 41 30 0 20 0 1 2 3 1 6 0 14 0 11 6 14 60 3
127 GAT 3 20 13 1 41 0 3 5 2 35 0 58 7 10 2 4 20 0 44 2 0 22 3 9 7 6 9 5 3 0 7 14 8 136 15 998756 0 5 6 9 8 7 4 12 8 6 17 15 0 17 0 48 173 83 123 138 0 11 3 1 17 0 3 16
128 CCA 2 4 9 0 4 10 40 19 15 38 7 0 5 7 5 27 5 2 22 3 999322 81 25 36 18 3 15 11 14 4 9 30 6 2 5 35 8 10 0 10 9 7 5 8 0 0 2 7 0 0 0 21 7 10 0 8 0 0 10 8 6 0 16 8
129 GCA 7 25 7 0 0 6 19 13 26 8 35 20 17 6 11 8 7 9 4 8 6 43 8 10 19 21 6 46 19 32 24 3 7 2 22 7 998791 66 57 105 25 7 9 12 16 1 7 7 0 57 0 0 19 0 213 66 0 0 6 3 0 14 2 6
130 ACG 26 1 31 45 127 38 999205 6 4 57 17 3 1 9 46 2 9 0 1 0 3 16 14 7 19 0 5 0 10 10 49 51 12 2 1 2 7 2 0 8 12 7 5 7 12 2 5 0 0 11 0 5 0 5 23 0 0 1 2 0 42 3 12 0
131 TGC 0 1 0 13 11 24 23 7 21 2 24 2 2 0 15 8 8 14 10 1 12 3 0 0 8 1 6 3 8 19 6 8 7 15 13 5 8 3 8 15 15 2 17 2 11 4 0 0 0 0 0 43 29 6 13 14 0 999448 1 18 0 21 8 14
132 CCA 7 11 8 24 12 42 20 38 48 0 33 8 2 4 0 3 34 7 1 7 999080 49 102 49 8 0 2 39 7 21 32 14 0 2 1 8 58 27 9 12 8 5 0 18 6 3 5 0 0 6 0 3 19 18 8 38 0 1 5 1 11 2 5 9
133 TTC 12 15 1 0 16 2 16 26 2 5 2 1 11 4 2 9 2 1 1 3 0 5 1 0 5 0 3 5 2 11 0 10 3 5 1 5 9 0 6 7 1 0 4 2 12 5 3 3 0 0 0 17 4 1 0 3 0 7 25 9 31 999647 7 10
134 GAT 8 0 0 28 7 7 3 1 0 1 1 6 2 9 2 3 37 11 110 11 15 7 11 9 12 7 8 6 13 6 0 13 9 136 9 999325 15 6 9 0 8 16 2 0 7 10 1 5 0 6 0 1 7 4 2 3 0 0 30 1 3 20 4 7
135 CAC 7 16 10 16 5 39 24 9 4 5 3 7 13 1 4 5 39 999487 0 49 0 46 5 21 6 0 12 2 0 0 7 8 7 10 0 8 8 2 13 0 5 22 1 1 7 5 5 0 0 0 0 17 0 16 4 0 0 2 0 4 4 1 7 1
136 CAA 17 11 21 11 73 9 3 81 9 0 68 15 8 9 20 10 999163 11 114 11 8 0 1 8 7 1 2 11 0 6 10 2 17 7 29 1 8 6 1 6 4 1 0 13 0 4 4 10 0 14 0 6 48 5 37 4 0 6 6 8 2 7 7 19
137 GCG 63 4 33 1 40 2 15 71 172 5 557 20 843 31 151 1399 87 5 71 9 0 6 15 4 273 295 6 311 92 191 30 167 33 5 6 8 92 11 991827 133 6 5 9 28 13 418 79 56 0 185 0 1375 25 1 7 35 0 31 29 26 165 282 130 11
138 AAA 999480 2 47 12 4 8 4 3 29 2 42 21 1 1 4 0 2 7 29 1 12 8 0 2 0 31 29 21 1 6 2 3 9 3 12 0 17 28 6 16 2 1 4 1 3 0 6 5 0 26 0 9 5 2 7 8 0 2 7 0 1 1 2 3
139 CAC 1 60 38 38 10 9 4 8 21 11 48 9 3 1 3 13 97 998711 39 44 26 11 22 46 28 6 14 35 18 35 8 33 0 27 18 67 38 40 5 43 0 5 6 13 47 11 1 11 0 16 0 0 0 39 24 4 0 11 3 3 19 49 11 39
140 CGA 0 9 10 4 1 0 0 43 52 5 2 29 11 0 7 0 0 9 0 0 3 7 12 15 999366 4 11 13 15 12 16 33 6 1 8 3 4 2 1 3 7 32 0 60 0 0 2 6 0 8 0 0 7 10 18 64 0 0 12 3 32 1 20 1
141 ATA 2 8 3 24 25 1 7 29 14 15 10 1 998705 125 18 86 30 0 1 53 1 0 4 0 13 32 1 6 27 28 2 21 0 24 0 11 5 13 0 21 7 14 19 4 176 86 108 73 0 3 0 7 0 4 22 6 0 7 4 38 21 2 14 19
142 GAA 63 5 5 0 14 0 11 5 2 6 7 5 17 9 18 18 2 3 9 4 19 6 0 20 0 0 4 4 0 1 1 11 999556 3 4 10 0 1 0 2 8 20 15 20 5 12 7 11 0 19 0 2 8 1 2 2 0 1 3 13 0 3 1 2
143 CGA 3 0 0 11 353 23 29 550 23 47 10 25 41 7 34 21 6 113 5 16 34 38 25 12 997563 55 70 66 113 8 86 10 2 0 7 2 42 20 3 10 16 16 18 40 20 21 86 64 0 0 0 1 38 17 20 53 0 2 15 23 51 12 4 0
144 GCA 16 1 4 32 7 7 4 1 0 0 13 10 25 18 4 14 0 1 17 0 3 13 2 18 1 2 1 1 2 2 0 1 24 2 13 0 999364 49 106 41 1 8 9 3 2 4 16 7 0 3 0 7 30 12 9 21 0 6 6 11 0 23 1 2
145 AGA 15 10 1 26 4 3 3 5 998745 3 31 12 1 3 6 2 0 24 2 99 10 2 5 12 90 54 88 162 113 31 58 18 3 1 4 6 3 17 38 9 18 7 8 22 0 11 8 2 0 7 0 3 33 0 20 6 0 17 2 15 48 39 3 12
146 ACT 83 23 434 66 88 17 5 993335 209 22 78 65 129 21 7 39 178 168 170 115 7 2 35 2 45 157 202 5 319 112 263 40 413 28 238 31 79 89 15 75 14 32 22 4 547 174 162 926 0 0 0 23 32 2 14 48 0 111 0 36 333 9 97 5
147 CGC 12 2 12 3 7 2 3 3 80 6 67 46 0 6 3 3 5 5 29 16 5 2 3 19 22 998986 18 28 30 0 31 109 5 0 5 4 5 0 8 11 16 26 63 36 2 7 0 25 0 16 0 16 4 10 80 10 0 19 1 13 8 4 31 12
148 ATG 11 9 14 4 0 23 4 5 4 3 0 3 41 4 999553 24 7 10 10 4 0 1 5 1 2 9 4 5 0 16 5 5 4 11 6 4 2 8 0 3 12 2 5 5 70 3 2 1 0 4 0 10 0 5 3 4 0 3 0 3 7 0 11 26
149 GAG 305 317 204 251 4 0 11 9 4 9 84 5 219 22 25 402 135 105 63 24 0 0 3 0 9 44 49 20 122 112 161 455 40 29 995311 80 2 33 6 11 209 41 4 235 21 47 110 34 0 23 0 63 3 144 7 20 0 149 1 28 15 15 50 96
150 GCT 30 3 10 3 12 9 18 19 17 52 5 12 5 14 12 1 83 271 65 90 4 41 8 3 7 3 59 8 0 0 6 4 38 5 25 8 30 128 175 998350 5 1 19 11 0 51 20 19 0 20 0 5 32 26 68 15 0 14 4 20 0 23 0 14
151 GGA 5 159 2 9 9 16 0 4 12 5 65 9 3 3 8 2 4 15 2 13 10 14 4 10 33 64 16 14 10 4 9 2 138 10 68 19 13 2 13 14 998727 62 105 39 75 16 7 28 0 7 0 10 7 3 25 12 0 33 6 14 3 8 1 0
152 CTA 13 1 36 16 3 4 7 2 14 0 6 18 1 4 73 2 13 2 2 1 21 9 3 0 6 6 17 31 998927 71 244 132 2 10 12 5 3 17 3 15 2 18 10 0 11 5 22 8 0 2 0 59 4 4 1 31 0 9 5 4 15 0 15 23
153 GTA 1 9 0 24 61 21 12 10 20 1 5 9 125 114 237 120 1 1 20 17 143 798 112 434 25 7 2 32 113 163 464 572 5 1 6 2 33 3 5 5 27 18 8 18 994055 131 83 4 0 18 0 15 13 3 14 5 0 72 9 5 437 601 261 470
154 GAT 1 15 7 6 5 2 1 14 11 11 110 3 0 13 0 3 1 11 5 8 15 2 2 26 6 51 32 3 2 30 3 19 15 31 1 999263 4 3 3 4 31 17 11 19 3 52 29 14 0 6 0 5 9 0 23 4 0 7 7 4 4 4 3 6
155 CAA 31 5 7 15 674 64 758 938 143 8 15 50 345 489 1089 669 967678 35 1 25 19 73 21 28 1 29 3 31 17 489 44 13 669 0 1256 18 29 17 7 42 54 26 245 23 698 4131 724 202 0 821 0 1035 51 47 4 30 0 446 14992 351 19 132 57 67
156 GAT 3 29 24 1 1 14 15 10 11 5 8 22 2 3 1 1 31 9 10 13 19 1 3 0 2 0 21 18 0 20 1 15 0 1 8 999252 30 9 35 61 8 1 0 3 8 6 1 3 0 128 0 26 7 3 11 17 0 20 9 5 12 0 23 0
157 GAT 5 7 3 13 0 3 6 7 0 0 6 12 2 2 2 0 2 7 1 1 0 0 3 0 1 5 2 2 9 5 3 1 13 14 1 999560 13 12 16 0 35 2 11 26 11 2 25 5 0 9 0 43 13 13 3 0 0 17 11 18 5 0 10 2
158 CTT 2 46 7 7 32 21 8 24 32 3 22 0 7 7 77 4 22 11 27 15 1 0 48 1 32 17 113 2 63 6 119 986932 6 0 15 0 6 2 15 4 8 16 17 2 17 16 3 17 0 408 0 1464 9 2 11 4 0 15 574 10 2 1204 39 8406
159 GAC 12 15 5 25 39 1 18 41 23 20 0 0 12 1 3 0 11 4 23 7 3 3 0 1 61 3 26 33 5 22 1 2 16 999181 55 11 2 3 3 7 0 10 30 35 0 32 7 8 0 150 0 4 1 2 2 3 0 2 0 0 4 7 0 5
160 GAG 18 32 30 37 13 2 20 2 7 24 60 22 5 1 0 6 440 19 24 14 15 8 7 35 82 16 30 16 4 7 48 34 65 448 997563 406 22 51 14 18 5 39 3 33 7 2 10 6 0 16 0 29 23 12 7 4 0 35 4 30 3 15 18 34
161 GAG 12 7 13 12 3 3 9 5 5 9 67 1 10 0 3 20 64 4 12 17 14 6 15 1 0 10 0 5 2 4 0 8 28 1 999411 8 11 28 6 19 1 11 0 26 0 8 0 4 0 4 0 7 6 15 15 3 0 12 1 12 4 2 10 6
162 CAT 14 385 0 1349 65 0 14 20 12 21 16 4 9 6 11 1 0 53 16 997234 7 3 3 2 13 9 31 1 10 9 1 0 1 46 0 0 6 2 15 6 216 8 71 179 1 6 7 8 0 0 0 18 1 2 31 1 0 4 3 14 14 10 11 0
163 CAA 58 16 30 2 604 266 268 32 29 13 141 16 375 1435 1346 737 983469 17 8 56 28 36 38 7 66 17 35 36 149 1993 180 1097 25 24 45 16 183 396 95 218 4 25 12 52 874 1234 454 189 0 728 0 979 62 15 62 37 0 460 81 172 336 306 141 175
164 GGG 4 4 3 8 3 25 1 9 30 9 2 4 1 1 4 2 8 3 2 2 5 7 18 7 32 0 9 1 1 0 6 3 5 0 9 19 9 5 2 4 76 47 999201 106 55 12 15 40 0 11 0 22 35 11 2 8 0 23 1 58 4 5 0 1
165 CTG 0 38 6 61 40 50 9 31 12 6 6 11 42 35 65 56 2 6 36 16 205 26 24 10 25 31 10 8 7 24 997188 125 3 10 6 17 23 18 6 4 1 3 0 3 213 399 101 132 0 49 0 60 5 8 0 2 0 45 17 43 247 54 81 239
166 GCG 34 11 65 16 24 37 35 0 18 6 44 9 7 38 0 52 15 14 1 9 6 24 4 0 0 1 0 0 82 106 37 14 31 37 72 11 14 4 998487 79 6 0 9 22 7 67 10 20 0 2 0 9 39 69 2 6 0 13 7 33 143 8 84 0
167 CCC 4 16 42 8 70 28 14 29 7 2 25 12 318 81 72 415 58 1 48 0 130 994357 27 29 25 17 21 0 207 184 908 198 15 10 27 5 10 10 20 13 26 9 70 24 138 239 361 190 0 14 0 57 7 9 10 18 0 14 1 69 929 0 344 8
168 GCG 117 8 1 7 18 182 91 40 2 56 17 167 32 120 18 28 11 11 0 60 12 22 12 2 17 82 87 2 55 31 32 10 1 3 65 2 48 54 997452 138 9 15 12 1 14 8 28 14 0 14 0 5 96 205 42 195 0 0 128 2 22 24 1 52
169 GAA 10 13 1 1 1 7 7 18 1 14 16 23 8 0 2 3 20 1 49 4 17 20 6 7 12 2 5 3 10 12 6 5 999305 1 59 39 12 3 4 0 4 23 48 42 43 24 4 18 0 1 0 2 3 1 8 0 0 12 0 6 26 0 5 3
170 CTC 5 7 0 0 3 7 2 3 8 0 4 0 5 1 56 5 4 4 11 11 7 109 13 42 7 12 6 7 44 999018 175 42 9 11 1 9 5 13 0 1 3 8 5 10 8 14 1 8 0 0 0 1 7 2 3 5 0 144 0 22 9 1 65 17
171 TTT 3 4 4 1 1 22 3 10 6 18 162 11 0 4 7 8 8 1 19 7 6 7 14 13 20 101 6 4 170 15 58 52 9 9 2 21 14 0 1 4 5 12 54 35 8 13 61 9 0 4 0 0 20 13 17 11 0 2 8 3 25 3 36 998836
172 GCT 1 1 45 13 7 11 9 3 147 3 63 5 3 3 7 8 53 10 13 13 7 32 0 2 121 5 39 107 0 23 9 2 57 16 60 20 11 12 40 998626 2 11 0 0 77 19 56 143 0 0 0 1 1 20 0 3 0 3 16 0 8 8 11 14
173 AGG 15 9 2 0 1 11 2 13 161 13 996152 49 3 2 1000 1 201 17 159 12 9 1 13 4 6 87 185 89 42 195 60 276 70 4 7 0 6 13 60 32 21 4 11 11 30 7 28 99 0 3 0 8 64 11 23 115 0 24 25 2 330 1 200 1
174 TTG 0 1 2 4 1 10 3 0 0 0 1 8 0 6 39 1 5 3 7 10 5 5 10 6 5 24 5 1 16 55 11 89 5 0 1 23 6 9 5 2 4 7 8 21 2 4 1 10 0 5 0 1 3 31 6 0 0 6 14 78 19 5 999385 6
175 AAA 996656 5 131 0 24 5 2 7 7 3 15 10 0 52 9 6 110 2 19 5 0 31 22 0 21 0 20 6 460 167 314 570 7 17 14 2 6 2 1 1 30 24 4 36 111 324 13 116 0 26 0 2 8 0 29 10 0 1 1 15 473 11 28 9
176 GCT 3 43 11 5 22 10 0 3 19 0 3 11 2 20 1 3 45 8 7 20 17 0 9 6 50 47 44 41 11 7 5 18 11 37 3 10 88 77 31 998945 8 12 16 9 1 17 2 8 0 9 0 4 24 46 23 54 0 7 0 0 10 10 47 0
177 CGG 23 419 1 1005 2190 10061 895 4212 36 946 118 5436 1444 1277 1208 626 295 28 199 814 32 22 6 25 67 69 925657 211 2165 766 1795 2106 315 300 2454 215 299 1288 1839 1258 751 568 3748 1577 409 35 650 246 0 43 0 594 1643 1467 4582 571 0 1044 1406 2540 2057 2784 757 406
178 ATG 241 10 63 6 109 377 38 93 363 9 11 16 71 27 991232 44 19 258 139 150 73 169 135 332 103 115 233 690 287 195 59 77 45 5 53 1 14 1 33 2 27 0 26 19 63 21 163 99 0 952 0 623 10 12 6 16 0 92 533 208 186 892 10 144
179 CCC 2 2 13 1 4 59 26 14 109 69 117 11 53 94 2 120 42 0 65 7 45 998182 156 159 81 39 20 53 14 80 16 11 4 14 2 7 1 13 36 2 3 4 6 1 17 23 1 20 0 10 0 0 15 47 20 5 0 5 7 2 26 12 28 3
180 GAC 2 10 16 33 66 1 25 38 97 9 52 15 170 26 2 22 5 13 7 18 48 7 0 6 43 9 17 11 3 19 24 31 63 998141 3 153 46 39 32 44 41 26 0 17 9 9 14 24 0 3 0 38 4 2 42 2 0 3 66 0 0 162 28 144
181 GGT 12 3 0 1 21 30 4 2 71 19 16 176 3 5 0 7 11 0 0 6 11 3 1 7 60 26 45 46 11 21 1 5 15 1 3 5 9 49 28 2 1 29 15 998330 39 182 1 135 0 10 0 126 23 48 4 60 0 191 2 46 1 8 13 0
182 GAA 3 12 6 30 10 13 37 40 15 13 2 2 32 0 2 1 6 7 41 13 0 4 0 9 4 16 0 6 6 2 1 0 999276 12 72 7 16 3 21 28 5 18 23 40 3 8 27 6 0 2 0 2 1 24 26 12 0 9 5 1 12 6 2 0
183 GAT 2 1 5 1 5 4 7 13 15 1 33 0 9 4 1 27 4 5 3 12 0 0 2 0 0 10 59 12 9 0 4 1 0 7 3 999569 9 2 1 16 12 12 20 24 14 10 8 1 0 5 0 16 3 0 1 0 0 6 1 1 9 0 1 0
184 TTG 12 50 7 6 13 2 2 2 9 1 39 10 0 6 12 2 12 0 176 1 13 17 3 72 9 31 10 13 0 77 16 114 9 7 9 2 0 0 9 4 15 7 5 0 4 0 6 1 0 13 0 7 10 0 3 15 0 8 1 2 37 5 999084 0
185 GTG 1 0 0 2 3 12 5 5 42 9 7 33 0 20 8 8 0 6 4 7 0 3 0 7 7 36 15 5 11 12 11 10 4 6 0 1 20 23 80 3 3 4 7 2 29 113 999324 6 0 0 0 4 1 8 1 7 0 2 5 8 42 0 4 4
186 GTA 3 8 6 3 6 0 3 1 3 2 4 1 4 2 11 20 5 0 12 1 3 9 24 15 5 5 0 4 15 24 18 8 3 4 9 4 7 42 26 52 13 1 4 21 999376 26 22 101 0 0 0 1 2 2 5 11 0 4 0 1 15 0 21 2
187 ACT 8 8 8 2 7 83 6 999524 2 21 7 16 0 4 0 5 1 6 8 28 0 6 3 2 4 6 5 5 3 0 4 0 4 2 1 1 4 14 4 4 1 0 6 4 2 5 19 6 0 12 0 1 15 28 4 54 0 5 1 0 6 4 2 9
188 CAT 0 3 2 18 4 0 2 4 23 4 2 8 12 20 5 1 69 23 34 999148 14 19 17 41 6 13 27 46 7 33 54 25 0 28 3 20 5 7 7 2 3 3 0 2 2 0 1 9 0 13 0 127 3 4 16 1 0 35 1 8 5 3 4 4
189 GGG 1 17 1 1 1 13 6 2 5 35 1 68 24 3 0 6 4 6 3 5 1 12 8 0 0 5 19 0 27 25 0 6 1 6 4 7 1 10 3 20 29 10 999300 73 53 4 18 26 0 1 0 3 48 26 3 6 0 7 7 0 11 4 3 11
190 GAT 2 4 5 7 7 9 3 2 13 4 14 0 0 4 1 0 2 15 4 10 3 1 8 6 7 9 6 4 8 2 0 13 14 98 69 999491 7 14 0 2 2 4 3 38 3 7 12 8 0 7 0 0 1 17 0 2 0 16 4 4 2 2 0 0
191 GCC 5 2 3 18 15 2 4 7 4 17 9 16 2 14 19 5 3 781 0 68 1 18 6 16 10 23 13 8 183 81 1 80 10 6 9 12 27 993981 115 62 13 5 15 12 18 2 24 32 0 57 0 47 19 17 29 7 0 0 4 10 89 3238 46 660
192 TGC 4 4 12 10 1838 434 7766 3541 14 3 21 24 39 158 0 29 44 0 0 2 3 0 0 9 19 13 4 34 8 9 2 0 7 26 1 6 11 20 15 18 16 5 56 14 0 11 19 13 0 18 0 9 3 0 13 2 0 985586 1 29 2 1 15 39
193 CTC 1 3 2 0 2 3 6 6 4 6 14 3 5 1 109 1 38 9 1 7 5 6 36 56 8 88 27 1 7 998908 135 47 4 6 1 5 6 1 27 1 1 3 1 9 11 12 42 21 0 9 0 3 4 5 11 0 0 0 9 0 198 1 60 4
194 CCG 0 3 1 6 28 35 71 1 17 16 30 6 12 2 2 18 73 0 15 5 8 37 999172 109 36 42 9 20 0 35 19 1 0 2 1 16 21 9 8 1 8 4 0 2 8 3 0 2 0 3 0 0 0 18 13 1 0 6 1 1 17 3 22 1
195 AAC 29 999395 24 89 28 38 15 3 3 37 6 27 2 0 0 2 0 2 6 2 6 1 3 5 5 11 3 18 0 13 0 2 1 18 2 14 8 1 8 4 0 0 5 3 2 3 14 0 0 0 0 89 13 8 1 3 0 1 1 2 17 7 0 0
196 ATA 4 18 2 5 7 7 4 9 5 77 23 51 998652 79 18 339 30 9 18 3 2 6 2 3 44 76 51 9 1 9 4 8 0 3 3 22 1 5 0 0 5 3 16 13 11 10 24 16 0 7 0 7 108 10 60 43 0 9 2 3 34 0 0 10
197 ATG 9 0 42 0 15 18 12 14 28 0 0 1 2 20 999283 28 96 18 100 2 0 1 0 1 15 0 12 2 12 4 2 17 1 46 8 55 2 4 8 0 3 3 2 8 11 17 20 0 0 6 0 0 2 2 1 0 0 3 7 10 15 4 5 3
198 GTG 10 0 2 3 1 1 7 11 8 7 17 2 1 17 10 1 8 8 8 10 0 4 2 2 12 29 19 4 4 20 19 7 22 9 0 7 51 8 6 3 5 15 18 16 152 48 999236 64 0 6 0 0 8 6 0 12 0 1 0 6 9 4 29 5
199 GAA 18 4 25 18 2 10 2 0 18 49 4 17 3 5 16 11 13 37 19 14 4 6 15 2 8 5 17 49 8 1 9 1 998812 27 25 9 27 6 5 122 2 105 6 26 18 3 3 21 0 34 0 0 16 116 2 38 0 41 16 86 2 5 7 10
200 AAC 13 999291 6 98 12 114 20 2 0 10 7 23 12 1 1 0 0 22 0 28 3 1 4 8 2 2 3 8 5 6 84 1 8 12 4 7 0 13 4 5 0 5 1 1 20 18 14 18 0 0 0 12 15 5 5 5 0 2 0 0 11 10 4 14
201 GGC 0 2 6 9 1 6 23 40 27 27 29 20 3 4 4 12 5 4 1 0 0 1 5 2 13 23 7 49 0 6 9 13 0 10 3 39 20 0 11 11 262 998855 39 168 18 7 5 0 0 2 0 9 16 0 78 6 0 49 19 3 0 10 9 0
202 CGT 29 9 49 0 17 6 1 2 70 2 211 5 0 11 2 11 2 9 2 0 16 4 3 7 27 43 126 998539 7 3 124 22 1 1 16 1 1 1 0 0 9 29 1 6 1 0 8 2 0 10 0 1 23 43 124 30 0 53 0 26 57 1 193 3
203 TTT 2 0 1 2 6 4 1 2 0 8 1 2 0 4 0 5 5 3 7 1 5 3 0 11 11 11 20 0 7 4 2 41 4 3 19 6 3 7 14 10 6 1 8 0 2 8 16 9 0 3 0 2 3 1 9 1 0 7 4 51 21 179 13 999421
204 AGC 6 34 6 31 27 20 28 15 44 998862 1 58 4 56 4 87 19 1 4 9 13 25 8 6 38 25 54 11 1 0 2 20 0 8 9 18 1 8 1 8 28 3 33 13 0 1 7 4 0 7 0 0 70 68 77 75 0 22 7 3 1 0 5 4
205 GGA 0 9 7 5 0 3 7 5 2 5 27 2 16 0 0 6 8 6 28 0 2 2 1 4 2 5 0 3 2 3 5 5 9 0 8 1 0 3 0 4 999413 155 54 24 7 55 18 7 0 0 0 6 12 6 15 0 0 22 0 2 0 4 3 2
206 TTC 2 3 0 1 0 3 2 2 6 34 12 7 0 9 1 4 9 4 0 12 0 4 1 2 2 26 15 5 14 25 5 0 2 3 5 3 3 5 0 1 10 1 2 0 36 0 26 7 0 1 0 12 23 5 18 40 0 3 0 40 6 999474 19 45
207 ATT 2 4 8 7 14 23 29 15 0 15 1 5 69 41 5 999389 5 18 26 25 3 0 8 1 2 9 4 14 4 7 10 0 2 5 4 10 8 0 10 11 1 6 8 0 10 0 38 17 0 10 0 4 3 15 0 7 0 11 2 12 2 16 5 20
208 GAT 8 22 4 1 1 16 46 25 1 2 1 11 4 16 1 5 6 7 0 7 0 23 3 3 1 6 5 1 5 5 0 8 39 51 14 999220 70 39 50 38 19 4 35 45 9 0 10 9 0 1 0 24 2 18 5 5 0 0 12 6 1 3 23 4
209 TGC 0 10 6 2 7 83 171 121 25 35 58 33 2 17 18 3 2 5 2 0 4 5 29 7 19 23 1 48 5 32 16 11 9 13 9 0 2 16 26 112 6 7 0 50 8 4 1 0 0 0 0 39 3 4 19 4 0 998731 2 40 12 10 23 50
210 GGA 16 1 0 0 4 12 8 8 14 1 10 45 4 17 2 3 10 5 4 9 5 4 2 2 4 13 11 29 1 3 6 9 15 26 4 5 6 9 3 13 999100 108 34 113 51 57 53 42 0 14 0 5 8 18 2 13 0 3 1 3 5 0 1 26
211 CGG 4 10 0 0 0 6 22 4 21 24 48 4 6 2 2 4 1 1 1 8 10 23 0 6 10 80 999097 69 82 19 71 17 7 5 1 0 6 7 2 1 4 1 11 20 8 3 4 7 0 5 0 5 35 33 19 47 0 26 2 36 2 3 35 13
212 TTG 3 0 1 8 8 38 0 29 28 6 13 3 5 0 6 13 2 1 22 6 26 12 3 8 24 3 4 21 127 28 39 25 3 4 1 1 11 4 7 0 5 2 2 23 5 9 4 18 0 13 0 0 13 8 4 12 0 2 5 0 37 2 999292 1
213 GGT 7 4 0 4 0 4 0 13 6 2 106 5 1 0 0 2 0 0 5 0 14 8 14 2 44 21 2 43 0 5 13 27 0 14 0 13 2 26 31 10 55 24 8 999216 37 9 1 22 0 3 0 9 11 11 2 6 0 17 3 101 0 9 2 6
214 GTC 9 0 4 1 1 12 1 1 2 5 2 9 8 41 38 4 5 0 3 4 0 10 1 6 0 18 3 6 19 2 27 32 4 0 9 0 2 2 21 44 30 7 64 18 14 999415 16 26 0 2 0 1 4 11 0 8 0 1 1 2 19 5 0 0
215 GCT 0 22 0 18 0 0 63 34 10 6 6 9 9 2 0 5 2 8 2 8 22 6 31 9 8 3 5 2 0 12 11 15 19 1 15 0 68 26 0 999262 22 25 18 14 5 17 1 2 0 0 0 2 109 15 11 6 0 21 4 0 0 3 4 2
216 GAT 9 7 10 36 9 2 10 26 0 3 11 11 0 6 1 1 0 2 5 2 11 9 14 12 2 1 0 0 4 1 21 4 4 44 5 999336 2 6 1 46 34 34 19 7 10 5 34 16 0 56 0 38 9 5 29 0 0 0 2 4 0 1 22 1
217 CGA 2 1 13 0 14 7 6 2 6 40 54 50 3 0 6 7 11 4 1 28 1 4 9 1 999220 50 49 12 8 22 10 19 36 20 10 8 13 1 0 7 23 24 15 5 7 7 21 0 0 0 0 0 34 1 2 33 0 5 3 4 26 13 5 17
218 TAT 6 5 3 0 3 4 30 0 1 20 6 55 3 7 13 4 38 0 4 8 30 5 16 0 2 1 14 0 1 5 9 5 8 34 2 15 2 35 2 5 3 3 15 19 4 5 3 4 0 73 0 999325 22 5 29 30 0 3 1 10 6 1 22 16
219 CAA 53 3 7 1 67 24 1 4 14 10 8 1 23 24 15 8 998962 129 303 2 14 66 0 0 45 29 48 5 7 4 5 4 14 5 3 2 2 8 2 0 11 2 0 0 5 0 1 14 0 1 0 5 2 0 3 2 0 2 8 0 0 9 13 0
220 GAT 6 0 14 4 2 0 10 3 1 3 1 27 7 7 8 8 2 10 4 4 8 11 5 3 4 11 11 7 0 3 1 8 2 44 1 999419 15 35 0 43 27 20 32 29 0 15 0 11 0 6 0 8 0 10 0 0 0 39 0 3 4 22 21 1
221 ATA 5 14 4 32 0 50 32 95 5 12 1 59 992939 75 8 51 20 21 9 3 5 3 3 1 15 1 6 6 1543 2186 290 1360 13 3 25 8 14 10 4 7 12 3 3 42 0 27 36 0 0 2 0 5 23 38 187 22 0 15 0 22 403 4 191 27
222 GCA 0 3 0 2 19 5 3 9 5 1 7 18 4 36 0 10 3 9 0 2 1 3 0 3 0 1 17 24 0 2 1 3 3 23 0 22 999348 38 81 36 35 12 8 6 29 7 7 65 0 20 0 1 1 15 1 0 0 13 3 33 0 0 2 0
223 TTG 1 9 0 0 6 1 1 8 28 5 13 3 5 6 8 24 11 11 11 1 6 10 0 5 6 27 2 3 168 29 50 129 1 0 6 4 9 9 3 0 3 1 8 0 1 13 2 18 0 7 0 0 1 0 1 1 0 0 0 3 112 1 999209 0
224 GCA 6 2 9 13 4 7 9 7 0 40 0 63 8 4 10 10 0 9 4 0 7 9 14 11 3 4 5 7 6 10 25 6 129 13 38 5 999132 18 35 25 24 1 14 13 4 27 30 3 0 2 0 0 15 23 47 28 0 8 7 19 13 4 5 6
225 ACT 7 52 0 0 11 12 1 999313 4 3 1 0 51 8 9 10 2 4 4 0 6 0 0 10 0 0 2 3 11 5 0 2 5 2 2 35 22 13 2 5 0 17 18 8 74 10 72 20 0 3 0 16 29 23 11 6 0 12 7 21 3 11 5 17
226 CGC 3 4 2 6 19 23 8 9 172 26 74 17 4 8 1 0 6 2 14 21 20 2 17 5 118 998747 16 41 30 2 31 51 0 4 25 8 2 2 4 0 35 4 45 9 11 5 2 11 0 15 0 7 66 72 50 41 0 20 1 1 32 0 27 2
227 GAT 2 0 1 2 7 17 4 4 22 13 10 240 19 2 2 2 36 31 15 32 5 12 1 0 32 24 6 6 8 0 4 17 28 65 33 998784 19 0 19 4 1 0 1 2 34 33 18 36 0 15 0 0 1 80 0 89 0 90 3 43 0 0 18 8
228 ATC 18 7 1 13 39 16 0 42 7 124 33 42 22 999061 14 71 23 8 0 2 5 18 0 0 17 10 1 34 2 10 49 0 23 7 14 5 0 4 6 31 8 0 0 2 14 12 31 9 0 13 0 4 18 37 3 6 0 0 12 1 36 3 9 3
229 GCC 7 3 1 3 4 11 13 22 8 10 28 36 7 6 1 5 1 3 26 5 40 10 18 6 2 7 8 13 2 4 0 2 68 14 56 2 32 999149 52 69 10 22 0 3 33 17 39 4 0 16 0 3 20 5 24 16 0 3 5 8 2 3 7 6
230 GAA 38 0 5 5 120 187 24 252 8 780 0 23 6 7 15 4 14 249 16 108 21 6 28 6 9 1 2 4 6 9 9 10 995708 9 92 14 45 19 22 31 7 70 77 3 1 6 0 2 0 6 0 9 147 54 1540 106 0 2 25 19 0 0 14 0
231 GAG 82 6 140 15 5 0 1 7 218 3 178 0 24 7 17 11 1 470 13 692 0 7 9 2 197 269 103 48 2 9 4 2 4 1 991048 8 56 2 60 38 29 10 21 16 4 97 59 8 0 1676 0 4131 18 11 14 0 0 4 51 3 4 41 16 28
232 CTT 6 0 0 1 6 13 1 2 7 14 21 4 5 9 2 4 3 0 9 1 10 39 18 79 3 2 19 49 1 163 46 999207 8 4 1 11 4 0 10 0 5 3 6 8 24 18 9 5 0 10 0 2 1 0 13 21 0 8 5 1 5 18 52 4
233 GGT 5 0 3 3 1 0 8 20 26 5 1 3 8 10 8 18 0 0 1 1 2 3 7 2 10 17 1 0 9 12 17 0 4 10 0 2 5 7 3 3 30 62 23 999314 37 13 58 20 0 27 0 1 14 33 31 0 0 16 1 69 6 8 0 2
234 GGT 642 261 335 111 4 443 31 98 10 37 54 24 122 39 212 64 159 60 242 87 591 1246 453 199 25 11 118 109 6 6 29 25 18 84 581 93 745 449 1257 631 57 248 0 988528 117 117 50 297 0 71 0 22 8 64 112 267 0 31 76 54 4 14 148 4
235 GAA 23 5 25 15 13 5 19 27 3 14 8 5 9 2 8 1 9 1 1 3 9 2 2 2 3 3 0 0 4 0 27 35 999417 8 81 11 9 1 34 22 17 8 2 10 8 5 1 4 0 11 0 8 1 6 2 12 0 2 4 6 6 7 7 7
236 TGG 3 3 1 5 7 1 2 0 27 2 36 7 1 1 6 4 15 6 7 10 8 13 6 3 5 11 46 2 73 13 31 74 0 0 13 14 4 0 1 3 68 28 17 5 11 29 22 18 0 3 0 1 3 22 22 47 0 27 999140 12 50 0 6 5
237 GCA 3 1 0 6 17 0 9 21 0 16 2 73 13 3 3 0 11 7 1 13 0 8 0 1 13 25 0 23 0 8 6 2 1 3 20 0 999259 156 23 16 8 6 0 3 7 0 13 18 0 6 0 11 25 60 23 32 0 3 2 4 1 8 3 4
238 GAC 92 256 477 57 23 14 13 21 321 90 173 286 251 550 58 67 111 416 197 10 0 14 19 49 220 169 418 218 67 118 56 83 511 993239 131 24 62 66 20 31 11 12 3 5 20 66 56 49 0 105 0 0 92 33 75 71 0 13 16 66 48 17 21 223
239 AGA 1 3 2 3 26 8 12 51 998945 13 17 2 9 4 2 9 3 12 3 8 28 25 2 2 119 2 195 19 27 0 25 39 1 3 7 0 16 1 3 16 23 28 14 3 2 2 1 3 0 0 0 9 7 38 28 13 0 35 1 32 27 1 70 0
240 TTT 19 2 29 9 8 5 10 20 7 19 10 5 5 3 7 8 3 2 5 9 8 9 15 1 1 4 1 18 1 5 8 0 0 3 12 32 5 0 0 10 12 2 0 6 55 30 14 27 0 0 0 7 8 0 15 14 0 4 2 74 6 193 1 999212
241 TTA 3 0 0 14 4 7 1 0 17 16 44 17 2 5 7 14 6 4 15 3 25 49 22 12 70 7 76 40 3 71 56 70 4 10 0 7 1 1 5 5 6 13 1 4 10 2 13 0 0 16 0 9 49 0 7 0 0 6 1 11 999042 3 89 5
242 GTT 57 24 429 59 282 41 254 329 176 9 28 22 2 3 209 8 13 338 48 157 11 53 10 34 667 189 79 259 0 22 6 27 161 27 363 0 91 1 378 61 6 1 16 0 45 178 21 993520 0 23 0 109 55 258 228 242 0 5 108 35 19 123 40 41
243 CTG 1 0 2 16 14 8 0 1 0 8 3 5 5 1 14 4 12 4 45 0 21 29 3 0 13 35 71 51 7 76 998841 100 109 0 77 15 26 20 9 34 0 17 12 4 20 26 33 10 0 1 0 6 5 4 12 13 0 4 13 21 19 15 82 3
244 TAT 13 3 8 8 0 17 5 5 3 2 0 4 1 5 29 9 4 2 12 18 14 3 3 0 8 0 12 0 13 82 12 6 5 2 19 1 14 9 1 6 10 1 4 0 1 1 7 0 0 24 0 999470 13 0 0 5 0 12 22 16 0 31 20 5
245 GGT 1 2 0 4 1 1 6 8 87 3 2 4 4 5 1 8 12 0 12 0 3 2 12 5 0 22 44 40 7 5 23 11 2 4 11 15 0 19 31 39 266 57 110 998831 61 43 9 37 0 0 0 0 5 0 13 56 0 22 7 19 3 3 0 2
246 ATC 4 4 18 2 12 3 3 18 87 13 12 107 73 998755 0 44 3 3 16 10 1 8 20 2 52 1 23 8 24 7 17 51 11 14 2 9 12 0 6 2 0 13 8 9 55 10 6 7 0 3 0 37 75 43 66 19 0 67 0 41 35 27 4 18
247 GCG 11 30 82 97 37 20 50 27 34 34 63 324 5 0 13 9 17 7 30 14 75 7 0 35 21 38 6 32 22 1 2 41 15 45 16 5 3 18 997820 79 18 1 35 14 12 22 10 2 0 4 0 22 209 30 18 129 0 61 1 31 106 14 39 37
248 GCA 45 12 37 6 119 14 33 158 17 24 6 76 14 23 81 21 106 18 68 5 8 26 14 2 5 5 8 15 275 93 48 98 17 48 65 132 997484 53 39 45 15 18 4 13 11 25 11 9 0 20 0 0 23 32 1 21 0 7 8 0 281 39 95 4
249 CCA 1 6 1 4 14 1 53 21 91 16 6 18 5 1 7 8 57 20 17 9 998837 70 3 37 21 2 118 70 40 17 9 17 4 8 7 3 2 12 62 35 6 6 51 13 26 3 9 3 0 12 0 5 6 2 13 3 0 5 0 31 60 9 2 5
250 GAC 1 8 1 5 23 8 19 7 7 11 10 2 24 4 4 1 50 8 160 6 4 1 6 2 7 13 5 5 1 20 9 3 9 999160 4 35 18 43 9 2 3 15 13 2 10 9 26 29 0 31 0 30 11 12 3 7 0 10 0 19 11 7 7 30
251 TCT 20 28 55 8 35 36 153 270 15 67 70 25 21 0 82 83 417 85 73 10 5 11 17 0 77 228 288 131 37 23 316 243 14 74 15 26 7 13 66 31 13 4 22 27 10 1 2 3 0 286 0 56 12 68 13 994546 0 27 1301 5 98 104 13 214
252 CAG 17 38 20 19 18 7 0 10 12 1 21 10 2 29 1 3 10 29 998702 100 16 9 13 11 1 21 42 12 1 0 6 19 32 242 6 202 10 0 0 0 0 2 0 0 9 7 12 1 0 2 0 9 13 1 52 25 0 16 2 3 22 64 55 13
253 CGT 14 0 1 0 2 0 0 4 23 38 20 26 13 3 33 8 9 0 0 4 3 5 7 10 66 0 5 999307 5 25 3 19 3 13 0 5 0 2 9 12 13 17 51 11 0 20 33 1 0 5 0 2 15 15 4 33 0 12 10 1 4 4 50 2
254 ATC 14 15 8 0 10 3 4 12 10 85 11 3 31 999184 9 8 34 5 21 3 2 8 0 1 0 6 35 1 5 33 15 23 25 9 18 0 10 6 1 9 1 9 6 1 0 7 20 28 0 1 0 2 6 42 9 35 0 0 3 2 67 17 54 13
255 GCC 0 17 4 4 3 49 0 38 17 51 9 73 9 0 12 5 0 0 4 0 1 0 11 16 6 4 1 20 10 1 3 1 54 20 4 13 7 998909 43 161 79 37 9 23 8 0 9 9 0 6 0 74 10 45 3 43 0 21 2 18 4 16 3 1
256 TTT 18 4 0 19 9 16 0 4 5 20 21 11 2 18 23 6 36 27 14 7 26 6 41 4 38 9 47 30 43 8 25 58 2 3 26 6 13 0 18 5 6 0 5 0 7 10 10 0 0 228 0 317 22 21 20 17 0 21 1138 0 10 23 7 997470
257 TAT 1 1 6 3 0 0 0 4 0 6 0 0 0 3 17 3 4 43 9 32 8 2 0 12 2 4 2 0 5 4 0 2 0 5 2 11 4 0 6 5 4 0 2 0 12 18 3 12 0 5 0 999665 6 1 2 3 0 22 0 15 8 0 8 8
258 AGA 4 10 27 0 3 6 3 5 999187 17 37 8 2 0 11 3 7 12 30 20 5 0 4 7 91 24 40 21 37 39 0 9 14 2 8 3 4 4 0 10 23 0 20 19 2 0 0 5 0 1 0 4 52 36 7 10 0 2 7 17 69 0 3 9
259 TTA 0 0 1 16 6 2 0 2 24 14 8 6 2 12 32 0 0 1 8 9 7 10 16 0 2 6 22 9 48 4 31 105 0 0 6 13 0 8 2 3 2 2 5 1 1 12 13 6 0 6 0 4 0 4 4 4 0 18 1 11 999376 2 93 0
260 CTA 2 2 6 5 0 12 1 1 4 3 7 11 3 7 20 7 13 3 9 7 5 2 0 5 4 11 1 12 999434 211 13 20 0 17 1 1 1 3 0 4 3 10 3 0 1 10 1 5 0 1 0 4 3 0 2 4 0 1 17 1 2 0 61 3
261 GAC 9 0 16 6 2 7 0 19 10 8 8 1 1 14 5 0 18 16 6 17 2 2 1 4 12 1 8 3 9 0 3 2 6 999584 4 1 2 0 1 2 15 16 5 3 0 9 26 2 0 58 0 2 5 4 23 2 0 1 4 4 0 6 1 4
262 GAG 54 20 13 16 6 3 1 5 23 10 5 7 5 3 5 3 14 2 6 18 4 7 8 0 4 31 9 1 0 0 5 4 38 8 999427 10 0 10 0 15 8 4 28 0 25 3 20 19 0 4 0 6 22 7 1 8 0 16 1 4 5 8 9 2
263 TTC 1 1 9 5 14 5 21 3 6 35 0 4 5 47 0 17 9 0 15 2 3 7 4 2 0 7 4 4 0 4 10 15 0 2 7 2 7 10 9 9 2 19 1 6 12 6 0 2 0 11 0 3 14 18 16 13 0 5 11 1 31 999431 8 85
264 TTC 9 9 12 9 2 3 0 2 3 4 0 21 2 2 2 6 17 12 1 9 5 4 2 0 5 4 6 2 27 1 6 17 10 4 6 3 0 3 0 5 3 13 14 9 10 8 45 39 0 14 0 34 23 14 10 5 0 22 0 45 14 999379 16 48
