# POSITION WT AAA AAC AAG AAT ACA ACC ACG ACT AGA AGC AGG AGT ATA ATC ATG ATT CAA CAC CAG CAT CCA CCC CCG CCT CGA CGC CGG CGT CTA CTC CTG CTT GAA GAC GAG GAT GCA GCC GCG GCT GGA GGC GGG GGT GTA GTC GTG GTT TAA TAC TAG TAT TCA TCC TCG TCT TGA TGC TGG TGT TTA TTC TTG TTT
1 ATG 641 98 75 29 469 40 375 0 241 39 79 28 89 1405 1.98928e+06 223 36 238 37 40 31 174 130 39 60 28 102 143 107 57 72 187 212 297 228 95 391 496 792 23 153 308 168 1 107 137 51 55 0 142 0 404 55 71 112 119 0 416 23 170 191 32 17 139
2 ATT 177 155 215 391 131 68 39 137 7 79 17 10 27 114 69 1.99069e+06 143 694 663 11 15 69 8 25 29 97 8 76 20 69 24 35 5 77 39 32 42 900 83 105 41 3 70 20 253 663 390 900 0 575 0 173 11 55 43 73 0 45 362 40 8 292 54 333
3 GAG 92 132 387 81 721 146 231 1143 26 515 1384 32 64 48 1 115 834 1051 696 394 33 263 112 13 318 330 591 428 808 124 16 190 166 177 1.98167e+06 245 31 40 15 4 76 62 72 151 16 9 34 84 0 103 0 315 715 13 134 571 0 58 89 20 714 1483 150 1460
4 CAA 322 166 914 491 44 43 118 510 39 71 0 73 41 119 19 131 1.99012e+06 4 56 82 39 264 180 189 8 286 30 225 119 1419 366 276 43 15 184 80 25 18 14 0 7 281 405 579 387 36 50 55 0 48 0 91 81 34 18 17 0 115 456 31 4 34 71 54
5 GAC 3101 1986 8609 4155 439 510 291 69 3 2038 1035 1127 2112 118 10 1083 728 280 739 35 785 783 2129 703 237 109 7 116 1081 2301 157 1249 258 1.94862e+06 939 384 118 109 147 14 524 1144 3078 507 301 221 480 294 0 23 0 27 11 385 798 764 0 47 395 90 1379 144 440 231
6 GGC 3054 7967 9277 235 57 1985 143 1167 183 3153 239 25 1591 4086 1631 1738 44 23 59 77 8486 3888 1657 2294 615 479 50 135 21 165 277 80 3555 268 314 73 594 96 270 1568 123 1.92221e+06 210 80 332 367 685 927 0 1008 0 239 4112 3083 62 415 0 71 1891 0 192 874 255 1241
7 CTT 176 12 377 20 1 10 24 3 67 14 109 254 11 13 108 12 19 94 24 3 28 60 127 78 109 17 278 11 2 62 303 1.9944e+06 405 21 356 24 43 57 73 9 108 51 74 203 146 57 148 1 0 20 0 0 32 96 85 213 0 93 23 571 142 15 82 27
8 CAT 6 224 52 286 36 25 32 2 40 53 206 31 3 66 626 14 28 270 49 1.98776e+06 1107 2074 1007 1298 88 21 136 29 352 194 211 9 494 18 586 254 2 13 29 9 69 299 92 178 20 134 14 128 0 63 0 20 48 18 61 28 0 13 54 166 132 11 696 18
9 GCA 165 367 33 273 64 13 42 8 0 49 56 48 361 1182 46 345 14 40 39 39 999 145 93 240 20 121 16 46 20 190 112 25 93 41 169 1 1.99248e+06 55 112 66 126 156 248 334 189 208 28 1 0 13 0 34 39 41 81 47 0 2 2 0 126 39 54 8
10 GGA 24 11 15 18 94 0 16 120 20 10 7 20 7 7 62 2 44 0 10 6 52 13 47 25 26 8 33 26 65 38 26 50 0 29 1 19 11 62 5 9 1.99747e+06 66 160 21 78 14 268 330 0 5 0 16 7 50 116 25 0 190 16 52 38 11 5 21
11 TCT 27 67 72 40 334 360 357 414 1586 23 1773 257 1105 3697 14954 3989 327 4342 3562 1464 1162 989 1410 2053 5134 7130 8546 3891 11699 1567 13450 3849 224 740 309 358 19 20 58 70 149 321 44 71 283 1520 14 572 0 11291 0 4003 68 46 107 1.86308e+06 0 2706 134 3268 6701 2050 1381 760
12 CCC 23 38 14 32 112 43 21 100 37 4 9 56 50 3 12 2 10 15 39 5 169 1.99811e+06 17 33 24 46 13 8 30 56 32 34 11 70 35 66 103 95 37 36 1 11 13 4 6 24 50 15 0 3 0 11 24 19 26 22 0 22 32 19 9 26 9 0
13 GCT 212 7 279 19 177 192 220 252 78 358 136 223 7 22 27 55 246 151 36 26 21 57 36 5 193 367 4 29 11 18 67 62 13 951 179 602 252 1 60 1.99286e+06 110 24 20 35 159 112 24 315 0 50 0 0 69 232 112 79 0 58 37 4 5 2 29 8
14 GCA 441 63 159 97 142 222 175 263 30 36 53 182 4 11 181 53 71 29 13 39 91 336 131 141 163 53 97 148 48 17 7 6 25 27 96 242 1.9942e+06 328 67 111 125 215 41 46 11 18 53 47 0 9 0 31 168 83 145 175 0 76 8 74 46 18 2 13
15 TGG 16 3 14 18 2 21 51 9 145 55 28 16 13 39 1 13 7 25 52 3 14 7 5 1 75 51 152 383 55 82 55 3 26 0 6 0 2 6 9 18 37 28 32 153 9 25 50 5 0 4 0 0 153 4 33 16 0 16 1.99764e+06 72 6 5 220 10
16 GTG 2266 196 351 104 171 420 294 371 1163 32 140 304 38 35 26 8 394 88 444 15 57 15 13 7 1442 42 38 1745 41 145 70 133 31 15 533 86 212 881 201 292 54 345 654 16 127 74 1.98405e+06 86 0 160 0 76 79 200 479 234 0 27 37 122 10 35 277 3
17 GAA 1 11 15 8 23 98 25 4 9 182 60 0 7 42 5 3 238 82 293 36 20 31 113 19 109 139 28 30 1 9 24 32 1.99656e+06 15 134 15 10 52 59 40 103 60 41 22 12 55 26 52 0 7 0 33 647 84 15 17 0 7 153 14 17 7 27 22
18 CGT 150 86 1068 15 3 42 3 0 59 158 106 176 29 35 1 4 32 13 69 59 18 157 7 34 227 76 257 1.99413e+06 27 90 75 138 469 72 131 120 22 35 13 73 178 188 227 179 8 39 13 86 0 37 0 0 51 37 92 36 0 198 87 106 63 63 8 24
19 TTG 16 3 15 5 12 12 17 9 36 4 72 0 15 0 160 2 32 5 4 14 15 21 3 4 34 3 52 34 297 175 113 150 8 1 42 8 1 59 8 27 31 1 16 10 2 18 14 23 0 1 0 13 1 11 9 4 0 2 0 3 176 24 1.99815e+06 3
20 TTC 13 19 119 6 273 62 196 961 1316 52 1785 46 488 328 430 65 47 225 57 264 5 68 464 33 299 1436 60 1706 126 46 484 175 266 128 925 166 62 261 533 275 19 18 19 59 141 248 86 23 0 90 0 34 17 65 58 130 0 225 18 213 134 1.98388e+06 122 131
21 GGA 53 62 25 86 10 1 21 25 73 42 21 97 0 29 15 14 8 18 5 4 14 43 6 10 21 11 13 18 14 25 14 2 10 51 18 49 25 23 34 9 1.99767e+06 17 246 80 8 50 170 21 0 56 0 6 9 46 233 145 0 66 28 10 66 17 14 21
22 TAT 15 20 5 40 4 8 4 7 4 21 1 28 19 20 0 13 44 22 23 57 40 7 14 3 25 8 7 20 15 61 2 25 25 68 43 56 18 15 34 51 7 3 0 23 22 18 17 12 0 39 0 1.99859e+06 31 76 24 12 0 16 11 0 32 32 108 33
23 GAT 69 26 4 228 36 163 97 276 78 18 51 76 43 134 39 77 25 59 68 93 5 20 21 35 102 130 72 17 64 1 16 13 80 15 19 1.99701e+06 18 11 5 16 25 60 15 66 22 3 11 20 0 112 0 20 43 16 57 46 0 28 19 0 15 7 85 0
24 TGG 2 40 1 57 36 0 42 36 14 36 17 21 16 9 9 1 22 14 8 16 0 16 0 5 225 7 109 108 36 43 72 118 11 5 0 65 10 1 13 28 67 27 39 30 14 45 4 1 0 4 0 5 36 17 27 0 0 41 1.99768e+06 362 146 6 168 17
25 GCA 31 9 121 6 43 115 7 68 39 288 1 15 21 2 15 97 88 6 88 0 11 27 12 11 83 8 11 23 19 22 6 58 11 156 247 54 1.99675e+06 22 19 12 14 30 24 83 167 66 434 214 0 55 0 3 105 9 26 23 0 29 1 68 18 4 1 0
26 CAA 3 48 28 26 25 40 43 8 67 13 111 15 8 88 12 17 1.9962e+06 168 173 174 7 47 78 33 607 239 0 120 239 73 34 234 180 11 15 6 16 7 8 18 18 33 20 0 15 51 2 5 0 27 0 16 38 0 71 72 0 15 32 7 204 37 63 34
27 CAA 20 7 43 93 107 21 40 16 42 45 35 0 37 615 75 3249 1.99351e+06 19 26 4 35 87 37 67 85 16 14 38 46 9 17 18 45 38 0 33 15 14 34 48 16 39 6 8 278 223 418 12 0 0 0 34 4 55 32 21 0 26 10 65 20 3 9 20
28 ACA 20 75 2 62 1.9961e+06 312 173 1 5 45 83 51 37 32 11 24 5 297 26 15 18 31 10 47 70 29 60 79 5 88 4 30 44 29 24 9 117 389 229 337 18 16 0 0 1 8 11 21 0 370 0 20 73 75 151 96 0 12 2 21 13 32 25 12
29 ATC 3 19 19 26 69 3 8 1 13 11 4 28 95 1.99804e+06 104 84 93 2 67 0 13 81 28 10 2 2 18 10 20 71 115 23 11 4 47 6 3 4 6 6 25 46 10 29 67 10 17 25 0 41 0 83 13 1 0 206 0 25 23 1 89 23 75 25
30 GGC 20 2 30 0 32 6 6 13 70 48 39 203 6 14 0 42 6 32 13 36 45 33 4 1 110 50 6 11 16 22 4 16 6 0 24 47 24 22 1 10 91 1.99796e+06 110 120 23 100 62 44 0 7 0 17 33 63 102 24 0 12 12 68 12 6 0 66
31 TGC 13758 50 1027 27 5 16 15 20 185 123 872 12 25 51 15 31 1491 33 2296 65 30 0 3 22 518 321 18 430 280 188 409 220 113 4 3 30 28 22 6 106 42 3 63 30 98 44 29 61 0 15 0 7 31 18 42 32 0 1.97606e+06 48 14 298 65 67 64
32 AGT 19 62 1 26 79 67 23 64 104 103 55 1.99782e+06 67 11 12 176 9 1 27 0 0 75 2 14 50 92 29 7 6 34 23 33 12 4 4 11 3 1 33 1 7 30 8 1 16 43 5 14 0 22 0 10 60 317 8 198 0 4 10 7 29 4 26 17
33 GAC 86 108 519 41 1946 2429 2956 1269 356 869 531 2525 127 61 3 40 83 2 55 92 191 865 340 370 367 369 94 79 137 217 236 23 24 1.97402e+06 91 94 58 125 173 8 664 745 292 48 7 55 20 84 0 23 0 60 1708 1058 1202 1565 0 50 13 90 193 14 113 12
34 GCC 7 25 11 0 6 12 17 6 44 96 20 79 36 19 32 31 149 48 38 28 30 39 6 27 171 2 3 56 16 13 7 7 118 3 16 39 0 1.99802e+06 117 28 15 53 27 17 52 6 17 11 0 0 0 12 3 100 195 0 0 21 10 6 2 10 16 9
35 GCC 9 513 0 183 1305 421 627 424 0 504 42 133 43 78 65 586 2 449 13 18 118 27 4 10 50 58 8 61 19 40 66 30 257 25 107 15 127 1.99047e+06 99 376 111 19 38 7 191 38 139 132 0 0 0 23 520 11 951 48 0 9 28 14 4 223 5 110
36 GTA 65 16 2 4 20 15 16 6 34 19 62 4 26 4 52 18 16 5 7 48 38 0 4 6 8 2 0 50 30 142 43 1 2 6 0 2 36 9 19 24 2 1 179 38 1.99851e+06 176 29 39 0 0 0 0 9 6 2 1 0 5 39 5 30 4 47 14
37 TTT 62 3 6 56 6 1 0 6 16 36 16 56 20 6 10 8 6 3 0 8 10 2 54 23 32 11 12 1 9 22 19 12 3 8 23 2 23 16 1 3 9 0 8 2 8 3 14 47 0 49 0 13 113 56 106 42 0 7 23 8 11 41 35 1.99879e+06
38 CGC 25 38 19 4 8 32 1 6 13 100 153 0 19 7 6 0 11 48 5 59 10 37 12 4 216 1.99795e+06 73 12 109 27 125 117 14 0 19 16 2 1 14 16 26 52 31 36 5 1 45 20 0 2 0 2 33 85 17 103 0 45 48 12 29 7 35 42
39 CTT 32 0 17 2 2 2 0 18 5 12 43 4 18 24 15 27 10 26 7 0 25 14 5 43 0 1 68 23 82 45 39 1.99822e+06 6 12 13 17 4 5 8 3 156 171 235 41 10 2 5 4 0 37 0 10 4 4 35 29 0 89 10 3 79 45 97 32
40 AGT 11 24 12 50 14 111 90 152 6 174 30 1.99704e+06 86 80 16 2 28 21 117 70 1 12 40 1 72 33 48 188 29 1 6 7 33 0 12 30 9 19 4 16 8 92 52 37 30 24 6 114 0 26 0 11 70 80 23 130 0 2 538 11 6 16 4 22
41 GCT 1 142 6 23 83 1 6 37 3 20 2 66 35 4 4 3 72 9 336 20 18 14 39 9 4 2 15 28 10 16 1 4 192 6 33 0 453 105 95 1.99659e+06 3 4 0 26 13 105 2 26 0 5 0 8 57 101 100 33 0 892 7 97 0 1 0 10
42 CAG 46 2 17 11 129 216 890 10 59 386 49 28 15 2 22 9 141 0 1.99326e+06 36 268 471 394 56 228 96 456 64 41 8 66 180 12 26 422 147 19 111 35 3 36 9 0 38 43 20 69 9 0 3 0 10 87 471 167 240 0 6 10 2 58 96 186 14
43 GGA 10 840 8 85 39 69 193 51 142 3662 65 627 0 10 3 28 15 205 11 182 11 31 16 6 189 55 134 28 7 40 16 12 22 22 11 2 15 8 23 76 1.98694e+06 42 63 92 80 12 18 64 0 13 0 1 628 2222 451 2059 0 2 43 27 37 76 76 82
44 AGG 324 11 39 15 6 12 0 13 35 1 1.99769e+06 4 3 14 7 12 61 1 2 1 44 38 20 16 8 215 273 52 75 7 94 39 0 7 9 35 22 41 18 20 115 97 194 77 9 14 8 26 0 0 0 30 0 9 4 10 0 19 7 0 4 16 36 40
45 CCG 175 209 88 60 39 53 55 16 159 17 199 20 29 0 40 3 127 31 236 52 131 17 1.99657e+06 130 199 49 224 155 33 2 15 24 42 10 152 21 10 18 58 21 15 39 11 44 3 20 0 14 0 139 0 13 60 7 0 40 0 17 0 6 22 0 56 5
46 GTG 1 259 0 4 324 647 236 380 5 341 51 261 10 14 23 26 11 7 6 13 81 283 87 63 3 42 75 1 44 44 60 10 35 97 28 95 1130 1377 1054 432 307 31 341 99 3 60 1.99014e+06 150 0 48 0 4 63 142 14 69 0 333 23 205 201 13 80 19
47 TTG 162 2 212 2 21 11 0 31 7 22 14 0 15 18 55 0 33 55 75 460 64 58 68 10 153 58 193 62 16 107 116 318 4 28 7 11 4 1 8 8 25 95 5 10 2 15 4 75 0 44 0 61 5 3 1 2 0 29 29 51 30 96 1.99673e+06 197
48 TTC 2 4 0 49 23 13 1 26 0 84 17 11 5 74 21 7 33 1 11 15 73 4 6 3 0 1 14 5 4 148 38 16 0 5 24 7 6 14 5 2 19 3 14 21 118 45 15 9 0 35 0 17 72 1 0 24 0 4 9 3 24 1.99872e+06 5 69
49 GTT 12 2 16 10 15 2 17 11 0 4 2 0 10 4 7 25 2 14 18 0 1 27 2 7 4 0 14 3 127 3 119 48 124 8 21 9 35 37 32 9 14 44 33 11 112 487 162 1.99807e+06 0 44 0 40 1 0 9 2 0 22 25 0 50 3 72 2
50 AAG 218 32 1.9981e+06 45 39 14 4 6 26 99 31 28 10 20 11 31 32 16 36 67 29 11 10 2 19 117 8 89 9 2 17 31 14 11 26 3 24 0 32 36 9 50 0 39 59 8 56 10 0 81 0 6 28 17 140 3 0 21 5 21 0 70 5 17
51 ACC 20 31 0 69 114 1.99802e+06 51 204 39 52 19 6 23 17 8 41 48 2 82 3 45 8 22 28 11 45 30 9 82 25 122 24 1 38 21 44 56 12 63 99 19 25 4 20 19 8 8 5 0 0 0 28 55 8 18 45 0 1 22 1 44 12 6 21
52 GAT 2 32 1 71 58 189 1615 1777 13 2901 3 139 395 838 154 889 291 61 237 7 48 32 6 10 4 47 5 26 4 82 145 31 76 35 85 1.97154e+06 2319 2744 4344 960 181 41 44 59 175 457 132 51 0 13 0 53 730 132 678 2021 0 511 1 2441 12 4 45 7
53 TTG 918 65 1451 346 153 45 371 124 319 243 468 43 68 62 122 11 78 309 11 43 73 31 212 112 1460 35 84 342 33 38 113 40 182 97 201 119 328 507 156 738 14 28 33 39 1181 951 105 660 0 712 0 594 90 358 683 313 0 10 429 79 13 465 1.98295e+06 146
54 TCT 5 17 8 95 1 20 6 1 139 67 92 183 13 54 32 33 18 294 10 24 39 16 4 44 261 113 10 36 22 19 12 43 114 11 46 17 39 0 4 67 10 7 20 32 41 16 77 6 0 4 0 6 510 224 53 1.99679e+06 0 19 6 30 65 2 25 25
55 GGG 10 25 46 12 26 53 7 64 165 20 47 20 1 26 1 12 103 72 35 758 5 8 12 3 48 78 107 41 16 107 228 4 10 18 12 14 4 37 22 123 93 190 1.99622e+06 84 237 71 6 82 0 9 0 42 18 11 44 18 0 16 19 96 221 79 22 19
56 GCG 27 12 8 11 57 21 20 102 19 26 28 7 71 11 30 43 22 31 53 426 60 9 33 91 28 15 15 8 5 11 10 11 51 362 40 328 78 79 1.99709e+06 64 3 20 83 5 6 0 5 18 0 0 0 12 2 16 285 17 0 7 7 9 27 49 5 15
57 CTA 2 75 22 19 11 37 0 36 181 32 71 10 15 4 18 0 3 101 12 51 63 74 15 28 195 48 25 311 1.9975e+06 72 212 63 17 4 3 20 10 33 7 3 23 16 5 3 35 12 9 7 0 9 0 5 6 4 2 10 0 10 5 10 254 82 85 8
58 AAC 298 1.99722e+06 17 171 4 59 77 20 33 1 96 2 5 3 31 10 5 72 58 60 53 24 3 28 68 14 160 117 10 24 23 1 72 14 53 30 26 52 169 70 3 28 49 68 3 149 45 3 0 25 0 44 21 48 70 25 0 6 26 0 11 7 88 30
59 GAG 39 25 25 18 41 28 27 0 10 85 34 70 5 8 25 33 25 22 85 15 9 0 94 12 22 22 7 11 22 71 49 8 177 0 1.9984e+06 167 18 22 19 15 4 0 26 10 8 0 14 5 0 4 0 36 8 1 7 26 0 7 31 6 10 5 11 13
60 CTG 10 10 6 32 23 14 7 12 19 87 46 50 55 92 128 24 27 68 8 8 58 48 83 15 15 97 81 8 106 5 1.99759e+06 146 3 185 10 74 39 0 37 111 20 59 5 4 17 28 1 60 0 27 0 18 74 15 36 17 0 0 23 48 10 32 33 36
61 CAA 271 23 22 63 13 140 7 13 94 60 177 12 19 7 31 36 1.99573e+06 424 91 83 5 5 91 19 36 15 52 82 7 3 22 86 238 483 77 215 57 145 12 64 75 13 8 76 102 43 34 5 0 56 0 179 44 7 0 38 0 11 5 22 33 54 72 90
62 GAT 3 31 13 21 166 26 49 20 19 18 7 62 16 2 5 14 2 24 8 1 10 24 2 44 12 9 16 7 3 5 127 1 71 7 1135 1.99738e+06 7 16 8 2 35 1 12 6 71 20 20 68 0 10 0 17 18 4 0 21 0 29 19 108 39 11 84 17
63 GAG 111 20 32 9 41 1 12 3 65 36 22 52 17 18 4 17 45 38 87 37 17 59 21 17 106 73 30 30 27 37 250 17 12 69 1.99752e+06 125 5 36 50 27 69 4 190 36 15 18 8 13 0 4 0 9 0 53 38 39 0 42 11 11 95 18 127 4
64 GCG 23 1 113 13 4 2 26 2 64 1 45 40 25 11 10 11 15 26 23 5 19 17 3 3 34 20 20 10 2 5 18 4 72 12 41 30 44 6 1.99815e+06 87 9 56 29 1 26 1 32 18 0 1 0 1 48 480 17 127 0 60 10 11 6 5 4 1
65 GCC 20 20 0 12 21 3 4 10 10 1 8 62 2 6 24 21 10 0 13 7 11 10 47 52 28 10 5 34 10 3 1 7 26 9 142 10 37 1.99638e+06 193 19 11 5 19 10 654 557 311 517 0 16 0 4 104 2 140 15 0 157 78 49 39 3 1 22
66 CGA 15 3 5 69 4 13 39 1 48 126 11 67 14 15 2 6 26 13 34 73 46 6 34 1 1.99835e+06 94 54 140 28 7 30 0 4 17 14 2 20 0 7 0 10 3 35 42 16 28 23 2 0 4 0 10 103 21 25 30 0 29 3 51 26 14 89 0
67 CTT 23 22 5 34 23 3 15 2 67 19 26 87 1 42 14 19 0 99 4 187 273 273 71 2 50 7 4 14 46 48 13 1.99788e+06 3 20 13 8 19 3 11 5 20 19 2 43 20 2 8 57 0 3 0 36 20 61 40 88 0 13 2 21 45 5 21 18
68 TCG 336 10 154 105 119 53 134 13 547 6 521 31 0 147 94 65 547 7 108 21 14 24 18 6 347 1014 11 791 39 5 25 22 33 35 24 17 102 41 139 162 9 78 53 92 4 0 27 44 0 108 0 11 329 7 1.99302e+06 224 0 32 13 9 0 27 10 21
69 TGG 7 11 11 1 23 10 68 5 5 31 19 49 16 17 1 5 13 10 38 25 3 3 19 12 7 15 25 0 32 0 62 17 19 6 14 48 15 26 14 47 75 106 10 208 3 30 16 16 0 49 0 115 13 14 42 4 0 10 1.99827e+06 13 140 18 97 2
70 CTG 37 5 7 4 3 4 11 1 64 15 98 51 7 12 126 9 1 48 5 5 38 25 108 23 66 12 22 49 15 13 1.998e+06 268 8 43 12 6 4 3 19 13 21 9 5 16 61 6 182 9 0 16 0 0 24 1 0 21 0 44 23 42 3 12 225 23
71 GCC 82 26 6 29 3 40 11 5 58 125 107 168 5 1 5 4 2 0 93 2 51 96 15 108 55 33 66 0 0 17 18 0 27 25 37 1 63 1.99696e+06 125 356 49 209 24 31 105 10 12 18 0 17 0 1 58 386 59 50 0 102 3 7 3 10 2 14
72 ACA 18 7 11 70 1.99781e+06 103 294 276 6 212 7 68 22 3 6 6 5 75 18 2 63 7 25 18 0 0 7 52 33 3 3 19 22 12 16 36 14 7 38 10 21 22 73 31 8 2 1 13 0 9 0 1 48 102 7 40 0 140 3 9 2 14 10 38
73 ACA 9 16 14 10 1.99855e+06 18 531 115 2 0 0 0 20 39 3 18 51 2 21 11 9 20 5 5 6 0 3 3 0 1 1 0 20 4 12 6 53 30 20 16 7 7 2 7 23 13 9 1 0 43 0 63 27 39 4 17 0 19 36 3 13 16 8 1
74 GGG 5 2 2 7 35 7 17 18 5 4 7 11 5 5 8 0 0 1 1 1 6 19 6 1 0 1 0 0 10 2 17 1 10 19 7 9 51 28 10 32 170 227 1.99844e+06 520 14 23 17 17 0 4 0 4 13 25 0 11 0 24 3 30 9 24 52 0
75 GTT 2 7 0 7 68 16 24 22 4 1 21 11 1 34 21 46 76 3 79 2 3 7 0 1 13 4 8 16 41 14 64 34 2 32 13 9 16 25 30 37 12 8 0 13 191 154 53 1.99846e+06 0 0 0 0 6 5 25 18 0 35 0 35 118 0 47 6
76 CCG 8 2 0 1 114 31 8 38 53 25 65 63 5 17 0 2 46 71 204 60 29 0 1.99742e+06 115 221 34 39 65 141 21 129 40 11 7 11 7 5 22 2 2 2 9 61 67 4 7 2 27 0 0 0 9 47 34 140 229 0 1 17 24 99 9 78 3
77 TGC 2 0 1 7 25 39 5 19 21 18 68 16 17 14 2 26 0 13 1 15 36 11 7 2 31 0 29 3 7 3 6 38 9 23 40 36 0 0 2 25 36 107 49 10 116 78 100 19 0 7 0 2 47 14 73 26 0 1.99822e+06 2 337 47 1 90 3
78 GCA 0 6 10 2 20 47 154 8 38 17 20 16 2 6 6 3 19 4 23 12 3 0 13 5 187 41 168 12 0 13 19 2 19 11 6 31 1.99825e+06 13 97 196 4 11 11 39 50 15 23 0 0 1 0 18 23 106 52 9 0 17 1 4 61 22 26 4
79 GCG 117 85 646 324 84 64 145 0 186 109 191 49 897 367 1 520 171 236 92 52 46 5 113 94 415 192 195 121 4 9 9 27 69 5 88 29 75 12 1.99287e+06 95 282 166 58 80 24 15 8 84 0 13 0 16 17 45 100 216 0 14 2 9 2 15 22 3
80 GTT 12 20 12 10 7 8 2 9 170 19 53 4 16 10 36 60 7 2 5 23 3 6 4 3 34 75 49 19 6 38 41 39 14 13 0 9 21 16 12 48 41 10 20 8 347 153 28 1.9981e+06 0 0 0 0 7 7 1 29 0 68 18 26 31 3 162 6
81 TTA 28 21 46 80 43 21 0 124 5 0 5 8 144 60 50 93 59 38 40 19 59 48 10 22 70 46 43 97 206 246 19 65 288 1 32 9 17 35 16 40 54 3 29 41 7 15 12 32 0 62 0 29 35 0 15 18 0 17 19 0 1.997e+06 5 307 43
82 GAT 12 4 3 23 36 6 13 25 14 19 20 13 21 11 3 0 4 27 11 18 25 19 2 1 2 18 29 12 29 6 8 0 5 42 9 1.99893e+06 9 11 10 7 34 12 24 18 10 6 11 1 0 72 0 211 28 0 41 5 0 25 17 6 2 0 17 4
83 GTT 48 7 12 10 17 20 34 9 118 92 238 124 19 48 65 99 37 12 31 22 1 2 0 28 68 113 62 262 62 86 230 10 22 5 30 26 21 31 250 6 124 118 96 40 84 61 115 1.98864e+06 0 45 0 10 145 73 61 16 0 32 13 24 96 1836 104 5890
84 GTA 15 19 10 10 61 10 70 6 25 63 4 57 32 38 13 36 203 47 65 1 39 0 9 22 8 10 6 8 23 14 15 17 22 26 5 3 137 47 2 69 6 5 2 10 1.99795e+06 58 20 231 0 31 0 11 107 15 45 29 0 87 10 60 23 17 11 4
85 ACG 0 30 7 55 64 215 1.9982e+06 2 18 14 8 70 28 45 20 80 7 4 2 17 13 9 11 28 11 14 15 29 20 3 20 13 9 16 2 9 16 62 55 66 1 27 1 1 38 29 66 6 0 36 0 4 47 78 39 58 0 57 27 93 17 33 26 11
86 GAG 8 38 16 40 19 23 9 2 0 8 26 0 16 28 35 1 1 2 2 0 22 10 56 3 31 6 10 4 18 12 45 2 123 45 1.99855e+06 15 42 1 50 67 5 30 59 146 9 57 24 3 0 7 0 4 8 31 4 48 0 3 12 21 0 33 65 48
87 GCG 37 15 198 42 58 4 6 22 7 117 11 60 3 66 291 55 21 101 17 3 85 151 9 35 27 3 63 13 108 10 49 18 60 4 5 23 40 52 1.9972e+06 326 2 2 37 32 2 27 55 39 0 4 0 10 47 65 76 55 0 12 18 8 30 23 12 25
88 GGC 14 35 20 72 6 18 14 8 40 27 6 75 3 2 15 1 0 7 18 13 2 20 3 7 25 48 0 16 7 38 16 15 38 102 17 25 10 14 24 51 58 1.99827e+06 1 178 44 4 13 71 0 26 0 11 52 60 154 63 0 18 9 42 21 2 29 1
89 AGG 27 13 53 51 7 53 34 14 44 33 1.9975e+06 22 1 15 4 3 9 79 32 135 16 15 28 13 73 274 435 22 11 18 9 4 29 0 27 10 18 0 17 4 98 73 38 52 0 11 58 22 0 57 0 6 4 190 14 83 0 62 5 22 32 13 3 5
90 GAT 9 50 1 7 24 65 26 19 41 41 22 66 0 0 2 18 11 32 24 11 13 15 6 25 8 25 33 17 4 0 14 15 4 238 23 1.9984e+06 21 89 44 11 21 30 101 48 8 20 14 2 0 29 0 31 27 19 25 0 0 30 34 49 16 1 19 6
91 TGG 8 22 28 0 10 2 21 7 9 101 25 99 0 14 3 28 154 15 7 19 1 28 0 7 30 38 65 32 19 30 97 51 9 2 0 7 22 26 11 17 119 81 69 49 4 23 3 4 0 23 0 2 38 0 31 2 0 48 1.99817e+06 165 12 35 38 20
92 CTA 20 14 2 28 10 4 7 0 30 3 5 11 27 16 15 14 50 20 22 3 65 33 15 62 18 22 9 2 1.99836e+06 201 3 115 15 6 22 6 37 13 15 30 19 13 5 8 7 27 3 6 0 15 0 27 8 40 0 2 0 61 8 84 261 14 36 3
93 TTA 3 27 3 10 37 35 30 9 6 11 62 23 15 9 75 20 9 0 15 18 37 105 71 61 76 28 25 21 22 297 94 128 35 0 16 3 4 1 0 15 15 73 9 0 25 13 56 93 0 4 0 0 39 27 11 13 0 13 17 30 1.99796e+06 82 29 30
94 TTA 9 1 0 3 87 56 105 172 26 3 76 33 12 1 51 4 15 3 12 1 59 32 22 64 58 17 29 32 193 91 163 17 3 11 6 1 3 9 2 1 1 0 0 0 17 25 12 28 0 11 0 13 0 4 14 11 0 14 21 12 1.99831e+06 3 13 5
95 GGT 11 11 50 18 10 12 2 29 70 34 188 12 9 48 14 1 2 4 7 10 4 35 13 7 84 37 38 24 6 28 12 45 2 16 23 17 9 0 0 1 216 77 50 1.998e+06 79 85 97 49 0 1 0 40 18 82 27 8 0 4 19 94 89 6 0 17
96 GAG 150 0 84 2 8 8 19 3 20 20 14 3 8 16 0 11 60 9 97 18 11 2 14 0 24 1 34 12 6 40 3 41 187 9 1.99832e+06 0 206 1 20 39 74 5 143 17 23 30 5 23 0 6 0 6 52 7 6 3 0 23 2 0 24 13 11 2
97 GTT 11 2 8 19 29 6 24 41 118 0 24 15 2 0 0 10 20 4 0 25 37 40 17 3 9 207 24 68 72 53 5 74 18 40 2 31 14 13 11 25 46 68 7 18 138 53 50 1.99828e+06 0 12 0 15 7 9 9 7 0 8 11 15 103 0 2 20
98 CCG 1 1 0 18 28 77 14 15 20 23 84 71 4 8 40 7 74 0 55 1 39 43 1.99824e+06 38 70 28 122 226 29 13 14 62 11 9 0 12 27 5 11 10 24 25 36 38 35 16 14 4 0 8 0 6 8 16 15 2 0 5 13 53 51 0 76 10
99 GGG 3 12 11 9 7 9 1 3 43 4 0 47 25 44 8 10 29 3 11 4 4 17 0 5 6 71 58 71 17 3 11 11 2 16 0 33 9 18 107 6 181 248 1.99813e+06 173 0 39 44 36 0 3 0 5 13 103 27 64 0 94 3 49 0 9 13 20
100 CAA 163 9 23 13 25 35 53 61 31 18 16 46 16 4 40 5 1.99824e+06 39 10 44 71 50 24 107 5 67 21 56 4 39 49 34 91 12 94 7 17 6 21 0 8 14 10 3 6 9 2 0 0 4 0 15 8 29 5 23 0 12 6 18 133 9 15 4
101 GAC 3 12 9 56 4 9 11 15 7 136 4 52 6 0 37 0 15 65 32 26 2 15 1 11 4 12 15 19 17 4 12 5 10 1.99814e+06 2 235 39 11 83 195 42 13 1 50 44 97 136 11 0 41 0 35 82 25 17 14 0 21 0 2 16 11 8 6
102 TTG 31 14 22 15 20 7 0 23 3 2 193 7 21 4 105 28 45 4 1 12 4 2 107 47 135 54 45 79 51 14 79 254 22 52 8 27 79 15 94 85 0 26 11 8 32 29 12 13 0 7 0 18 12 27 16 13 0 22 37 8 486 28 1.99738e+06 9
103 CTT 9 2 11 1 6 3 17 0 15 8 20 0 4 6 39 8 6 29 1 15 9 25 60 7 17 5 10 44 28 371 123 1.99865e+06 6 5 0 28 2 4 20 9 0 5 10 13 14 19 3 45 0 16 0 0 86 30 21 31 0 29 17 6 21 9 6 0
104 AGT 4 39 11 7 159 236 9 76 52 109 49 1.99768e+06 15 19 46 105 23 0 57 11 2 70 11 33 161 0 31 31 4 5 7 30 0 11 7 21 13 5 14 30 130 65 16 87 26 4 10 49 0 46 0 24 7 53 125 18 0 18 3 11 31 25 42 15
105 TCC 1 54 14 3 4 7 11 8 27 124 30 3 27 0 28 13 21 16 7 21 0 11 7 0 90 25 34 41 8 17 17 18 24 34 21 53 0 0 24 23 292 7 55 26 13 19 23 13 0 1 0 2 106 1.998e+06 301 87 0 1 19 3 10 15 140 3
106 CAC 14 7 3 58 21 12 9 19 42 123 49 160 10 34 27 18 135 1.99624e+06 342 35 83 122 445 112 117 9 57 16 15 0 1 5 67 81 379 144 15 8 7 103 44 44 154 23 12 15 18 16 0 14 0 55 16 44 19 135 0 76 34 30 27 1 10 69
107 CTG 6 27 5 0 22 16 3 0 29 1 0 6 33 7 28 16 29 2 40 16 2 5 189 11 9 19 12 10 174 63 1.99802e+06 223 15 46 11 5 7 10 3 7 8 10 11 6 10 37 53 34 0 1 0 9 1 9 6 23 0 14 0 0 560 8 69 9
108 GCC 22 8 12 0 36 11 6 9 1 141 19 28 27 2 16 31 9 4 15 1 953 196 78 114 20 0 4 3 2 14 2 4 67 0 61 15 89 1.99663e+06 20 143 140 61 34 44 48 54 22 173 0 15 0 4 44 85 9 297 0 37 34 12 1 23 36 12
109 CCG 0 6 23 5 8 111 2 3 32 13 19 40 0 2 14 17 109 2 18 1 1 168 1.99837e+06 158 14 30 8 11 141 2 28 68 0 6 26 20 55 13 15 18 4 11 0 6 168 27 13 1 0 10 0 9 8 8 34 24 0 10 10 4 10 14 23 25
110 GCG 56 1 5 13 50 6 1 4 13 69 20 36 2 2 4 15 43 11 4 8 3 63 39 66 8 5 8 0 28 57 0 59 46 2 32 102 37 14 1.99836e+06 96 1 17 1 1 10 46 9 8 0 2 0 13 15 28 119 88 0 16 5 115 50 32 22 14
111 GAG 10 8 2 5 50 41 1 72 37 0 18 20 10 44 11 31 14 5 28 52 37 7 11 9 16 8 25 13 9 46 51 89 111 14 1.99846e+06 67 8 1 3 2 67 17 34 81 13 3 49 20 0 4 0 0 39 12 6 15 0 12 11 40 78 4 45 2
112 AAA 1.99913e+06 3 57 32 5 16 9 21 8 18 0 11 13 41 1 73 3 3 9 2 13 22 5 11 15 2 26 1 15 7 13 17 25 8 43 23 15 3 3 7 12 17 24 12 0 4 10 11 0 42 0 15 0 20 0 18 0 27 7 8 7 4 12 17
113 GTA 9 1 12 0 108 163 147 53 21 14 17 6 3 7 33 1 4 6 1 2 7 8 0 27 32 35 27 17 23 4 71 72 5 13 0 7 25 7 35 13 30 15 37 40 1.99814e+06 147 196 131 0 17 0 25 13 20 7 10 0 37 4 18 37 15 3 18
114 AGT 33 78 16 11 19 29 22 10 40 28 85 1.99207e+06 16 17 12 40 28 7 12 4 100 52 22 18 57 14 58 1 26 78 26 85 26 40 29 4 997 1319 214 862 55 139 30 61 21 25 21 137 0 32 0 20 110 46 195 37 0 1925 0 296 126 11 105 2
115 ATA 106 0 49 14 20 30 14 11 0 0 35 67 1.99882e+06 119 4 16 26 3 2 37 17 11 6 21 5 36 0 67 30 8 4 10 29 17 1 30 3 14 1 6 10 17 6 4 6 9 14 43 0 2 0 5 31 16 15 64 0 7 5 5 36 4 4 8
116 ATG 7 11 1 14 16 25 7 4 24 3 18 22 9 55 1.99879e+06 17 42 2 14 13 34 16 13 9 151 11 94 119 20 10 14 0 0 9 7 4 1 7 15 4 3 5 1 3 75 65 34 45 0 20 0 18 1 1 12 21 0 16 20 7 1 20 0 4
117 GCT 7 12 13 12 62 8 16 35 101 10 87 121 11 20 4 18 61 4 42 2 3 22 3 9 25 63 24 67 27 4 5 3 30 0 11 19 76 0 219 1.99838e+06 2 34 2 19 6 7 31 14 0 11 0 34 8 22 65 44 0 10 15 1 4 24 6 0
118 GAT 3 2 6 4 8 31 9 3 14 33 21 16 16 15 6 14 41 38 31 15 1 16 19 4 10 6 21 8 27 9 0 2 18 263 35 1.99847e+06 8 84 69 5 32 42 12 2 95 1 70 45 0 66 0 10 63 17 26 7 0 55 1 16 16 2 1 22
119 GCT 8 19 9 4 4 4 92 15 4 10 14 64 6 4 21 17 10 6 1 13 23 46 9 0 0 27 3 37 5 16 10 2 53 3 51 7 54 117 254 1.99859e+06 18 19 11 1 12 20 4 4 0 4 0 0 21 40 109 8 0 10 12 16 1 0 29 28
120 ATG 16 24 2 8 224 1 14 161 7 32 7 55 97 25 1.99721e+06 12 11 16 85 3 3 18 13 16 67 25 19 62 48 209 267 6 31 34 43 44 2 4 4 12 22 150 25 35 48 16 40 39 0 0 0 43 6 12 10 15 0 34 59 2 311 43 130 23
121 AGG 2 2 42 0 0 75 35 177 384 175 1.99711e+06 29 34 4 1 104 4 4 33 33 52 61 1 54 107 114 8 30 100 70 9 52 13 36 9 0 3 32 29 39 139 32 12 10 18 42 18 25 0 33 0 70 80 35 30 117 0 0 10 6 161 9 55 27
122 CGT 14 44 15 7 55 28 127 1 205 14 86 300 15 7 30 6 2 16 40 46 0 3 10 25 200 260 17 1.99033e+06 132 894 585 1120 33 5 22 58 32 176 47 29 43 109 12 42 46 44 49 46 0 12 0 14 100 190 18 182 0 4 157 18 2234 4 1630 6
123 TTA 2 2 9 8 29 15 16 33 164 3 14 23 0 10 52 51 4 13 21 38 10 31 5 12 43 60 20 206 6 90 99 53 23 69 25 23 0 35 0 11 26 72 3 17 151 86 49 15 0 16 0 24 1 15 9 64 0 26 46 11 1.99782e+06 16 206 4
124 CAC 44 28 4 50 37 33 104 47 56 15 95 12 9 22 7 6 102 1.99786e+06 17 159 33 39 102 115 73 56 5 0 42 2 16 28 0 97 35 99 8 5 66 8 6 15 49 14 3 9 15 12 0 15 0 20 36 16 65 39 0 2 1 31 8 27 41 37
125 ACA 2 53 4 213 1.99711e+06 16 133 12 57 217 8 133 8 46 9 5 0 0 11 20 0 41 127 49 7 92 126 110 0 33 2 6 4 3 3 100 60 204 3 160 37 58 23 10 14 10 7 2 0 15 0 32 159 78 75 138 0 21 45 12 33 3 14 26
126 CTA 1 19 1 12 4 21 26 4 26 5 5 0 6 9 40 0 39 7 0 9 263 55 0 26 56 30 35 3 1.99843e+06 15 57 114 0 5 24 29 2 4 11 14 9 11 9 8 38 95 70 78 0 37 0 6 11 19 1 15 0 39 0 15 4 28 92 5
127 GAT 5 41 37 0 61 3 3 5 6 72 0 120 6 35 4 6 44 0 78 5 8 51 14 16 26 31 11 12 8 2 9 25 22 271 29 1.99743e+06 1 9 5 21 19 30 9 25 13 17 28 34 0 31 0 98 415 114 307 232 0 34 5 4 25 0 5 24
128 CCA 3 13 12 8 8 16 74 25 27 66 26 0 19 12 10 42 10 0 51 5 1.99864e+06 151 54 87 42 6 32 17 36 4 10 50 10 8 12 49 26 19 0 27 25 23 7 11 1 0 5 6 0 0 0 48 9 31 0 27 0 0 17 13 7 0 43 25
129 GCA 18 43 11 0 0 14 34 15 58 21 71 43 29 12 19 11 19 14 7 18 14 79 21 27 39 59 12 85 42 76 49 15 27 10 52 17 1.9976e+06 162 105 213 50 9 10 27 31 4 6 8 0 106 0 5 37 0 374 102 0 1 10 4 0 25 6 29
130 ACG 92 8 59 91 229 85 1.99832e+06 11 4 111 27 6 2 20 108 9 13 0 1 0 3 45 30 11 47 0 10 1 24 33 105 101 36 5 10 3 11 3 1 10 22 14 19 8 30 7 6 3 0 16 0 6 2 12 42 1 0 2 8 1 79 3 30 0
131 TGC 3 5 1 16 29 40 58 15 55 17 36 5 8 0 21 9 17 21 19 6 15 10 0 2 7 3 17 7 15 31 14 16 20 21 29 20 26 8 5 37 31 11 48 2 27 6 0 6 0 2 0 89 45 19 20 17 0 1.99887e+06 5 43 1 42 6 25
132 CCA 10 22 19 52 30 108 43 92 82 0 46 23 3 5 2 3 67 9 2 7 1.99815e+06 109 203 82 14 0 10 74 22 45 51 26 0 3 3 21 124 35 28 17 12 3 0 32 7 4 9 0 0 18 0 1 41 43 24 88 0 6 9 2 28 5 7 15
133 TTC 19 16 3 3 28 10 29 28 7 12 4 14 17 5 4 28 3 1 2 2 1 9 6 4 6 0 6 11 9 30 0 32 4 10 0 15 26 0 13 14 0 0 10 2 17 6 11 6 0 3 0 13 7 3 1 10 0 11 42 18 64 1.99932e+06 10 15
134 GAT 15 3 2 55 26 13 8 3 3 0 8 14 6 11 5 14 67 27 220 18 18 13 22 10 30 7 13 9 33 7 0 26 13 220 9 1.99872e+06 35 9 17 0 26 25 2 0 18 4 6 22 0 35 0 3 12 10 10 5 0 0 51 3 3 21 0 18
135 CAC 8 50 13 39 9 83 39 19 9 10 10 18 31 2 8 12 82 1.99896e+06 0 82 1 86 19 50 20 2 25 4 0 6 11 23 4 25 1 17 19 8 30 2 7 24 2 1 11 2 10 0 0 0 0 31 0 23 8 0 0 1 0 9 11 7 12 4
136 CAA 22 10 50 21 118 11 8 187 16 0 105 34 27 22 43 17 1.99846e+06 26 186 26 15 2 4 12 6 7 6 18 0 8 17 10 21 21 43 1 19 14 1 7 6 8 1 12 1 10 23 21 0 24 0 14 99 9 62 11 0 10 4 13 2 13 12 20
137 GCG 80 8 57 2 80 2 36 125 363 27 1143 55 1602 69 310 2847 191 9 135 13 3 16 29 20 537 693 17 652 179 395 62 348 72 5 13 18 209 18 1.98357e+06 266 4 7 19 60 34 795 160 119 0 372 0 2534 48 0 18 66 0 91 90 65 308 658 260 15
138 AAA 1.9988e+06 12 85 17 4 22 18 6 79 6 91 58 2 1 10 0 3 15 76 2 17 16 0 0 5 71 53 53 11 6 5 3 18 3 24 1 33 65 19 40 1 3 5 5 5 3 17 6 0 67 0 23 10 5 21 22 0 18 25 2 2 2 0 6
139 CAC 3 94 96 90 14 18 23 21 35 27 137 10 15 0 10 23 172 1.99756e+06 62 96 33 13 44 91 34 10 15 65 26 53 18 47 0 58 29 129 78 95 10 73 2 8 12 23 69 36 5 18 0 28 0 0 0 70 45 8 0 24 14 7 30 104 19 52
140 CGA 1 30 22 16 2 1 0 91 97 16 9 48 26 4 14 0 1 36 2 0 17 10 19 17 1.99867e+06 7 22 23 41 30 24 53 5 1 8 2 9 4 1 14 10 79 0 106 0 1 12 13 0 13 0 2 14 32 34 139 0 0 17 4 69 6 45 9
141 ATA 5 15 4 42 61 2 18 73 27 30 12 2 1.99731e+06 298 29 196 47 3 4 73 5 0 4 7 25 66 2 13 40 59 9 40 2 39 0 27 6 10 0 40 8 18 42 11 363 159 215 189 0 9 0 12 0 7 53 29 0 26 4 95 42 12 25 34
142 GAA 117 9 27 0 29 0 26 4 7 5 26 6 32 33 54 16 11 8 11 8 33 19 5 53 0 2 8 3 7 12 1 20 1.9991e+06 4 4 24 1 2 3 6 16 35 29 23 10 28 18 24 0 15 0 7 4 3 3 1 0 1 10 26 0 5 0 6
143 CGA 4 0 0 19 753 64 43 1052 37 101 11 44 70 12 77 65 22 214 10 51 77 63 30 22 1.99506e+06 115 128 124 251 11 149 32 4 6 23 6 55 36 6 10 40 41 38 86 67 33 175 144 0 0 0 0 105 38 35 113 0 1 43 51 91 29 15 2
144 GCA 39 5 6 58 13 15 16 0 0 0 25 30 57 28 8 32 0 5 45 0 6 32 9 20 2 5 1 4 5 7 0 8 41 4 24 10 1.99865e+06 59 253 88 6 13 20 7 3 26 43 13 0 9 0 15 47 18 21 51 0 15 11 20 0 44 0 6
145 AGA 40 20 0 37 3 6 5 12 1.99743e+06 8 54 21 0 12 17 2 7 49 9 223 21 6 9 21 148 128 176 306 180 94 138 48 2 6 7 4 8 34 60 13 43 18 26 51 3 23 16 6 0 9 0 8 90 2 48 14 0 29 9 30 105 83 3 18
146 ACT 155 22 789 143 170 47 11 1.98662e+06 382 70 161 121 283 40 22 65 353 344 352 231 30 7 77 7 129 309 404 7 668 155 614 89 805 59 479 75 175 194 33 164 22 66 34 9 1105 397 284 1825 0 3 0 36 59 3 50 92 0 241 1 54 652 30 172 3
147 CGC 11 3 28 6 16 3 13 7 158 25 127 126 0 12 13 9 8 9 42 25 11 7 1 28 33 1.99801e+06 27 43 53 0 57 197 5 0 6 7 9 5 15 18 42 53 102 61 2 36 0 38 0 24 0 55 3 19 172 16 0 52 3 26 29 9 60 23
148 ATG 23 27 12 4 0 40 3 16 1 4 1 7 100 10 1.99909e+06 73 16 21 20 20 0 1 8 2 7 11 5 6 0 20 7 11 11 8 7 22 8 17 8 3 12 7 13 3 162 9 5 5 0 6 0 18 0 16 6 4 0 10 0 5 20 1 18 33
149 GAG 609 581 430 544 12 0 17 19 4 34 159 10 395 76 38 776 321 238 132 35 1 7 15 0 20 102 96 57 236 266 307 899 76 53 1.99038e+06 155 3 71 21 23 430 69 18 457 54 118 189 79 0 57 0 103 5 326 29 36 0 361 6 45 36 46 131 187
150 GCT 52 13 18 6 23 21 31 43 36 84 14 27 7 23 25 0 145 492 144 192 11 69 25 7 24 11 154 18 3 6 13 11 85 8 54 9 54 219 371 1.99677e+06 16 7 34 30 0 101 32 36 0 23 0 9 55 48 123 28 0 35 6 33 3 30 0 31
151 GGA 10 283 8 27 12 28 0 6 15 7 138 20 2 12 21 12 14 36 6 20 21 24 7 16 79 144 33 23 28 9 31 3 321 10 173 50 27 7 40 28 1.99731e+06 121 213 82 118 27 22 46 0 18 0 16 26 5 65 29 0 71 17 41 7 9 3 2
152 CTA 23 2 78 46 4 11 5 0 24 8 30 23 6 9 136 1 26 2 14 6 51 17 8 4 16 11 21 41 1.99771e+06 154 481 302 14 44 33 9 11 38 15 21 7 61 10 0 11 26 35 25 0 3 0 105 6 14 4 64 0 20 9 3 43 0 47 49
153 GTA 1 23 0 43 117 32 19 19 39 11 14 9 269 249 469 256 1 4 42 18 324 1498 225 906 51 18 4 44 213 359 1006 1131 11 3 17 1 62 9 13 11 36 43 12 36 1.9881e+06 254 164 8 0 47 0 15 9 11 24 14 0 175 27 6 803 1143 538 991
154 GAT 7 29 12 18 8 14 9 27 15 17 183 8 1 34 2 19 4 14 25 18 28 8 5 45 7 94 78 5 8 54 7 27 33 48 7 1.99849e+06 11 12 6 5 82 55 33 44 10 81 63 15 0 13 0 15 16 0 36 12 0 4 9 5 12 13 11 27
155 CAA 61 13 20 38 1274 134 1528 1925 262 20 31 73 786 1011 2013 1364 1.9356e+06 81 11 36 52 135 48 63 12 42 4 69 36 958 89 22 1304 0 2406 38 92 29 10 78 102 62 427 54 1363 8366 1494 471 0 1738 0 2041 72 88 7 44 0 885 29805 672 34 270 121 121
156 GAT 1 47 45 1 2 30 29 26 25 2 14 49 3 2 8 4 61 24 22 24 31 6 6 0 3 2 53 35 2 44 1 31 3 2 23 1.99848e+06 68 17 93 124 16 0 1 13 14 10 0 4 0 253 0 47 7 10 24 29 0 37 11 20 22 3 36 2
157 GAT 11 26 8 14 0 5 13 22 0 0 8 29 7 3 6 3 6 7 0 4 0 0 5 4 0 12 10 9 14 16 6 2 17 32 0 1.9991e+06 34 26 45 3 64 2 18 46 32 6 46 7 0 15 0 84 32 31 12 0 0 25 17 36 2 0 18 3
158 CTT 11 92 19 12 80 36 4 41 67 6 46 1 6 17 155 10 55 30 74 58 4 0 78 9 65 29 189 5 118 8 200 1.97384e+06 23 0 22 0 14 5 26 12 32 31 29 7 19 44 9 36 0 808 0 3070 19 1 17 12 0 33 1105 13 2 2346 70 16830
159 GAC 21 34 15 38 89 4 36 79 46 39 13 2 28 2 13 2 28 6 41 19 11 4 1 0 123 4 47 65 3 32 3 6 56 1.99834e+06 136 8 8 4 8 15 0 8 46 56 5 69 14 10 0 293 0 9 0 9 4 9 0 9 1 0 12 9 0 5
160 GAG 39 61 43 80 23 4 32 2 24 45 98 45 5 11 3 9 807 31 51 21 26 9 18 40 148 43 73 24 9 20 84 52 141 913 1.9952e+06 902 64 99 25 26 8 81 3 65 10 4 12 13 0 17 0 76 56 16 18 4 0 49 2 44 9 46 61 56
161 GAG 44 12 25 15 7 5 9 17 12 20 135 6 35 0 10 41 132 4 16 33 30 16 52 2 3 16 0 12 4 8 3 21 58 4 1.99871e+06 22 21 71 5 35 10 24 5 47 1 8 0 19 0 8 0 10 18 21 29 5 0 33 11 27 8 6 19 20
162 CAT 44 719 0 2647 113 2 30 55 19 56 28 2 29 10 16 8 1 104 31 1.99438e+06 16 2 11 5 13 34 68 3 12 13 12 0 2 95 3 1 18 5 38 28 498 20 158 396 3 12 19 11 0 1 0 25 9 7 42 1 0 1 10 32 43 20 16 1
163 CAA 123 26 65 1 1198 527 493 80 54 30 264 24 716 2911 2700 1473 1.96714e+06 51 24 108 52 62 78 14 174 51 83 64 278 4020 391 2142 44 47 78 21 383 775 191 458 6 41 43 73 1666 2378 889 427 0 1521 0 1918 135 22 149 89 0 910 136 337 648 589 280 326
164 GGG 9 10 3 7 7 44 1 21 60 9 8 15 0 0 11 10 19 10 6 9 17 13 22 14 62 3 11 2 2 2 5 4 6 1 23 37 27 6 1 5 164 113 1.99837e+06 212 148 23 33 105 0 25 0 24 66 22 0 20 0 44 2 91 4 12 0 2
165 CTG 2 73 5 130 72 95 15 49 19 14 5 9 104 74 153 122 9 15 71 22 402 62 42 20 50 59 12 7 12 47 1.99436e+06 215 8 14 20 25 43 40 8 6 1 2 0 17 416 755 261 282 0 101 0 126 11 15 0 0 0 99 19 96 482 119 196 496
166 GCG 86 21 155 23 41 75 66 1 46 12 66 32 7 67 0 90 33 30 5 22 10 34 4 2 0 10 3 1 160 196 73 17 57 61 156 23 24 23 1.99703e+06 158 11 0 16 54 8 117 18 48 0 5 0 21 56 134 9 13 0 29 10 58 298 29 144 0
167 CCC 16 26 99 20 189 65 17 70 13 9 37 10 604 147 135 740 111 2 80 0 279 1.98861e+06 65 68 58 33 25 0 412 365 1801 369 21 27 53 15 19 27 38 24 49 24 155 37 300 455 766 396 0 18 0 142 25 27 17 46 0 24 5 153 1981 3 659 16
168 GCG 244 16 5 7 36 368 166 85 7 120 48 308 53 255 33 66 40 24 2 114 24 38 10 0 34 117 176 2 128 57 109 24 2 9 161 7 87 108 1.9948e+06 299 33 42 25 3 27 14 78 39 0 18 0 9 177 414 77 429 0 3 214 3 49 45 10 99
169 GAA 17 44 5 7 1 12 18 42 2 32 23 43 14 2 5 7 34 2 88 12 24 37 14 13 20 7 9 4 18 26 6 6 1.99861e+06 2 155 73 14 5 9 0 6 45 63 109 84 56 5 51 0 1 0 2 11 8 16 1 0 26 0 6 37 5 6 3
170 CTC 11 8 1 0 4 17 2 2 21 0 9 0 8 10 83 20 15 1 20 25 16 212 20 98 8 24 13 17 86 1.99807e+06 335 99 21 19 4 32 12 20 0 4 6 9 10 14 15 29 5 9 0 0 0 0 21 0 5 5 0 340 0 35 8 4 95 24
171 TTT 13 9 1 4 0 44 9 14 10 37 330 18 0 1 22 15 9 5 37 11 25 12 32 45 41 189 6 12 359 35 124 93 25 28 7 42 29 0 0 15 11 23 98 58 15 28 138 14 0 2 0 0 47 35 33 36 0 2 23 12 60 3 75 1.99758e+06
172 GCT 3 1 89 33 15 18 34 7 308 9 110 3 9 6 22 12 105 17 29 26 6 39 1 5 238 5 63 208 0 36 9 6 129 32 120 48 14 43 91 1.99728e+06 5 16 0 2 149 40 111 289 0 0 0 8 0 27 0 17 0 4 31 2 15 17 27 14
173 AGG 22 17 7 0 5 17 4 18 287 25 1.99233e+06 126 2 2 2033 3 442 28 288 23 20 0 42 6 23 155 326 174 96 396 108 541 145 9 6 0 7 30 86 54 58 7 15 19 59 23 41 230 0 3 0 35 160 11 32 198 0 35 54 6 686 2 420 1
174 TTG 0 2 15 16 0 25 6 4 0 3 1 20 2 10 83 4 10 7 10 14 12 8 13 12 18 51 12 10 58 94 22 156 10 0 3 34 7 14 2 10 10 24 14 29 6 13 2 12 0 12 0 6 6 46 8 0 0 13 35 151 45 6 1.99878e+06 9
175 AAA 1.99354e+06 16 243 0 41 10 9 8 11 8 34 21 6 82 19 11 256 5 39 12 4 39 30 1 42 0 26 7 900 387 582 1074 33 25 18 6 3 5 1 8 66 63 9 78 190 605 9 207 0 69 0 5 14 1 41 25 0 1 2 32 935 18 56 14
176 GCT 8 67 13 5 36 13 0 6 42 0 6 26 7 44 1 10 80 17 6 27 24 0 21 13 109 94 93 82 41 13 13 35 9 82 11 16 187 173 70 1.99791e+06 14 27 30 24 3 33 14 11 0 19 0 5 38 87 34 105 0 17 3 0 23 17 83 0
177 CGG 41 966 1 2065 4389 19973 1704 8800 62 1959 206 11028 2812 2541 2360 1362 578 63 436 1551 72 51 15 56 157 134 1.8516e+06 355 4251 1588 3474 4133 666 654 4665 415 632 2496 3714 2491 1577 1165 7332 3175 826 57 1214 549 0 85 0 1158 3095 2918 9168 1132 0 2135 2665 5093 4015 5767 1553 805
178 ATG 464 19 119 8 247 703 78 190 641 13 24 37 165 55 1.98258e+06 96 29 442 270 350 122 329 267 626 165 201 586 1459 566 397 136 143 79 10 85 7 20 10 72 6 56 2 23 41 116 48 300 208 0 1843 0 1183 16 26 15 25 0 217 1095 454 376 1838 19 288
179 CCC 1 15 38 1 17 122 43 18 236 111 229 14 116 148 5 255 95 0 117 10 79 1.99652e+06 283 301 180 76 31 102 17 154 31 11 10 5 11 7 3 19 65 2 6 14 14 0 15 31 5 22 0 17 0 5 32 136 32 12 0 24 17 7 34 18 48 8
180 GAC 0 23 32 76 131 5 65 66 176 10 116 33 325 39 6 47 13 31 27 39 97 9 2 15 110 12 33 17 9 36 49 55 140 1.99637e+06 3 246 89 85 56 72 87 54 0 30 24 9 18 32 0 8 0 58 12 8 73 5 0 3 137 4 2 327 55 292
181 GGT 27 4 0 0 48 62 16 7 123 59 48 318 5 16 0 16 37 1 0 11 23 4 5 8 97 51 87 104 14 41 5 4 52 3 5 8 28 98 64 21 5 66 30 1.99667e+06 71 357 9 277 0 15 0 217 35 73 14 119 0 384 4 87 3 18 26 2
182 GAA 12 15 5 89 28 19 79 90 20 32 1 3 56 11 8 5 12 8 72 19 0 16 3 23 4 27 0 17 14 3 0 4 1.99849e+06 22 158 11 29 7 31 42 18 50 72 88 8 12 63 6 0 5 0 2 2 24 63 31 0 14 7 7 24 11 5 1
183 GAT 3 13 9 4 12 6 11 22 37 2 84 4 36 3 3 42 9 3 9 23 0 2 3 8 0 5 133 28 28 0 3 0 0 15 7 1.99905e+06 9 0 0 33 35 17 43 40 33 20 26 2 0 14 0 25 26 3 10 0 0 17 1 11 16 4 1 0
184 TTG 10 91 17 15 22 0 3 7 10 6 82 31 1 3 33 1 40 0 294 3 24 41 2 147 16 56 18 21 1 131 43 165 24 8 13 11 4 0 11 8 31 15 9 0 7 1 25 10 0 32 0 14 26 1 10 20 0 10 5 4 51 15 1.9983e+06 0
185 GTG 0 3 0 0 11 25 7 10 61 11 17 89 5 19 8 27 1 17 4 18 2 7 0 21 17 60 23 13 15 33 18 26 4 17 2 5 47 50 124 3 5 10 10 2 92 172 1.9987e+06 16 0 1 0 12 1 18 4 19 0 2 7 27 68 0 8 3
186 GTA 11 17 22 22 15 5 7 1 13 5 10 1 16 6 18 54 10 2 32 0 6 11 60 32 13 13 0 6 26 58 57 21 7 6 7 10 24 92 46 114 28 8 8 43 1.99862e+06 49 52 186 0 0 0 9 3 1 5 25 0 9 0 9 30 0 35 0
187 ACT 7 28 25 3 9 146 29 1.99908e+06 5 37 21 20 3 18 0 2 1 10 7 46 0 7 16 3 6 15 4 6 3 0 5 0 8 16 2 1 9 25 9 11 3 0 17 11 3 22 38 13 0 13 0 17 24 42 7 81 0 5 6 10 19 5 11 15
188 CAT 0 11 8 35 8 3 5 2 41 5 4 15 20 31 14 1 132 42 66 1.99838e+06 25 44 32 89 10 24 63 70 13 69 112 41 0 41 11 44 3 6 15 0 3 5 3 10 7 5 0 15 0 24 0 219 9 10 21 2 0 79 2 18 9 4 14 7
189 GGG 4 24 7 3 4 35 11 4 8 79 1 141 39 9 1 11 5 11 12 4 5 21 13 0 0 15 58 0 19 50 7 10 2 8 1 11 6 11 3 29 60 30 1.9986e+06 140 106 17 55 53 0 4 0 10 124 37 3 7 0 9 10 1 14 11 7 18
190 GAT 5 4 10 11 12 16 12 1 22 6 27 0 2 15 3 0 7 33 16 19 1 6 12 7 11 23 10 6 12 6 4 32 17 181 91 1.99906e+06 7 23 0 6 6 8 19 68 3 7 23 9 0 25 0 3 2 33 0 4 0 20 12 5 4 5 2 1
191 GCC 7 4 7 36 43 5 9 13 10 49 7 22 5 21 34 22 8 1502 3 167 8 33 19 22 15 43 21 14 375 171 0 158 22 7 30 28 37 1.98816e+06 239 143 17 12 19 27 17 5 53 81 0 136 0 98 27 43 72 9 0 0 10 13 169 6349 60 1264
192 TGC 15 4 35 24 3844 836 15562 7064 37 6 44 52 65 305 2 60 101 0 0 5 5 1 0 24 26 25 6 57 18 20 4 0 20 70 8 8 30 32 31 37 28 14 126 14 0 18 27 26 0 54 0 29 1 0 18 3 0 1.97096e+06 4 77 4 3 35 79
193 CTC 1 6 7 4 3 3 18 6 7 17 43 4 8 1 231 4 74 17 2 7 11 10 64 123 9 164 83 3 16 1.99787e+06 274 73 4 13 1 7 11 5 47 1 1 10 10 10 22 23 78 33 0 11 0 0 7 4 16 1 0 5 28 4 336 8 140 4
194 CCG 1 9 6 9 55 58 170 0 44 40 46 15 19 8 10 32 113 3 31 3 16 61 1.99822e+06 263 89 65 15 34 0 98 38 6 2 2 2 40 41 16 13 2 10 5 0 13 21 8 2 3 0 5 0 2 5 29 22 14 0 14 4 6 69 5 56 7
195 AAC 83 1.99873e+06 82 146 38 75 25 11 14 67 12 64 11 0 0 8 3 4 8 9 13 1 4 12 30 16 12 23 3 20 0 2 2 27 4 29 18 2 12 6 1 1 6 4 3 7 45 0 0 2 0 171 45 12 11 10 0 6 1 6 26 14 3 1
196 ATA 4 19 4 14 11 10 9 9 19 182 40 102 1.99732e+06 148 33 644 65 11 29 2 13 18 3 8 87 166 89 25 4 26 5 9 2 11 5 34 0 9 0 0 6 2 24 19 20 30 39 37 0 14 0 12 199 20 138 113 0 19 9 6 83 0 3 16
197 ATG 23 1 83 0 40 22 24 27 51 1 0 0 2 37 1.99854e+06 42 235 30 223 13 2 12 7 0 13 1 16 3 34 9 3 22 1 82 20 99 14 4 20 0 2 5 3 8 15 42 48 0 0 5 0 1 0 7 0 0 0 13 20 26 28 9 5 3
198 GTG 17 0 2 4 5 4 11 17 20 9 20 2 5 17 24 4 18 13 19 24 0 15 5 4 30 49 25 14 9 36 15 3 45 9 0 6 95 24 11 10 10 14 47 21 294 89 1.99851e+06 175 0 12 0 2 23 6 0 28 0 1 0 22 13 19 61 11
199 GAA 35 5 40 51 4 17 5 0 38 114 18 33 13 4 10 14 24 66 19 37 7 18 35 7 29 6 42 72 13 2 22 2 1.99757e+06 53 34 24 63 7 4 260 4 186 27 32 35 4 6 54 0 50 0 0 56 261 2 72 0 72 21 224 5 19 18 36
200 AAC 27 1.99852e+06 8 197 18 200 33 0 16 37 15 28 19 1 2 6 0 35 0 45 3 1 6 21 7 5 5 25 15 2 173 2 29 37 1 15 0 26 13 8 6 9 4 4 50 43 29 42 0 5 0 27 25 15 24 17 0 8 2 6 23 15 15 28
201 GGC 0 4 17 14 5 10 39 79 36 44 85 34 1 4 5 25 20 3 2 2 0 6 5 12 46 58 12 86 7 9 15 38 2 16 14 68 42 5 10 21 493 1.99773e+06 77 344 26 22 9 0 0 1 0 13 33 0 155 8 0 111 26 8 3 25 15 0
202 CGT 74 25 119 3 37 7 3 6 158 7 403 15 0 41 3 14 11 13 3 1 23 4 5 15 46 80 205 1.99703e+06 16 12 260 54 1 4 28 4 0 4 5 1 18 52 1 13 1 0 13 5 0 17 0 3 33 112 230 39 0 107 4 85 116 5 401 1
203 TTT 0 3 3 3 19 9 2 7 4 10 2 3 0 5 1 8 6 2 7 0 7 2 0 19 19 17 36 5 17 4 3 90 5 7 32 1 13 13 23 15 12 5 15 1 7 22 30 14 0 4 0 2 4 0 20 0 0 24 11 99 68 257 31 1.99895e+06
204 AGC 13 50 20 54 52 48 44 56 80 1.99786e+06 4 130 6 69 7 187 34 6 6 17 28 57 5 10 74 51 111 22 3 0 1 21 9 13 23 27 2 10 0 12 47 8 87 19 10 0 17 5 0 6 0 4 113 114 126 132 0 52 8 6 3 5 15 5
205 GGA 2 5 9 18 5 8 15 8 2 18 30 6 31 2 0 8 10 12 59 0 2 5 2 10 6 3 2 12 1 8 18 11 16 0 13 2 5 8 2 5 1.99881e+06 344 100 36 10 113 44 6 0 0 0 16 13 13 36 0 0 43 4 11 0 9 6 6
206 TTC 6 7 0 1 1 2 6 3 9 68 22 24 2 10 19 5 21 1 0 14 0 4 6 4 1 55 22 8 29 54 5 2 2 2 14 0 3 14 0 1 28 13 15 0 89 2 52 9 0 2 0 24 58 17 63 47 0 3 1 80 17 1.99886e+06 59 114
207 ATT 12 16 11 15 36 44 63 21 2 20 0 2 118 60 6 1.99889e+06 8 20 49 49 7 1 20 2 7 12 11 27 10 14 26 0 2 6 6 12 16 1 27 22 2 15 17 1 24 1 56 29 0 11 0 3 9 29 0 9 0 30 2 22 16 13 6 31
208 GAT 10 59 11 8 2 40 83 57 2 1 1 18 11 32 2 6 9 20 0 15 10 40 4 7 2 17 24 1 5 12 0 23 89 80 22 1.99849e+06 109 99 74 59 36 11 66 62 5 3 29 23 0 0 0 54 4 29 2 7 0 0 31 9 11 6 41 15
209 TGC 0 20 6 2 11 134 317 219 32 92 98 79 3 28 34 19 2 10 2 2 10 11 64 7 31 46 7 110 14 75 34 26 8 12 26 6 5 32 45 248 19 9 0 80 20 9 5 0 0 0 0 61 12 13 48 9 0 1.99755e+06 0 69 15 26 46 81
210 GGA 33 0 1 0 5 18 10 13 40 4 11 68 3 41 4 5 19 11 11 9 12 2 1 4 7 18 19 28 4 9 7 11 23 43 2 9 4 13 10 36 1.99833e+06 189 80 258 61 128 106 85 0 24 0 3 28 12 5 37 0 8 5 7 13 0 2 47
211 CGG 16 8 0 2 0 6 24 2 43 49 61 3 10 2 11 14 12 6 7 15 26 46 0 8 34 184 1.99824e+06 114 148 43 147 39 4 9 0 6 5 11 1 11 10 5 18 33 19 4 4 14 0 3 0 12 88 53 36 99 0 49 5 77 4 7 63 26
212 TTG 4 0 0 19 17 83 1 17 65 2 25 4 5 0 10 51 2 3 27 8 40 26 6 15 42 7 8 41 224 62 93 50 6 10 4 12 26 13 13 2 6 4 10 36 3 15 12 57 0 13 0 0 23 20 6 22 0 9 15 0 86 4 1.99862e+06 1
213 GGT 9 2 0 15 0 7 0 20 5 1 190 9 2 0 0 9 2 0 17 0 45 11 19 4 73 30 5 79 0 15 24 54 3 34 0 27 6 44 68 23 127 38 8 1.99848e+06 55 28 3 50 0 12 0 20 22 18 7 14 0 25 5 213 0 13 1 4
214 GTC 12 1 9 3 2 19 12 6 7 9 2 13 9 69 71 5 7 3 5 11 0 19 2 9 0 35 4 4 40 6 79 66 6 3 20 0 10 3 37 84 66 30 186 26 60 1.9987e+06 35 54 0 8 0 0 10 21 5 15 0 10 1 8 36 26 0 2
215 GCT 5 31 0 37 1 1 115 62 33 26 5 19 22 7 0 6 9 8 16 11 34 15 46 28 15 2 9 9 1 10 12 30 37 4 23 2 160 53 0 1.99855e+06 33 48 48 31 7 37 3 5 0 0 0 6 195 33 28 15 0 23 15 0 0 4 6 6
216 GAT 13 11 17 49 14 16 4 51 3 20 19 23 0 12 2 6 2 3 19 6 16 15 30 15 2 4 2 3 27 4 38 9 8 89 21 1.99869e+06 5 21 8 61 58 50 35 17 35 10 62 46 0 107 0 66 20 6 61 0 0 0 0 12 0 0 54 2
217 CGA 2 0 14 2 38 25 5 10 6 73 99 135 9 0 12 19 17 3 9 46 3 24 17 0 1.99843e+06 89 109 26 9 31 19 37 33 22 20 19 30 3 2 21 40 33 27 15 14 11 44 1 0 1 0 0 76 16 1 90 0 10 3 14 58 28 23 26
218 TAT 7 10 10 1 5 9 68 0 4 39 13 113 5 24 14 22 71 0 6 15 71 12 26 0 5 2 23 3 6 14 7 14 14 76 11 20 4 61 3 5 2 1 35 21 9 10 5 19 0 149 0 1.99867e+06 43 8 46 51 0 14 2 26 5 1 60 14
219 CAA 92 3 7 3 138 32 2 9 25 24 11 1 32 50 28 21 1.99804e+06 254 585 10 15 130 0 1 72 54 105 7 11 4 1 6 20 3 8 7 9 19 0 0 21 8 1 5 11 1 4 23 0 1 0 12 5 0 4 1 0 13 9 0 0 16 26 0
220 GAT 15 0 21 4 7 0 17 14 0 4 4 52 12 17 7 23 5 32 13 5 8 21 8 7 8 25 34 15 0 5 7 14 7 120 2 1.99876e+06 24 76 1 102 61 37 55 82 0 23 0 28 0 11 0 19 1 18 4 0 0 87 1 9 9 35 21 8
221 ATA 4 20 8 69 0 116 65 159 18 30 1 110 1.98618e+06 184 12 78 40 27 21 8 7 21 16 2 28 5 14 5 3024 4296 551 2609 24 10 41 11 15 13 16 9 31 4 8 78 0 64 53 3 0 3 0 7 43 84 371 33 0 24 2 35 867 11 363 44
222 GCA 0 8 1 7 35 10 10 20 3 10 21 23 4 59 0 11 16 16 3 2 6 5 0 5 2 2 38 42 0 4 4 2 3 52 0 33 1.99871e+06 74 180 63 69 17 13 4 58 7 11 135 0 59 0 3 3 23 4 3 0 34 11 53 1 0 4 0
223 TTG 4 11 0 1 11 2 5 8 46 3 30 3 10 17 10 36 22 21 15 3 16 20 2 8 6 61 7 11 331 30 71 305 1 3 7 4 12 24 1 0 1 11 15 0 8 26 6 23 0 7 0 4 9 4 1 5 0 4 2 4 218 0 1.99847e+06 7
224 GCA 12 8 15 39 6 7 16 13 1 98 0 144 13 8 11 21 0 18 3 2 18 24 48 28 12 3 22 8 11 14 32 21 254 27 46 19 1.99815e+06 43 68 59 70 6 36 31 13 55 71 4 0 10 0 2 12 64 94 62 0 18 9 31 21 12 20 13
225 ACT 10 82 1 0 20 24 12 1.99866e+06 2 7 5 4 135 7 13 17 5 15 17 8 16 1 0 16 0 0 8 17 16 8 0 1 12 1 5 62 39 20 4 21 4 31 31 16 145 10 152 40 0 9 0 19 39 46 13 10 0 35 17 37 2 19 7 29
226 CGC 13 7 2 16 35 31 15 24 347 43 144 27 9 9 3 1 8 8 49 54 31 4 50 19 252 1.9975e+06 36 70 73 10 59 89 2 9 35 13 4 3 7 3 66 11 91 16 22 15 11 8 0 20 0 16 125 123 109 100 0 38 1 1 65 0 47 1
227 GAT 1 2 2 7 14 21 4 16 59 38 16 496 20 0 1 5 69 81 33 108 9 36 2 0 63 79 14 9 17 0 10 21 50 144 51 1.99744e+06 31 0 32 5 2 2 7 7 76 65 52 83 0 41 0 0 3 155 0 191 0 178 7 66 2 8 37 14
228 ATC 31 32 6 20 84 48 3 53 12 234 62 61 31 1.99818e+06 19 151 47 10 1 3 7 43 0 0 48 10 3 44 7 13 74 2 49 26 22 3 2 12 16 51 20 6 3 1 45 12 62 31 0 20 0 12 33 75 7 12 0 2 12 5 82 4 27 10
229 GCC 12 2 0 3 12 28 17 35 16 20 66 66 16 12 6 6 5 3 51 10 80 14 38 11 14 5 16 20 1 9 2 14 129 25 113 7 68 1.99836e+06 118 130 9 47 0 12 51 28 67 5 0 24 0 6 20 4 64 22 0 12 9 16 1 7 15 19
230 GAA 60 4 15 14 253 327 27 517 18 1561 0 51 15 3 24 6 22 524 30 204 37 20 63 16 16 4 3 25 9 32 26 10 1.99147e+06 7 186 40 86 42 27 73 8 158 142 13 1 14 0 6 0 5 0 14 258 106 3070 247 0 4 46 18 1 1 24 0
231 GAG 166 17 248 23 8 0 2 6 450 12 321 0 46 22 28 25 2 855 41 1427 1 16 9 2 402 551 222 117 3 25 3 9 6 10 1.98208e+06 17 92 4 124 81 43 18 37 16 8 194 104 9 0 3434 0 8221 46 28 16 0 0 23 112 9 2 126 37 43
232 CTT 3 0 1 1 11 11 0 6 34 25 31 14 7 18 1 5 9 0 20 1 25 80 30 149 16 8 28 79 8 292 115 1.99841e+06 12 20 1 19 15 1 7 0 4 4 16 16 56 42 25 14 0 24 0 4 8 5 40 46 0 20 7 4 20 40 79 10
233 GGT 5 0 7 10 3 0 15 40 58 10 3 15 24 38 11 42 0 0 8 2 5 3 13 9 13 37 2 3 22 26 24 1 8 18 0 6 8 12 6 7 64 157 51 1.99848e+06 76 20 143 42 0 89 0 1 22 53 67 0 0 46 5 139 16 7 0 7
234 GGT 1409 506 684 210 11 977 81 200 32 79 119 48 202 68 377 129 269 123 533 175 1145 2459 917 414 40 8 211 273 16 13 40 73 27 150 1233 179 1604 966 2609 1201 121 507 0 1.97652e+06 239 264 115 565 0 147 0 67 23 129 248 559 0 49 168 98 18 40 301 11
235 GAA 54 11 29 26 20 6 34 32 5 28 9 12 9 1 26 2 38 4 5 15 24 3 10 2 9 6 5 2 6 0 61 49 1.99888e+06 6 138 21 23 3 80 55 40 10 8 24 25 3 6 1 0 22 0 9 6 11 2 23 0 8 4 4 14 9 11 10
236 TGG 6 0 0 15 13 3 6 0 54 16 78 20 4 11 5 6 49 15 16 24 11 21 11 5 11 35 97 1 151 16 76 144 3 1 19 18 18 2 3 9 147 78 12 9 8 68 53 18 0 5 0 7 3 54 29 67 0 62 1.99825e+06 25 93 0 13 10
237 GCA 5 1 0 19 33 3 19 26 0 18 1 132 17 13 5 0 34 7 14 23 0 7 0 2 21 46 3 54 0 23 17 6 8 6 37 1 1.99844e+06 340 71 54 9 8 0 3 22 1 29 24 0 2 0 22 59 126 28 97 0 20 4 16 4 9 9 4
238 GAC 207 483 931 91 46 25 22 43 625 211 291 535 505 1033 103 159 233 817 405 24 3 19 31 87 410 338 904 400 122 285 106 155 1048 1.98648e+06 305 63 108 129 25 82 24 16 9 11 68 136 137 90 0 210 0 1 176 65 160 148 0 24 48 134 127 27 60 436
239 AGA 6 6 6 7 68 6 12 80 1.99792e+06 18 35 12 12 9 0 15 9 23 3 23 84 50 11 5 236 3 364 34 68 5 45 81 10 3 21 2 34 15 8 28 23 62 29 4 5 4 1 10 0 1 0 27 24 64 48 19 0 77 5 46 50 5 120 1
240 TTT 46 11 75 13 21 4 6 43 13 32 24 14 7 15 16 13 9 0 26 14 24 24 39 20 3 10 2 35 3 19 13 0 0 0 15 70 20 0 0 14 26 1 1 15 122 49 21 60 0 2 0 17 23 0 30 26 0 0 5 108 15 368 1 1.9984e+06
241 TTA 5 0 1 34 5 8 9 1 36 32 88 27 7 7 10 17 10 4 30 6 31 118 59 28 154 21 149 93 10 124 137 143 5 13 3 13 9 1 3 6 12 11 1 9 16 8 19 1 0 24 0 8 72 1 6 2 0 11 2 24 1.99814e+06 6 169 6
242 GTT 145 69 851 101 635 83 541 716 367 45 49 36 2 3 358 23 24 692 113 286 23 75 18 73 1347 379 161 501 0 50 12 35 379 66 729 4 204 1 718 127 6 5 26 0 67 353 44 1.98688e+06 0 51 0 227 108 554 394 493 0 4 223 53 49 248 99 70
243 CTG 11 1 2 14 11 26 6 5 0 16 7 13 16 4 37 2 24 6 120 4 38 75 19 2 25 64 122 104 32 147 1.99761e+06 211 224 0 152 37 44 43 13 72 0 24 29 15 49 62 59 15 0 0 0 14 8 3 13 31 0 9 20 37 39 31 177 10
244 TAT 23 8 11 20 1 36 6 4 2 6 0 14 2 9 51 14 10 8 11 29 25 2 7 0 21 0 20 0 27 176 23 8 6 3 27 4 20 14 7 8 23 14 9 1 7 3 12 6 0 46 0 1.99895e+06 17 0 0 9 0 32 41 35 0 75 53 6
245 GGT 8 2 1 2 1 7 12 16 191 4 5 5 9 14 4 15 43 0 14 0 5 5 27 9 0 26 75 77 18 20 41 32 2 5 10 40 2 45 80 93 552 93 216 1.99754e+06 107 108 18 78 0 4 0 0 1 2 25 128 0 58 8 68 13 4 4 4
246 ATC 5 4 28 5 26 13 6 27 185 23 24 200 154 1.99742e+06 0 100 5 4 24 27 5 15 38 9 106 3 47 21 41 10 32 78 26 20 6 18 37 0 17 9 1 26 23 15 102 31 14 23 0 10 0 84 155 86 162 41 0 128 0 76 80 58 7 57
247 GCG 21 58 135 219 76 47 114 56 91 67 121 678 7 0 21 22 52 17 55 29 144 7 0 67 63 67 23 50 57 1 6 125 38 91 22 5 9 30 1.99562e+06 101 30 4 83 20 17 43 19 6 0 12 0 32 413 68 37 258 0 155 2 49 205 19 54 64
248 GCA 97 17 71 5 283 15 71 316 33 41 5 144 26 38 146 37 282 27 162 22 13 45 31 3 11 15 29 27 633 162 61 208 39 78 84 207 1.99504e+06 64 78 84 34 27 19 30 18 68 38 10 0 41 0 3 40 92 5 40 0 14 13 0 498 73 184 8
249 CCA 1 21 1 2 36 0 106 38 191 24 22 18 16 2 10 13 101 38 30 10 1.9976e+06 143 2 83 73 8 258 142 63 38 40 37 4 10 9 10 9 20 143 77 15 13 106 22 40 7 33 5 0 22 0 14 9 11 24 16 0 5 0 55 124 8 4 14
250 GAC 4 23 1 7 31 22 39 20 16 25 19 5 41 7 11 3 116 9 310 19 10 0 12 2 8 8 12 10 1 27 20 7 16 1.99836e+06 14 73 39 81 11 2 7 23 22 12 8 9 59 71 0 53 0 48 29 28 2 10 0 12 0 47 33 11 11 63
251 TCT 46 51 73 17 96 71 295 487 35 150 109 55 40 2 176 187 847 185 128 31 7 10 40 0 178 477 556 281 60 41 699 486 21 115 31 35 20 15 98 71 19 11 56 52 22 3 10 2 0 611 0 83 16 188 54 1.98896e+06 0 34 2610 8 249 243 40 405
252 CAG 31 86 37 30 26 21 0 23 40 3 50 27 9 48 3 8 21 56 1.99739e+06 209 50 29 22 22 9 53 63 26 1 4 11 10 58 500 13 399 12 3 2 2 3 9 0 3 35 14 18 4 0 15 0 16 23 1 106 57 0 35 1 12 23 103 84 27
253 CGT 27 1 3 3 1 0 1 3 36 69 44 57 24 6 66 22 23 6 0 18 13 12 13 33 131 0 7 1.99862e+06 12 50 6 49 0 26 0 8 4 10 21 21 31 28 75 20 0 44 79 0 0 10 0 7 40 16 4 63 0 20 12 5 9 8 83 1
254 ATC 26 21 20 3 15 4 8 24 27 148 30 9 67 1.99848e+06 9 15 50 13 40 2 5 12 2 5 1 12 60 0 3 46 32 38 31 18 45 0 11 8 5 19 1 5 11 3 0 8 30 62 0 2 0 2 16 67 15 86 0 0 10 5 156 28 102 25
255 GCC 2 29 10 9 7 64 0 68 33 90 23 102 17 0 27 16 0 4 8 9 3 0 14 14 10 20 11 36 33 2 6 5 114 57 8 39 20 1.99782e+06 84 322 130 111 10 49 18 0 18 15 0 27 0 152 22 99 10 90 0 27 11 20 10 27 7 6
256 TTT 29 6 0 45 14 29 7 5 15 45 56 16 4 46 64 9 76 38 33 17 35 13 73 10 85 14 88 44 92 22 38 114 7 7 61 6 30 0 45 6 22 3 12 7 13 11 18 0 0 389 0 719 44 66 32 45 0 31 2337 0 21 34 14 1.99484e+06
257 TAT 5 2 9 3 0 0 0 12 4 6 0 1 2 10 24 4 3 89 35 61 30 16 2 28 2 8 0 0 5 10 1 3 1 16 4 12 10 0 8 6 5 0 4 0 11 34 11 26 0 9 0 1.99934e+06 10 6 10 9 0 25 5 19 19 0 11 14
258 AGA 3 7 48 0 6 4 3 5 1.9983e+06 34 64 4 7 0 18 3 12 23 48 50 4 7 5 33 232 62 106 42 80 60 0 14 17 4 11 11 24 7 0 22 65 0 30 35 0 0 1 3 0 2 0 12 126 105 3 18 0 2 16 32 142 0 9 20
259 TTA 0 0 17 28 19 0 0 5 36 31 7 14 3 22 56 1 0 3 15 17 8 12 38 0 3 10 48 12 105 19 91 182 0 3 16 29 0 16 13 3 3 3 10 1 4 22 15 11 0 9 0 12 2 6 12 8 0 49 5 16 1.99874e+06 11 177 0
260 CTA 3 3 11 13 0 15 7 4 6 13 11 28 3 11 64 11 23 4 18 5 7 12 0 2 10 22 2 14 1.99885e+06 417 38 18 0 27 4 7 5 9 0 5 2 23 3 0 3 26 5 21 0 1 0 13 5 0 4 8 0 9 28 4 6 0 124 10
261 GAC 12 0 33 5 0 19 0 38 22 28 21 5 9 25 6 2 44 16 16 41 15 0 0 5 38 2 23 3 14 1 3 2 14 1.99918e+06 2 3 6 0 5 6 23 26 7 13 5 5 64 6 0 88 0 4 9 9 41 10 0 1 7 5 0 6 2 6
262 GAG 95 28 29 21 8 4 4 3 33 11 6 10 23 4 6 8 37 6 14 33 3 14 8 1 5 71 25 6 0 4 6 8 89 18 1.99889e+06 15 0 24 6 26 17 2 62 0 37 14 40 27 0 5 0 24 50 29 4 20 0 21 1 7 7 15 12 0
263 TTC 0 3 12 15 18 10 38 9 10 72 0 11 13 87 0 29 22 0 16 13 4 13 4 3 5 12 4 8 0 6 24 20 3 5 12 1 1 11 15 13 1 13 4 8 19 5 4 4 0 11 0 6 21 28 32 21 0 10 17 11 62 1.99898e+06 10 186
264 TTC 21 17 27 14 8 1 0 2 3 3 0 45 3 11 4 4 56 23 1 34 15 5 2 0 8 17 9 8 55 0 18 17 7 2 12 2 2 9 6 7 9 23 26 17 27 23 70 85 0 36 0 93 55 18 22 11 0 35 0 78 38 1.99874e+06 24 90
