# POSITION WT AAA AAC AAG AAT ACA ACC ACG ACT AGA AGC AGG AGT ATA ATC ATG ATT CAA CAC CAG CAT CCA CCC CCG CCT CGA CGC CGG CGT CTA CTC CTG CTT GAA GAC GAG GAT GCA GCC GCG GCT GGA GGC GGG GGT GTA GTC GTG GTT TAA TAC TAG TAT TCA TCC TCG TCT TGA TGC TGG TGT TTA TTC TTG TTT
1 ATG 3127 436 384 193 2278 209 1923 0 1326 152 339 204 519 7130 9.9458e+06 995 214 1269 181 227 131 834 514 228 329 163 494 668 596 309 373 891 860 1490 1280 571 1855 2584 3948 96 766 1531 904 3 520 627 284 251 0 798 0 2086 378 328 515 613 0 2046 111 932 1110 162 72 843
2 ATT 971 786 1158 2066 725 299 246 866 51 427 87 40 128 584 309 9.95315e+06 688 3422 3121 77 65 328 30 155 128 543 53 384 115 360 114 149 41 349 178 142 254 4229 575 471 179 15 350 99 1337 3287 1934 4558 0 2949 0 885 60 307 256 368 0 254 1740 206 31 1385 258 1674
3 GAG 476 609 1827 378 3696 824 1367 5603 141 2556 6443 199 360 270 12 682 4309 5197 3394 2108 155 1242 484 40 1450 1688 3110 2244 3768 554 68 947 762 764 9.90936e+06 1139 160 232 65 18 350 320 377 760 89 53 132 312 0 514 0 1475 3548 80 676 2890 0 307 510 121 3467 7506 761 7046
4 CAA 1619 883 4712 2407 279 215 582 2391 203 249 5 332 223 579 91 704 9.95098e+06 27 276 482 226 1469 787 882 64 1529 196 1177 638 6956 1788 1576 187 70 954 394 114 84 85 0 56 1358 2006 2683 1866 161 281 282 0 242 0 346 356 189 67 101 0 481 2148 167 23 130 324 316
5 GAC 16235 10033 43309 20714 2323 2521 1385 429 17 10155 4896 5503 10789 612 85 5698 3558 1263 3590 135 3870 3955 10438 3476 1245 512 25 530 5262 11334 859 6332 1279 9.74223e+06 4828 1866 517 549 751 62 2504 5729 15584 2543 1717 1062 2498 1427 0 127 0 134 70 1928 3658 3769 0 223 1982 403 6988 971 2198 1313
6 GGC 15224 40112 45496 1298 352 10076 803 5514 1109 16069 1430 102 8471 20481 7808 8855 212 135 317 304 43142 18709 8718 11386 2799 2282 279 685 109 785 1435 345 17952 1241 1475 439 2863 489 1437 7808 602 9.61174e+06 918 415 1661 1734 3382 4601 0 4866 0 1377 20419 15368 323 2111 0 276 9350 7 934 4271 1237 5860
7 CTT 806 55 2075 138 8 24 134 29 386 67 494 1274 77 41 450 66 114 477 152 19 128 260 543 397 520 83 1320 95 16 287 1322 9.97215e+06 2025 55 1709 106 226 269 532 38 605 252 386 1077 734 391 652 11 0 85 0 10 191 444 449 1091 0 644 97 2770 529 73 398 143
8 CAT 38 1107 301 1463 160 115 136 21 201 219 894 124 18 277 2956 64 131 1336 298 9.93891e+06 5556 10310 5168 6555 525 89 718 160 1775 1130 1064 39 2579 127 2825 1297 3 48 166 33 363 1342 412 951 68 590 54 759 0 283 0 105 228 112 341 163 0 88 261 912 623 49 3260 102
9 GCA 767 1784 244 1277 275 62 234 31 0 257 201 203 1814 6139 190 1845 71 226 213 266 4967 784 478 1266 85 559 115 173 93 801 426 174 500 248 963 3 9.96226e+06 304 528 271 572 791 1275 1773 909 1037 108 24 0 94 0 140 156 236 440 235 0 5 8 0 609 191 246 53
10 GGA 115 63 135 111 462 0 72 661 107 52 9 93 43 26 265 24 174 0 67 54 362 55 212 106 75 49 125 75 309 138 129 236 17 161 12 102 64 290 18 48 9.98744e+06 303 763 90 352 99 1212 1820 0 15 0 69 29 260 633 117 0 958 44 278 206 58 31 102
11 TCT 134 318 379 220 1671 1938 1560 1896 7963 102 8761 1157 5581 18819 73097 20293 1422 21740 18080 7396 5571 5025 7033 10318 25812 36008 43601 19875 58704 7936 68428 19233 963 3951 1621 1982 112 84 257 311 724 1716 189 426 1433 7931 39 2931 0 55901 0 20398 270 190 635 9.31309e+06 0 13801 587 16319 32788 10273 6938 4073
12 CCC 125 183 68 191 439 239 127 568 162 21 47 214 226 5 40 3 57 55 179 30 857 9.99075e+06 47 150 100 195 51 32 135 251 171 110 44 470 137 287 508 561 130 184 3 24 79 3 38 151 288 97 0 34 0 72 136 84 125 154 0 106 142 96 31 117 65 7
13 GCT 1051 53 1399 80 729 1059 1144 1212 373 1652 752 1242 50 98 136 377 1145 795 164 158 74 278 198 30 1034 1826 29 148 70 137 244 298 66 5103 989 3009 1221 12 311 9.96382e+06 525 97 99 195 704 527 144 1678 0 234 0 18 349 1105 600 415 0 309 186 45 56 11 88 45
14 GCA 2192 279 808 462 687 1019 855 1176 173 176 324 994 22 57 965 224 427 109 48 204 360 1832 608 722 645 266 474 714 216 64 31 40 91 174 471 1235 9.97114e+06 1812 400 502 547 1166 139 216 34 94 319 194 0 87 0 116 708 371 861 913 0 351 57 396 232 137 28 40
15 TGG 54 26 113 77 17 124 219 39 673 297 183 103 68 182 17 63 30 96 258 4 87 25 19 15 400 255 736 1967 296 455 231 22 173 7 49 0 12 39 29 86 177 177 122 719 35 102 256 32 0 16 0 2 711 27 218 72 0 116 9.98816e+06 423 17 20 1016 35
16 GTG 11147 1085 1668 592 840 2168 1282 1896 5886 184 747 1532 187 170 125 43 2229 391 2538 72 228 57 86 32 7349 261 222 8274 188 649 378 686 179 85 2631 389 978 4796 1016 1300 337 1675 3321 89 625 319 9.91992e+06 365 0 721 0 460 390 1022 2347 1189 0 134 162 619 64 220 1436 18
17 GAA 26 49 94 34 128 451 101 11 69 892 357 20 20 259 56 25 1110 508 1332 160 81 186 518 120 527 835 123 130 16 39 183 136 9.98237e+06 106 774 100 87 251 240 179 582 310 226 124 81 269 104 222 0 43 0 152 3352 430 89 60 0 24 779 76 73 44 132 128
18 CGT 724 456 5303 89 18 226 17 8 204 751 527 850 94 165 32 36 120 60 307 234 81 772 32 186 1101 362 1155 9.97180e+06 118 394 324 614 2383 296 699 681 86 133 26 348 790 694 1090 783 60 211 113 396 0 255 0 3 273 219 433 137 0 1011 456 528 290 294 28 119
19 TTG 80 5 113 34 56 64 73 69 197 6 339 0 63 0 815 7 218 18 38 61 123 166 9 13 192 12 312 171 1483 788 558 864 46 17 224 31 7 278 50 119 132 14 65 49 23 106 93 110 0 17 0 62 8 32 42 33 0 8 0 23 839 84 9.99052e+06 18
20 TTC 128 106 667 31 1359 338 974 5038 6528 242 8893 207 2449 1754 1965 307 268 1209 302 1277 21 301 2425 185 1666 7328 310 8432 578 188 2413 868 1222 595 4802 821 272 1351 2566 1499 106 81 81 247 718 1251 405 117 0 497 0 149 104 329 391 616 0 1150 102 1148 572 9.91885e+06 504 700
21 GGA 333 292 109 397 64 5 101 129 332 247 111 605 0 148 76 76 58 93 36 22 53 170 26 64 64 65 80 58 61 135 123 2 55 336 122 257 105 108 216 76 9.988e+06 99 1148 388 51 255 826 68 0 318 0 18 76 330 1181 735 0 327 183 38 353 53 60 84
22 TAT 56 64 22 251 13 67 10 48 10 152 14 123 83 79 0 44 190 122 139 263 170 30 58 9 122 70 22 101 83 375 10 116 140 327 276 308 55 94 160 248 22 8 0 144 70 109 90 69 0 212 0 9.99274e+06 106 425 130 48 0 80 89 0 270 167 521 173
23 GAT 291 117 17 1051 179 812 408 1223 444 130 278 349 184 547 141 480 129 224 378 418 27 137 57 176 587 533 357 52 365 2 102 59 414 89 86 9.98558e+06 69 64 41 89 116 291 52 297 78 39 52 88 0 571 0 124 233 50 285 203 0 139 112 6 113 37 424 0
24 TGG 5 198 16 240 185 11 206 185 97 145 97 121 106 63 12 5 106 53 28 61 0 57 0 6 1131 28 594 571 190 216 273 656 64 39 0 292 61 16 99 139 303 132 165 163 55 194 7 4 0 16 0 39 172 151 148 5 0 222 9.98839e+06 1756 701 26 871 108
25 GCA 92 61 620 49 226 504 51 334 194 1433 4 105 138 9 86 442 505 22 498 5 52 114 48 62 454 46 67 72 135 109 18 227 39 769 1298 289 9.98381e+06 96 172 100 73 187 126 341 888 407 1995 1074 0 244 0 13 470 41 91 117 0 155 7 288 95 19 2 11
26 CAA 26 246 102 157 145 186 202 51 251 52 495 117 35 471 45 66 9.98105e+06 812 910 862 31 210 391 154 2914 1193 0 590 1126 382 172 1204 869 82 77 29 54 31 29 45 75 154 57 0 103 266 6 16 0 115 0 89 257 0 395 440 0 63 146 19 1218 181 351 186
27 CAA 88 39 222 527 521 105 168 80 217 177 214 0 186 3026 349 16051 9.96773e+06 108 162 32 183 447 192 351 351 57 112 204 216 35 54 117 264 148 0 199 94 67 140 257 121 171 39 16 1425 1218 2073 81 0 0 0 132 9 270 175 70 0 142 59 282 93 5 53 74
28 ACA 105 478 10 282 9.98086e+06 1598 716 3 32 175 379 268 148 195 43 177 18 1491 104 72 92 153 31 225 356 144 326 335 32 428 18 117 206 123 66 102 546 1940 1166 1590 62 125 0 0 3 67 41 97 0 1768 0 111 346 364 809 517 0 48 5 73 51 168 123 75
29 ATC 22 90 64 141 319 20 45 11 52 56 13 139 507 9.99051e+06 443 438 397 16 308 0 59 516 125 68 8 9 57 70 83 320 553 152 34 7 268 29 33 9 33 8 123 218 79 119 304 66 57 90 0 221 0 353 46 17 0 1095 0 79 101 19 400 92 317 171
30 GGC 116 13 108 0 148 32 52 55 470 269 160 1102 25 77 0 182 19 152 66 184 203 145 33 14 527 323 15 95 114 120 22 108 26 0 105 208 82 79 27 42 517 9.98938e+06 505 684 134 574 313 215 0 17 0 83 192 324 479 165 0 69 63 307 63 53 4 343
31 TGC 69550 237 5255 145 69 70 57 99 956 617 4630 86 139 232 54 167 7445 210 10996 302 156 0 19 85 2533 1666 66 2082 1468 830 2137 1091 508 59 19 97 144 111 35 437 192 43 320 153 452 247 179 329 0 105 0 64 134 94 238 136 0 9.87966e+06 221 53 1488 345 357 332
32 AGT 108 270 5 90 314 353 104 280 434 397 222 9.98932e+06 286 57 90 804 30 22 121 0 0 396 21 75 215 346 230 28 36 126 178 247 87 32 36 48 28 5 151 19 43 201 25 9 127 199 13 77 0 85 0 47 286 1613 21 1127 0 33 63 40 123 27 156 77
33 GAC 493 581 2383 275 9632 12320 14720 6174 1579 4386 2705 12800 729 330 19 223 397 5 209 504 893 4228 1653 1897 1779 1716 492 331 768 1073 1244 88 132 9.87074e+06 488 463 252 555 926 83 3101 3524 1357 253 32 215 149 428 0 151 0 401 8676 5061 6097 7805 0 230 62 509 924 100 576 82
34 GCC 19 133 53 0 55 38 133 44 254 437 106 329 152 88 130 201 805 230 153 133 146 185 32 123 830 7 12 271 55 45 61 78 566 13 68 209 0 9.98997e+06 551 166 100 298 115 111 174 36 49 54 0 0 0 42 13 526 1124 0 0 136 48 39 2 80 109 63
35 GCC 37 2629 7 934 6554 2049 3384 2101 0 2440 231 683 241 425 395 2891 19 2055 80 95 602 139 12 47 215 282 34 306 104 259 265 178 1180 104 437 62 644 9.95244e+06 515 1746 467 63 177 34 887 232 783 621 0 0 0 136 2709 63 4905 212 0 63 158 40 10 1006 31 586
36 GTA 355 87 8 12 83 103 67 36 153 101 365 40 116 18 305 103 60 23 26 238 158 0 9 31 38 29 0 241 175 732 250 9 0 30 4 16 152 58 127 158 12 14 992 171 9.99236e+06 875 138 134 0 4 0 3 48 37 20 2 0 17 146 65 140 10 237 61
37 TTT 304 36 23 273 63 15 0 63 67 188 71 267 132 38 56 50 22 19 0 31 57 21 231 109 145 25 60 15 54 102 99 59 28 65 125 28 70 86 3 13 60 7 21 15 86 16 71 241 0 269 0 53 511 253 581 199 0 25 101 37 39 244 173 9.99388e+06
38 CGC 158 175 104 23 33 165 10 18 53 468 759 2 83 20 32 0 64 190 20 291 72 178 40 32 1050 9.98997e+06 293 49 542 128 670 672 88 0 73 74 5 5 46 61 162 184 129 126 21 9 212 94 0 7 0 28 174 489 62 485 0 297 262 49 154 14 116 209
39 CTT 147 0 86 6 14 2 4 94 13 64 197 6 96 114 57 138 55 121 32 0 80 82 27 170 5 5 366 117 389 182 171 9.99126e+06 21 92 55 77 11 38 45 29 818 1006 1258 198 80 21 10 15 0 177 0 48 27 18 144 162 0 303 58 15 403 223 439 114
40 AGT 38 117 71 189 87 466 486 729 30 918 108 9.98542e+06 374 328 62 25 80 127 577 419 17 85 141 21 313 211 206 844 143 20 27 27 148 0 70 166 38 104 27 97 46 345 288 186 126 141 25 650 0 124 0 39 473 443 110 629 0 15 2707 61 45 75 23 92
41 GCT 16 629 42 76 408 11 28 140 14 117 21 288 159 40 12 21 371 48 1665 147 96 47 200 24 20 25 44 105 49 59 7 23 1030 29 178 0 2460 546 442 9.98304e+06 21 8 0 92 89 567 28 191 0 29 0 43 282 501 509 177 0 4198 39 496 0 7 9 33
42 CAG 141 21 154 29 694 1164 4263 31 242 2007 211 175 66 26 91 45 617 6 9.96651e+06 179 1322 2269 2029 342 1065 436 2152 325 256 67 321 774 109 169 2072 678 108 486 208 15 120 44 0 216 264 139 353 61 0 1 0 38 429 2423 839 1309 0 57 44 25 311 453 905 98
43 GGA 67 4370 71 434 169 331 1015 276 758 18295 376 3230 6 67 15 161 74 1005 35 908 59 124 101 23 987 291 588 155 23 133 62 61 73 121 74 19 59 29 102 407 9.93443e+06 176 292 482 432 52 115 275 0 67 0 8 3221 10703 2364 10571 0 3 197 141 136 342 431 404
44 AGG 1651 42 178 76 18 57 0 105 142 4 9.98816e+06 22 37 81 23 96 305 11 13 5 297 186 87 97 50 975 1473 260 398 32 433 197 6 47 69 265 98 265 58 83 612 462 944 393 33 76 37 126 0 6 0 158 0 43 20 24 0 164 50 0 18 59 190 183
45 CCG 784 1141 431 409 179 188 331 79 778 143 986 91 124 0 159 18 588 170 1160 205 663 91 9.9827e+06 743 979 309 1114 756 201 19 83 106 234 38 708 76 47 98 281 102 145 179 65 186 39 62 17 74 0 812 0 58 317 36 3 225 0 73 0 33 111 0 232 25
46 GTG 3 1199 8 44 1665 3313 1285 1994 26 1635 218 1174 65 55 184 120 66 82 64 37 445 1368 354 286 40 121 333 3 211 210 280 49 144 492 114 465 5859 7012 5232 2114 1429 179 1756 492 31 272 9.95042e+06 763 0 278 0 8 307 844 41 379 0 1745 90 1198 911 39 387 67
47 TTG 736 13 1061 15 92 36 0 131 28 81 65 0 76 54 262 25 227 306 316 2205 267 296 280 43 713 304 971 262 107 422 604 1476 18 136 28 34 19 7 29 41 113 393 18 87 20 80 6 389 0 179 0 309 42 8 4 9 0 121 122 250 139 497 9.98435e+06 1075
48 TTC 17 29 0 244 102 85 11 119 0 409 130 60 13 322 129 34 111 18 53 54 427 17 21 8 9 9 59 24 50 656 242 65 0 34 83 30 20 31 18 25 126 14 76 124 657 236 37 70 0 203 0 88 371 6 0 138 0 14 61 25 89 9.99355e+06 19 325
49 GTT 88 19 74 81 122 17 77 40 0 29 9 0 49 22 72 117 11 39 52 0 3 192 29 39 12 8 107 30 586 45 703 218 627 48 64 42 192 178 148 51 95 238 219 70 630 2424 930 9.98977e+06 0 155 0 227 3 0 75 16 0 110 104 0 233 18 421 20
50 AAG 1009 219 9.99102e+06 207 184 60 42 17 130 429 175 139 54 97 42 141 165 88 175 228 85 51 67 6 118 570 46 439 45 12 67 103 43 64 161 22 128 0 102 135 37 226 4 140 281 28 227 33 0 469 0 24 160 46 685 14 0 95 32 124 2 394 21 76
51 ACC 119 201 8 389 545 9.98952e+06 301 1049 300 293 110 20 125 101 28 209 237 21 456 3 267 75 128 183 52 238 171 57 420 114 609 142 19 162 111 198 351 44 367 486 69 116 37 92 105 43 45 20 0 9 0 83 267 65 88 267 0 4 94 1 154 60 30 121
52 GAT 7 150 9 262 326 974 8041 8762 41 14424 20 756 1717 4106 715 4075 1531 270 1283 27 223 165 37 44 33 213 34 105 17 381 716 166 333 162 432 9.85751e+06 11822 13944 21926 5122 965 203 202 312 875 2219 566 195 0 129 0 224 3799 634 3266 10317 0 2706 24 12161 47 13 207 52
53 TTG 4715 387 7379 1719 755 251 1926 678 1810 1247 2210 205 370 256 689 92 408 1625 86 200 337 167 928 622 7010 191 432 1683 210 259 627 153 921 447 1049 579 1744 2605 777 3618 78 188 125 184 5902 4499 541 3286 0 3747 0 3148 455 1829 3345 1375 0 85 2182 365 87 2120 9.91432e+06 771
54 TCT 17 56 25 519 9 83 28 6 744 273 506 917 88 222 202 166 105 1449 34 153 204 100 31 230 1278 538 78 205 101 72 71 218 619 80 228 104 167 0 19 259 45 93 79 166 186 111 354 17 0 7 0 23 2534 1091 268 9.98404e+06 0 67 33 134 282 12 168 88
55 GGG 70 152 185 50 145 253 30 367 737 98 289 142 11 105 6 71 523 349 167 3824 41 57 64 12 314 526 496 165 67 589 1023 32 69 119 86 83 34 234 89 692 459 921 9.98078e+06 499 1026 415 48 406 0 57 0 178 71 57 224 114 0 87 81 426 1136 401 114 134
56 GCG 87 88 67 84 239 141 115 460 77 144 122 39 282 53 148 184 74 120 251 2189 395 86 151 455 153 71 90 48 25 54 37 45 292 1779 165 1563 391 331 9.98596e+06 295 27 66 359 13 22 0 43 75 0 6 0 65 39 85 1294 78 0 25 22 42 99 219 11 61
57 CTA 9 331 67 73 60 152 0 163 884 142 351 54 44 20 79 0 18 515 97 287 299 405 86 94 977 217 143 1441 9.98743e+06 360 1121 314 91 26 41 105 64 191 21 62 119 57 32 35 157 50 46 44 0 42 0 33 33 49 13 72 0 43 31 42 1300 402 501 63
58 AAC 1651 9.98608e+06 88 864 30 308 400 94 135 12 525 7 15 15 175 40 28 335 277 352 239 111 22 109 278 91 754 623 65 152 103 10 307 89 260 161 162 274 879 296 10 131 234 392 31 685 233 14 0 93 0 191 107 182 338 97 0 34 104 0 44 29 526 107
59 GAG 198 118 143 96 182 145 138 0 57 463 170 338 16 24 121 140 147 108 333 49 43 0 392 79 112 130 35 34 126 359 288 25 1008 0 9.9922e+06 854 93 63 102 47 15 23 95 41 17 12 64 23 0 5 0 188 47 4 37 89 0 30 102 25 51 30 60 71
60 CTG 30 48 38 134 75 42 32 42 65 400 294 289 280 462 601 112 137 333 68 50 332 216 424 66 56 464 355 51 552 41 9.98819e+06 602 9 853 78 401 236 0 191 546 97 294 11 28 45 115 4 368 0 144 0 97 370 92 182 89 0 7 138 228 73 122 160 141
61 CAA 1274 123 131 267 113 681 51 50 490 320 987 69 110 27 157 160 9.97874e+06 1979 395 403 15 27 463 107 221 100 298 429 50 10 83 401 1338 2346 398 1104 254 712 71 320 320 52 27 373 487 214 171 28 0 277 0 942 263 46 0 175 0 40 42 132 148 251 319 422
62 GAT 26 207 92 84 727 113 240 94 71 74 33 399 98 6 15 60 21 145 56 19 67 109 22 218 52 57 88 27 16 36 695 4 358 49 5461 9.98692e+06 23 67 31 14 186 6 96 41 394 85 93 366 0 43 0 94 56 39 2 75 0 177 101 569 182 39 375 82
63 GAG 522 143 154 46 209 4 71 9 245 201 107 249 77 86 40 76 273 149 494 165 61 256 131 75 569 307 213 123 141 173 1208 100 98 297 9.98744e+06 726 27 229 279 141 353 8 1016 266 66 97 56 69 0 33 0 48 0 254 166 186 0 163 58 58 480 68 611 31
64 GCG 112 11 567 53 20 29 146 6 241 11 224 231 109 36 40 54 43 123 106 4 86 103 14 16 121 74 101 51 12 12 53 12 383 54 242 173 211 61 9.99101e+06 412 60 234 102 10 121 14 153 121 0 9 0 6 259 2326 92 658 0 272 46 59 20 39 23 5
65 GCC 78 114 19 89 112 7 12 69 70 20 38 315 4 28 101 68 27 6 46 30 92 55 259 221 216 26 38 219 41 41 5 28 120 52 659 60 203 9.9823e+06 905 102 45 22 89 38 2998 2568 1619 2694 0 62 0 19 603 3 629 62 0 763 352 239 190 11 19 80
66 CGA 123 20 12 247 33 31 165 13 258 636 55 380 50 81 7 38 128 80 132 357 185 44 194 4 9.99167e+06 531 278 664 161 58 139 6 27 110 76 20 78 15 17 0 112 7 184 214 52 167 72 16 0 32 0 78 614 151 140 99 0 105 10 212 72 100 443 0
67 CTT 128 115 33 216 80 43 86 5 334 97 145 513 6 202 108 71 5 450 27 788 1268 1341 330 9 231 54 37 75 243 233 68 9.98969e+06 15 112 51 37 49 27 48 18 72 86 20 195 114 12 45 287 0 17 0 182 137 286 153 420 0 45 2 118 198 20 114 92
68 TCG 1613 58 683 444 559 247 686 72 2617 31 2566 175 8 733 385 299 2848 13 553 77 87 86 69 24 1653 4742 96 4123 209 24 169 105 172 124 119 125 452 223 705 724 35 440 234 486 22 0 217 134 0 591 0 75 1556 39 9.96580e+06 1133 0 140 85 33 0 121 57 99
69 TGG 23 34 41 10 120 62 320 47 33 157 120 274 69 68 17 32 43 71 176 136 7 16 90 41 20 62 155 0 238 13 402 73 126 75 39 270 76 147 135 253 402 577 51 988 61 121 80 57 0 242 0 537 59 59 234 25 0 44 9.99098e+06 94 657 77 545 19
70 CTG 166 48 33 36 24 23 26 14 271 107 578 256 36 40 525 36 3 233 24 22 180 155 566 100 413 89 81 151 71 88 9.99035e+06 1247 42 158 50 17 37 20 98 80 68 47 40 75 326 26 901 86 0 59 0 13 87 14 0 77 0 221 116 172 1 62 1006 105
71 GCC 388 126 24 182 7 121 80 32 223 688 582 742 27 27 23 18 13 3 472 13 326 368 89 499 226 175 340 0 13 111 78 4 118 107 202 7 311 9.98479e+06 603 1761 371 1117 150 166 493 70 59 129 0 99 0 7 315 1831 293 286 0 508 15 36 9 36 22 67
72 ACA 76 18 49 320 9.98911e+06 620 1629 1317 30 859 29 298 89 9 45 64 27 382 83 10 399 49 93 75 9 0 23 267 164 25 16 127 115 58 45 219 60 50 170 50 97 114 362 148 34 10 3 64 0 68 0 18 286 585 27 182 0 622 12 30 3 93 13 150
73 ACA 26 87 64 45 9.99245e+06 76 2810 598 21 0 4 0 116 196 25 73 205 15 97 81 99 110 27 7 25 12 22 22 0 5 10 0 126 18 71 49 186 124 84 83 58 44 21 31 120 62 26 9 0 186 0 331 138 233 19 105 0 107 193 12 62 102 60 14
74 GGG 30 25 7 23 125 40 38 144 14 12 26 69 23 23 57 0 20 8 10 10 21 83 23 5 8 34 0 0 72 12 68 3 38 87 27 64 209 139 48 160 836 1159 9.99238e+06 2722 71 120 107 45 0 5 0 16 29 80 0 33 0 87 35 116 49 109 194 0
75 GTT 7 40 0 31 383 78 88 49 13 7 119 59 4 197 114 235 267 15 485 12 30 48 3 11 71 25 29 123 210 90 344 203 10 110 65 37 98 82 164 157 41 25 0 60 941 738 274 9.99229e+06 0 0 0 0 46 41 148 81 0 228 0 176 491 0 295 16
76 CCG 46 2 0 29 470 227 40 224 284 195 260 383 19 50 0 13 224 358 1007 306 166 0 9.98737e+06 684 1073 108 173 362 609 129 635 190 57 49 46 71 38 73 14 22 13 33 240 286 20 31 11 126 0 0 0 43 161 158 785 1111 0 19 64 93 390 60 339 15
77 TGC 32 2 15 30 144 223 38 104 54 87 295 94 81 32 11 184 0 46 6 55 141 71 31 2 99 0 110 19 48 27 70 197 25 98 203 163 0 0 39 169 187 612 246 36 532 330 464 93 0 17 0 24 187 86 334 127 0 9.99118e+06 7 1774 201 22 487 12
78 GCA 0 23 52 11 94 223 771 49 123 58 106 105 16 46 42 2 112 27 105 76 19 7 85 15 845 196 796 66 7 58 90 13 100 28 56 189 9.99154e+06 83 392 909 35 60 40 190 267 109 133 0 0 3 0 63 116 463 239 23 0 72 6 19 351 117 150 12
79 GCG 589 425 3658 1832 469 278 826 0 946 600 954 236 4556 1783 2 2484 891 1179 507 272 229 35 503 454 2224 935 1028 596 61 78 28 111 315 22 481 165 437 96 9.96320e+06 519 1506 841 341 403 122 49 28 359 0 44 0 59 87 265 419 1075 0 72 22 56 19 67 148 9
80 GTT 67 88 49 60 78 44 8 26 826 63 220 30 106 73 128 267 25 20 58 100 16 41 31 12 153 336 267 94 48 241 153 239 27 36 0 54 124 62 79 205 221 48 81 45 1741 684 138 9.99086e+06 0 3 0 0 21 56 12 160 0 336 64 153 149 16 650 12
81 TTA 108 56 310 372 247 79 0 561 32 0 10 57 731 292 246 448 204 141 275 87 312 371 60 156 321 274 220 399 928 1280 127 337 1524 17 134 47 152 212 100 177 294 15 134 272 31 50 78 134 0 333 0 118 169 7 109 80 0 104 62 0 9.98492e+06 24 1487 176
82 GAT 64 19 26 94 135 29 82 166 95 84 82 55 116 72 28 7 14 126 40 91 70 111 6 31 28 73 97 85 95 20 42 0 50 238 29 9.99472e+06 53 57 69 43 119 56 86 78 87 26 73 21 0 376 0 1036 136 0 179 38 0 96 86 40 19 4 78 21
83 GTT 230 31 81 41 77 166 191 63 656 538 1193 647 95 208 388 502 185 66 196 109 17 5 2 103 322 561 269 1466 312 491 1191 40 130 23 105 134 76 117 1359 35 609 548 439 200 385 252 562 9.9438e+06 0 190 0 54 611 325 400 65 0 191 65 128 498 9144 497 28612
84 GTA 55 89 34 62 269 52 281 37 114 272 29 284 169 215 58 199 905 213 291 11 209 0 76 100 48 49 34 65 82 110 55 76 119 110 14 21 763 228 21 332 43 25 29 44 9.99018e+06 256 107 1046 0 109 0 54 481 78 171 137 0 408 56 304 104 100 91 22
85 ACG 9 97 34 243 275 1232 9.99126e+06 18 76 50 44 371 122 196 86 406 61 22 7 88 65 91 51 108 59 54 71 97 117 9 70 43 34 79 30 51 83 248 344 306 2 144 6 10 169 180 319 31 0 128 0 25 231 350 191 265 0 308 108 468 91 130 86 54
86 GAG 58 215 62 309 52 96 66 13 0 47 93 0 90 123 136 7 10 17 10 0 111 48 320 12 140 27 46 16 96 76 186 16 637 274 9.99264e+06 89 201 6 274 274 5 198 258 712 37 329 105 17 0 63 0 32 48 119 16 206 0 21 70 78 0 152 427 214
87 GCG 180 102 969 249 299 13 27 135 18 687 34 278 14 347 1353 218 89 512 91 24 421 705 27 140 139 10 292 86 505 32 248 85 267 26 14 83 202 281 9.98622e+06 1582 5 19 180 217 23 102 337 202 0 49 0 37 187 245 356 356 0 37 114 43 174 123 96 89
88 GGC 58 183 82 397 24 115 64 41 210 98 11 287 28 23 75 7 0 16 59 59 4 67 5 65 114 190 7 80 32 148 84 66 199 602 108 122 78 69 131 213 302 9.99157e+06 7 866 191 46 62 367 0 97 0 85 218 271 775 322 0 86 35 229 77 3 164 6
89 AGG 142 29 217 234 38 286 150 53 211 169 9.98793e+06 64 8 41 19 5 36 434 189 620 97 87 115 51 392 1512 1928 86 43 88 25 17 175 0 145 44 85 15 54 25 359 448 180 288 7 58 238 70 0 232 0 41 20 971 86 411 0 326 21 130 121 72 15 49
90 GAT 54 231 6 64 64 332 127 120 195 230 96 373 1 0 20 79 89 115 72 44 55 104 13 98 38 100 196 82 21 0 32 83 21 1259 124 9.99214e+06 93 440 165 58 59 138 504 271 51 101 104 4 0 154 0 112 118 78 122 0 0 107 194 218 71 18 98 45
91 TGG 62 152 142 0 94 11 91 43 24 537 113 554 0 63 12 126 702 77 35 82 9 105 0 37 120 189 287 149 65 134 496 240 44 8 0 51 91 151 48 115 754 374 356 264 30 97 48 0 0 103 0 23 141 15 143 16 0 199 9.99068e+06 919 83 180 227 87
92 CTA 74 98 4 135 56 31 50 0 152 15 19 53 118 57 82 99 233 96 94 13 346 148 117 267 57 74 44 32 9.99185e+06 1191 11 595 61 16 111 52 180 101 94 130 98 58 22 31 47 129 25 39 0 61 0 122 41 181 0 3 0 270 28 298 1266 94 209 20
93 TTA 43 107 7 55 136 155 80 50 22 43 342 106 76 27 349 139 19 24 56 56 160 561 339 312 337 138 122 157 185 1462 539 592 169 0 71 33 29 11 0 55 63 378 48 5 131 56 294 471 0 34 0 0 190 115 52 80 0 51 107 110 9.98995e+06 385 190 130
94 TTA 38 3 6 27 448 257 531 919 145 24 465 134 54 6 350 41 99 15 59 8 318 150 88 337 295 76 149 135 911 436 736 117 16 30 26 7 18 30 27 4 6 18 0 7 89 115 57 102 0 51 0 49 0 21 82 65 0 41 150 70 9.9914e+06 49 57 40
95 GGT 61 29 267 68 39 94 19 110 400 168 976 71 73 203 57 9 16 23 25 91 20 169 62 59 493 208 208 130 39 140 103 238 18 126 85 103 42 0 0 15 1072 359 242 9.98984e+06 356 420 498 285 0 13 0 124 90 368 109 43 0 25 83 537 374 32 6 66
96 GAG 787 0 408 23 28 58 75 7 91 83 84 20 26 60 0 82 285 51 473 93 37 2 80 0 157 2 185 51 23 193 38 193 940 40 9.99163e+06 0 969 3 108 178 381 20 688 78 145 157 71 109 0 49 0 21 206 30 12 39 0 98 13 0 162 54 83 18
97 GTT 69 7 26 73 148 17 124 254 723 0 108 50 31 3 18 32 119 20 0 138 154 229 109 3 68 1017 139 332 375 211 16 340 135 134 37 125 45 53 81 123 212 343 34 84 656 271 202 9.99151e+06 0 78 0 32 43 33 31 37 0 37 62 109 440 0 14 82
98 CCG 17 10 0 57 136 490 63 81 97 100 387 306 19 11 155 42 304 0 268 18 181 241 9.99116e+06 229 351 126 578 1141 165 85 102 313 56 75 0 109 152 32 30 44 104 117 190 189 159 82 84 41 0 44 0 30 43 74 96 10 0 33 108 232 274 0 325 31
99 GGG 6 69 79 25 38 28 7 19 245 49 0 254 130 184 53 30 110 8 39 42 34 94 0 18 32 269 292 438 88 14 42 42 20 126 0 148 50 91 538 29 901 1332 9.99052e+06 903 0 221 226 158 0 8 0 42 42 517 117 361 0 415 10 203 0 68 82 95
100 CAA 746 58 141 66 126 184 258 256 165 97 63 181 73 28 160 30 9.99143e+06 182 67 163 382 177 155 625 18 315 113 262 21 191 266 153 496 60 441 27 49 43 78 0 34 67 48 18 31 29 11 0 0 23 0 84 19 161 25 84 0 125 49 64 624 59 79 24
101 GAC 2 78 40 224 9 46 66 75 36 650 15 285 38 4 180 0 104 342 190 151 2 52 6 70 20 95 95 96 91 34 36 82 23 9.9908e+06 4 1096 161 37 445 978 198 60 16 255 177 489 615 70 0 168 0 141 462 131 75 68 0 114 8 8 79 42 36 35
102 TTG 149 82 113 55 114 35 6 85 13 17 912 33 106 23 452 236 216 29 7 89 38 13 614 226 764 297 338 326 269 106 423 1267 59 243 44 146 326 63 493 441 0 130 43 56 155 86 45 52 0 34 0 112 62 129 69 48 0 124 173 49 2582 141 9.98659e+06 49
103 CTT 64 17 86 14 23 15 49 0 51 65 119 14 38 46 142 62 25 114 4 98 36 137 342 40 88 12 41 201 120 1720 670 9.99332e+06 22 39 0 136 42 21 116 30 6 40 45 49 55 68 39 219 0 66 0 0 411 176 125 147 0 108 67 16 112 25 37 7
104 AGT 23 189 41 23 827 1217 71 346 287 542 248 9.98803e+06 83 90 199 636 130 7 254 45 9 274 74 155 862 0 161 195 41 26 28 169 0 35 33 126 69 39 92 126 567 361 124 423 158 6 51 300 0 184 0 133 64 295 627 135 0 120 13 66 171 149 170 77
105 TCC 5 291 110 24 14 23 39 32 144 623 157 23 113 16 87 89 64 98 41 87 0 78 34 0 464 187 183 173 66 56 92 83 79 160 104 287 0 0 152 107 1412 48 326 149 54 66 81 39 0 12 0 28 635 9.98994e+06 1412 421 0 4 102 11 118 70 680 12
106 CAC 51 32 18 355 127 54 37 88 194 587 259 704 49 177 185 94 676 9.98115e+06 1475 211 360 713 2286 570 656 100 284 72 57 7 7 32 300 495 2017 708 85 41 63 451 250 215 742 131 33 72 94 49 0 49 0 289 81 221 152 617 0 367 135 158 156 11 51 304
107 CTG 47 112 18 6 128 55 10 0 117 5 0 50 202 21 113 69 130 11 216 105 17 29 933 66 34 126 86 30 838 288 9.98964e+06 1195 80 268 60 46 24 52 9 39 60 37 43 38 52 226 256 158 0 6 0 42 34 42 21 122 0 61 0 0 3036 68 405 20
108 GCC 153 50 37 0 178 63 51 90 9 710 97 188 108 6 53 136 43 62 80 8 4848 1014 493 627 85 0 13 23 2 90 21 32 353 0 291 83 456 9.98309e+06 97 710 638 280 131 165 285 229 103 770 0 68 0 20 176 414 23 1521 0 126 184 67 3 126 168 49
109 CCG 0 14 106 39 30 544 31 20 112 98 116 206 0 12 86 94 544 19 63 9 8 769 9.99188e+06 795 92 183 25 45 760 12 131 300 0 12 93 81 180 74 51 93 17 83 0 15 1001 176 62 7 0 40 0 41 27 54 173 119 0 37 34 22 47 61 130 124
110 GCG 337 7 16 71 277 12 13 8 57 316 107 122 9 22 19 49 169 71 16 28 17 296 163 279 57 22 30 4 115 302 0 297 286 13 165 516 175 63 9.99151e+06 516 7 110 2 2 49 278 21 33 0 14 0 60 87 170 593 734 0 127 29 593 221 166 87 65
111 GAG 41 30 8 7 257 167 11 349 218 4 84 66 32 191 33 175 84 66 158 204 163 29 61 34 76 52 117 112 45 262 244 401 650 42 9.99249e+06 328 18 2 30 36 281 123 115 335 58 39 207 83 0 22 0 0 211 64 33 77 0 42 55 189 405 22 232 28
112 AAA 9.99577e+06 13 279 234 20 76 39 75 46 93 1 26 59 204 3 273 17 20 62 25 60 95 24 62 127 8 143 27 82 37 63 74 134 19 250 93 61 18 24 21 33 79 90 62 2 18 86 51 0 139 0 72 0 110 0 101 0 99 27 66 33 14 65 100
113 GTA 50 6 52 15 474 736 706 268 75 65 75 17 10 46 141 6 72 29 30 15 39 48 3 141 104 195 97 82 148 21 363 346 23 78 14 13 153 34 122 101 135 47 182 171 9.99076e+06 678 1061 754 0 60 0 175 84 89 54 76 0 174 11 70 206 78 25 92
114 AGT 114 379 84 80 94 128 109 51 208 178 426 9.96003e+06 105 115 95 243 133 36 62 22 499 271 101 77 326 62 288 7 79 348 153 489 148 173 131 25 5036 6720 866 4271 235 697 168 279 148 127 95 667 0 155 0 118 529 200 914 133 0 10087 11 1511 594 87 471 14
115 ATA 466 0 258 69 85 171 106 37 0 0 166 315 9.99428e+06 607 22 168 112 10 11 145 67 44 23 94 31 157 14 278 107 20 28 36 113 99 4 167 35 81 12 29 41 82 16 26 45 42 62 242 0 7 0 20 159 111 71 284 0 31 10 18 180 35 16 37
116 ATG 41 68 13 47 118 65 30 12 119 8 59 89 63 277 9.99463e+06 104 188 16 62 46 119 39 35 40 603 46 372 587 82 41 70 7 5 55 33 33 10 26 51 28 5 11 20 22 347 276 158 214 0 81 0 55 19 8 33 115 0 66 56 45 6 83 10 29
117 GCT 40 43 77 39 228 55 81 149 498 84 517 667 41 66 47 92 310 38 204 9 18 91 11 50 147 348 101 295 149 17 24 23 128 0 64 99 338 6 983 9.99208e+06 2 161 15 95 35 42 184 98 0 30 0 170 53 108 299 181 0 39 50 14 20 120 28 0
118 GAT 22 16 41 18 26 179 47 8 63 161 93 61 118 78 31 74 188 144 147 86 6 44 55 48 25 23 60 30 128 54 5 29 89 1408 199 9.99254e+06 54 365 294 40 84 169 33 11 420 13 335 248 0 313 0 73 304 91 115 40 0 312 25 81 87 6 4 138
119 GCT 33 113 53 18 25 19 420 59 9 102 78 251 26 15 87 90 54 38 12 39 110 222 56 0 0 128 12 161 34 60 36 12 312 28 244 32 308 587 1288 9.99317e+06 80 77 65 6 25 104 9 42 0 7 0 0 90 164 572 38 0 52 50 64 3 6 100 107
120 ATG 62 92 9 69 1103 17 65 736 21 145 32 266 462 138 9.98687e+06 60 46 92 498 13 21 55 50 52 259 99 119 288 198 1056 1272 20 153 112 194 207 16 35 20 45 127 624 131 138 222 128 108 191 0 0 0 252 28 34 59 40 0 120 237 13 1523 159 683 112
121 AGG 29 15 158 0 5 372 162 892 1845 770 9.98617e+06 206 241 20 8 541 30 24 165 126 212 266 16 226 555 524 48 92 570 358 33 337 72 109 31 0 25 147 148 214 609 148 55 33 64 241 77 67 0 222 0 334 316 193 98 557 0 0 16 19 721 74 274 119
122 CGT 51 212 77 91 285 120 654 10 879 65 393 1441 64 54 161 55 19 80 155 224 0 27 40 174 880 1411 88 9.95192e+06 690 4632 2803 5387 186 39 134 299 176 828 201 181 244 584 30 288 141 220 303 300 0 55 0 69 515 1032 78 987 0 31 794 49 10876 13 8175 35
123 TTA 37 11 51 27 97 70 85 156 806 18 50 114 4 43 216 239 26 44 114 185 78 196 30 46 268 324 147 857 17 516 556 264 102 355 118 97 0 182 0 46 117 366 13 45 782 456 308 120 0 82 0 104 7 63 31 292 0 165 209 55 9.98899e+06 67 1107 28
124 CAC 271 133 12 211 162 165 628 201 377 43 458 98 66 106 65 44 501 9.98866e+06 80 989 159 258 553 570 399 269 14 0 210 15 110 144 0 633 222 519 51 57 342 27 53 88 171 71 25 56 73 54 0 43 0 81 144 82 330 220 0 20 4 140 41 125 212 148
125 ACA 7 256 24 1002 9.98574e+06 83 766 105 337 972 31 707 15 221 59 13 0 0 40 68 16 245 574 294 17 453 648 666 0 155 10 24 4 10 11 431 385 970 26 704 157 257 128 32 73 54 60 30 0 74 0 126 699 367 309 727 0 126 231 51 172 21 116 101
126 CTA 13 54 10 96 13 60 103 26 100 20 44 0 29 28 182 0 145 42 0 17 1410 288 3 147 251 139 175 16 9.99232e+06 164 315 605 0 18 102 147 16 16 70 41 68 34 37 44 132 419 321 353 0 190 0 8 56 62 9 119 0 186 0 72 33 86 520 29
127 GAT 30 218 186 4 318 15 22 40 32 317 0 556 35 137 29 42 198 0 386 25 43 285 42 80 132 113 85 60 23 27 70 157 150 1308 186 9.98716e+06 6 87 49 102 82 157 34 152 71 71 131 153 0 183 0 523 1967 632 1437 1206 0 111 48 23 126 0 30 112
128 CCA 27 72 121 50 58 79 386 191 129 345 122 10 77 44 46 166 77 8 244 21 9.99318e+06 796 274 481 185 27 139 107 176 35 63 212 54 17 57 238 107 114 0 119 94 101 35 45 5 0 26 35 0 0 0 187 48 140 8 136 0 0 96 50 50 0 194 99
129 GCA 87 210 114 0 4 68 186 56 217 100 317 208 153 69 98 37 104 110 46 96 103 366 71 124 143 255 71 442 197 353 276 42 128 63 241 65 9.98811e+06 799 506 1063 223 51 33 134 171 12 55 49 0 639 0 36 192 0 1812 500 0 12 40 37 0 149 28 133
130 ACG 332 24 279 510 1212 415 9.99184e+06 100 63 592 165 58 7 58 413 33 88 0 17 0 13 194 124 39 187 0 50 6 119 117 494 454 128 32 47 10 77 27 11 56 101 68 63 74 142 36 45 8 0 117 0 53 17 72 190 6 0 7 31 4 404 25 137 9
131 TGC 23 23 18 87 115 193 287 102 247 58 132 18 40 0 101 57 78 98 94 9 76 44 0 4 47 20 86 38 82 225 46 169 73 137 145 91 96 59 54 141 172 32 191 3 97 25 6 33 0 10 0 425 257 91 81 118 0 9.99447e+06 33 206 3 160 46 129
132 CCA 76 120 108 350 168 450 220 403 408 0 310 147 28 38 19 31 319 35 15 56 9.99056e+06 471 945 407 66 0 61 412 109 232 289 112 11 47 9 95 633 197 105 117 69 31 5 132 48 30 42 3 0 75 0 22 209 242 114 417 0 24 38 13 137 28 62 75
133 TTC 101 107 32 5 98 66 135 123 29 64 8 58 72 31 23 122 13 12 12 9 9 60 24 13 24 0 47 48 35 148 7 134 21 28 5 32 106 0 53 35 3 0 18 28 133 28 45 38 0 17 0 103 46 26 4 40 0 62 182 105 348 9.9967e+06 46 78
134 GAT 98 13 15 302 150 85 39 29 11 4 19 53 43 73 12 40 320 129 1117 134 96 73 100 58 144 52 71 26 122 24 0 90 98 1178 53 9.9935e+06 151 73 62 0 111 152 11 6 72 58 27 67 0 110 0 18 68 35 38 25 0 0 271 24 25 128 15 87
135 CAC 70 213 83 208 71 413 196 100 58 59 63 59 99 4 26 61 383 9.99492e+06 0 454 6 419 71 241 97 5 106 25 0 9 35 80 54 117 13 81 76 51 118 4 36 147 12 12 47 30 52 0 0 1 0 160 0 64 46 0 0 9 0 39 61 30 46 60
136 CAA 124 63 233 106 629 58 65 893 82 8 533 151 125 131 218 65 9.992e+06 171 925 151 82 18 39 73 45 20 19 78 5 51 113 68 155 98 202 13 77 65 9 35 24 34 3 89 4 72 111 83 0 92 0 66 538 65 356 49 0 48 39 77 4 67 46 134
137 GCG 441 23 256 26 386 27 171 656 1750 93 5820 270 8419 356 1674 14376 956 65 597 76 29 64 134 72 2722 3098 54 3180 846 2025 306 1745 355 32 79 79 913 145 9.91779e+06 1270 25 65 72 316 156 4085 807 679 0 1827 0 12511 226 8 98 300 0 395 349 313 1695 3238 1381 81
138 AAA 9.99423e+06 40 487 103 18 95 75 29 346 17 365 251 7 9 60 6 4 62 314 11 90 64 0 38 32 436 316 166 26 55 30 19 92 29 131 8 122 352 80 190 6 19 35 9 27 3 81 38 0 339 0 116 73 38 86 132 0 50 97 4 18 6 2 20
139 CAC 13 464 458 503 96 61 82 107 235 127 602 56 61 3 39 100 904 9.98738e+06 307 448 196 80 267 441 176 53 86 322 174 295 90 298 0 299 148 686 411 468 40 358 3 36 99 102 405 156 25 100 0 99 0 0 5 409 267 40 0 109 66 32 178 472 115 344
140 CGA 14 161 124 47 9 6 0 449 522 106 54 225 113 12 59 0 7 163 17 0 57 49 70 103 9.99343e+06 52 126 134 176 129 166 260 42 15 54 8 30 11 4 45 85 353 0 620 0 1 61 49 0 51 0 6 59 146 170 577 0 6 80 21 356 50 216 43
141 ATA 41 87 11 230 206 12 55 346 95 151 124 11 9.9872e+06 1399 158 887 244 16 23 403 21 0 42 29 96 313 6 63 170 266 25 193 4 197 0 80 39 75 0 157 86 104 184 36 1790 794 1020 801 0 43 0 113 0 40 245 89 0 121 14 475 224 58 135 158
142 GAA 539 41 88 0 128 0 80 30 50 32 142 42 178 192 252 101 65 34 56 38 188 60 2 253 0 7 46 31 20 26 13 136 9.99557e+06 41 59 113 9 18 2 15 71 171 192 123 55 85 71 114 0 100 0 49 30 7 26 6 0 3 30 117 0 17 9 31
143 CGA 37 0 0 108 3652 280 218 5270 183 407 53 260 341 41 404 296 110 1095 28 252 420 325 148 129 9.97565e+06 523 587 602 1146 78 844 126 20 13 103 8 312 142 13 54 200 181 178 421 312 248 895 619 0 0 0 9 479 180 149 590 0 4 239 233 490 186 100 9
144 GCA 231 22 22 269 77 86 69 4 0 0 131 203 259 129 21 149 5 13 170 0 38 149 43 153 6 25 4 30 39 20 0 17 260 11 111 23 9.99328e+06 379 1232 432 29 53 97 28 22 83 172 44 0 38 0 73 286 100 95 255 0 66 51 90 0 254 8 41
145 AGA 168 120 5 193 24 32 41 75 9.98683e+06 49 291 95 14 50 58 6 16 274 36 1036 78 35 47 170 871 526 978 1636 996 406 660 172 27 12 57 25 48 227 344 68 239 70 130 289 13 90 72 21 0 40 0 30 409 9 226 63 0 136 44 119 581 487 18 121
146 ACT 821 157 4332 744 901 198 75 9.93241e+06 1953 348 761 521 1271 265 110 344 1857 1716 1656 1121 116 38 379 32 575 1516 1839 63 3174 984 3168 409 4334 275 2385 344 869 900 169 752 154 335 129 81 5472 2024 1376 9352 0 20 0 172 305 15 227 390 0 1143 11 337 3540 140 866 25
147 CGC 70 10 119 30 63 16 29 23 929 110 635 558 2 66 39 48 60 45 198 169 67 29 21 203 209 9.99014e+06 129 269 250 0 279 944 40 13 37 37 48 8 75 104 244 233 536 336 34 153 3 173 0 144 0 245 32 86 739 64 0 186 23 140 111 44 234 115
148 ATG 107 127 81 35 0 215 19 53 21 66 11 66 491 56 9.99518e+06 344 99 115 125 94 0 5 54 16 28 79 16 44 0 123 44 42 76 63 37 96 41 91 22 20 97 33 56 21 804 43 22 7 0 26 0 109 10 70 17 27 0 49 0 16 71 6 76 236
149 GAG 2962 3089 2030 2608 44 5 106 87 27 131 802 43 2109 365 208 4009 1722 1183 648 148 7 19 63 0 91 465 359 263 1203 1269 1522 4485 398 231 9.95244e+06 826 36 290 99 132 1971 359 88 2259 227 540 938 354 0 213 0 592 42 1529 131 205 0 1739 27 254 167 216 610 1013
150 GCT 343 65 60 37 120 87 125 235 195 408 69 133 23 100 172 5 834 2554 629 875 46 347 147 34 129 39 643 57 5 22 93 34 447 73 251 53 202 1231 1828 9.98377e+06 50 9 165 110 0 456 182 156 0 176 0 53 296 226 742 145 0 133 50 183 14 202 0 128
151 GGA 47 1477 37 112 96 168 3 29 77 57 591 100 16 66 84 43 48 161 25 107 91 127 41 73 459 616 156 136 112 74 98 33 1565 84 832 206 138 18 179 141 9.98688e+06 592 1132 362 635 179 69 261 0 83 0 63 105 37 237 127 0 294 79 231 27 59 20 3
152 CTA 131 17 384 203 33 58 51 18 56 26 116 148 20 40 754 12 107 17 55 33 327 82 15 11 71 46 93 240 9.98889e+06 813 2372 1454 65 202 203 24 42 155 45 99 28 230 52 0 79 105 165 100 0 25 0 506 60 62 9 303 0 90 34 34 153 0 241 192
153 GTA 5 84 6 189 630 168 123 79 178 65 73 54 1347 1182 2355 1188 9 22 161 127 1515 8130 1162 4719 250 54 19 286 1170 1776 5094 5486 61 12 88 10 341 32 46 42 204 188 97 205 9.93969e+06 1185 863 18 0 159 0 118 84 70 142 111 0 896 89 57 4085 5833 2631 4938
154 GAT 25 137 68 74 49 45 34 107 93 75 1038 44 6 138 8 53 29 80 90 76 145 47 22 237 34 409 368 56 38 321 13 155 178 263 24 9.99257e+06 70 54 22 30 405 237 108 239 55 458 279 130 0 55 0 67 117 3 186 30 0 39 37 33 39 45 30 86
155 CAA 309 77 160 168 6139 622 7355 9256 1284 87 208 451 3844 4904 10235 6438 9.67713e+06 450 33 171 229 692 228 302 29 252 32 319 168 4748 475 122 6612 7 12207 180 386 172 74 370 588 351 2214 316 6509 41613 7356 2120 0 8907 0 10451 387 464 30 305 0 4469 150837 3442 180 1253 614 666
156 GAT 13 271 225 19 24 149 140 86 84 22 57 227 12 15 29 15 232 129 177 119 182 24 47 0 24 26 239 174 2 188 11 209 6 20 120 9.99234e+06 279 99 460 608 114 3 2 54 49 67 5 23 0 1336 0 216 40 44 108 98 0 223 73 59 127 14 234 7
157 GAT 66 128 38 109 0 54 55 85 0 0 43 100 21 8 40 6 41 28 12 21 0 0 26 25 9 46 43 51 69 76 50 9 110 168 5 9.99537e+06 150 144 231 17 334 40 96 279 164 40 269 40 0 104 0 376 109 152 39 0 0 135 86 158 34 0 77 16
158 CTT 74 439 57 73 343 217 29 185 293 27 196 6 68 63 799 69 252 157 289 237 30 0 465 22 298 146 974 13 637 48 1141 9.869e+06 102 0 132 0 74 21 106 29 135 153 146 50 114 199 56 176 0 3950 0 15440 69 26 126 38 0 170 5833 82 14 11967 297 83847
159 GAC 138 152 54 224 407 21 220 384 252 225 49 7 79 5 59 5 137 45 269 129 77 28 7 4 591 30 337 320 30 157 17 22 204 9.99156e+06 678 46 45 22 43 64 3 61 231 305 12 352 58 40 0 1395 0 29 4 36 33 56 0 40 8 2 48 80 5 58
160 GAG 192 318 224 357 96 24 192 10 135 273 563 189 36 38 9 33 4042 184 250 123 155 33 70 227 726 208 332 108 16 51 425 234 682 4455 9.97631e+06 4237 229 553 130 185 75 372 25 351 71 13 93 65 0 86 0 324 275 85 85 17 0 295 42 238 42 245 256 294
161 GAG 156 71 162 72 20 9 71 83 64 122 776 23 132 0 73 193 534 19 76 124 117 58 205 4 3 89 0 49 17 37 18 100 296 5 9.99382e+06 159 100 372 25 150 20 141 20 270 8 61 0 63 0 28 0 41 104 151 109 31 0 123 73 148 39 33 71 62
162 CAT 149 3480 4 13068 591 18 126 231 116 225 148 25 170 68 87 36 7 557 160 9.9722e+06 83 19 43 20 68 159 299 8 77 103 61 0 21 428 5 5 107 18 181 89 2430 107 796 2091 8 91 90 54 0 18 0 107 52 37 228 10 0 23 47 138 222 101 79 12
163 CAA 702 137 292 15 5863 2594 2628 474 309 113 1351 87 3498 14386 13827 7451 9.83564e+06 235 80 484 272 390 403 68 838 233 458 332 1353 20100 1750 10666 240 217 432 135 1949 4064 944 2269 33 183 182 456 8409 12261 4562 1868 0 7201 0 9589 728 115 672 357 0 4326 823 1654 3244 3054 1335 1672
164 GGG 45 41 34 35 39 186 22 110 281 54 51 51 4 4 47 53 77 37 29 48 80 94 131 79 316 21 68 19 22 1 62 21 39 5 128 165 125 33 14 37 846 548 9.99168e+06 1138 679 124 143 463 0 109 0 157 376 115 7 112 0 209 10 495 15 42 0 28
165 CTG 11 368 37 610 347 495 82 298 109 104 49 58 555 412 711 615 44 77 359 106 1991 297 242 111 173 298 71 23 64 214 9.97206e+06 1113 59 90 83 125 225 161 53 56 4 32 0 71 1939 3825 1185 1500 0 552 0 491 59 67 0 7 0 528 90 496 2405 541 932 2317
166 GCG 376 128 827 130 265 371 326 6 233 74 319 175 64 313 7 432 174 161 19 122 68 236 27 15 0 50 9 6 766 969 404 85 277 284 728 90 143 91 9.98492e+06 784 41 0 63 229 52 743 137 232 0 32 0 145 253 645 20 71 0 114 62 256 1440 142 853 0
167 CCC 79 169 484 75 878 285 73 301 40 27 234 100 3076 741 663 3671 551 4 433 0 1287 9.94374e+06 321 299 296 199 146 0 1990 1858 8926 1927 117 132 305 71 105 158 188 125 233 107 735 199 1421 2232 3527 2055 0 141 0 628 122 120 98 216 0 120 21 692 9730 5 3427 95
168 GCG 1101 79 11 37 178 1916 911 337 32 548 239 1589 261 1405 191 283 189 116 10 587 120 189 91 5 176 625 921 25 628 266 478 89 12 32 731 19 386 522 9.97423e+06 1346 164 185 103 32 143 124 392 160 0 88 0 48 890 2147 384 2082 0 3 1122 29 299 182 39 475
169 GAA 130 147 35 44 8 78 99 172 19 108 127 244 51 15 24 35 162 20 418 50 101 245 79 78 109 36 63 43 61 142 52 61 9.99278e+06 21 753 388 52 17 43 0 33 212 407 567 418 264 19 256 0 6 0 21 68 75 79 7 0 105 0 78 219 12 32 17
170 CTC 50 44 8 0 13 72 12 15 110 0 30 9 32 35 448 108 66 22 129 119 85 947 101 430 47 129 60 95 380 9.99067e+06 1543 461 93 70 34 118 70 131 0 16 17 40 44 66 84 136 40 71 0 0 0 7 72 15 27 34 0 1573 4 189 52 17 555 155
171 TTT 54 53 13 20 2 185 44 74 68 174 1718 83 13 37 142 100 45 15 191 83 118 58 134 240 189 816 49 71 1881 159 629 413 118 126 28 211 102 0 9 50 50 118 497 340 88 119 616 60 0 25 0 7 264 131 178 175 0 13 132 39 335 19 399 9.98788e+06
172 GCT 32 13 377 144 56 85 183 41 1507 49 607 39 26 19 105 88 621 86 147 133 12 263 20 19 1133 32 349 980 3 161 56 30 679 205 589 268 86 195 431 9.98623e+06 36 105 0 7 713 174 610 1456 0 0 0 49 6 147 0 76 0 18 136 9 70 99 126 61
173 AGG 110 78 16 13 7 50 18 68 1490 153 9.96164e+06 565 25 32 9758 17 2195 179 1575 100 97 9 174 61 83 877 1867 881 407 2178 614 2577 693 39 32 0 48 143 464 295 272 69 100 95 326 131 223 1091 0 6 0 163 733 75 253 943 0 196 223 22 3549 14 1882 9
174 TTG 0 5 38 65 3 57 46 13 0 13 2 98 9 65 418 6 39 29 55 81 42 44 89 93 90 221 58 36 213 598 114 848 37 0 26 197 49 67 14 31 43 105 118 167 30 34 12 58 0 45 0 15 32 236 42 0 0 89 143 720 224 40 9.9939e+06 43
175 AAA 9.96746e+06 89 1220 0 212 51 45 41 61 50 173 88 46 480 111 96 1308 24 202 52 9 221 145 7 184 0 139 41 4667 1716 2948 5394 89 180 150 21 42 32 12 35 262 216 50 314 931 3176 53 1043 0 311 0 17 49 13 229 137 0 18 25 175 4711 114 240 70
176 GCT 29 424 96 46 262 73 0 19 159 3 23 120 43 214 7 42 447 112 32 146 138 0 126 48 560 489 387 442 198 115 75 198 93 361 41 128 913 762 395 9.98917e+06 71 99 174 115 22 184 42 66 0 126 0 57 166 480 203 518 0 60 17 0 116 76 471 0
177 CGG 211 4805 10 9980 21679 100134 8508 43411 323 9710 1041 55092 14166 12489 11967 6606 2855 301 2041 7370 367 236 101 232 791 762 9.2579e+06 1879 21991 7691 17992 20755 3219 3268 23623 1963 3030 12684 18065 12730 7953 5751 37194 15760 3985 273 6106 2582 0 425 0 5942 15530 15224 46132 5879 0 10653 13356 24835 20276 28622 7543 4004
178 ATG 2539 71 642 70 1166 3725 384 936 3470 93 122 158 790 241 9.91314e+06 471 178 2279 1409 1699 605 1562 1380 3264 849 974 2725 6677 3011 1939 557 743 341 47 526 23 106 28 381 22 299 18 194 254 630 194 1532 1018 0 8882 0 6021 63 178 109 135 0 1018 5191 2419 1961 9009 98 1437
179 CCC 12 52 188 6 73 547 203 97 1127 625 1144 106 618 723 33 1163 464 0 638 81 414 9.98214e+06 1576 1442 861 357 186 556 102 848 125 88 49 52 49 63 20 158 325 7 18 49 33 4 91 229 28 180 0 78 0 8 156 715 158 61 0 84 69 36 283 112 243 45
180 GAC 9 100 168 412 636 18 270 355 935 96 492 174 1628 241 12 216 84 143 158 147 479 41 24 100 522 101 247 80 37 171 185 296 690 9.98191e+06 27 1234 395 462 261 356 402 205 6 143 105 64 94 159 0 61 0 278 63 31 343 43 0 35 678 19 16 1534 240 1569
181 GGT 95 30 2 9 285 278 77 35 664 251 210 1651 18 76 7 75 186 6 5 97 137 28 10 53 506 271 470 503 84 207 30 49 198 5 50 52 114 471 282 105 25 351 119 9.98325e+06 360 1916 43 1265 0 91 0 1040 177 398 75 522 0 1830 35 466 29 139 182 8
182 GAA 64 84 32 382 124 114 391 469 112 145 8 26 286 64 36 34 51 63 350 105 9 60 8 117 20 147 4 85 86 40 4 21 9.9924e+06 81 745 50 200 40 127 265 99 207 414 436 54 96 336 38 0 25 0 16 4 120 284 129 0 84 24 25 94 43 21 6
183 GAT 16 44 60 29 46 60 92 123 205 7 416 8 164 15 11 191 51 22 53 110 0 15 16 29 0 67 631 120 137 0 17 6 7 79 22 9.99543e+06 77 3 13 189 139 82 187 159 170 89 90 7 0 44 0 128 86 9 41 0 0 77 4 25 67 15 3 0
184 TTG 87 419 101 49 124 1 18 24 43 23 428 113 4 30 132 7 147 0 1628 22 122 167 16 643 105 291 110 139 5 704 271 778 164 55 67 34 11 0 76 23 151 47 62 2 36 11 140 29 0 173 0 108 97 12 29 100 0 77 20 48 301 65 9.9913e+06 8
185 GTG 4 9 6 4 43 78 23 54 258 71 95 352 18 132 24 140 8 66 41 61 6 22 0 86 96 305 93 41 80 170 61 101 17 67 9 20 226 195 638 24 9 36 60 13 340 963 9.99384e+06 87 0 4 0 55 10 138 5 63 0 10 50 87 433 2 32 21
186 GTA 28 72 79 62 90 23 18 9 44 42 47 16 66 20 85 231 44 12 161 4 34 48 293 140 66 42 0 28 139 325 262 71 22 31 52 58 117 407 256 625 140 19 48 259 9.99331e+06 259 240 947 0 0 0 34 22 18 46 99 0 31 6 18 183 0 146 8
187 ACT 56 84 125 11 64 798 108 9.99532e+06 15 165 105 132 24 73 0 34 13 45 38 249 0 38 56 6 37 109 36 24 14 7 48 0 49 56 11 3 34 130 50 53 13 0 66 61 44 88 139 38 0 83 0 62 85 240 31 502 0 33 9 61 34 36 71 86
188 CAT 4 46 39 216 28 10 24 28 236 41 16 61 92 151 53 15 730 222 262 9.99153e+06 95 174 152 469 48 130 337 353 110 334 555 290 0 209 49 158 38 53 69 11 34 25 13 42 32 26 9 94 0 113 0 1185 40 69 129 17 0 455 16 67 42 30 99 24
189 GGG 18 141 28 5 26 168 53 26 25 385 18 717 178 28 2 56 34 55 50 15 31 129 67 0 0 60 209 0 130 256 22 63 15 36 5 48 38 77 3 198 288 159 9.99313e+06 692 515 49 240 270 0 16 0 28 627 216 35 37 0 39 25 5 74 46 18 73
190 GAT 25 17 55 96 82 82 53 11 88 27 116 0 11 49 22 5 27 132 78 81 23 20 66 46 61 96 53 30 75 38 21 141 86 905 526 9.99507e+06 32 153 0 43 52 43 63 353 21 32 140 37 0 111 0 16 16 185 0 61 0 136 52 40 42 41 14 4
191 GCC 71 23 29 235 147 46 24 72 77 267 73 131 17 135 151 61 40 7837 21 669 32 177 139 131 83 193 106 88 1898 768 5 780 119 48 92 154 195 9.93971e+06 1177 746 128 71 104 187 112 36 239 400 0 682 0 462 149 177 410 36 0 0 38 49 796 32237 388 6531
192 TGC 73 29 128 94 18380 4137 77973 34989 180 22 235 191 297 1442 6 337 422 0 8 18 31 20 0 118 114 131 43 247 97 136 19 7 77 278 22 66 138 163 148 210 151 56 574 101 7 124 172 130 0 211 0 143 11 7 101 29 0 9.85609e+06 15 345 25 39 161 482
193 CTC 6 31 29 20 14 25 89 36 49 86 213 28 18 5 1146 17 397 52 9 60 36 56 315 538 59 869 344 11 100 9.98949e+06 1317 357 19 72 20 61 49 35 223 10 8 40 32 63 110 118 409 185 0 78 0 10 34 28 76 4 0 20 113 35 1698 41 559 32
194 CCG 8 47 23 43 236 290 730 8 179 232 270 63 80 27 42 218 632 23 163 26 63 273 9.9914e+06 1222 442 290 87 208 0 416 171 26 10 7 11 224 223 109 63 5 57 42 7 44 70 28 7 41 0 46 0 6 18 157 121 54 0 71 16 27 312 18 251 22
195 AAC 311 9.9939e+06 428 701 216 332 130 58 51 317 65 267 48 0 6 40 11 13 67 38 54 13 28 76 97 80 51 108 9 140 0 16 21 169 23 134 74 12 76 29 5 11 57 13 22 23 192 3 0 1 0 831 208 70 29 41 0 24 15 31 93 111 9 5
196 ATA 17 154 27 89 59 93 26 40 70 780 268 532 9.98652e+06 828 133 3419 342 52 140 13 29 64 24 35 408 735 433 120 24 152 49 55 6 49 30 113 10 61 0 6 28 27 151 104 73 117 139 188 0 75 0 63 1095 94 603 522 0 76 66 44 394 0 29 112
197 ATG 106 7 409 0 193 145 69 172 273 10 5 4 17 189 9.99292e+06 248 995 210 1071 30 9 28 24 15 120 7 90 15 162 30 20 103 15 374 86 479 55 61 66 0 16 26 14 37 73 135 238 3 0 38 0 6 7 32 3 0 0 78 95 116 150 46 38 12
198 GTG 85 7 10 22 24 31 40 80 90 54 128 11 31 143 98 27 130 81 99 85 0 78 11 16 117 244 114 48 71 169 143 31 218 62 0 37 423 94 88 46 59 81 210 120 1562 428 9.99265e+06 753 0 73 0 1 87 34 0 125 0 8 0 85 88 63 244 45
199 GAA 187 23 232 217 16 105 32 0 210 518 75 187 47 52 94 79 152 394 142 193 51 63 140 49 101 41 210 310 60 15 80 48 9.98778e+06 277 201 105 243 47 44 1235 20 962 95 188 134 27 22 286 0 333 0 0 179 1410 18 393 0 355 111 1006 33 100 104 173
200 AAC 98 9.99246e+06 53 1020 117 1092 187 5 74 153 67 155 114 14 15 17 0 211 8 240 18 11 39 102 34 26 18 105 65 24 856 12 153 209 25 75 0 123 66 17 8 37 14 19 245 252 144 160 0 20 0 117 180 57 109 92 0 31 10 14 123 117 70 100
201 GGC 10 12 88 88 21 79 177 331 165 204 442 148 27 25 37 143 62 44 3 3 0 31 13 56 240 252 53 397 17 39 73 117 9 111 49 390 180 32 72 121 2505 9.98893e+06 392 1574 135 76 37 0 0 32 0 46 149 15 794 20 0 523 155 36 10 130 81 0
202 CGT 330 91 561 10 210 30 15 33 792 30 1945 122 0 189 14 86 49 85 11 7 104 20 29 77 252 438 1248 9.98478e+06 95 40 1275 232 3 26 145 15 10 25 17 2 96 301 7 71 8 0 65 29 0 122 0 8 219 471 1196 210 0 554 2 349 682 27 2120 25
203 TTT 9 9 9 20 88 30 10 21 29 54 10 17 0 27 4 52 52 21 49 9 21 23 8 126 116 96 122 27 102 52 10 457 28 5 191 36 42 93 126 96 76 30 61 3 18 133 178 90 0 8 0 14 28 10 93 5 0 98 80 499 255 1530 142 9.99435e+06
204 AGC 47 253 97 293 320 175 326 307 478 9.98881e+06 10 700 75 416 32 888 178 23 26 62 117 189 36 67 425 296 551 84 15 11 11 104 32 58 89 141 24 90 12 62 215 28 445 100 32 2 107 27 0 48 0 16 593 632 709 643 0 244 63 25 18 36 53 30
205 GGA 4 21 48 85 20 23 79 33 21 45 134 28 145 12 0 44 71 75 272 0 20 35 7 44 25 40 24 62 8 32 102 62 112 0 32 36 13 37 2 18 9.99405e+06 1668 587 197 57 559 181 53 0 8 0 70 106 56 131 0 0 224 18 48 0 58 40 17
206 TTC 20 28 0 13 7 15 28 13 45 332 154 106 20 71 62 34 52 29 0 79 0 9 11 26 4 274 91 30 151 274 46 11 30 24 43 5 35 53 0 5 137 52 42 0 428 4 314 53 0 9 0 83 276 95 324 269 0 5 19 416 57 9.99443e+06 256 502
207 ATT 58 62 39 67 154 197 288 101 14 98 5 27 658 293 39 9.99444e+06 35 130 253 180 38 6 100 16 19 74 57 111 44 80 112 0 18 39 48 77 60 6 121 81 11 90 81 9 96 4 303 185 0 90 0 21 33 160 0 41 0 147 5 108 58 91 32 185
208 GAT 39 279 33 29 8 205 490 285 6 9 10 102 44 147 13 37 46 77 0 82 21 239 39 27 29 66 76 12 56 33 0 109 469 378 110 9.99249e+06 559 420 383 313 173 30 448 362 60 9 106 97 0 5 0 244 18 111 27 30 0 0 136 69 32 13 206 53
209 TGC 0 102 55 2 49 746 1564 1013 192 428 573 448 8 180 164 67 14 49 12 2 48 53 348 48 123 240 22 604 68 332 145 129 72 108 131 8 11 147 265 1191 66 48 0 430 119 43 33 0 0 5 0 261 49 58 204 63 0 9.98766e+06 8 320 71 142 217 445
210 GGA 133 8 4 8 21 84 48 63 176 14 87 344 20 206 33 43 111 65 79 73 40 21 5 7 26 115 90 212 11 15 45 97 162 243 23 55 22 46 37 157 9.99139e+06 939 311 1269 442 606 526 448 0 132 0 30 126 112 11 149 0 66 9 44 70 0 4 268
211 CGG 89 49 0 8 4 51 148 17 208 183 351 11 40 10 51 43 66 45 12 69 146 217 0 39 137 837 9.991e+06 636 806 223 832 201 42 35 16 24 39 53 33 56 42 26 95 149 91 44 62 62 0 22 0 55 431 241 161 522 0 253 27 409 24 34 302 117
212 TTG 40 9 6 66 77 396 9 162 290 34 114 26 18 0 80 227 13 23 144 49 231 138 34 51 227 23 46 214 1111 330 383 242 42 34 25 56 120 56 42 7 22 20 55 225 14 89 45 252 0 107 0 0 117 84 17 71 0 45 61 0 364 21 9.99318e+06 16
213 GGT 36 13 0 45 0 20 0 87 27 15 838 41 19 0 0 23 5 11 94 22 196 56 104 20 380 159 15 514 0 73 143 242 8 169 0 119 27 235 304 125 637 164 72 9.99251e+06 292 119 5 267 0 52 0 74 98 137 39 49 0 93 16 1083 0 82 2 27
214 GTC 48 10 38 6 12 51 16 44 29 37 36 84 68 372 483 36 43 11 28 49 4 97 30 44 14 182 24 15 177 42 372 363 39 10 85 0 61 33 211 447 268 106 943 123 242 9.99347e+06 187 281 0 33 0 11 60 92 18 57 0 36 11 59 169 72 0 9
215 GCT 23 175 0 171 13 5 652 342 149 128 26 74 93 16 0 34 31 33 45 63 196 99 272 163 82 9 54 33 15 59 64 166 174 10 98 26 768 200 0 9.99278e+06 140 197 179 128 52 179 29 68 0 19 0 30 977 160 129 58 0 151 60 0 2 43 21 33
216 GAT 59 94 80 256 79 59 50 275 16 88 123 72 4 29 7 20 11 38 68 35 91 61 161 47 7 12 5 11 73 20 216 27 38 530 96 9.99333e+06 23 112 38 359 242 273 148 98 175 61 332 195 0 534 0 370 105 59 329 6 0 0 6 78 0 3 261 5
217 CGA 18 13 90 7 180 106 49 58 58 343 435 542 30 3 48 91 96 4 31 275 16 80 68 16 9.9923e+06 439 532 135 67 198 81 197 202 194 77 51 149 20 4 115 170 235 100 75 58 51 204 9 0 15 0 0 446 75 9 394 0 54 12 62 248 144 90 129
218 TAT 47 28 21 5 39 43 324 0 17 161 48 566 27 87 89 55 341 0 33 62 290 52 113 0 44 19 75 23 33 91 46 47 81 367 44 82 28 380 9 43 17 17 160 127 29 34 66 65 0 685 0 9.99368e+06 226 47 286 194 0 40 12 78 47 4 222 108
219 CAA 536 29 55 11 687 203 6 67 164 82 58 30 187 223 142 83 9.98973e+06 1276 3035 29 76 662 0 6 371 297 505 65 87 11 46 35 168 25 50 24 19 97 11 0 110 57 13 10 37 1 21 123 0 17 0 45 21 0 46 5 0 47 66 0 0 68 120 4
220 GAT 61 0 103 47 42 0 63 84 27 28 7 275 51 56 52 90 52 188 86 46 40 113 27 26 57 132 151 85 0 36 18 70 32 585 3 9.99383e+06 104 311 5 453 249 179 297 404 14 94 9 140 0 37 0 124 5 74 24 0 0 458 4 32 40 205 142 29
221 ATA 32 97 28 376 0 621 369 799 57 129 8 537 9.93069e+06 838 78 457 181 143 94 37 39 84 61 10 170 30 46 62 15325 21508 2925 13338 113 57 210 56 71 87 64 80 135 34 63 364 0 263 276 16 0 13 0 51 188 375 1800 129 0 112 15 173 4111 62 1696 217
222 GCA 0 31 10 17 175 54 41 102 25 28 74 130 24 258 0 60 50 97 11 8 23 35 0 18 12 8 165 149 0 12 18 25 20 302 4 189 9.99389e+06 273 740 287 355 90 45 21 300 58 56 682 0 253 0 10 15 151 12 11 0 152 33 364 4 0 19 5
223 TTG 23 45 0 3 66 20 14 48 266 24 174 40 36 82 51 156 113 83 78 9 54 93 32 46 35 313 25 31 1600 204 403 1491 14 23 45 30 70 96 24 0 16 46 70 0 32 125 34 114 0 32 0 20 16 28 11 19 0 16 2 40 1075 2 9.99233e+06 13
224 GCA 81 31 106 155 40 34 101 75 9 486 4 766 61 25 62 103 5 93 39 11 91 112 203 139 43 25 107 39 70 83 202 90 1280 137 285 81 9.99061e+06 232 367 247 323 33 114 175 60 249 395 19 0 60 0 15 101 319 476 281 0 92 72 163 101 43 77 99
225 ACT 57 454 4 0 81 125 27 9.99312e+06 22 58 28 27 674 59 41 77 28 55 89 23 50 6 0 90 0 0 36 57 122 14 2 10 45 11 40 403 251 68 29 78 17 140 132 74 786 78 725 241 0 44 0 117 189 221 59 55 0 184 78 150 23 95 45 184
226 CGC 55 32 29 65 195 169 76 127 1758 277 722 117 30 63 6 12 62 21 206 248 193 27 221 92 1189 9.98744e+06 266 342 387 44 357 549 13 43 190 61 28 25 61 21 308 33 403 83 108 59 33 57 0 137 0 55 564 572 497 466 0 165 11 9 330 0 285 8
227 GAT 19 23 22 32 75 139 17 70 303 183 102 2140 124 6 12 16 301 316 140 513 30 169 8 0 274 293 79 74 55 0 37 102 327 750 282 9.98771e+06 159 3 155 47 25 7 23 27 413 380 261 424 0 148 0 0 31 807 0 852 0 828 28 326 4 44 184 85
228 ATC 173 123 46 127 427 243 14 291 92 1278 370 300 192 9.99065e+06 98 742 262 49 20 20 34 176 5 0 195 85 9 214 34 101 345 20 246 153 102 23 8 72 70 221 62 34 19 2 203 106 357 131 0 87 0 56 187 371 40 58 0 1 98 13 375 30 105 36
229 GCC 58 16 20 38 87 125 132 207 93 117 320 289 91 64 11 34 12 31 245 55 323 77 202 62 56 55 101 85 13 42 3 49 598 91 689 22 326 9.99164e+06 604 600 63 237 0 40 242 140 349 28 0 162 0 35 120 28 290 186 0 56 66 81 7 34 72 83
230 GAA 323 14 59 65 1314 1738 153 2647 82 7801 0 235 57 42 131 26 90 2371 188 1002 225 111 302 56 87 36 34 85 45 83 138 61 9.95711e+06 51 874 161 406 181 163 347 52 741 739 50 12 95 8 32 0 34 0 64 1421 476 15650 1168 0 22 263 133 4 8 135 0
231 GAG 878 69 1192 149 48 0 11 27 2425 32 1559 7 237 127 137 142 8 4503 157 7242 16 62 59 17 1999 2784 993 585 18 101 28 46 39 31 9.90999e+06 96 376 39 651 405 296 61 116 106 47 936 627 41 0 17164 0 41250 181 174 70 0 0 93 521 23 23 498 146 338
232 CTT 38 4 2 4 46 70 3 27 174 113 180 51 29 65 16 35 30 0 119 13 132 482 188 721 33 43 127 468 53 1456 485 9.99205e+06 57 58 7 73 90 13 45 8 17 12 130 63 262 206 137 80 0 139 0 21 32 10 188 209 0 78 27 21 74 190 452 42
233 GGT 30 5 27 31 17 0 115 152 206 68 9 63 91 157 53 121 0 5 35 7 23 17 55 11 89 158 5 7 99 137 122 1 51 69 7 27 57 62 23 65 322 859 285 9.99276e+06 384 119 652 199 0 350 0 21 95 288 352 0 0 167 13 674 93 53 6 26
234 GGT 6773 2623 3348 1208 44 4800 411 822 157 378 540 227 1147 348 1920 708 1446 635 2465 819 5675 12740 4552 1895 141 70 1037 1335 48 73 236 363 134 818 6303 860 7678 4877 12851 5927 556 2617 7 9.88316e+06 1186 1462 603 2812 0 733 0 266 80 706 1229 2766 0 282 783 481 92 206 1486 51
235 GAA 289 67 191 156 120 60 140 154 28 103 73 74 80 12 100 10 146 7 20 48 93 23 63 11 30 40 25 2 36 0 270 220 9.99452e+06 63 778 79 81 22 357 262 185 36 27 92 80 37 28 28 0 88 0 41 10 58 15 128 0 35 17 43 57 44 55 41
236 TGG 35 9 10 66 42 8 27 0 238 50 383 69 19 45 33 44 212 60 85 58 64 103 55 36 67 164 480 8 733 138 377 768 17 1 81 107 67 6 20 30 729 327 82 31 68 272 230 84 0 26 0 33 36 234 171 425 0 266 9.99138e+06 120 550 0 59 61
237 GCA 29 3 4 62 214 9 89 173 6 135 7 740 85 28 26 0 179 52 32 122 0 45 0 14 140 233 16 216 0 127 67 45 36 52 183 6 9.99214e+06 1605 375 243 85 42 6 25 93 4 105 159 0 20 0 121 284 625 159 398 0 118 16 72 11 53 34 31
238 GAC 948 2550 4694 561 237 124 85 242 2844 1112 1582 2809 2496 5400 507 755 1191 4107 1969 132 12 113 213 494 2079 1726 4316 2076 682 1248 485 760 4922 9.93221e+06 1493 242 538 623 146 413 150 58 45 58 248 614 670 490 0 1255 0 9 990 345 839 743 0 114 204 684 635 212 280 2222
239 AGA 45 40 27 57 352 34 79 430 9.98935e+06 117 160 52 63 44 10 47 50 105 20 137 400 277 13 33 1157 14 1875 159 316 25 236 391 41 20 113 8 128 54 43 140 179 317 178 33 22 27 6 55 0 10 0 158 77 364 245 92 0 383 42 252 255 20 614 9
240 TTT 231 28 387 78 83 37 30 206 45 166 170 89 52 36 74 48 49 3 111 63 102 116 168 37 9 51 11 195 14 59 60 0 0 25 77 310 95 0 0 97 126 11 8 61 533 245 98 286 0 14 0 91 96 0 138 130 0 19 27 533 65 1857 3 9.99225e+06
241 TTA 21 0 31 141 25 43 26 6 113 155 588 124 43 63 54 120 39 41 117 24 184 522 292 169 713 104 626 465 73 563 662 787 16 78 12 78 33 22 39 43 52 55 7 41 61 34 87 4 0 127 0 48 375 3 41 5 0 32 8 140 9.99071e+06 22 863 30
242 GTT 686 300 4244 494 3003 449 2531 3424 1836 232 241 189 25 45 1903 80 137 3169 544 1396 102 408 70 292 6638 1750 738 2422 0 238 100 179 1901 297 3724 8 900 4 3810 651 56 16 112 12 465 1657 189 9.93546e+06 0 175 0 1050 502 2596 2301 2463 0 47 1118 302 230 1207 488 395
243 CTG 81 11 15 130 88 114 15 23 0 66 45 94 63 24 157 15 112 41 585 18 264 347 86 7 116 278 579 534 188 762 9.98791e+06 1057 1069 5 814 175 244 245 88 354 0 150 74 71 195 242 264 82 0 7 0 96 52 17 81 150 0 44 133 246 196 135 913 31
244 TAT 120 26 68 106 5 151 30 16 17 40 0 44 11 59 237 61 74 20 96 137 108 7 16 0 97 0 145 0 100 901 105 41 31 15 169 20 121 81 37 48 100 34 33 4 23 14 79 17 0 295 0 9.99478e+06 96 0 3 37 0 115 188 209 9 346 211 47
245 GGT 36 16 4 26 3 26 77 64 1000 24 34 30 64 77 34 77 168 5 93 0 18 38 102 50 9 179 367 318 62 60 206 142 23 39 47 153 22 177 334 456 2795 522 1078 9.98782e+06 573 556 99 396 0 9 0 5 16 28 109 595 0 316 48 265 31 14 14 50
246 ATC 34 25 162 11 129 55 45 172 905 91 138 990 855 9.98728e+06 0 486 28 30 143 144 25 48 189 34 477 11 223 105 208 39 146 309 93 129 23 83 135 7 75 34 7 174 129 86 636 102 79 82 0 60 0 407 722 417 734 187 0 671 0 476 348 273 33 264
247 GCG 61 344 776 982 359 218 518 288 359 355 548 3149 44 0 136 111 254 104 252 130 725 50 0 363 289 359 130 227 211 5 54 470 192 475 129 23 41 126 9.97848e+06 579 176 31 382 126 103 248 104 19 0 69 0 147 2068 303 198 1224 0 807 11 322 1045 81 297 325
248 GCA 482 72 360 39 1360 113 309 1617 163 236 44 742 123 185 779 216 1230 120 751 127 60 248 161 15 79 84 150 140 3148 971 383 1001 198 460 403 1059 9.97507e+06 387 336 456 116 137 121 125 87 296 143 39 0 215 0 4 207 462 42 179 0 98 48 0 2576 321 870 38
249 CCA 1 100 6 18 187 11 585 240 875 191 123 119 34 5 58 66 592 141 154 78 9.98807e+06 669 16 423 293 49 1197 640 358 200 156 130 22 39 42 51 29 154 777 380 91 61 453 74 174 35 104 39 0 121 0 57 37 40 142 86 0 75 0 276 696 71 18 68
250 GAC 18 142 17 22 122 103 206 73 78 94 121 20 230 38 32 13 552 76 1401 81 45 4 64 12 67 80 43 46 32 147 125 26 86 9.99192e+06 44 357 169 352 73 24 37 111 114 53 46 39 282 342 0 285 0 303 131 144 15 31 0 116 7 218 145 45 54 330
251 TCT 198 260 468 67 413 320 1334 2654 191 762 673 238 247 12 976 898 4467 846 682 106 30 48 175 0 750 2344 2688 1321 332 177 3449 2363 134 716 157 185 105 88 614 330 101 63 270 263 83 12 49 27 0 3073 0 436 121 985 210 9.9445e+06 0 170 13222 48 1155 1104 225 2062
252 CAG 182 452 162 172 91 92 0 123 160 0 249 124 40 267 14 35 85 292 9.98717e+06 960 199 105 73 100 39 293 308 91 20 14 62 96 326 2556 46 2008 88 22 6 15 10 34 0 15 114 73 60 14 0 47 0 89 146 4 447 272 0 147 13 44 144 604 457 133
253 CGT 122 3 23 21 5 8 5 30 191 377 230 269 84 36 393 116 89 25 0 55 24 52 65 154 682 0 66 9.99284e+06 53 301 48 265 9 133 3 66 23 62 128 111 134 129 475 119 0 205 398 4 0 51 0 38 179 80 40 273 0 85 57 42 43 40 440 3
254 ATC 153 119 78 12 62 24 13 132 97 687 125 62 320 9.9924e+06 61 55 275 66 237 25 33 106 14 32 22 47 301 7 22 210 158 188 161 88 218 0 109 75 25 95 5 35 47 12 0 40 132 260 0 16 0 12 95 376 76 381 0 0 41 16 727 150 539 122
255 GCC 19 136 62 43 52 444 0 313 154 522 112 553 99 0 104 75 0 9 37 34 19 0 81 89 40 84 56 168 119 4 35 15 495 248 36 183 81 9.98934e+06 344 1478 790 487 40 242 105 0 97 97 0 134 0 739 72 512 43 406 0 144 63 102 72 105 47 16
256 TTT 142 13 0 239 75 106 42 11 85 227 282 96 10 249 303 64 399 227 163 70 215 37 396 51 420 48 471 203 478 117 211 625 42 52 263 52 162 0 162 55 87 18 80 33 53 54 103 6 0 2158 0 3465 259 268 143 287 0 222 11926 6 135 130 97 9.97361e+06
257 TAT 17 4 47 8 2 0 0 58 15 40 0 15 25 54 149 18 27 459 127 305 157 65 11 156 10 34 35 0 27 58 4 30 6 64 13 58 52 9 42 32 21 0 23 0 79 169 49 90 0 68 0 9.99665e+06 40 22 35 41 0 165 8 103 70 0 60 74
258 AGA 49 74 241 8 39 13 14 37 9.99155e+06 169 322 26 23 0 100 26 57 158 274 216 39 32 37 137 1103 332 421 194 423 353 0 98 101 20 66 58 93 38 10 101 328 0 191 192 13 0 11 31 0 17 0 41 554 493 19 86 0 18 58 126 650 0 33 83
259 TTA 0 0 55 146 68 23 6 25 195 131 55 71 18 106 276 5 6 16 96 85 28 92 172 0 10 46 196 72 425 52 375 1034 6 21 52 149 6 65 38 33 12 16 63 21 10 87 71 72 0 54 0 53 4 24 52 34 0 217 18 92 9.99381e+06 40 997 0
260 CTA 11 10 57 78 0 72 27 13 35 30 62 148 33 46 285 36 129 9 140 31 55 37 0 23 58 139 25 88 9.99418e+06 2143 161 104 0 170 24 23 9 31 0 15 9 127 19 0 4 128 23 62 0 4 0 38 34 0 33 36 0 25 153 22 28 5 662 46
261 GAC 64 0 176 47 13 84 0 219 156 114 54 38 61 118 18 15 214 86 73 189 44 11 6 34 161 7 105 14 72 10 14 4 75 9.99583e+06 18 20 25 4 20 27 88 125 46 56 36 63 300 37 0 519 0 20 36 55 193 53 0 6 38 17 5 32 4 29
262 GAG 548 161 143 93 62 21 18 14 214 63 35 67 99 12 40 25 167 22 76 167 38 89 77 5 25 273 104 30 0 14 62 38 335 94 9.99445e+06 95 6 132 25 87 90 10 349 0 172 64 174 131 0 28 0 117 245 154 29 85 0 103 8 58 53 51 51 6
263 TTC 5 22 95 39 90 47 222 63 51 344 0 81 38 485 0 117 114 0 92 41 41 62 26 16 23 64 13 28 10 26 129 81 12 34 45 10 22 38 60 69 10 84 9 36 79 30 8 20 0 69 0 61 147 126 123 95 0 38 95 84 277 9.99482e+06 49 984
264 TTC 77 64 156 79 32 13 0 11 9 49 0 202 15 43 20 20 271 126 4 127 64 25 45 0 38 86 35 15 261 9 79 151 60 14 46 14 8 56 11 24 50 94 128 89 93 110 355 358 0 182 0 449 289 110 120 62 0 204 0 376 158 9.9939e+06 148 367
