# POSITION WT AAA AAC AAG AAT ACA ACC ACG ACT AGA AGC AGG AGT ATA ATC ATG ATT CAA CAC CAG CAT CCA CCC CCG CCT CGA CGC CGG CGT CTA CTC CTG CTT GAA GAC GAG GAT GCA GCC GCG GCT GGA GGC GGG GGT GTA GTC GTG GTT TAA TAC TAG TAT TCA TCC TCG TCT TGA TGC TGG TGT TTA TTC TTG TTT
1 ATG 36 27 4 15 806 87 658 0 367 0 93 0 52 861 493230 146 0 0 0 0 4 22 19 5 79 54 153 173 235 130 122 295 135 2 159 0 43 59 114 5 239 435 245 1 0 0 0 0 0 104 0 267 3 1 4 1 0 19 0 2 399 9 24 57
2 ATT 49 36 47 87 34 24 15 40 1 18 3 2 8 24 0 497850 31 156 160 3 1 16 3 3 4 36 5 19 6 14 9 8 0 8 0 9 13 184 28 16 10 0 19 5 59 151 85 249 0 139 0 36 1 20 10 24 0 0 88 0 2 56 13 63
3 GAG 23 33 82 26 216 40 69 287 3 122 344 13 22 14 0 26 172 250 185 118 5 58 18 1 69 74 173 109 175 31 5 48 39 32 495550 37 0 0 0 0 14 22 11 36 3 1 6 18 0 25 0 65 179 9 43 148 0 0 22 0 172 355 35 367
4 CAA 81 40 246 122 8 8 29 139 8 13 0 16 11 25 0 36 497611 0 13 0 15 78 32 39 1 81 10 60 37 369 85 78 6 0 37 0 0 0 0 0 2 75 92 136 102 8 15 11 0 6 0 20 18 10 1 6 0 21 110 13 2 0 18 0
5 GAC 2383 9 6121 33 588 664 346 135 3 438 723 237 2557 138 0 1439 849 30 887 6 28 37 95 35 196 70 6 75 261 469 31 320 63 478726 266 86 39 34 38 3 31 92 196 24 0 0 1 2 0 0 0 0 5 89 169 146 0 11 124 16 318 72 99 141
6 GGC 732 2132 2444 76 18 508 41 307 50 754 72 10 444 1084 395 448 14 0 14 0 2324 986 447 575 153 134 11 38 5 41 88 24 852 62 76 22 139 23 72 392 36 479873 36 20 102 94 197 232 0 234 0 76 1066 803 18 106 0 0 483 0 50 220 58 289
7 CTT 103 0 240 0 0 0 0 0 46 0 54 5 0 0 0 0 0 3 0 0 5 4 25 10 56 11 169 6 0 17 81 498057 60 0 41 0 50 57 103 5 15 4 8 28 4 2 0 0 0 0 0 0 0 0 3 4 0 141 0 534 27 0 22 0
8 CAT 0 672 0 830 0 0 0 0 406 598 1557 302 0 0 645 0 0 61 0 447140 250 476 226 271 959 153 1096 285 1621 1061 908 37 8431 84 9407 893 0 0 0 0 41 192 76 123 52 348 23 466 0 0 0 0 589 300 750 423 0 1301 0 13349 549 0 3049 0
9 GCA 48 80 16 57 15 4 13 2 0 15 9 11 107 308 0 88 0 0 0 0 240 37 17 53 1 22 5 10 3 35 21 5 25 0 52 0 498253 15 20 17 23 34 52 86 40 41 8 3 0 0 0 0 7 15 20 14 0 0 0 0 40 0 13 0
10 GGA 0 0 0 0 24 0 3 44 0 2 0 4 0 0 0 0 0 0 0 0 16 3 17 4 0 0 0 0 25 6 5 10 0 0 0 0 0 0 0 0 499502 13 43 3 16 3 61 77 0 0 0 0 5 10 33 3 0 49 0 11 6 0 2 0
11 TCT 6 0 15 0 78 91 82 100 408 6 467 65 237 887 3804 1004 82 1071 929 375 298 227 359 486 1331 1794 2175 1005 2883 403 3301 981 56 199 74 104 4 2 17 23 47 87 13 22 78 414 3 137 0 2842 0 1038 11 5 24 465577 0 689 28 841 1628 525 340 222
12 CCC 0 0 0 0 26 11 6 32 3 2 2 8 0 0 0 0 0 0 0 0 40 499650 4 5 8 16 4 2 5 12 3 5 0 24 0 12 25 27 5 10 0 0 0 0 2 8 13 3 0 0 0 0 8 8 4 3 0 0 0 0 2 0 2 0
13 GCT 54 0 73 0 31 43 59 72 17 78 38 56 0 0 0 0 50 36 5 7 1 13 8 1 57 99 0 11 1 8 8 23 6 274 51 166 80 0 12 498231 22 5 5 9 50 31 5 87 0 0 0 0 19 55 22 12 0 0 0 0 4 0 5 0
14 GCA 95 11 49 25 45 54 56 64 8 9 14 50 0 0 51 0 0 0 0 0 17 81 27 39 41 15 20 44 10 1 0 1 10 9 27 59 498625 78 13 24 27 50 7 9 2 3 22 12 0 0 0 0 44 10 43 42 0 15 0 19 20 0 3 0
15 TGG 0 0 0 0 0 0 0 0 45 18 12 7 0 0 0 0 0 0 0 0 0 0 0 0 28 13 41 92 21 21 8 2 0 0 0 0 0 0 0 0 10 7 4 31 0 0 0 0 0 0 0 0 45 1 7 6 0 4 499490 28 1 0 58 0
16 GTG 547 46 104 38 47 114 64 97 301 12 29 67 0 0 0 0 98 0 133 0 0 0 0 0 346 14 10 413 7 35 29 31 11 0 122 0 44 250 56 76 16 89 166 7 32 17 496065 22 0 48 0 21 30 61 119 45 0 9 0 37 3 0 72 0
17 GAA 0 0 0 0 3 21 3 0 1 50 18 1 0 0 0 0 65 15 84 7 4 8 30 6 22 49 5 4 1 3 4 5 499219 0 31 0 4 12 18 7 22 19 10 8 2 13 4 12 0 0 0 0 151 12 5 3 0 0 31 0 6 0 2 0
18 CGT 39 24 291 2 0 0 0 0 3 45 29 37 0 0 0 0 0 0 0 0 9 33 2 6 59 18 63 498644 5 26 18 34 127 17 24 41 5 7 0 14 36 35 72 40 2 11 7 25 0 0 0 0 14 10 27 8 0 50 0 21 18 0 2 0
19 TTG 0 0 0 0 0 0 0 0 11 0 14 0 0 0 41 0 0 0 0 0 0 0 0 0 8 1 24 7 69 28 32 36 0 0 0 0 0 0 0 0 0 0 0 0 0 0 0 0 0 0 0 0 0 0 0 0 0 0 0 0 49 0 499680 0
20 TTC 9 0 35 0 83 17 54 241 327 10 443 13 119 80 92 17 7 74 19 72 1 21 125 6 96 348 10 462 24 13 113 42 66 27 247 42 6 59 133 75 8 2 2 17 37 55 19 11 0 26 0 8 5 9 21 30 0 61 0 68 21 495922 33 17
21 GGA 0 18 0 18 0 0 0 0 20 9 5 23 0 0 0 0 0 0 0 0 0 0 0 0 4 5 5 3 3 3 6 0 0 17 0 10 0 0 0 0 499562 6 67 19 2 11 45 6 0 0 0 0 4 9 52 38 0 0 0 0 27 0 3 0
22 TAT 0 0 0 0 0 0 0 0 0 9 0 2 0 0 0 0 0 0 0 0 0 0 0 0 0 0 0 0 5 13 1 3 0 16 0 20 2 6 11 6 0 0 0 0 0 0 0 0 0 8 0 499828 5 27 5 3 0 0 0 0 7 0 23 0
23 GAT 0 6 0 62 4 39 20 54 14 7 18 19 10 29 0 27 4 12 24 17 0 0 0 0 33 32 12 2 17 0 9 4 0 6 0 499400 0 0 0 0 6 18 3 7 0 0 0 0 0 37 0 9 7 2 11 9 0 0 0 0 3 0 7 0
24 TGG 0 0 0 0 8 1 6 7 7 10 6 9 0 0 0 0 0 0 0 0 0 0 0 0 53 1 32 22 11 8 15 26 0 0 0 0 0 0 0 0 21 10 7 7 0 0 0 0 0 0 0 0 9 10 12 0 0 9 499522 91 34 0 46 0
25 GCA 18 0 93 0 261 721 80 458 147 868 6 59 307 17 0 1006 1089 0 1074 0 0 0 0 0 289 30 57 61 9 8 1 26 176 1662 6049 661 484089 8 4 9 8 18 11 23 17 6 31 19 0 0 0 0 341 31 63 80 0 0 0 0 9 0 0 0
26 CAA 0 0 0 0 10 8 5 0 8 4 29 1 3 23 0 5 499153 49 48 50 0 6 16 11 145 53 0 38 52 14 9 73 43 0 3 0 0 0 0 0 0 0 0 0 0 0 0 0 0 0 0 0 13 0 23 24 0 0 0 0 57 0 24 0
27 CAA 0 5 0 68 263 54 79 50 23 89 24 0 89 1387 0 6903 488562 0 7 0 32 48 31 34 36 5 13 23 421 89 111 208 0 0 0 0 76 58 126 163 0 0 0 0 104 104 180 6 0 0 0 0 4 128 94 23 0 0 0 0 190 0 90 0
28 ACA 0 25 0 16 499111 78 32 0 1 9 18 11 4 11 0 7 0 84 0 3 6 9 2 10 11 5 16 19 0 25 2 8 0 0 0 0 26 90 59 96 0 0 0 0 0 0 0 0 0 94 0 5 22 8 38 22 0 0 0 0 5 0 12 0
29 ATC 0 0 0 0 0 0 0 0 0 1 0 11 23 499630 0 18 25 0 18 0 2 23 5 4 0 0 0 0 4 24 25 7 0 0 0 0 0 0 0 0 5 9 2 8 20 3 1 4 0 10 0 17 4 3 0 68 0 0 0 0 16 0 10 0
30 GGC 0 0 0 0 0 0 0 0 21 11 8 55 0 0 0 0 0 0 0 0 0 0 0 0 19 19 1 7 0 0 0 0 0 0 0 0 0 0 0 0 22 499678 21 31 8 23 14 9 0 0 0 0 6 12 29 6 0 0 0 0 0 0 0 0
31 TGC 3520 0 278 0 0 0 0 0 57 25 237 7 6 12 0 9 377 9 531 15 0 0 0 0 123 85 1 102 70 44 86 58 24 0 0 0 3 4 1 20 15 2 22 9 25 10 12 13 0 0 0 0 8 7 8 6 0 494027 0 1 82 16 15 18
32 AGT 0 0 0 0 19 13 7 16 20 16 9 499558 14 4 0 48 0 0 0 0 0 0 0 0 22 22 7 2 0 7 7 17 0 0 0 0 0 0 0 0 0 0 0 0 0 0 0 0 0 0 0 0 12 98 2 66 0 0 0 0 9 0 5 0
33 GAC 24 25 123 16 474 609 723 306 81 219 114 676 30 15 0 12 18 0 15 28 47 217 72 79 85 104 18 18 32 50 53 8 7 493575 19 22 6 23 54 7 143 170 73 15 1 13 12 27 0 9 0 19 429 301 282 404 0 8 0 20 43 0 27 0
34 GCC 0 0 0 0 0 0 0 0 16 18 7 17 0 0 0 0 33 0 9 0 0 0 0 0 36 0 2 14 0 0 0 0 26 0 1 0 0 499683 28 7 2 11 5 4 0 0 0 0 0 0 0 0 0 21 60 0 0 0 0 0 0 0 0 0
35 GCC 0 118 0 45 318 118 175 114 0 126 20 36 11 26 0 156 0 113 0 2 33 6 0 1 9 6 1 14 6 14 13 15 54 0 20 0 41 497626 25 80 33 1 6 1 42 14 38 32 0 0 0 0 143 2 251 8 0 0 0 0 1 54 3 29
36 GTA 0 0 0 0 0 0 0 0 3 0 11 0 0 0 0 0 0 0 0 0 0 0 0 0 2 0 0 2 3 15 14 0 0 0 0 0 0 0 0 0 1 0 23 8 499851 54 2 5 0 0 0 0 0 0 0 0 0 0 0 0 0 0 6 0
37 TTT 0 0 0 0 0 0 0 0 0 12 0 7 0 0 0 0 0 0 0 0 0 0 0 0 0 0 0 0 0 8 6 3 0 0 0 0 0 0 0 0 0 0 0 0 0 0 0 0 0 0 0 0 25 11 31 11 0 0 0 0 5 9 7 499865
38 CGC 0 0 0 0 0 0 0 0 6 23 27 0 0 0 0 0 0 0 0 0 0 0 0 0 42 499680 15 7 22 8 46 31 0 0 0 0 0 0 0 0 5 7 7 7 0 0 0 0 0 0 0 0 5 23 4 20 0 0 0 0 8 0 7 0
39 CTT 0 0 0 0 0 0 0 0 2 0 5 0 0 0 0 0 0 0 0 0 0 0 0 0 2 0 17 7 20 17 4 499704 0 0 0 0 0 0 0 0 45 50 81 10 0 0 0 0 0 0 0 0 0 0 0 0 0 0 0 0 16 0 20 0
40 AGT 0 0 0 0 4 31 22 40 2 46 3 499330 25 10 0 2 8 3 22 26 0 0 0 0 15 6 11 68 0 0 0 0 0 0 0 0 0 0 0 0 3 18 13 11 9 5 5 36 0 0 0 0 27 21 6 36 0 0 136 0 0 0 0 0
41 GCT 0 37 0 5 17 0 0 7 0 7 0 19 0 0 0 0 13 0 82 0 0 0 0 0 0 0 0 0 0 0 0 0 65 0 9 0 120 23 24 499220 0 0 0 0 3 30 2 5 0 0 0 0 15 30 21 7 0 217 0 22 0 0 0 0
42 CAG 0 0 0 0 214 386 1388 14 21 26 25 1 0 0 0 0 41 0 497136 0 21 51 37 3 78 27 153 20 3 1 4 11 1 4 80 15 0 10 3 3 0 0 0 0 43 18 52 10 0 0 0 0 5 42 8 21 0 0 0 0 2 13 7 2
43 GGA 0 232 0 18 6 17 50 11 44 947 21 172 0 0 0 0 0 53 0 36 0 0 0 0 51 15 27 6 0 10 1 7 0 0 0 0 4 2 5 16 496693 9 10 25 23 1 8 15 0 0 0 0 173 552 127 551 0 0 0 0 6 15 15 26
44 AGG 80 0 10 0 0 0 0 0 5 0 499537 0 0 0 0 0 0 0 0 0 10 11 4 2 4 45 76 14 23 0 16 13 0 0 0 0 2 10 1 7 39 23 41 19 0 0 0 0 0 0 0 0 0 0 0 0 0 0 0 0 2 0 6 0
45 CCG 38 57 29 12 7 10 11 8 40 7 58 1 0 0 0 0 27 0 49 0 50 3 499172 38 54 24 57 47 10 3 4 2 10 0 35 0 1 5 17 6 10 8 3 13 0 0 0 0 0 42 0 4 8 1 0 10 0 0 0 0 4 0 5 0
46 GTG 0 47 0 0 74 159 64 95 0 81 11 71 0 0 0 0 0 0 0 0 22 58 20 14 1 5 15 0 10 10 16 4 0 26 0 21 327 331 278 114 66 10 90 32 2 13 497588 47 0 0 0 0 19 47 2 17 0 73 0 59 41 0 20 0
47 TTG 38 0 52 0 0 0 0 0 0 0 2 0 0 0 0 0 16 16 12 124 12 20 11 2 51 17 40 9 5 23 33 86 0 0 0 0 0 0 0 0 10 13 1 4 0 0 0 0 0 16 0 16 0 0 0 0 0 0 0 0 8 26 499287 50
48 TTC 0 0 0 0 0 0 0 0 0 11 0 3 0 0 0 0 0 0 0 0 0 0 0 0 0 0 0 0 1 31 12 2 0 0 0 0 0 0 0 0 0 0 0 0 32 14 3 3 0 0 0 0 21 0 0 5 0 0 0 0 3 499831 1 27
49 GTT 0 0 0 0 0 0 0 0 0 0 0 0 0 0 0 0 0 0 0 0 0 0 0 0 0 0 0 0 30 2 24 15 38 0 4 0 8 7 10 5 5 7 8 2 30 113 33 499633 0 0 0 0 0 0 0 0 0 0 0 0 14 0 12 0
50 AAG 49 0 499742 0 0 0 0 0 4 27 13 8 0 0 0 0 0 0 0 0 0 0 0 0 3 32 6 28 0 0 0 0 0 0 0 0 0 0 0 0 0 0 0 0 12 1 23 2 0 0 0 0 13 2 35 0 0 0 0 0 0 0 0 0
51 ACC 0 12 0 28 23 499743 16 48 11 14 3 1 0 0 0 0 8 0 11 0 0 0 0 0 1 11 6 3 8 2 9 2 0 0 0 0 2 0 0 3 0 0 0 0 0 0 0 0 0 0 0 0 15 4 7 8 0 0 0 0 1 0 0 0
52 GAT 0 0 0 0 1 1 7 10 0 358 0 17 180 434 14 472 470 0 468 0 0 0 0 0 0 0 0 0 1 48 99 26 15 6 10 490398 1339 1678 2657 597 15 5 4 4 24 80 24 9 0 0 0 0 81 20 93 227 0 12 0 66 4 0 26 0
53 TTG 14583 57 22240 281 624 229 1596 513 737 3464 867 611 1424 839 713 274 0 5449 0 666 1639 843 4429 2834 2876 88 175 665 6 5 12 5 284 3134 352 4384 2490 3749 1064 5271 1492 3317 2091 3334 83401 65301 7440 46010 0 514 0 409 1270 5425 9522 4096 0 0 747 0 3 281 175777 98
54 TCT 0 1 0 11 0 0 0 0 62 18 46 37 0 0 0 0 0 66 0 5 10 6 0 12 96 50 9 11 4 0 1 3 3 0 3 0 0 0 0 0 0 0 0 0 1 0 5 0 0 0 0 0 120 43 12 499359 0 0 0 0 4 0 2 0
55 GGG 0 0 0 0 61 139 15 178 55 36 21 68 0 0 0 0 116 9 36 96 0 0 0 0 25 35 54 14 11 100 163 5 0 0 0 0 3 13 6 42 22 41 497619 29 269 100 15 99 0 0 0 0 32 24 70 33 0 8 0 18 188 80 17 35
56 GCG 0 0 0 0 8 8 2 16 4 10 17 0 17 7 0 10 0 5 0 98 18 6 5 23 3 4 3 2 0 0 0 0 0 98 0 72 24 17 499442 7 0 0 0 0 0 0 0 0 0 0 0 0 4 6 62 2 0 0 0 0 0 0 0 0
57 CTA 0 0 0 0 0 0 0 0 150 0 65 0 0 0 0 0 0 81 0 48 238 249 54 76 134 35 20 220 498430 19 53 19 0 0 0 0 0 0 0 0 0 0 0 0 0 0 0 0 0 0 0 0 0 0 0 0 0 0 0 0 78 0 31 0
58 AAC 80 499405 5 46 0 18 14 4 3 0 26 1 0 0 0 0 0 21 0 12 0 0 0 0 16 6 46 31 4 5 4 1 15 0 5 0 8 12 42 19 1 5 14 20 1 43 8 1 0 0 0 0 3 8 18 8 0 0 0 0 4 0 17 0
59 GAG 0 0 0 0 0 0 0 0 4 21 11 19 0 0 0 0 0 0 0 0 0 0 0 0 7 2 0 2 9 14 15 4 37 0 499771 64 0 0 0 0 0 0 0 0 0 0 0 0 0 0 0 0 4 0 4 8 0 0 0 0 1 0 3 0
60 CTG 0 0 0 0 0 0 0 0 7 19 19 11 21 27 21 7 0 0 0 0 6 15 27 3 2 21 14 2 25 5 499555 32 0 33 0 16 9 0 6 29 0 0 0 0 0 7 0 14 0 0 0 0 17 7 7 7 0 0 0 0 0 0 9 0
61 CAA 53 0 9 0 4 34 5 1 26 15 41 4 0 0 0 0 499068 98 23 17 0 0 20 6 7 8 11 20 2 1 5 13 57 119 25 51 6 30 4 17 13 3 2 21 18 11 6 1 0 9 0 41 9 4 0 10 0 0 0 0 8 8 19 17
62 GAT 0 0 0 0 34 3 12 5 0 2 0 20 0 0 0 0 0 0 0 0 0 0 0 0 0 0 0 0 1 3 26 0 18 1 289 499484 0 0 0 0 0 0 0 0 15 5 5 14 0 0 0 0 1 0 0 1 0 9 0 21 12 0 19 0
63 GAG 21 0 8 0 0 0 0 0 9 10 7 9 0 0 0 0 7 0 22 0 5 17 6 3 23 17 10 3 9 14 56 4 5 13 499500 37 2 10 7 4 17 2 51 15 0 0 0 0 0 0 0 0 0 16 4 10 0 0 0 0 21 0 26 0
64 GCG 7 0 33 0 0 0 0 0 15 0 11 18 0 0 0 0 0 0 0 0 0 0 0 0 9 5 1 3 0 0 0 0 24 0 11 0 13 2 499681 24 0 0 0 0 0 0 0 0 0 0 0 0 6 108 1 28 0 0 0 0 0 0 0 0
65 GCC 0 0 0 0 0 0 0 0 14 10 6 132 0 0 0 0 0 0 0 0 9 5 12 20 42 8 7 46 0 0 0 0 30 0 157 0 6 497559 49 8 0 0 0 0 312 256 172 268 0 0 0 0 230 2 295 40 0 235 0 70 0 0 0 0
66 CGA 0 0 0 0 0 0 0 0 10 24 3 28 0 0 0 0 0 0 0 0 0 0 0 0 499743 27 15 25 4 2 4 1 0 0 0 0 0 0 0 0 1 1 8 11 0 0 0 0 0 0 0 0 42 7 6 5 0 0 0 0 6 0 27 0
67 CTT 0 0 0 0 0 0 0 0 21 8 6 41 0 0 0 0 0 75 0 167 282 291 70 3 15 5 2 3 17 7 5 498867 0 0 0 0 0 0 0 0 0 0 0 0 0 0 0 0 0 0 0 0 15 33 13 39 0 0 0 0 12 0 3 0
68 TCG 72 1 16 32 22 8 38 4 150 1 127 5 0 32 0 16 126 0 35 0 0 0 0 0 83 279 8 193 6 3 10 7 0 0 0 0 25 13 38 38 1 18 14 18 0 0 0 0 0 26 0 0 80 3 498385 63 0 0 0 0 0 0 4 0
69 TGG 0 0 0 0 9 4 13 3 0 7 0 19 0 0 0 0 0 0 0 0 0 0 0 0 0 0 0 0 16 0 14 2 0 0 0 0 4 5 5 9 20 25 4 43 0 0 0 0 0 11 0 21 2 2 7 1 0 0 499699 0 32 0 23 0
70 CTG 0 0 0 0 0 0 0 0 16 6 29 11 0 0 39 0 0 0 0 0 5 5 20 2 20 1 2 4 7 7 499637 56 0 0 0 0 0 0 0 0 0 0 0 0 18 1 43 2 0 0 0 0 4 0 0 2 0 0 0 0 1 0 62 0
71 GCC 0 0 0 0 0 0 0 0 5 31 18 44 0 0 0 0 0 0 0 0 14 21 4 22 13 9 14 0 0 0 0 0 0 0 0 0 14 499380 27 91 29 66 3 4 21 3 5 5 0 0 0 0 11 95 8 13 0 29 0 1 0 0 0 0
72 ACA 0 0 0 0 499648 24 74 67 0 33 0 8 0 0 0 0 0 0 0 0 15 8 1 4 0 0 0 0 0 0 0 0 0 0 0 0 0 0 0 0 7 10 18 6 0 0 0 0 0 0 0 0 16 24 0 6 0 30 0 1 0 0 0 0
73 ACA 0 0 0 0 499800 4 111 27 0 0 0 0 0 0 0 0 0 0 0 0 0 0 0 0 0 0 0 0 0 0 0 0 0 0 0 0 0 0 0 0 0 0 0 0 0 0 0 0 0 13 0 15 6 20 0 4 0 0 0 0 0 0 0 0
74 GGG 0 0 0 0 0 0 0 0 0 0 0 0 0 0 0 0 0 0 0 0 0 0 0 0 0 0 0 0 0 0 0 0 0 0 0 0 3 7 2 5 43 53 499745 142 0 0 0 0 0 0 0 0 0 0 0 0 0 0 0 0 0 0 0 0
75 GTT 0 0 0 0 139 28 53 15 0 0 0 0 0 0 0 0 49 0 77 0 0 0 0 0 0 0 0 0 11 4 6 11 0 0 0 0 9 2 10 15 0 0 0 0 46 44 11 499448 0 0 0 0 0 0 0 0 0 0 0 0 11 0 11 0
76 CCG 0 0 0 0 26 7 0 12 15 7 16 10 0 0 0 0 7 16 60 27 5 0 499435 27 44 8 9 16 28 3 35 9 0 0 0 0 0 0 0 0 0 1 13 14 0 0 0 0 0 0 0 0 16 8 31 62 0 0 0 0 20 0 13 0
77 TGC 0 0 0 0 11 8 3 6 3 4 20 6 0 0 0 0 0 0 0 0 0 0 0 0 8 0 7 0 5 0 0 7 0 0 0 0 0 0 0 0 12 42 12 3 21 13 21 2 0 0 0 0 6 5 22 5 0 499600 0 107 17 0 24 0
78 GCA 0 0 0 0 6 9 40 0 8 6 2 8 0 0 0 0 0 0 0 0 0 0 0 0 49 11 34 8 1 4 4 1 0 0 0 0 499672 6 17 46 0 0 0 0 0 0 0 0 0 0 0 0 9 23 13 2 0 0 0 0 11 0 10 0
79 GCG 25 24 198 83 22 12 41 0 43 28 48 20 220 77 0 133 50 67 26 18 3 3 28 27 127 41 49 35 0 0 0 0 20 0 16 0 16 7 498189 22 85 29 20 20 6 5 1 22 0 0 0 0 3 18 32 41 0 0 0 0 0 0 0 0
80 GTT 0 0 0 0 0 0 0 0 52 0 14 0 0 0 0 0 0 0 0 0 0 0 0 0 12 16 16 2 3 10 11 17 0 0 0 0 0 0 0 0 0 0 0 0 89 40 3 499666 0 0 0 0 0 0 0 0 0 7 0 9 8 0 25 0
81 TTA 0 0 0 0 14 3 0 25 2 0 1 0 45 17 0 32 0 0 0 0 15 16 4 4 17 7 9 16 47 60 12 22 61 0 4 0 6 16 5 7 18 2 10 16 0 0 0 0 0 0 0 0 0 0 0 0 0 0 0 0 499424 0 63 0
82 GAT 0 0 0 0 0 0 0 0 0 0 0 0 0 0 0 0 0 0 0 0 0 0 0 0 0 0 0 0 0 0 0 0 0 12 0 499905 0 0 0 0 0 0 0 0 0 0 0 0 0 29 0 54 0 0 0 0 0 0 0 0 0 0 0 0
83 GTT 0 0 0 0 0 0 0 0 37 28 67 34 5 11 0 26 0 0 0 0 0 0 0 0 18 24 12 91 15 28 56 4 0 0 0 0 6 6 73 0 21 34 26 9 27 14 32 497266 0 0 0 0 35 22 16 3 0 0 0 0 29 474 28 1423
84 GTA 0 0 0 0 22 2 24 3 0 13 0 20 11 6 0 3 47 0 18 0 0 0 0 0 0 0 0 0 3 7 3 6 0 0 0 0 36 10 1 9 0 0 0 0 499585 14 9 45 0 0 0 0 22 4 16 6 0 24 0 20 6 0 5 0
85 ACG 0 0 0 0 16 63 499741 0 0 2 0 15 4 11 0 15 0 0 0 0 0 0 0 0 0 0 0 0 0 0 0 0 0 0 0 0 0 2 2 2 0 0 0 0 8 10 15 2 0 0 0 0 11 15 7 4 0 19 0 36 0 0 0 0
86 GAG 0 0 0 0 0 0 0 0 0 0 0 0 0 0 0 0 0 0 0 0 0 0 0 0 0 0 0 0 4 1 5 0 26 0 499817 0 9 0 11 18 1 23 10 36 2 16 4 0 0 0 0 0 0 0 0 0 0 0 0 0 0 0 17 0
87 GCG 8 0 47 0 0 0 0 0 0 24 0 15 1 14 73 9 0 10 0 1 14 38 3 4 6 1 18 4 16 1 11 5 0 0 0 0 10 18 499459 84 0 0 0 0 0 5 17 11 0 0 0 0 7 15 23 12 0 0 0 0 10 0 6 0
88 GGC 0 11 0 20 0 0 0 0 47 24 2 56 0 0 0 0 0 0 0 0 0 0 0 0 23 48 4 17 6 24 8 9 0 93 0 12 0 0 0 0 16 499069 0 40 18 2 7 42 0 0 0 0 47 74 162 71 0 0 0 0 20 0 28 0
89 AGG 0 0 0 0 0 13 12 5 14 10 499547 2 0 0 0 0 0 20 0 34 0 0 0 0 23 73 101 7 0 0 0 0 0 0 0 0 0 0 0 0 14 28 8 13 0 0 0 0 0 0 0 0 2 52 8 14 0 0 0 0 0 0 0 0
90 GAT 0 0 0 0 6 14 3 3 9 15 5 16 0 0 0 0 0 0 0 0 0 0 0 0 5 4 5 4 0 0 0 0 0 54 0 499754 7 19 9 3 5 6 26 9 0 0 0 0 0 0 0 0 7 1 11 0 0 0 0 0 0 0 0 0
91 TGG 0 0 0 0 0 0 0 0 1 25 4 43 0 0 0 0 31 0 2 0 0 0 0 0 7 14 12 11 2 4 21 13 0 0 0 0 0 0 0 0 35 15 18 3 0 0 0 0 0 0 0 0 11 0 5 1 0 11 499639 56 2 0 14 0
92 CTA 0 0 0 0 0 0 0 0 0 0 0 0 0 0 0 0 0 0 0 0 8 7 2 8 0 0 0 0 499735 60 0 28 0 0 0 0 18 15 9 13 0 0 0 0 0 0 0 0 0 0 0 0 0 0 0 0 0 11 0 11 59 0 16 0
93 TTA 0 0 0 0 0 0 0 0 0 0 23 12 0 0 0 0 0 0 0 0 11 28 16 9 17 7 8 10 13 61 26 33 0 0 0 0 0 0 0 0 0 0 0 0 10 1 13 28 0 0 0 0 12 4 2 3 0 0 0 0 499612 25 9 7
94 TTA 0 0 0 0 26 23 25 45 7 0 17 0 0 0 0 0 0 0 0 0 24 11 6 17 20 2 7 5 39 20 44 5 0 0 0 0 0 0 0 0 0 0 0 0 0 0 0 0 0 0 0 0 0 0 0 0 0 0 0 0 499656 0 1 0
95 GGT 0 0 0 0 0 0 0 0 18 7 57 6 0 0 0 0 0 0 0 0 0 0 0 0 21 10 8 4 0 6 8 16 0 0 0 0 0 0 0 0 47 16 12 499606 12 21 24 24 0 0 0 0 7 15 7 1 0 2 0 18 27 0 0 0
96 GAG 40 0 20 0 0 0 0 0 5 0 3 0 0 0 0 0 15 0 17 0 0 0 0 0 6 0 13 4 1 8 1 7 48 0 499672 0 52 0 4 4 24 2 36 3 0 0 0 0 0 0 0 0 0 0 0 0 0 0 0 0 9 0 6 0
97 GTT 0 0 0 0 8 1 5 12 30 0 3 0 0 0 0 0 0 0 0 0 0 0 0 0 3 48 9 19 23 13 1 13 0 0 0 0 0 0 0 0 15 12 0 7 29 12 12 499704 0 0 0 0 0 0 0 0 0 0 0 0 19 0 2 0
98 CCG 0 0 0 0 8 24 3 6 4 4 20 18 0 0 0 0 15 0 11 0 7 12 499657 11 19 4 35 44 5 3 4 11 0 0 0 0 0 0 0 0 7 4 16 7 0 0 0 0 0 0 0 0 1 6 5 1 0 0 0 0 13 0 15 0
99 GGG 0 0 0 0 0 0 0 0 13 2 0 12 0 0 0 0 0 0 0 0 0 0 0 0 1 11 14 18 0 0 0 0 0 0 0 0 1 0 26 0 42 59 499630 44 0 21 11 10 0 0 0 0 3 32 5 12 0 20 0 13 0 0 0 0
100 CAA 42 0 12 0 3 10 7 14 8 6 1 6 0 0 0 0 499662 0 2 0 13 9 8 39 1 20 4 18 0 5 15 4 23 0 19 0 0 0 0 0 0 0 0 0 0 0 0 0 0 0 0 0 1 6 2 4 0 0 0 0 33 0 3 0
101 GAC 0 0 0 0 0 0 0 0 0 81 0 44 0 0 0 0 0 0 0 0 0 0 0 0 0 0 0 0 0 0 0 0 0 498812 0 64 46 7 126 262 67 11 3 62 41 110 142 15 0 0 0 0 61 23 14 9 0 0 0 0 0 0 0 0
102 TTG 0 0 0 0 0 0 0 0 2 0 42 0 0 0 0 0 0 0 0 0 3 1 34 14 47 16 17 20 16 4 22 58 0 0 0 0 18 5 27 18 0 0 0 0 0 0 0 0 0 0 0 0 0 0 0 0 0 0 0 0 127 0 499509 0
103 CTT 0 0 0 0 0 0 0 0 1 3 4 0 0 0 0 0 0 0 0 0 2 7 14 3 7 0 2 12 4 92 31 499770 0 0 0 0 0 0 0 0 0 0 0 0 0 0 0 0 0 0 0 0 23 9 1 8 0 0 0 0 7 0 0 0
104 AGT 0 0 0 0 221 309 13 77 14 20 15 487897 470 428 0 3053 0 0 0 0 0 0 0 0 35 0 7 12 59 47 42 311 0 0 0 0 0 0 0 0 1774 1121 354 1238 544 33 151 997 0 0 0 0 1 12 25 4 0 0 0 0 356 0 360 0
105 TCC 0 0 0 0 0 0 0 0 7 29 7 2 0 0 0 0 0 0 0 0 0 0 0 0 23 8 12 11 3 7 5 10 0 0 0 0 0 0 0 0 73 0 17 5 0 0 0 0 0 0 0 0 26 499617 68 22 0 0 0 0 12 0 36 0
106 CAC 0 0 0 0 0 0 0 0 4 23 13 33 0 0 0 0 36 499217 63 10 11 34 110 36 26 1 19 1 0 0 0 0 16 22 107 48 3 2 5 23 6 10 33 7 0 0 0 0 0 0 0 0 6 12 10 30 0 17 0 6 0 0 0 0
107 CTG 0 0 0 0 0 0 0 0 0 0 0 0 0 0 0 0 0 0 0 0 0 1 34 1 0 0 0 0 38 10 499667 59 0 0 0 0 0 0 0 0 0 0 0 0 3 9 4 3 0 0 0 0 0 0 0 0 0 0 0 0 152 0 19 0
108 GCC 0 0 0 0 0 0 0 0 0 40 0 11 0 0 0 0 0 0 0 0 248 46 25 40 0 0 0 0 0 0 0 0 16 0 18 0 19 499269 3 25 35 15 12 12 17 12 4 33 0 0 0 0 11 26 2 61 0 0 0 0 0 0 0 0
109 CCG 0 0 0 0 4 26 1 2 5 8 6 14 0 0 0 0 25 0 2 0 1 41 499652 38 2 10 0 3 49 0 9 23 0 0 0 0 0 0 0 0 0 0 0 0 39 5 4 0 0 0 0 0 1 1 8 5 0 0 0 0 5 0 11 0
110 GCG 0 0 0 0 0 0 0 0 0 11 0 0 0 0 0 0 0 0 0 0 1 14 6 18 0 0 0 0 8 19 0 14 0 0 0 0 11 3 499826 18 0 0 0 0 0 0 0 0 0 0 0 0 0 2 11 16 0 3 0 7 9 0 3 0
111 GAG 0 0 0 0 19 7 1 14 9 0 3 0 0 0 0 0 0 0 0 0 0 0 0 0 1 1 5 5 7 9 10 24 37 0 499772 0 0 0 0 0 9 2 7 17 0 0 0 0 0 0 0 0 0 0 0 0 0 0 0 0 22 0 19 0
112 AAA 499943 0 15 0 0 0 0 0 0 0 0 0 3 18 0 21 0 0 0 0 0 0 0 0 0 0 0 0 0 0 0 0 0 0 0 0 0 0 0 0 0 0 0 0 0 0 0 0 0 0 0 0 0 0 0 0 0 0 0 0 0 0 0 0
113 GTA 0 0 0 0 19 45 33 14 2 0 2 0 0 0 0 0 0 0 0 0 0 0 0 0 6 12 12 1 10 2 12 22 0 0 0 0 0 0 0 0 6 1 6 6 499663 32 53 32 0 0 0 0 0 0 0 0 0 0 0 0 9 0 0 0
114 AGT 0 0 0 0 0 0 0 0 15 9 19 498154 0 0 0 0 0 0 0 0 27 14 2 1 13 1 9 0 8 19 17 27 0 0 0 0 268 293 47 209 11 29 7 14 5 3 1 32 0 0 0 0 24 13 42 5 0 529 0 81 31 0 21 0
115 ATA 22 0 17 0 0 0 0 0 0 0 3 15 499850 29 0 10 0 0 0 0 0 0 0 0 5 8 2 11 0 0 0 0 0 0 0 0 0 0 0 0 0 0 0 0 0 0 0 0 0 0 0 0 5 2 6 15 0 0 0 0 0 0 0 0
116 ATG 0 0 0 0 0 0 0 0 5 0 1 0 0 0 499867 0 0 0 0 0 0 0 0 0 32 1 10 36 0 0 0 0 0 0 0 0 0 0 0 0 0 0 0 0 17 10 8 13 0 0 0 0 0 0 0 0 0 0 0 0 0 0 0 0
117 GCT 0 0 0 0 1 0 2 2 1 0 3 2 0 0 0 0 0 0 0 0 0 0 0 0 2 1 1 1 0 0 0 0 0 0 0 0 21 0 58 499902 0 0 0 0 0 0 0 0 0 0 0 0 0 1 1 1 0 0 0 0 0 0 0 0
118 GAT 0 0 0 0 0 0 0 0 0 8 0 4 0 0 0 0 0 0 0 0 0 0 0 0 0 0 0 0 0 0 0 0 0 69 0 499831 1 25 12 1 0 0 0 0 17 2 10 7 0 0 0 0 8 2 3 0 0 0 0 0 0 0 0 0
119 GCT 0 0 0 0 1 1 15 1 0 6 0 13 0 0 0 0 0 0 0 0 0 0 0 0 0 0 0 0 0 0 0 0 18 0 11 0 14 24 74 499788 0 0 0 0 0 0 0 0 0 0 0 0 0 6 27 1 0 0 0 0 0 0 0 0
120 ATG 0 0 0 0 57 0 5 44 4 5 2 11 12 8 499452 1 0 0 15 0 0 0 0 0 18 4 6 14 10 61 75 2 0 0 0 0 0 0 0 0 4 30 6 8 11 6 3 13 0 0 0 0 1 0 2 1 0 0 0 0 71 0 38 0
121 AGG 0 0 0 0 0 18 9 41 91 50 499425 3 12 0 0 29 0 0 0 0 7 17 3 13 25 28 2 8 24 14 1 15 0 0 0 0 0 0 0 0 24 5 3 2 0 0 0 0 0 10 0 23 17 4 9 29 0 0 0 0 25 0 14 0
122 CGT 0 0 0 0 19 5 28 1 44 0 21 80 0 0 0 0 0 0 0 0 0 0 0 0 37 78 2 497771 37 220 149 256 0 0 0 0 10 30 8 6 8 21 6 3 4 15 23 13 0 0 0 0 23 53 4 63 0 0 48 0 517 0 397 0
123 TTA 0 0 0 0 0 0 0 0 33 1 0 4 0 0 0 0 0 0 0 0 0 0 0 0 15 11 5 58 4 33 24 16 0 0 0 0 0 0 0 0 9 17 2 3 39 20 18 6 0 0 0 0 0 3 2 11 0 0 0 0 499619 0 47 0
124 CAC 0 0 0 0 6 2 14 2 4 2 12 12 0 0 0 0 28 499685 3 51 8 8 10 19 9 2 0 0 4 0 1 3 0 31 0 21 0 0 0 0 0 0 0 0 0 0 0 0 0 0 0 0 11 5 20 22 0 0 0 0 2 0 3 0
125 ACA 0 6 0 38 499452 6 38 7 14 43 2 50 0 0 0 0 0 0 0 0 1 11 27 14 2 17 21 36 0 0 0 0 0 0 0 0 17 45 1 28 6 16 6 5 0 0 0 0 0 0 0 0 26 21 14 30 0 0 0 0 0 0 0 0
126 CTA 0 0 0 0 0 0 0 0 8 0 5 0 0 0 0 0 0 0 0 0 88 17 0 6 23 18 14 3 499732 6 13 21 0 0 0 0 0 0 0 0 0 0 0 0 2 7 6 8 0 0 0 0 0 0 0 0 0 0 0 0 1 0 22 0
127 GAT 0 0 0 0 0 0 0 0 0 5 0 6 0 0 0 0 7 0 9 0 0 0 0 0 0 0 0 0 0 0 0 0 0 62 0 499826 0 0 0 0 0 0 0 0 0 0 0 0 0 12 0 22 21 4 11 15 0 0 0 0 0 0 0 0
128 CCA 0 0 0 0 3 2 23 5 5 15 4 0 0 0 0 0 0 0 0 0 499788 45 17 20 13 2 3 2 10 3 0 6 0 0 0 0 0 0 0 0 0 0 0 0 0 0 0 0 0 0 0 0 3 7 0 10 0 0 0 0 1 0 13 0
129 GCA 0 0 0 0 0 0 0 0 4 1 13 5 0 0 0 0 0 0 0 0 2 22 4 9 12 10 2 24 6 8 9 3 0 0 0 0 499671 52 29 59 0 0 0 0 0 0 0 0 0 24 0 1 3 0 21 6 0 0 0 0 0 0 0 0
130 ACG 23 0 7 20 66 18 499745 4 0 17 0 2 0 0 0 0 0 0 0 0 0 0 0 0 0 0 0 0 4 3 27 24 0 0 0 0 0 0 0 0 0 0 0 0 0 0 0 0 0 0 0 0 0 3 10 0 0 0 0 0 23 0 4 0
131 TGC 0 0 0 0 2 7 19 3 7 1 4 0 0 0 0 0 0 0 0 0 0 0 0 0 4 0 3 1 4 11 3 12 0 0 0 0 0 0 0 0 0 0 0 0 0 0 0 0 0 0 0 0 11 5 3 6 0 499877 0 15 0 0 2 0
132 CCA 0 0 0 0 3 9 3 9 11 0 15 7 0 0 0 0 0 0 0 0 499720 22 56 17 6 0 1 10 5 7 11 6 0 0 0 0 19 7 4 2 0 0 0 0 0 0 0 0 0 0 0 0 11 10 9 12 0 0 0 0 6 0 2 0
133 TTC 0 0 0 0 0 0 0 0 0 0 0 0 0 0 0 0 0 0 0 0 0 0 0 0 0 0 0 0 2 9 1 6 0 0 0 0 0 0 0 0 0 0 0 0 0 0 0 0 0 0 0 0 0 0 0 0 0 0 0 0 11 499963 2 6
134 GAT 0 0 0 0 0 0 0 0 0 0 0 0 0 0 0 0 9 0 58 0 0 0 0 0 0 0 0 0 0 0 0 0 0 45 0 499888 0 0 0 0 0 0 0 0 0 0 0 0 0 0 0 0 0 0 0 0 0 0 0 0 0 0 0 0
135 CAC 0 0 0 0 3 24 11 1 0 0 0 0 0 0 0 0 0 499911 0 20 1 19 2 8 0 0 0 0 0 0 0 0 0 0 0 0 0 0 0 0 0 0 0 0 0 0 0 0 0 0 0 0 0 0 0 0 0 0 0 0 0 0 0 0
136 CAA 0 0 0 0 16 4 2 28 23 0 132 9 0 0 0 0 499634 0 49 0 0 0 0 0 13 5 3 23 0 0 0 0 0 0 0 0 0 0 0 0 0 0 0 0 0 0 0 0 0 0 0 0 36 3 20 0 0 0 0 0 0 0 0 0
137 GCG 26 0 15 0 25 0 12 37 86 8 260 16 389 19 87 664 35 0 35 0 0 0 0 0 113 157 2 157 45 113 13 76 0 0 0 0 38 8 496113 44 0 0 0 0 4 225 41 29 0 90 0 624 11 0 5 14 0 24 0 17 85 173 60 5
138 AAA 499836 0 21 0 0 0 0 0 19 0 26 8 0 0 0 0 0 0 0 0 0 0 0 0 3 20 13 9 0 0 0 0 0 0 0 0 8 14 3 9 0 0 0 0 0 0 0 0 0 0 0 0 1 2 2 6 0 0 0 0 0 0 0 0
139 CAC 0 25 0 34 0 0 0 0 16 9 25 3 0 0 0 0 26 499458 12 21 10 2 11 19 12 3 4 19 6 14 4 16 0 16 0 31 28 18 1 24 0 0 0 0 26 10 4 9 0 0 0 0 0 17 12 2 0 0 0 0 14 20 3 16
140 CGA 0 0 0 0 0 0 0 0 34 10 2 10 0 0 0 0 0 0 0 0 0 0 0 0 499742 1 10 11 12 7 4 15 0 0 0 0 0 0 0 0 2 14 0 40 0 0 0 0 0 0 0 0 2 7 5 37 0 0 0 0 21 0 14 0
141 ATA 0 0 0 0 8 0 6 11 4 12 8 0 499488 81 0 39 0 0 0 0 0 0 0 0 4 16 0 5 12 22 0 7 0 0 0 0 0 0 0 0 0 0 0 0 79 39 56 45 0 0 0 0 0 1 12 5 0 5 0 22 11 0 2 0
142 GAA 36 0 3 0 0 0 0 0 0 0 0 0 0 0 0 0 0 0 0 0 11 8 1 8 0 0 0 0 0 0 0 0 499893 0 3 0 0 0 0 0 8 12 11 6 0 0 0 0 0 0 0 0 0 0 0 0 0 0 0 0 0 0 0 0
143 CGA 0 0 0 0 170 12 10 242 10 8 0 11 4 1 0 6 0 7 0 2 24 23 12 7 499160 36 32 31 4 1 1 0 0 0 0 0 24 13 0 4 13 8 14 24 2 2 2 7 0 0 0 0 25 14 13 19 0 0 0 0 2 0 0 0
144 GCA 0 0 0 0 0 0 0 0 0 0 0 9 6 9 0 8 0 0 0 0 0 0 0 0 0 0 0 0 0 0 0 0 0 0 0 0 499815 18 75 28 0 0 0 0 0 0 0 0 0 0 0 0 14 8 3 7 0 0 0 0 0 0 0 0
145 AGA 0 0 0 0 0 0 0 0 498250 2 13 4 0 0 0 0 0 135 0 552 0 0 0 0 47 34 59 91 153 73 98 22 0 0 0 0 16 42 48 10 86 24 38 71 0 0 0 0 0 0 0 0 24 1 11 3 0 0 0 0 80 7 5 1
146 ACT 2 13 7 56 46 8 2 497952 32 9 12 4 212 40 0 52 200 5 188 4 2 0 7 0 18 24 40 0 164 41 131 22 22 30 17 25 26 35 6 30 2 6 0 4 60 25 11 96 0 0 0 0 3 0 2 4 0 109 0 34 127 0 33 0
147 CGC 0 0 0 0 0 0 0 0 49 6 32 35 0 0 0 0 0 0 0 0 0 0 0 0 15 499633 5 12 11 0 13 51 0 0 0 0 0 0 0 0 13 6 30 12 0 0 0 0 0 0 0 0 0 5 41 3 0 0 0 0 8 0 20 0
148 ATG 0 0 0 0 0 0 0 0 0 0 0 0 24 4 499911 13 0 0 0 0 0 0 0 0 0 0 0 0 0 0 0 0 0 0 0 0 0 0 0 0 0 0 0 0 44 3 1 0 0 0 0 0 0 0 0 0 0 0 0 0 0 0 0 0
149 GAG 150 152 105 146 0 0 0 0 0 8 40 2 84 14 0 195 82 62 30 12 0 0 0 0 8 29 17 12 62 71 54 221 21 11 497685 35 2 14 6 8 106 20 4 106 14 21 38 16 0 8 0 29 3 68 4 7 0 94 0 14 13 14 28 55
150 GCT 0 0 0 0 5 2 11 13 7 23 2 11 0 0 0 0 43 133 35 30 2 27 5 5 2 4 34 2 0 0 0 0 24 0 7 0 8 53 102 499293 0 0 0 0 0 27 16 8 0 0 0 0 13 8 38 7 0 0 0 0 0 0 0 0
151 GGA 0 58 0 3 0 0 0 0 4 2 33 6 0 0 0 0 0 0 0 0 0 0 0 0 28 34 10 10 0 0 0 0 86 0 42 0 0 0 0 0 499465 35 61 23 35 6 3 13 0 0 0 0 5 2 10 4 0 16 0 6 0 0 0 0
152 CTA 0 0 0 0 0 0 0 0 2 0 10 3 0 0 30 0 0 0 0 0 0 0 0 0 1 1 4 19 499614 44 113 90 0 0 0 0 0 0 0 0 0 0 0 0 0 0 0 0 0 0 0 27 3 3 0 14 0 0 0 0 9 0 13 0
153 GTA 0 0 0 0 22 9 7 5 11 1 4 4 55 66 121 50 0 0 0 0 79 426 59 230 17 4 2 16 46 100 244 271 0 0 0 0 0 0 0 0 7 9 1 8 497108 52 39 0 0 0 0 0 6 4 9 2 0 41 0 0 201 309 126 229
154 GAT 0 0 0 0 0 0 0 0 4 0 52 0 0 0 0 0 0 0 0 0 0 0 0 0 1 19 17 5 2 17 1 9 0 13 0 499767 0 0 0 0 17 13 7 9 1 23 13 7 0 0 0 0 0 0 0 0 0 0 0 0 2 0 1 0
155 CAA 0 0 0 0 282 32 365 483 59 7 12 31 199 247 533 325 483456 33 4 9 9 35 17 15 3 9 1 21 11 255 23 2 293 0 666 0 21 9 7 19 38 19 104 17 334 2208 361 118 0 464 0 526 20 27 1 12 0 222 7732 175 10 60 27 32
156 GAT 0 0 0 0 0 0 0 0 4 2 1 31 0 0 0 0 0 0 0 0 0 0 0 0 1 0 18 4 1 15 0 13 0 1 0 499743 14 5 18 24 0 0 0 0 0 0 0 0 0 42 0 7 5 2 9 13 0 0 0 0 10 0 17 0
157 GAT 0 0 0 0 0 0 0 0 0 0 0 0 0 0 0 0 0 0 0 0 0 0 0 0 0 0 0 0 0 0 0 0 0 9 0 499895 7 6 8 0 19 2 5 11 14 4 18 2 0 0 0 0 0 0 0 0 0 0 0 0 0 0 0 0
158 CTT 0 13 0 3 14 12 2 3 15 0 6 0 0 0 39 0 13 0 9 0 0 0 24 3 17 9 54 1 28 4 63 493819 0 0 0 0 0 0 0 0 0 0 0 0 3 10 1 12 0 180 0 709 0 0 0 0 0 0 263 0 0 630 18 4023
159 GAC 0 0 0 0 41 2 30 51 45 0 10 0 0 0 0 0 0 0 0 0 0 0 0 0 102 3 48 36 0 0 0 0 4 499450 7 6 0 0 0 0 2 10 29 48 0 0 0 0 0 74 0 2 0 0 0 0 0 0 0 0 0 0 0 0
160 GAG 0 15 0 12 0 0 0 0 7 9 32 8 0 0 0 0 194 0 11 0 0 0 0 0 38 5 14 8 2 4 23 11 35 191 498960 227 13 24 11 8 3 18 0 18 0 0 0 0 0 0 0 0 12 7 6 3 0 23 0 16 2 7 8 15
161 GAG 0 0 0 0 0 0 0 0 3 5 38 1 0 0 0 0 24 0 6 0 0 0 0 0 1 1 0 3 0 0 0 0 14 0 499858 0 6 12 3 8 0 0 0 0 0 0 0 0 0 0 0 0 5 4 6 2 0 0 0 0 0 0 0 0
162 CAT 0 163 0 654 19 2 6 14 9 14 6 1 0 0 0 0 0 28 0 498707 0 0 0 0 8 9 15 1 4 5 0 0 0 0 0 0 0 0 0 0 144 8 35 102 0 0 0 0 0 0 0 0 3 1 13 1 0 0 0 0 17 0 11 0
163 CAA 36 0 14 0 305 145 138 26 11 9 67 5 179 724 746 356 491664 6 5 23 12 21 17 2 39 7 20 22 76 1048 93 500 6 0 16 0 92 202 47 130 1 8 8 24 462 582 239 109 0 355 0 475 40 6 34 18 0 190 31 92 181 156 89 91
164 GGG 0 0 0 0 0 0 0 0 15 1 3 2 0 0 0 0 0 0 0 0 0 0 0 0 18 0 4 1 0 0 0 0 0 0 0 0 0 0 0 0 50 34 499704 50 27 6 5 19 0 0 0 0 19 9 0 6 0 11 0 16 0 0 0 0
165 CTG 0 2 0 5 35 53 13 32 0 0 0 0 24 21 16 38 0 0 0 0 4 0 1 0 1 2 1 1 2 7 499321 54 0 0 0 0 0 0 0 0 0 0 0 0 33 69 40 31 0 12 0 4 0 0 0 0 0 1 0 0 128 4 39 6
166 GCG 16 0 34 0 9 24 16 1 13 3 23 8 7 11 0 21 0 0 0 0 0 0 0 0 0 1 0 1 46 46 22 5 5 0 42 0 7 5 499392 41 0 0 0 0 1 32 5 8 0 0 0 0 14 32 0 1 0 0 0 0 63 0 45 0
167 CCC 3 0 19 0 50 16 5 16 4 0 11 2 142 41 33 194 21 0 27 0 73 497282 14 8 14 9 13 0 110 81 445 95 0 0 0 0 3 9 8 6 9 10 37 12 86 110 151 108 0 7 0 26 4 4 5 8 0 6 0 44 466 0 153 0
168 GCG 52 0 0 0 11 111 52 20 5 24 7 73 14 81 0 14 0 4 0 24 0 0 0 0 7 24 43 1 33 16 19 6 0 0 40 0 19 37 498747 61 0 0 0 0 7 8 15 8 0 0 0 0 42 127 15 103 0 0 76 0 11 8 1 34
169 GAA 0 0 0 0 0 0 0 0 0 25 0 47 0 0 0 0 59 0 141 0 7 14 3 3 0 0 0 0 11 34 9 16 499232 0 41 0 0 0 0 0 4 25 50 65 58 38 4 29 0 0 0 0 8 11 10 0 0 0 0 0 49 0 7 0
170 CTC 0 0 0 0 0 0 0 0 0 0 0 0 0 0 0 0 0 0 0 0 4 45 2 25 0 0 0 0 20 499693 75 17 0 0 0 0 0 0 0 0 0 0 0 0 0 0 0 0 0 0 0 0 0 0 0 0 0 77 0 3 4 0 35 0
171 TTT 0 0 0 0 0 0 0 0 5 6 101 8 0 0 0 0 0 0 0 0 3 6 8 11 10 38 4 4 96 12 36 16 0 0 0 0 0 0 0 0 3 4 23 15 4 5 28 4 0 0 0 0 15 8 12 10 0 0 0 0 12 0 19 499474
172 GCT 0 0 0 0 0 0 0 0 74 0 27 0 0 0 0 0 42 0 9 0 0 0 0 0 48 1 18 56 0 0 0 0 30 0 28 0 2 8 27 499492 0 0 0 0 30 7 29 72 0 0 0 0 0 0 0 0 0 0 0 0 0 0 0 0
173 AGG 0 0 0 0 0 0 0 0 78 5 498196 26 0 0 487 0 116 0 84 0 0 0 0 0 2 44 79 43 16 90 33 121 42 0 2 0 2 8 24 23 11 1 5 1 14 8 12 53 0 0 0 0 39 5 11 52 0 0 0 0 164 0 103 0
174 TTG 0 0 0 0 0 0 0 0 0 0 0 0 0 0 0 0 0 0 0 0 0 0 0 0 0 0 0 0 8 23 9 44 0 0 0 0 0 0 0 0 0 0 0 0 0 0 0 0 0 0 0 0 0 0 0 0 0 8 0 33 8 0 499867 0
175 AAA 498509 0 54 0 0 0 0 0 3 2 9 3 2 26 0 4 48 0 14 0 0 0 0 0 8 0 8 4 236 91 158 257 0 0 0 0 0 0 0 0 19 8 2 13 49 163 5 45 0 0 0 0 1 0 11 8 0 0 0 0 229 0 11 0
176 GCT 0 0 0 0 0 0 0 0 8 0 2 4 0 0 0 0 0 0 0 0 0 0 0 0 35 16 23 18 11 5 0 12 0 0 0 0 49 35 11 499675 0 0 0 0 0 0 0 0 0 0 0 0 13 28 10 20 0 0 0 0 3 0 22 0
177 CGG 0 230 0 523 1122 4816 428 2093 15 497 43 2831 689 636 575 331 140 16 84 386 21 12 6 13 46 33 463589 98 1127 381 870 1015 142 183 1095 112 165 541 870 618 375 255 1790 765 199 20 298 134 0 16 0 261 769 720 2264 286 0 542 672 1276 996 1382 394 194
178 ATG 145 0 27 0 53 158 16 40 156 1 4 13 38 13 495783 19 6 102 56 71 23 96 54 166 34 62 127 327 155 95 38 32 15 0 28 0 6 3 20 0 15 1 7 13 20 5 85 41 0 497 0 290 5 7 3 8 0 52 249 110 103 437 4 66
179 CCC 0 0 0 0 3 13 12 5 10 1 17 0 17 21 0 31 8 0 12 0 26 499617 81 78 8 2 1 0 3 17 2 1 0 0 0 0 0 0 0 0 0 0 0 0 0 0 0 0 0 0 0 0 1 3 2 0 0 0 0 0 3 0 5 0
180 GAC 0 0 0 0 24 0 17 17 17 10 7 19 200 28 0 28 0 0 0 0 12 1 1 1 12 0 7 0 15 40 51 77 98 498470 3 55 27 25 15 25 164 91 3 75 0 0 0 0 0 0 0 0 6 1 46 5 0 0 227 0 2 9 55 14
181 GGT 0 0 0 0 21 14 3 0 30 18 7 73 0 0 0 0 0 0 0 0 0 0 0 0 21 8 20 31 3 12 0 2 0 0 0 0 7 27 13 6 2 12 7 499230 21 111 3 69 0 5 0 60 8 20 2 29 0 72 0 24 0 0 9 0
182 GAA 0 0 0 0 8 4 14 22 0 6 0 1 0 0 0 0 0 0 0 0 0 0 0 0 0 0 0 0 0 0 0 0 499750 0 43 0 8 2 9 23 2 12 26 20 2 7 19 1 0 0 0 0 0 6 12 3 0 0 0 0 0 0 0 0
183 GAT 0 0 0 0 0 0 0 0 11 0 20 0 0 0 0 0 0 0 0 0 0 0 0 0 0 4 36 6 0 0 0 0 0 4 0 499888 0 0 0 0 6 5 10 10 0 0 0 0 0 0 0 0 0 0 0 0 0 0 0 0 0 0 0 0
184 TTG 0 0 0 0 0 0 0 0 2 0 17 0 0 0 0 0 12 0 90 0 6 7 0 34 7 11 5 9 0 36 10 38 0 0 0 0 0 0 0 0 0 0 0 0 0 0 0 0 0 0 0 0 0 0 0 0 0 0 0 0 14 0 499702 0
185 GTG 0 0 0 0 0 0 0 0 19 7 3 7 0 0 0 0 0 0 0 0 0 0 0 0 2 10 7 5 3 9 5 6 0 0 0 0 12 8 33 0 0 0 0 0 16 50 499777 3 0 0 0 0 1 3 0 1 0 0 0 0 13 0 0 0
186 GTA 0 0 0 0 0 0 0 0 0 0 0 0 0 0 0 0 0 0 0 0 1 1 13 4 0 0 0 0 7 21 7 5 0 0 0 0 3 16 12 31 0 0 0 0 499788 8 8 55 0 0 0 0 0 0 0 0 0 0 0 0 10 0 10 0
187 ACT 0 0 0 0 4 36 2 499900 0 11 0 8 0 0 0 0 0 0 0 0 0 0 0 0 0 0 0 0 0 0 0 0 0 0 0 0 0 0 0 0 0 0 0 0 0 0 0 0 0 0 0 0 3 11 3 22 0 0 0 0 0 0 0 0
188 CAT 0 0 0 0 0 0 0 0 24 0 2 0 0 0 0 0 275 11 101 496714 19 39 26 87 3 18 27 29 80 234 399 199 0 0 0 0 0 0 0 0 0 0 0 0 0 0 0 0 0 87 0 1138 0 0 0 0 0 327 0 52 35 0 74 0
189 GGG 0 0 0 0 0 0 0 0 0 16 0 40 0 0 0 0 0 0 0 0 0 0 0 0 0 0 0 0 6 17 2 3 0 0 0 0 0 0 0 0 14 8 499756 37 30 1 11 9 0 0 0 0 32 12 0 2 0 0 0 0 3 0 1 0
190 GAT 0 0 0 0 0 0 0 0 0 0 0 0 0 0 0 0 0 0 0 0 0 0 0 0 0 0 0 0 0 0 0 0 4 42 26 499901 0 0 0 0 3 2 2 20 0 0 0 0 0 0 0 0 0 0 0 0 0 0 0 0 0 0 0 0
191 GCC 0 0 0 0 0 0 0 0 44 85 32 30 0 0 0 0 0 519 0 53 0 0 0 0 41 109 37 45 65 35 0 37 0 0 0 0 11 480828 67 40 0 0 0 0 6 0 12 23 0 503 0 346 46 80 124 11 0 0 0 0 15 13966 11 2779
192 TGC 0 0 0 0 2079 468 9037 4096 10 0 18 0 41 152 0 25 0 0 0 0 0 0 0 0 14 8 3 16 0 0 0 0 0 0 0 0 17 28 22 28 16 1 31 7 0 0 0 0 0 0 0 0 0 0 0 0 0 483870 0 13 0 0 0 0
193 CTC 0 0 0 0 0 0 0 0 1 0 13 0 0 0 27 0 0 0 0 0 1 5 9 10 4 67 28 1 7 499589 63 18 0 0 0 0 0 0 0 0 0 0 0 0 6 3 18 10 0 0 0 0 0 0 0 0 0 0 0 0 91 0 29 0
194 CCG 0 0 0 0 16 15 45 0 11 13 13 3 0 0 0 0 42 0 4 0 6 15 499613 48 28 15 1 19 0 29 8 3 0 0 0 0 0 0 0 0 0 0 0 0 0 0 0 0 0 0 0 0 1 11 4 3 0 0 0 0 17 0 17 0
195 AAC 21 499806 14 36 6 15 5 0 0 13 0 16 0 0 0 0 0 0 0 0 0 0 0 0 0 0 0 0 0 0 0 0 0 0 0 0 0 0 0 0 0 0 0 0 0 0 0 0 0 0 0 53 9 2 3 1 0 0 0 0 0 0 0 0
196 ATA 0 0 0 0 0 0 0 0 8 50 11 23 499454 38 0 152 0 0 0 0 0 0 0 0 22 40 25 7 0 10 4 1 0 0 0 0 0 0 0 0 0 0 0 0 1 2 7 11 0 0 0 0 58 9 29 30 0 0 0 0 8 0 0 0
197 ATG 3 0 20 0 4 9 3 9 15 0 0 0 0 0 499727 0 62 0 66 0 0 0 0 0 8 1 6 1 6 1 2 6 0 16 0 29 0 0 0 0 0 0 0 0 0 0 0 0 0 0 0 0 0 0 0 0 0 0 0 0 6 0 0 0
198 GTG 0 0 0 0 0 0 0 0 3 0 12 0 0 0 0 0 0 0 0 0 0 0 0 0 12 11 6 2 0 7 10 1 0 0 0 0 22 6 8 1 6 3 16 5 64 12 499732 36 0 0 0 0 0 0 0 0 0 0 0 0 7 0 18 0
199 GAA 0 0 0 0 0 0 0 0 13 27 7 6 0 0 0 0 0 17 0 13 0 0 0 0 9 5 16 19 0 0 0 0 499559 0 8 0 9 1 4 59 0 57 8 10 0 0 0 0 0 0 0 0 11 61 0 17 0 21 0 43 0 0 0 0
200 AAC 0 499730 0 54 6 58 7 1 0 13 0 6 0 0 0 0 0 0 0 0 0 0 0 0 0 0 0 0 3 1 48 1 0 0 0 0 0 0 0 0 0 0 0 0 11 12 9 12 0 0 0 0 8 2 9 6 0 0 0 0 2 0 1 0
201 GGC 0 0 0 0 0 0 2 2 11 11 51 8 0 0 0 0 0 0 0 0 0 0 0 0 21 26 7 34 0 0 0 0 0 0 0 5 0 0 0 0 138 499492 27 86 0 0 0 0 0 0 0 0 14 0 38 1 0 26 0 0 0 0 0 0
202 CGT 23 0 36 0 0 0 0 0 48 2 82 6 0 0 0 0 0 0 0 0 0 0 0 0 21 21 68 499328 4 1 50 25 0 0 0 0 0 0 0 0 0 0 0 0 0 0 0 0 0 0 0 0 16 22 57 13 0 25 0 13 27 0 112 0
203 TTT 0 0 0 0 0 0 0 0 0 0 0 0 0 0 0 0 0 0 0 0 0 0 0 0 0 0 0 0 5 3 1 18 0 0 0 0 0 0 0 0 0 0 0 0 0 0 0 0 0 0 0 0 0 0 0 0 0 9 0 40 18 78 9 499819
204 AGC 0 16 0 12 12 10 16 18 22 499572 0 37 4 30 0 27 0 0 0 0 0 0 0 0 23 9 23 7 0 0 0 0 0 0 0 0 0 0 0 0 6 2 29 6 0 0 0 0 0 0 0 0 30 27 27 35 0 0 0 0 0 0 0 0
205 GGA 0 0 0 0 0 0 0 0 0 0 0 0 0 0 0 0 0 0 0 0 0 0 0 0 0 0 0 0 0 0 0 0 0 0 0 0 0 0 0 0 499844 76 22 14 4 22 12 6 0 0 0 0 0 0 0 0 0 0 0 0 0 0 0 0
206 TTC 0 0 0 0 0 0 0 0 3 14 10 12 0 0 0 0 0 0 0 0 0 0 0 0 0 8 5 1 10 19 1 0 0 0 0 0 0 0 0 0 0 0 0 0 25 1 13 0 0 0 0 0 16 3 19 11 0 0 0 0 5 499783 13 28
207 ATT 0 0 0 0 6 11 8 4 0 0 0 0 32 18 0 499877 0 0 0 0 0 0 0 0 0 0 0 0 0 0 0 0 0 0 0 0 0 0 0 0 0 0 0 0 8 1 22 13 0 0 0 0 0 0 0 0 0 0 0 0 0 0 0 0
208 GAT 0 0 0 0 0 7 27 18 0 0 0 0 0 0 0 0 0 0 0 0 0 0 0 0 0 0 0 0 0 0 0 0 26 17 7 499750 25 22 29 15 8 2 31 16 0 0 0 0 0 0 0 0 0 0 0 0 0 0 0 0 0 0 0 0
209 TGC 0 0 0 0 3 42 89 54 9 16 31 22 0 0 0 0 0 0 0 0 0 0 0 0 7 15 0 28 4 14 8 7 0 0 0 0 0 11 12 59 5 5 0 18 0 0 0 0 0 0 0 0 1 4 10 4 0 499465 0 17 3 6 11 20
210 GGA 0 0 0 0 0 0 0 0 6 1 4 13 0 0 0 0 0 0 0 0 0 0 0 0 1 3 3 10 0 0 0 0 0 0 0 0 0 0 0 0 499711 57 17 60 26 37 22 18 0 0 0 0 3 2 0 6 0 0 0 0 0 0 0 0
211 CGG 0 0 0 0 0 0 0 0 12 10 13 1 0 0 0 0 0 0 0 0 0 0 0 0 7 38 499673 31 47 9 36 11 0 0 0 0 0 0 0 0 0 0 0 0 0 0 0 0 0 0 0 0 28 10 5 29 0 9 0 15 0 0 16 0
212 TTG 0 0 0 0 3 16 0 9 17 0 5 0 0 0 0 0 0 0 0 0 0 0 0 0 3 1 3 10 61 18 12 13 0 0 0 0 0 0 0 0 0 0 0 0 0 0 0 0 0 0 0 0 0 0 0 0 0 0 0 0 19 0 499810 0
213 GGT 0 0 0 0 0 0 0 0 1 0 28 0 0 0 0 0 0 0 0 0 0 0 0 0 8 6 0 13 0 0 0 0 0 0 0 0 0 1 3 0 38 10 2 499857 5 0 0 1 0 0 0 0 0 0 0 0 0 3 0 24 0 0 0 0
214 GTC 0 0 0 0 0 0 0 0 0 0 0 0 0 0 0 0 0 0 0 0 0 0 0 0 0 0 0 0 12 2 21 17 0 0 0 0 3 2 11 21 11 3 39 4 9 499814 7 16 0 0 0 0 0 0 0 0 0 0 0 0 8 0 0 0
215 GCT 0 0 0 0 0 0 29 18 0 3 0 6 0 0 0 0 0 0 0 0 10 5 17 5 0 0 0 0 0 0 0 0 0 0 0 0 40 6 0 499760 6 5 13 2 0 0 0 0 0 0 0 0 55 11 8 1 0 0 0 0 0 0 0 0
216 GAT 0 0 0 0 0 0 0 0 0 1 0 2 0 0 0 0 0 0 0 0 0 0 0 0 0 0 0 0 3 1 13 1 0 24 0 499766 0 6 0 18 21 17 6 3 11 2 18 9 0 29 0 13 7 4 12 0 0 0 0 0 0 0 13 0
217 CGA 0 0 0 0 0 0 0 0 5 13 21 14 0 0 0 0 0 0 0 0 0 0 0 0 499784 18 24 8 0 12 3 8 0 0 0 0 0 0 0 0 14 14 4 3 0 0 0 0 0 0 0 0 12 4 1 17 0 0 0 0 13 0 8 0
218 TAT 0 0 0 0 0 0 0 0 0 10 0 27 0 0 0 0 0 0 0 0 0 0 0 0 0 0 0 0 0 0 0 0 0 0 0 0 0 0 0 0 0 0 0 0 0 0 0 0 0 42 0 499891 10 0 11 9 0 0 0 0 0 0 0 0
219 CAA 31 0 0 0 31 4 0 7 10 0 4 0 0 0 0 0 499629 52 143 2 4 22 0 0 21 16 22 2 0 0 0 0 0 0 0 0 0 0 0 0 0 0 0 0 0 0 0 0 0 0 0 0 0 0 0 0 0 0 0 0 0 0 0 0
220 GAT 0 0 0 0 0 0 0 0 0 0 0 0 0 0 0 0 0 0 0 0 0 0 0 0 0 0 0 0 0 0 0 0 0 33 0 499857 5 13 0 29 14 13 17 19 0 0 0 0 0 0 0 0 0 0 0 0 0 0 0 0 0 0 0 0
221 ATA 0 0 0 0 0 18 22 46 0 7 0 22 496558 36 0 19 0 0 0 0 0 0 0 0 0 0 0 0 783 1107 147 700 0 0 0 0 0 0 0 0 9 2 1 21 0 17 13 3 0 0 0 0 14 22 94 5 0 0 0 0 233 0 101 0
222 GCA 0 0 0 0 0 0 0 0 0 0 0 0 0 0 0 0 0 0 0 0 0 0 0 0 0 0 0 0 0 0 0 0 0 0 0 0 499830 15 34 10 16 2 4 1 24 1 6 57 0 0 0 0 0 0 0 0 0 0 0 0 0 0 0 0
223 TTG 0 0 0 0 0 0 0 0 19 0 7 0 0 0 0 0 0 0 0 0 0 0 0 0 3 12 3 2 88 8 21 92 0 0 0 0 0 0 0 0 0 0 0 0 0 0 0 0 0 0 0 0 0 0 0 0 0 0 0 0 60 0 499685 0
224 GCA 0 0 0 0 0 0 0 0 0 20 0 36 0 0 0 0 0 0 0 0 4 9 11 7 0 0 0 0 6 9 8 1 74 0 17 0 499624 7 20 15 18 2 6 9 1 11 14 2 0 0 0 0 8 18 28 9 0 0 0 0 4 0 2 0
225 ACT 0 0 0 0 1 6 1 499852 0 3 0 1 27 3 0 3 0 0 0 0 0 0 0 0 0 0 0 0 0 0 0 0 0 0 0 0 0 0 0 0 0 0 0 0 41 2 32 9 0 0 0 0 5 7 3 4 0 0 0 0 0 0 0 0
226 CGC 0 0 0 0 8 3 1 12 80 7 26 6 0 0 0 0 0 0 0 0 0 0 0 0 59 499519 11 16 16 1 20 27 0 0 0 0 0 0 0 0 18 0 21 2 0 0 0 0 0 0 0 0 36 28 25 26 0 0 0 0 17 0 15 0
227 GAT 0 0 0 0 0 0 0 0 17 6 7 119 0 0 0 0 0 17 0 18 0 0 0 0 11 17 2 3 0 0 0 0 22 38 11 499496 0 0 0 0 0 0 0 0 28 18 11 21 0 0 0 0 1 34 0 43 0 44 0 16 0 0 0 0
228 ATC 0 0 0 0 87 46 5 53 45 2609 171 684 10 492839 0 38 0 0 0 0 0 0 0 0 89 31 7 132 15 47 198 3 0 0 0 0 0 0 0 0 0 0 0 0 311 150 487 222 0 0 0 0 379 865 109 125 0 0 0 0 179 0 64 0
229 GCC 0 0 0 0 6 8 4 10 9 2 15 15 0 0 0 0 0 0 0 0 20 7 8 2 1 2 2 3 0 0 0 0 26 0 39 0 20 499680 26 37 0 0 0 0 15 1 17 0 0 0 0 0 8 2 6 9 0 0 0 0 0 0 0 0
230 GAA 0 0 0 0 70 75 7 130 0 399 0 16 0 0 0 0 0 135 0 45 19 3 14 3 0 0 0 0 0 0 0 0 498014 0 42 0 29 9 8 18 1 30 44 4 0 0 0 0 0 0 0 0 53 24 748 60 0 0 0 0 0 0 0 0
231 GAG 47 0 81 0 0 0 0 0 48 0 30 0 0 0 0 0 0 8 0 16 0 0 0 0 62 57 27 18 0 0 0 0 1 0 498556 0 4 1 8 1 0 0 0 0 1 20 10 1 0 279 0 663 0 0 0 0 0 0 59 0 0 1 0 1
232 CTT 0 0 0 0 0 0 0 0 25 22 31 10 0 0 0 0 0 0 0 0 4 3 5 14 10 7 19 97 2 75 25 499470 0 0 0 0 0 0 0 0 0 0 0 0 38 21 19 13 0 0 0 0 6 1 19 31 0 0 0 0 5 0 28 0
233 GGT 0 0 0 0 0 0 0 0 7 4 1 2 0 0 0 0 0 0 0 0 0 0 0 0 4 9 0 0 0 0 0 0 0 0 0 0 0 0 0 0 15 46 8 499756 23 8 25 14 0 0 0 0 8 13 13 0 0 4 0 40 0 0 0 0
234 GGT 278 380 131 148 7 862 74 143 1 1 2 1 2 1 21 4 54 15 112 23 3680 8329 3035 1287 1 1 1 0 0 0 0 4 70 0 2719 2 49 33 87 42 29 120 1 477412 40 59 12 107 0 4 0 1 3 4 3 12 0 203 46 327 1 0 16 0
235 GAA 0 0 0 0 2 2 10 4 0 0 0 0 0 0 0 0 0 0 0 0 0 0 0 0 0 0 0 0 2 0 11 13 499868 0 39 0 3 2 21 19 0 0 0 0 0 0 0 0 0 0 0 0 0 0 0 0 0 0 0 0 3 0 1 0
236 TGG 0 0 0 0 0 0 0 0 13 4 24 3 0 0 0 0 0 0 0 0 0 0 0 0 5 6 35 0 47 5 17 34 0 0 0 0 0 0 0 0 29 21 4 3 5 23 10 4 0 0 0 0 1 15 6 17 0 0 499626 0 38 0 5 0
237 GCA 0 0 0 0 0 0 0 0 1 10 0 32 0 0 0 0 0 0 0 0 0 0 0 0 9 14 1 13 0 0 0 0 0 0 0 0 499723 97 19 9 0 0 0 0 0 0 0 0 0 0 0 0 20 27 7 18 0 0 0 0 0 0 0 0
238 GAC 47 113 261 29 5 5 4 12 191 60 87 130 125 283 24 48 61 235 90 4 0 8 12 23 122 82 230 119 41 50 21 43 293 496431 95 14 27 31 15 18 0 0 0 0 15 28 42 17 0 69 0 1 58 12 45 34 0 4 0 33 28 7 12 106
239 AGA 0 0 0 0 14 1 7 30 499522 6 9 0 0 0 0 0 0 0 0 0 20 9 1 3 58 2 93 10 18 1 13 23 0 0 0 0 0 0 0 0 5 17 12 0 0 0 0 0 0 0 0 0 6 20 14 5 0 16 0 15 14 0 36 0
240 TTT 9 0 6 0 0 0 0 0 0 9 0 5 0 0 0 0 0 0 0 0 0 0 0 0 0 0 0 0 0 0 0 0 0 0 0 0 0 0 0 0 0 0 0 0 22 14 4 10 0 0 0 0 7 0 7 10 0 2 0 31 0 99 0 499765
241 TTA 0 0 0 0 0 0 0 0 3 5 9 4 0 0 0 0 0 0 0 0 13 77 32 20 15 4 10 6 5 33 42 32 0 0 0 0 0 0 0 0 0 0 0 0 0 0 0 0 0 0 0 0 8 0 0 0 0 0 0 0 499646 0 36 0
242 GTT 32 16 206 21 144 14 125 153 87 10 10 6 0 0 93 0 4 148 32 56 5 34 4 12 322 81 39 121 0 13 5 12 82 0 194 0 56 0 204 35 0 0 0 0 27 81 7 496880 0 8 0 50 26 131 115 112 0 0 57 0 13 70 25 22
243 CTG 0 0 0 0 0 0 0 0 0 0 2 0 0 0 0 0 3 0 39 0 11 24 4 0 8 20 33 30 5 33 499514 46 48 0 36 0 10 12 2 24 0 0 0 0 16 17 14 1 0 0 0 0 0 0 0 0 0 0 0 0 5 0 43 0
244 TAT 0 0 0 0 0 0 0 0 0 0 0 0 0 0 0 0 0 0 0 0 0 0 0 0 0 0 0 0 9 80 6 2 0 0 0 0 0 0 0 0 0 0 0 0 0 0 0 0 0 18 0 499862 0 0 0 0 0 0 0 0 0 0 23 0
245 GGT 0 0 0 0 0 0 0 0 264 3 11 3 0 0 0 0 0 0 0 0 0 0 0 0 2 50 120 101 10 11 27 31 0 0 0 0 5 42 61 100 140 41 47 498212 172 140 30 115 0 0 0 0 1 2 11 44 0 96 0 98 7 0 3 0
246 ATC 0 0 0 0 0 0 0 0 46 5 11 68 36 499477 0 26 0 0 0 0 0 0 0 0 26 0 9 6 14 3 9 12 0 0 0 0 0 0 0 0 0 0 0 0 26 11 4 5 0 0 0 0 33 19 40 4 0 35 0 30 19 10 1 15
247 GCG 11 16 38 56 21 12 28 17 15 15 12 155 0 0 0 0 15 0 8 0 33 1 0 24 14 22 2 11 16 0 2 19 0 28 0 0 4 8 499001 30 15 0 26 10 0 0 0 0 0 0 0 0 114 13 7 65 0 33 0 16 56 0 11 0
248 GCA 22 0 14 0 78 2 10 106 11 20 0 34 3 6 39 5 90 0 32 0 0 0 0 0 1 6 6 5 142 39 31 49 9 12 28 60 498815 26 22 26 9 10 5 5 4 11 7 6 0 0 0 0 10 16 0 11 0 0 0 0 113 0 44 0
249 CCA 0 0 0 0 25 1 90 45 453 66 45 47 0 0 0 0 94 0 35 0 496770 22 0 23 143 23 594 312 36 19 11 7 0 0 0 0 12 85 418 197 37 19 187 34 0 0 0 0 0 0 0 0 11 17 44 20 0 0 0 0 58 0 0 0
250 GAC 0 0 0 0 2 1 1 3 0 0 0 0 0 0 0 0 41 0 75 0 0 0 0 0 0 0 0 0 2 6 1 0 0 499727 0 23 1 10 1 0 0 0 0 0 11 1 47 41 0 0 0 0 0 0 0 0 0 0 0 0 3 0 3 0
251 TCT 9 0 27 0 27 16 64 134 10 50 23 21 16 0 42 48 209 48 46 6 0 0 0 0 45 121 157 74 28 7 181 137 0 45 0 10 11 6 27 11 5 2 11 19 0 0 0 0 0 160 0 17 7 42 10 497135 0 0 687 0 62 69 13 105
252 CAG 0 20 0 7 0 0 0 0 4 0 13 4 0 0 0 0 7 9 499505 54 0 0 0 0 4 14 15 5 0 1 3 3 0 130 0 86 0 0 0 0 0 0 0 0 0 0 0 0 0 0 0 0 5 0 24 19 0 0 0 0 10 31 19 8
253 CGT 0 0 0 0 0 0 0 0 8 21 9 14 0 0 0 0 0 0 0 0 0 0 0 0 28 0 2 499762 2 15 1 11 0 0 0 0 0 0 0 0 4 10 19 2 0 15 23 1 0 0 0 0 9 3 2 15 0 0 0 0 1 0 23 0
254 ATC 0 0 0 0 0 0 0 0 4 29 5 4 14 499777 0 3 0 0 0 0 0 0 0 0 0 5 20 0 0 9 7 13 0 0 0 0 0 0 0 0 0 0 0 0 0 0 0 0 0 0 0 0 7 20 6 11 0 0 0 0 39 0 27 0
255 GCC 0 0 0 0 0 3 0 3 0 17 1 14 0 0 0 0 0 0 0 0 0 0 0 0 0 0 0 2 0 0 0 0 19 0 4 0 0 499784 13 70 18 8 0 6 0 0 0 0 0 3 0 6 0 16 0 13 0 0 0 0 0 0 0 0
256 TTT 0 0 0 0 0 0 0 0 7 5 12 4 0 0 0 0 26 0 9 0 12 2 26 2 19 3 15 9 29 4 4 36 0 0 0 0 0 0 0 0 0 0 0 0 0 0 0 0 0 105 0 165 15 18 19 8 0 0 569 0 4 3 6 498864
257 TAT 0 0 0 0 0 0 0 0 0 0 0 0 0 0 0 0 0 31 0 19 0 0 0 0 0 0 0 0 0 0 0 0 0 0 0 0 0 0 0 0 0 0 0 0 0 0 0 0 0 5 0 499945 0 0 0 0 0 0 0 0 0 0 0 0
258 AGA 0 0 0 0 0 0 0 0 499711 6 18 3 0 0 0 0 0 0 0 0 0 0 0 0 49 11 21 5 26 13 0 9 0 0 0 0 0 0 0 0 16 0 11 8 0 0 0 0 0 0 0 0 33 23 0 4 0 0 0 0 32 0 1 0
259 TTA 0 0 0 0 0 0 0 0 26 0 9 0 0 0 0 0 0 0 0 0 0 0 0 0 0 6 27 7 28 2 17 57 0 0 0 0 0 0 0 0 0 0 0 0 0 0 0 0 0 0 0 0 0 0 0 0 0 0 0 0 499772 0 49 0
260 CTA 0 0 0 0 0 0 0 0 0 0 0 0 0 0 0 0 0 0 0 0 0 0 0 0 0 0 0 0 499851 100 11 12 0 0 0 0 0 0 0 0 0 0 0 0 0 0 0 0 0 0 0 0 0 0 0 0 0 0 0 0 3 0 23 0
261 GAC 0 0 0 0 0 0 0 0 0 2 0 1 0 0 0 0 0 0 0 0 0 0 0 0 0 0 0 0 0 0 0 0 0 499981 0 1 0 0 0 0 0 0 0 0 0 0 0 0 0 6 0 0 1 0 7 1 0 0 0 0 0 0 0 0
262 GAG 41 0 7 0 0 0 0 0 8 2 5 2 0 0 0 0 0 0 0 0 0 0 0 0 1 13 5 1 0 0 0 0 19 0 499839 0 0 0 0 0 0 0 0 0 7 3 12 6 0 0 0 0 10 9 2 8 0 0 0 0 0 0 0 0
263 TTC 0 0 0 0 0 0 0 0 0 27 0 2 4 27 0 4 0 0 0 0 0 0 0 0 0 0 0 0 0 0 2 3 0 0 0 0 0 0 0 0 0 0 0 0 0 0 0 0 0 0 0 0 15 11 11 6 0 0 0 0 11 499834 1 42
264 TTC 0 0 0 0 0 0 0 0 0 2 0 17 0 0 0 0 0 0 0 0 0 0 0 0 0 0 0 0 57 0 10 37 0 0 0 0 0 0 0 0 0 0 0 0 0 0 5 0 0 5 0 8 17 4 4 6 0 4 0 8 29 499735 29 23
