# POSITION WT AAA AAC AAG AAT ACA ACC ACG ACT AGA AGC AGG AGT ATA ATC ATG ATT CAA CAC CAG CAT CCA CCC CCG CCT CGA CGC CGG CGT CTA CTC CTG CTT GAA GAC GAG GAT GCA GCC GCG GCT GGA GGC GGG GGT GTA GTC GTG GTT TAA TAC TAG TAT TCA TCC TCG TCT TGA TGC TGG TGT TTA TTC TTG TTT
1 ATG 136 26 16 10 112 11 93 0 53 6 17 19 30 350 497327 47 10 78 11 12 7 35 25 9 19 7 24 36 37 23 14 47 53 71 70 17 95 114 186 8 40 77 56 0 25 32 15 12 0 35 0 105 22 14 22 33 0 101 3 42 53 9 4 39
2 ATT 42 46 45 107 43 12 10 46 2 18 5 0 6 32 22 497709 35 184 137 4 1 14 4 5 3 27 5 14 5 19 3 2 4 10 7 9 10 190 25 19 16 0 20 8 46 176 87 219 0 157 0 42 4 17 13 26 0 6 103 6 2 68 23 80
3 GAG 26 36 97 10 217 36 57 293 6 140 357 7 22 6 0 32 256 247 181 121 6 58 35 2 75 91 165 96 172 17 4 41 37 38 495415 44 8 12 2 2 18 8 14 29 3 2 0 18 0 30 0 65 173 3 41 163 0 10 31 7 164 379 30 345
4 CAA 77 57 251 105 19 12 28 134 8 12 0 15 9 25 4 39 497402 0 16 19 11 88 40 56 3 78 14 73 38 359 95 74 10 2 56 20 3 6 7 0 6 81 120 136 97 10 14 11 0 20 0 15 18 11 6 6 0 23 106 11 1 7 16 20
5 GAC 791 520 2198 1062 121 124 69 17 2 512 254 298 535 29 4 285 171 65 199 12 215 194 514 182 63 27 4 22 265 566 47 329 60 486991 246 124 27 26 48 3 129 278 743 138 87 55 106 68 0 5 0 5 4 92 186 181 0 15 88 25 330 45 138 61
6 GGC 813 2046 2266 60 19 461 38 271 48 756 71 5 394 1006 354 403 6 8 20 12 2257 944 450 524 129 110 15 31 1 37 72 16 871 54 64 29 157 21 69 397 34 480621 44 20 78 86 175 240 0 264 0 64 1064 810 10 84 0 11 430 0 48 234 61 317
7 CTT 42 3 106 6 1 1 5 2 17 2 14 70 4 4 27 1 4 29 4 3 3 12 28 20 28 2 55 1 1 14 58 498624 97 3 83 6 21 7 29 2 38 10 22 66 37 20 36 1 0 6 0 0 10 22 20 55 0 33 5 124 25 3 19 9
8 CAT 2 57 15 73 12 2 10 2 9 12 46 6 1 19 134 4 4 52 16 496973 301 509 261 298 24 3 40 12 89 71 51 2 126 5 129 59 0 1 7 2 17 68 18 48 1 29 5 38 0 18 0 7 6 5 16 8 0 4 16 44 33 3 169 8
9 GCA 35 84 11 62 10 3 8 1 0 16 9 12 77 312 12 89 5 14 13 18 255 34 26 62 1 30 4 13 7 49 27 9 26 12 47 0 498133 15 24 15 30 45 55 84 39 43 10 1 0 5 0 7 9 11 21 6 0 0 1 0 29 8 14 2
10 GGA 8 5 5 5 38 0 1 27 5 4 0 6 0 0 11 1 12 0 1 3 21 2 6 5 3 0 9 4 6 7 6 10 0 3 1 0 5 10 0 4 499413 19 29 6 17 9 72 78 0 0 0 7 3 14 27 3 0 46 2 11 9 0 0 1
11 TCT 12 11 23 9 86 101 81 101 381 3 418 74 285 932 3609 1058 68 1116 921 357 268 220 372 506 1337 1761 2125 1028 2930 376 3284 1015 39 197 79 95 4 3 9 11 34 71 11 18 71 404 2 133 0 2844 0 966 15 4 35 465851 0 654 30 818 1671 519 370 174
12 CCC 13 3 3 11 34 13 4 35 8 3 2 9 14 0 4 1 3 1 7 1 49 499499 3 12 4 8 2 2 4 17 16 7 2 28 10 15 24 23 3 9 0 3 6 0 1 12 11 7 0 2 0 7 8 1 4 4 0 1 5 7 2 8 5 0
13 GCT 50 2 60 3 40 59 68 55 25 86 38 69 3 6 9 22 67 40 8 6 2 8 8 5 49 73 1 12 1 5 9 9 2 242 59 143 56 0 14 498228 20 4 4 8 37 26 7 94 0 18 0 0 16 40 26 23 0 13 11 1 4 0 4 2
14 GCA 102 15 34 25 41 52 46 56 12 6 16 47 0 4 45 14 19 2 2 9 25 85 37 39 39 13 22 33 9 1 0 1 5 8 20 69 498560 91 20 24 30 58 6 11 2 10 20 7 0 3 0 6 36 18 49 38 0 18 2 13 16 4 2 3
15 TGG 4 1 12 4 2 4 13 0 41 16 10 4 6 7 0 5 1 1 7 0 6 1 0 0 15 14 33 82 13 29 14 1 2 2 0 0 3 2 1 9 10 8 6 32 1 11 12 3 0 0 0 0 51 1 9 8 0 6 499409 18 0 0 48 2
16 GTG 542 59 97 27 33 124 61 65 289 7 35 85 6 9 5 2 137 16 121 2 11 3 4 2 360 13 16 386 8 45 19 43 7 4 122 16 40 244 55 56 15 82 187 8 31 13 496018 19 0 37 0 18 16 51 121 63 0 8 3 38 6 10 79 1
17 GAA 0 2 5 4 7 24 3 0 5 31 15 0 2 9 5 3 39 29 67 10 4 8 27 5 19 38 7 8 2 4 7 8 499156 4 48 4 4 12 7 10 24 19 18 4 5 7 4 6 0 3 0 3 175 26 3 3 0 2 34 5 1 1 9 6
18 CGT 28 24 242 7 0 14 0 0 5 46 25 48 6 12 2 1 3 5 20 17 4 38 4 9 56 17 57 498555 9 21 11 26 124 18 32 32 10 11 2 19 37 41 59 49 8 10 9 23 0 9 0 0 14 15 18 3 0 52 27 27 18 15 1 5
19 TTG 3 0 6 0 5 8 8 5 8 1 15 0 4 0 53 1 12 0 2 2 9 4 1 0 13 1 16 6 75 44 31 32 0 1 5 3 0 10 3 10 12 0 3 4 0 4 2 9 0 0 0 3 0 1 2 2 0 0 0 2 34 10 499513 2
20 TTC 7 2 32 2 64 22 38 253 298 12 412 9 120 71 100 13 8 52 13 58 3 10 114 8 79 359 22 417 37 6 106 36 60 25 227 41 11 76 121 76 2 8 5 7 30 64 16 9 0 36 0 4 4 18 11 31 0 52 10 60 31 496114 34 34
21 GGA 20 17 4 23 2 0 5 8 21 9 4 28 0 5 4 8 3 3 0 1 0 8 0 3 2 5 5 3 2 5 13 0 1 20 2 14 10 4 7 7 499409 7 44 19 1 14 54 3 0 16 0 1 5 22 59 24 0 11 7 3 16 1 3 5
22 TAT 2 3 1 11 0 6 0 5 3 7 0 3 1 7 0 5 14 6 6 12 7 1 3 2 4 3 0 5 6 11 1 7 8 21 14 18 1 5 10 7 0 0 0 6 3 5 3 3 0 12 0 499644 6 19 4 4 0 5 2 0 14 8 27 9
23 GAT 11 3 1 50 16 37 20 53 18 6 14 13 8 31 7 19 9 7 14 19 2 11 5 7 24 31 24 4 17 0 5 1 19 5 3 499308 2 2 2 3 6 10 2 13 5 6 2 5 0 36 0 3 10 3 15 11 0 8 7 0 3 2 22 0
24 TGG 0 5 1 10 10 2 10 8 5 3 3 6 2 4 2 1 7 3 4 3 0 6 0 0 54 2 21 27 8 13 12 31 3 4 0 14 4 0 5 1 16 6 15 4 3 7 0 1 0 0 0 2 10 6 12 1 0 16 499445 88 31 1 38 4
25 GCA 10 0 30 3 14 31 3 20 12 60 1 6 5 1 1 29 23 5 23 0 1 5 2 1 20 1 3 4 6 7 1 10 2 24 77 8 499190 8 9 3 4 9 4 28 54 20 94 57 0 13 0 0 21 4 3 2 0 9 0 12 4 2 0 1
26 CAA 1 12 3 10 5 12 8 1 15 3 38 5 4 27 2 4 499045 30 41 46 2 9 20 8 152 71 0 41 48 19 8 60 44 2 4 2 1 2 1 4 4 9 3 0 1 13 0 1 0 6 0 5 10 0 13 21 0 6 9 1 54 9 15 10
27 CAA 5 1 11 26 24 6 10 5 1 8 6 0 6 145 22 831 498393 4 5 2 13 30 5 17 18 5 8 5 17 1 1 3 19 9 0 6 6 5 11 11 6 6 0 2 69 46 111 6 0 0 0 5 0 8 11 1 0 5 3 13 3 0 0 4
28 ACA 2 23 0 15 499066 86 37 0 3 10 17 10 6 4 4 10 0 82 5 5 8 7 2 11 25 3 17 17 0 19 0 7 5 2 5 5 40 100 54 81 5 7 0 0 0 1 4 4 0 71 0 6 16 14 34 28 0 0 0 3 2 5 4 3
29 ATC 1 3 4 5 18 2 1 1 3 2 0 7 24 499508 19 20 16 0 14 0 4 30 6 2 1 0 2 5 4 14 33 11 3 0 14 1 2 1 1 1 8 4 7 8 13 3 1 6 0 11 0 15 3 0 0 53 0 6 8 2 24 6 25 14
30 GGC 3 0 5 0 10 1 3 3 17 16 6 56 1 3 0 10 0 11 4 11 5 2 1 0 23 16 1 3 9 4 0 4 1 0 3 8 7 3 0 3 31 499475 27 34 8 27 20 10 0 3 0 7 8 20 24 6 0 2 4 13 3 2 1 22
31 TGC 3453 8 265 8 1 4 0 0 51 28 223 6 7 17 4 7 378 6 556 12 12 0 0 3 134 94 2 97 62 39 98 62 31 0 1 3 10 6 0 17 8 3 15 7 19 12 8 10 0 2 0 4 3 3 9 5 0 494063 16 2 57 19 14 16
32 AGT 5 10 0 4 18 15 4 17 35 22 13 499416 14 4 3 45 4 5 8 0 0 18 0 5 7 13 13 1 1 9 10 18 3 0 0 2 1 0 10 0 3 12 5 1 7 12 0 6 0 3 0 1 16 92 3 66 0 2 0 3 4 4 5 2
33 GAC 29 23 127 13 469 624 726 338 102 202 121 666 40 9 0 13 13 0 12 26 46 228 71 96 81 91 17 18 46 59 53 4 7 493519 19 21 7 30 47 5 171 198 67 22 2 12 13 21 0 4 0 19 404 240 300 384 0 11 2 24 45 6 33 4
34 GCC 0 8 2 0 2 2 6 1 10 22 9 34 12 6 10 5 43 7 10 9 4 4 3 7 48 0 0 18 1 4 1 1 28 0 4 12 0 499456 29 9 9 20 8 4 12 0 2 2 0 0 0 2 0 23 70 0 0 8 2 2 0 3 2 4
35 GCC 2 128 0 54 329 111 179 99 0 109 11 35 6 15 23 152 1 105 3 7 26 4 1 2 5 22 1 14 7 11 7 8 63 5 20 6 48 497588 30 89 23 1 8 1 49 14 36 40 0 0 0 9 142 4 253 15 0 4 8 3 0 39 0 25
36 GTA 26 6 2 1 5 2 3 2 4 5 12 3 5 2 11 5 1 4 1 13 10 0 1 1 0 1 0 10 10 39 17 0 0 2 0 2 3 3 2 6 1 2 41 7 499649 29 3 12 0 0 0 0 1 0 1 0 0 1 8 0 3 3 13 6
37 TTT 15 0 4 16 0 1 0 2 4 10 3 8 5 4 4 4 1 0 0 5 2 0 16 8 8 2 6 0 3 6 6 4 1 4 5 0 6 5 1 0 5 1 1 0 1 3 4 12 0 16 0 4 19 14 33 8 0 1 9 2 1 13 13 499671
38 CGC 7 9 1 2 2 7 0 1 8 26 40 0 4 0 2 0 4 13 2 9 2 8 2 1 47 499528 11 2 26 2 34 35 3 0 3 5 0 1 1 4 5 11 6 6 1 1 10 4 0 1 0 0 8 20 0 17 0 15 16 3 3 1 10 10
39 CTT 6 0 9 1 1 0 0 0 0 5 14 0 11 8 2 3 3 9 1 0 6 8 1 8 0 0 13 3 20 6 14 499542 0 3 0 7 0 2 2 0 55 48 67 9 4 1 0 1 0 12 0 3 3 1 8 7 0 16 2 1 13 11 21 9
40 AGT 5 9 5 10 1 21 22 40 1 36 4 499250 28 22 5 0 2 8 33 15 3 9 11 2 20 12 12 43 11 1 1 1 12 0 1 4 0 11 1 3 2 22 8 9 6 6 0 38 0 4 0 0 30 29 5 33 0 2 115 0 1 7 0 8
41 GCT 0 32 0 5 20 0 3 8 0 8 0 17 7 3 2 0 24 3 84 2 7 2 10 3 0 2 2 7 3 1 1 1 53 0 9 0 130 24 25 499176 0 0 0 3 2 29 1 9 0 1 0 1 9 19 24 8 0 197 1 21 0 1 0 0
42 CAG 10 0 7 1 34 65 236 4 8 101 9 10 5 1 2 1 23 1 498307 7 55 107 126 10 48 23 121 14 18 1 16 31 5 4 93 31 11 23 9 2 11 4 0 7 17 10 13 7 0 0 0 2 29 110 35 73 0 3 2 1 15 24 53 4
43 GGA 2 241 4 16 9 22 50 17 31 974 15 158 0 5 1 6 1 60 3 42 2 2 7 2 47 13 35 5 1 12 1 3 5 7 6 1 1 3 6 28 496642 6 12 18 18 3 6 5 0 2 0 0 139 594 123 517 0 0 6 3 9 20 19 14
44 AGG 84 1 8 7 1 4 0 2 4 0 499408 1 1 3 2 7 15 0 0 0 9 8 7 6 2 42 71 19 23 0 20 15 0 1 3 14 2 13 5 5 40 22 45 20 4 3 1 7 0 0 0 8 0 2 2 2 0 7 5 0 1 3 8 7
45 CCG 36 54 23 21 7 5 14 3 34 8 37 2 1 0 4 0 21 9 58 10 24 3 499176 38 48 13 56 47 8 1 7 4 12 1 37 3 3 7 14 6 4 12 6 10 0 1 1 4 0 39 0 3 27 3 0 11 0 3 0 2 6 0 12 1
46 GTG 0 58 1 2 83 138 56 83 2 78 12 70 5 1 12 8 1 4 1 2 24 63 9 20 3 8 15 0 11 9 11 2 7 22 7 31 296 342 258 111 52 5 89 25 2 13 497603 45 0 11 0 0 14 48 6 12 0 84 3 53 51 3 11 4
47 TTG 32 1 52 1 4 0 0 6 4 3 3 0 2 2 10 1 15 16 11 103 10 13 10 4 37 12 41 17 2 24 32 68 1 8 0 1 3 0 1 5 4 21 3 1 0 3 1 10 0 5 0 12 1 0 0 2 0 7 5 12 11 22 499275 50
48 TTC 2 1 0 15 8 5 0 2 0 10 4 6 0 13 4 3 5 0 3 2 18 1 1 1 0 0 1 1 3 45 16 0 0 4 5 1 0 2 1 2 6 0 3 10 30 10 4 3 0 6 0 4 19 0 0 7 0 0 0 0 6 499685 0 22
49 GTT 2 1 6 2 7 3 6 2 0 2 0 0 2 1 1 6 2 1 5 1 1 11 2 1 1 0 4 3 31 1 28 10 38 3 3 1 9 7 10 1 4 11 14 3 27 132 48 499490 0 10 0 6 0 0 4 1 0 2 8 0 9 0 16 0
50 AAG 41 12 499545 9 7 3 5 2 8 31 11 7 2 1 4 10 11 4 8 11 0 3 2 0 1 29 4 26 1 0 8 6 2 5 6 4 8 0 5 13 2 10 0 8 9 1 13 2 0 19 0 1 5 3 33 3 0 5 2 3 0 22 0 4
51 ACC 6 3 0 14 25 499493 17 49 20 12 7 0 3 9 2 10 13 1 18 0 13 4 3 8 3 9 11 5 18 7 31 3 1 5 7 8 12 5 33 21 4 8 0 7 5 3 7 2 0 0 0 6 13 1 4 8 0 0 4 0 11 3 2 3
52 GAT 2 4 0 11 21 46 393 445 0 760 0 41 87 191 39 218 82 9 64 1 7 7 3 2 3 12 4 10 0 16 34 6 13 4 26 492914 565 723 1101 235 59 8 7 12 48 114 26 10 0 7 0 8 182 29 132 492 0 150 0 600 1 2 9 5
53 TTG 270 19 368 99 40 10 98 43 108 48 104 11 25 15 44 1 21 87 4 9 7 4 51 32 317 6 17 79 13 14 27 7 39 24 59 23 85 130 41 178 3 10 9 12 314 243 32 171 0 192 0 145 21 94 193 91 0 4 114 16 2 85 495633 39
54 TCT 1 6 0 32 1 1 1 0 36 16 17 49 3 9 7 12 7 64 5 7 8 9 1 15 57 28 3 12 4 3 1 9 28 6 18 5 9 0 1 20 1 6 6 9 5 7 15 2 0 1 0 1 131 56 15 499199 0 1 4 12 8 0 8 2
55 GGG 2 11 7 0 14 7 2 25 39 1 9 4 0 4 0 2 15 29 3 189 3 1 2 0 15 21 18 10 4 30 76 0 2 4 6 8 0 12 7 38 18 44 499043 21 59 22 1 21 0 1 0 5 2 1 15 7 0 6 7 17 51 24 6 9
56 GCG 8 5 3 3 13 5 8 21 8 7 8 1 18 2 4 11 3 5 9 122 17 3 10 29 8 0 5 0 1 2 1 2 13 101 7 81 10 14 499281 15 2 1 18 0 0 0 3 3 0 0 0 7 3 3 64 6 0 0 0 2 7 13 0 4
57 CTA 0 5 7 8 2 10 0 4 56 5 22 3 3 1 7 0 4 32 5 21 18 17 7 7 57 9 7 63 499332 23 51 17 6 3 4 3 8 10 3 3 4 5 0 2 11 4 4 3 0 5 0 0 2 3 0 3 0 1 1 2 64 20 20 3
58 AAC 88 499282 4 34 3 15 23 8 6 0 33 0 2 0 10 6 1 13 13 11 13 7 1 11 15 6 40 39 1 5 4 0 13 7 7 8 7 14 45 24 0 5 10 27 1 30 15 0 0 4 0 8 6 14 17 6 0 1 4 0 2 2 23 6
59 GAG 7 3 8 5 7 4 4 0 5 19 7 12 2 0 5 6 12 8 17 4 3 0 17 2 5 7 0 3 0 22 22 1 46 0 499622 51 5 1 2 2 1 2 6 4 2 0 3 0 0 0 0 9 0 1 2 6 0 2 3 0 1 5 3 4
60 CTG 4 3 3 7 7 1 1 3 6 14 18 15 19 21 30 4 9 12 1 2 17 14 21 2 3 27 19 4 33 3 499385 30 1 40 1 19 9 0 7 29 4 10 0 1 2 7 0 20 0 9 0 4 14 8 12 8 0 0 9 20 3 9 11 5
61 CAA 58 5 9 16 3 30 4 3 28 20 55 4 5 3 10 7 498969 89 25 24 0 0 20 3 14 6 18 26 1 0 4 18 67 123 26 43 7 32 3 12 18 2 1 26 22 9 3 0 0 13 0 43 9 2 0 7 0 3 0 6 7 13 13 13
62 GAT 1 10 4 2 37 9 10 7 5 5 2 18 8 0 1 4 0 5 3 2 6 9 2 10 3 3 6 1 0 2 28 0 14 0 257 499384 0 4 2 0 7 0 5 1 11 2 4 16 0 5 0 1 2 3 0 5 0 6 8 25 17 3 13 2
63 GAG 28 3 6 3 12 2 2 0 15 7 6 14 5 4 2 6 10 7 22 5 3 10 6 3 24 17 12 8 6 11 78 7 7 21 499344 26 0 12 18 9 24 0 53 16 3 6 3 5 0 1 0 2 0 10 8 12 0 11 3 2 26 2 30 2
64 GCG 4 0 28 3 0 2 11 0 10 1 7 11 5 1 1 4 1 3 4 0 4 3 0 2 3 2 5 2 0 1 3 1 25 0 7 6 16 1 499569 30 2 17 4 1 6 2 6 6 0 0 0 0 10 110 8 36 0 10 1 2 1 2 0 0
65 GCC 4 2 1 3 6 1 1 4 5 3 0 20 0 0 4 2 3 1 5 1 6 4 10 5 10 0 2 8 0 1 0 0 12 0 23 1 10 499161 56 4 2 5 2 5 148 119 83 116 0 3 0 4 31 0 29 0 0 31 17 10 13 0 0 3
66 CGA 3 3 0 17 4 0 14 0 12 24 2 23 2 4 1 2 7 6 3 14 13 2 11 0 499568 32 12 32 11 4 9 0 1 6 3 0 6 1 2 0 3 0 15 13 2 11 2 0 0 1 0 4 31 8 5 5 0 6 0 10 5 4 21 0
67 CTT 8 5 1 8 4 1 5 0 24 9 8 19 0 8 3 5 2 27 3 41 74 67 22 0 13 4 1 3 15 12 5 499452 2 7 2 1 2 1 3 1 4 7 0 2 7 0 0 17 0 0 0 11 7 18 6 17 0 3 0 9 12 1 7 4
68 TCG 89 7 33 21 25 12 40 6 131 1 120 16 0 31 30 16 99 2 34 1 5 2 2 0 79 235 3 199 12 2 13 4 4 6 4 7 18 19 42 37 2 24 10 34 1 0 13 10 0 36 0 4 79 2 498311 45 0 7 4 0 0 5 1 5
69 TGG 1 1 2 1 5 1 16 4 2 9 4 17 5 3 1 2 1 3 9 8 0 2 5 2 1 4 6 0 11 0 13 6 10 0 2 8 0 7 7 21 19 39 2 53 2 5 3 3 0 11 0 27 2 2 6 1 0 2 499560 3 27 4 27 2
70 CTG 11 2 1 3 1 1 2 0 19 4 28 11 2 1 25 2 0 6 1 0 4 9 31 6 24 3 3 8 6 4 499529 60 2 8 1 1 0 2 3 4 3 1 0 3 22 1 41 3 0 3 0 0 1 2 0 3 0 11 2 10 0 0 61 5
71 GCC 24 4 0 14 1 5 5 1 11 39 21 43 0 0 0 2 3 0 20 2 17 16 0 35 15 10 16 0 1 7 3 0 10 3 8 0 13 499203 27 91 23 59 6 14 30 5 3 6 0 2 0 0 16 93 23 16 0 24 0 2 0 1 2 5
72 ACA 0 1 2 15 499452 27 85 81 2 35 0 16 8 2 1 6 1 22 4 1 22 1 6 3 0 0 1 14 6 1 2 7 10 2 4 12 3 1 8 6 2 8 19 5 0 0 0 1 0 3 0 0 13 24 1 5 0 34 0 1 1 2 1 10
73 ACA 0 4 2 2 499647 3 142 21 0 0 0 0 9 9 2 2 13 1 4 2 3 6 2 0 0 0 0 1 0 0 1 0 5 4 5 1 7 9 3 3 3 1 0 1 8 4 1 0 0 8 0 7 10 11 0 6 0 6 8 0 2 7 3 1
74 GGG 1 1 0 1 7 2 1 7 0 0 4 5 3 1 2 0 0 2 1 0 2 2 1 1 1 2 0 0 0 1 4 0 2 8 2 4 9 12 2 8 50 65 499573 153 4 5 7 1 0 0 0 3 1 8 0 2 0 2 4 6 3 6 8 0
75 GTT 2 0 0 1 20 4 8 3 0 1 6 1 1 7 10 10 10 3 26 0 2 2 0 0 7 1 2 1 10 3 17 5 1 9 5 6 5 2 5 13 3 2 0 4 47 38 10 499609 0 0 0 0 1 1 9 6 0 8 0 7 28 0 18 0
76 CCG 1 0 0 0 23 13 0 8 15 8 14 20 0 2 0 0 13 16 64 14 12 0 499385 36 53 4 8 10 20 9 36 7 5 3 3 0 2 7 1 1 0 2 13 11 0 2 0 6 0 0 0 0 8 8 39 58 0 0 0 2 22 1 15 0
77 TGC 1 0 0 2 6 13 2 2 8 4 13 4 3 1 1 9 0 2 0 1 7 2 2 0 4 0 3 0 3 1 3 16 2 8 5 12 0 0 1 8 5 25 13 3 29 17 31 4 0 2 0 3 5 5 12 4 0 499571 0 86 3 0 32 1
78 GCA 0 4 7 0 5 10 41 3 13 1 3 5 3 2 4 0 3 2 6 3 1 0 5 0 40 8 51 2 0 5 5 0 6 4 2 6 499560 4 22 35 2 4 2 6 11 3 8 0 0 1 0 3 5 28 8 3 0 1 2 5 23 7 7 0
79 GCG 27 24 177 81 24 11 36 0 58 26 58 11 209 91 0 140 50 62 26 18 6 3 20 16 108 48 43 23 2 4 3 6 20 0 25 10 19 3 498205 23 71 42 13 16 8 1 1 18 0 0 0 1 3 8 24 59 0 5 1 3 1 4 5 0
80 GTT 5 4 1 4 4 2 3 1 44 2 7 4 7 5 6 8 1 2 2 5 3 4 0 0 6 17 18 5 0 12 6 17 1 3 0 6 14 1 7 8 10 4 3 3 88 25 9 499524 0 0 0 0 0 6 0 5 0 11 5 12 9 0 41 0
81 TTA 8 3 19 22 18 7 0 32 1 0 0 2 40 13 13 22 8 6 11 3 9 20 1 12 9 8 11 21 42 53 5 16 83 0 6 6 10 12 7 4 14 0 6 18 2 0 2 2 0 20 0 6 4 0 8 3 0 6 2 0 499265 0 73 6
82 GAT 3 1 2 8 12 2 2 10 5 6 4 7 4 3 0 0 0 8 1 6 5 6 0 3 2 4 6 6 5 1 3 0 3 14 1 499703 3 4 4 1 10 2 3 5 5 0 3 1 0 22 0 58 7 0 6 5 0 1 4 6 1 0 1 2
83 GTT 9 0 5 4 3 6 7 6 39 24 50 42 7 12 22 27 14 0 15 1 0 0 0 7 20 27 12 89 15 26 80 1 11 2 11 5 5 0 63 2 32 25 27 7 13 11 25 497147 0 14 0 4 27 17 21 1 0 9 3 3 26 435 18 1466
84 GTA 0 4 1 1 16 3 19 2 10 13 0 6 10 6 5 11 37 15 13 0 6 0 2 4 4 2 3 3 1 4 3 5 7 6 0 1 50 12 1 9 2 2 0 2 499518 18 7 32 0 4 0 1 29 7 10 6 0 33 1 13 8 10 2 0
85 ACG 0 4 1 11 12 54 499552 1 3 3 4 17 8 4 8 18 5 1 1 10 7 2 0 9 5 1 6 4 8 2 7 1 2 4 0 8 7 13 17 16 1 8 0 0 12 10 19 1 0 6 0 0 9 18 12 13 0 16 5 12 7 9 3 3
86 GAG 3 7 3 6 2 1 6 1 0 4 1 0 6 5 11 0 1 1 2 0 6 3 20 1 4 0 3 2 4 2 6 2 27 9 499637 7 8 0 15 14 1 12 8 51 2 20 3 1 0 5 0 1 2 2 1 7 0 3 0 3 0 9 24 15
87 GCG 6 10 38 8 8 1 1 5 1 38 0 12 2 20 65 14 4 27 4 1 17 33 1 13 4 0 23 4 18 2 6 1 11 0 0 6 20 12 499324 88 0 1 7 10 4 6 18 9 0 1 0 0 5 12 22 13 0 2 8 4 14 4 6 6
88 GGC 3 8 4 27 1 2 3 4 8 8 3 13 0 1 2 0 0 0 4 0 0 4 0 3 4 8 1 4 1 9 3 3 7 24 7 9 5 2 6 9 16 499568 1 41 11 0 0 21 0 3 0 4 10 13 54 18 0 5 1 17 4 1 12 0
89 AGG 8 0 8 9 1 20 18 3 10 10 499385 2 0 2 0 1 4 14 9 43 6 5 9 5 17 64 98 8 3 4 2 1 7 0 8 4 3 0 1 3 23 22 8 11 0 2 12 6 0 10 0 2 0 48 2 18 0 14 4 7 10 5 0 1
90 GAT 1 14 0 9 1 12 11 10 10 14 7 13 0 0 2 2 0 11 2 3 6 5 0 9 2 4 11 5 1 0 3 3 0 77 10 499587 3 18 11 2 9 6 18 11 2 3 5 0 0 3 0 1 7 2 7 0 0 5 14 14 3 0 5 6
91 TGG 2 6 8 0 4 0 6 3 0 21 8 39 0 0 2 9 36 2 0 1 0 6 0 0 3 6 12 8 3 2 35 10 2 3 0 8 7 10 5 8 46 19 13 10 2 2 2 0 0 5 0 3 7 1 10 2 0 9 499516 45 9 10 12 2
92 CTA 4 2 2 12 1 2 5 0 3 1 1 1 5 3 5 3 10 3 4 1 19 4 5 15 4 7 1 3 499574 68 0 28 3 1 8 2 9 6 6 14 2 4 3 2 3 4 1 4 0 4 0 5 1 5 0 0 0 9 0 19 65 9 14 1
93 TTA 5 13 0 0 6 8 6 1 4 1 15 4 3 1 19 4 0 3 3 4 7 28 21 14 22 8 9 8 6 65 34 41 12 0 4 2 1 1 0 3 2 21 2 1 3 3 11 26 0 1 0 0 11 4 2 1 0 2 5 9 499475 21 7 7
94 TTA 1 0 0 1 15 13 22 42 8 0 26 6 4 2 22 0 7 1 6 1 21 10 1 15 17 3 8 3 47 21 39 5 1 0 0 0 1 1 1 0 0 0 0 1 7 6 3 3 0 1 0 4 0 0 4 6 0 2 9 2 499577 3 0 1
95 GGT 1 0 20 0 3 6 0 5 17 9 55 1 2 12 2 1 2 1 2 4 3 8 2 2 26 12 10 4 2 13 8 9 3 3 5 3 5 0 0 3 56 14 15 499456 32 25 26 15 0 0 0 13 3 17 6 2 0 1 6 28 16 1 0 4
96 GAG 31 0 23 0 1 5 6 0 4 3 3 0 0 4 0 3 14 1 29 4 2 0 2 0 6 0 8 1 1 7 1 10 52 0 499614 0 38 0 4 8 27 0 36 3 2 2 2 2 0 1 0 3 10 1 0 1 0 6 0 0 9 4 3 3
97 GTT 2 0 1 6 10 1 2 10 27 0 7 3 0 0 1 1 7 3 0 4 4 7 4 1 2 61 4 14 17 11 1 14 9 12 2 7 2 5 4 5 12 14 3 5 29 11 13 499596 0 3 0 4 1 1 0 4 0 1 5 7 15 0 0 5
98 CCG 0 1 0 2 7 22 4 6 3 7 23 16 3 1 6 3 14 0 12 0 12 9 499562 10 20 11 30 59 10 4 3 9 3 4 0 4 6 2 3 1 5 4 8 10 6 2 8 1 0 0 0 2 0 2 8 2 0 1 5 14 10 0 20 0
99 GGG 0 2 4 2 5 3 0 1 9 0 0 17 3 13 1 1 7 0 1 5 3 7 0 1 1 14 11 19 7 0 3 3 1 3 0 5 1 4 25 3 44 79 499522 45 0 10 9 6 0 0 0 2 3 35 5 12 0 24 0 8 0 2 2 7
100 CAA 38 4 7 3 3 9 17 13 5 8 2 5 3 2 12 1 499570 7 1 6 21 11 7 29 1 12 6 21 1 12 12 7 20 4 17 2 2 0 6 0 2 2 0 1 2 2 0 0 0 2 0 2 4 8 4 1 0 4 2 4 44 5 3 1
101 GAC 0 5 2 14 1 1 4 0 2 37 0 21 5 0 10 0 5 19 7 8 0 2 0 2 1 10 3 8 4 2 3 4 1 499541 1 42 5 3 19 48 5 6 0 11 4 30 36 6 0 7 0 8 18 9 2 3 0 5 0 0 5 1 2 2
102 TTG 3 5 4 3 6 2 0 2 1 0 39 1 4 0 21 13 10 3 0 4 1 0 34 11 37 16 12 13 11 4 26 51 4 10 6 10 13 4 20 18 0 3 1 1 11 6 2 1 0 4 0 4 0 10 2 4 0 5 6 1 119 4 499390 4
103 CTT 4 0 4 1 1 1 0 0 2 1 7 0 0 0 9 4 1 6 0 6 3 9 21 1 4 0 0 8 5 86 28 499656 1 2 0 9 2 0 5 1 0 2 0 2 4 2 3 13 0 4 0 0 23 6 9 11 0 8 7 6 7 2 3 0
104 AGT 0 11 2 0 43 65 8 21 11 27 15 499404 6 5 14 23 3 0 14 1 0 11 3 3 41 0 8 14 2 1 1 6 0 1 0 4 2 4 3 7 31 22 8 18 6 0 0 15 0 20 0 1 7 13 25 7 0 4 1 5 6 7 15 5
105 TCC 0 14 5 0 0 0 1 2 9 27 9 3 6 2 5 9 7 2 2 3 0 6 0 0 21 5 6 7 5 2 3 5 5 8 12 9 0 0 9 5 74 2 21 5 3 1 7 1 0 0 0 1 31 499490 84 22 0 1 5 3 5 2 27 1
106 CAC 1 2 2 15 7 6 2 2 9 35 10 37 5 3 8 8 40 499134 55 14 16 28 117 20 23 5 16 4 7 0 2 0 15 16 94 24 2 3 1 26 11 9 30 3 3 4 4 2 0 0 0 9 2 8 5 18 0 19 12 9 12 0 3 23
107 CTG 5 8 0 0 10 3 0 0 11 0 0 1 6 1 4 4 12 1 9 6 0 2 30 6 0 7 6 3 43 12 499506 54 6 9 3 3 2 1 0 2 2 3 5 1 3 10 11 12 0 0 0 1 3 1 1 5 0 2 0 0 145 2 17 0
108 GCC 10 1 1 0 8 3 0 5 0 27 4 13 3 0 2 10 6 2 8 0 254 56 12 36 9 0 0 1 0 6 1 0 24 0 21 4 23 499146 4 29 34 9 5 7 18 12 4 48 0 4 0 0 17 25 2 59 0 5 7 0 0 6 8 1
109 CCG 0 1 9 2 2 39 0 4 6 3 8 13 0 1 4 1 25 2 3 0 0 42 499583 45 1 6 4 3 35 1 5 13 0 2 4 9 10 2 3 1 0 2 0 1 39 10 4 0 0 2 0 0 4 2 12 7 0 3 3 1 1 0 6 11
110 GCG 17 1 2 2 11 1 0 0 4 20 7 4 2 1 0 2 7 3 1 1 1 8 9 10 6 0 5 1 3 22 0 15 11 1 8 29 9 5 499602 27 0 3 0 0 1 12 0 1 0 0 0 1 2 9 32 22 0 8 2 21 9 9 6 4
111 GAG 1 0 0 0 16 15 0 15 18 0 6 1 1 4 3 8 7 4 7 5 11 4 4 0 3 1 11 2 2 13 16 29 31 1 499617 17 1 0 1 2 13 4 8 16 2 0 13 3 0 1 0 0 12 4 2 2 0 3 2 6 15 3 12 2
112 AAA 499786 0 11 18 0 6 0 3 2 5 0 1 3 12 0 7 1 0 4 0 7 5 1 4 8 1 6 2 2 4 6 3 11 1 9 7 7 1 1 3 1 5 2 1 1 2 1 1 0 6 0 4 0 5 0 4 0 7 0 2 1 2 2 5
113 GTA 1 0 4 0 24 43 45 16 4 5 1 1 1 1 6 0 2 1 1 4 2 1 0 6 4 9 6 4 7 1 17 13 1 2 0 0 15 0 3 3 6 2 15 9 499524 22 55 44 0 2 0 14 2 4 3 7 0 6 0 5 15 8 0 3
114 AGT 9 25 3 2 2 7 9 4 3 13 24 497911 3 4 2 12 6 2 1 0 22 14 7 3 13 2 21 0 0 16 11 34 13 11 6 1 263 346 49 217 10 42 10 16 7 9 4 42 0 11 0 4 29 10 53 13 0 497 0 69 41 11 29 2
115 ATA 27 0 12 1 2 7 3 4 0 0 10 19 499712 15 2 7 4 1 0 12 1 3 3 7 2 9 1 14 6 3 6 0 6 4 0 7 0 5 1 3 3 6 2 1 1 2 4 14 0 0 0 1 9 5 4 12 0 3 0 1 9 3 0 1
116 ATG 1 3 0 3 4 5 1 0 2 0 3 4 3 12 499767 2 10 3 2 0 10 1 2 0 30 1 17 21 5 0 1 0 0 2 1 1 0 0 1 0 0 2 2 2 22 6 8 14 0 5 0 2 0 1 1 7 0 2 3 0 0 3 1 1
117 GCT 1 3 2 5 11 0 3 5 26 5 33 38 4 4 0 2 9 2 4 1 0 4 1 0 12 14 5 19 7 1 3 1 5 0 4 5 11 0 53 499608 0 8 0 5 0 2 9 4 0 1 0 12 2 5 22 7 0 2 3 2 0 4 1 0
118 GAT 2 1 3 2 2 7 1 0 2 6 7 4 7 4 1 6 10 10 7 7 0 3 2 0 2 0 5 0 8 3 0 0 0 80 5 499627 2 22 15 1 4 3 0 0 19 0 18 14 0 19 0 2 11 4 5 1 0 18 3 5 5 0 0 5
119 GCT 0 5 0 2 2 0 17 3 0 2 3 13 2 1 4 4 1 1 1 4 0 8 1 0 0 7 1 7 3 3 2 1 15 0 10 1 11 23 58 499702 7 1 3 0 1 6 2 1 0 1 0 0 7 11 24 4 0 2 2 0 0 0 4 6
120 ATG 2 4 0 4 58 1 5 35 4 5 3 15 23 6 499311 2 4 6 24 1 2 1 4 0 12 10 5 15 8 68 64 1 12 8 12 14 1 1 1 1 2 40 5 3 10 6 10 9 0 0 0 14 2 2 3 2 0 5 12 1 65 8 38 10
121 AGG 2 1 5 0 1 23 13 34 77 37 499316 9 15 2 0 20 0 0 9 9 14 14 0 10 24 20 1 5 33 16 3 17 5 5 3 0 1 7 5 10 38 3 2 3 7 14 5 7 0 8 0 17 14 12 2 38 0 0 0 1 25 4 22 12
122 CGT 2 13 2 4 7 2 33 0 50 2 27 75 6 8 4 1 1 4 15 9 0 0 3 10 27 81 12 497583 33 238 136 265 14 6 9 8 8 33 10 6 12 28 2 11 14 19 19 14 0 4 0 1 38 60 3 49 0 1 32 3 545 0 396 2
123 TTA 1 0 4 3 4 6 10 5 39 1 2 8 1 3 8 3 0 1 6 6 1 10 1 6 16 19 9 43 0 28 32 13 4 11 8 7 0 3 0 2 4 22 1 2 38 21 12 5 0 1 0 3 0 4 1 17 0 11 11 2 499473 1 46 1
124 CAC 10 9 0 6 8 8 44 8 18 2 26 8 2 6 0 3 36 499440 4 46 14 13 28 19 17 11 3 0 18 0 5 5 0 21 14 16 2 3 20 0 1 3 9 1 1 0 2 6 0 2 0 4 8 1 22 11 0 1 0 5 3 6 10 11
125 ACA 1 9 1 57 499241 5 53 6 23 46 1 32 2 6 1 0 0 0 3 4 2 18 25 17 0 21 30 25 0 9 2 3 0 1 0 23 18 41 0 38 7 16 12 3 2 4 5 1 0 4 0 5 25 28 21 42 0 5 18 3 15 1 11 8
126 CTA 1 0 0 6 2 2 5 1 7 1 2 0 1 2 9 0 8 3 0 1 78 15 1 8 10 12 9 1 499632 9 13 19 0 1 6 5 2 0 5 5 2 0 2 0 5 26 14 16 0 7 0 0 1 4 0 5 0 11 0 0 1 8 14 2
127 GAT 0 9 5 0 19 0 0 3 3 13 0 28 3 5 1 1 7 0 17 1 1 17 0 1 7 5 3 6 3 1 4 10 6 62 15 499362 0 3 1 7 4 8 3 11 4 0 4 7 0 11 0 20 114 35 75 50 0 11 4 0 3 0 1 6
128 CCA 0 6 7 4 3 8 22 8 7 18 6 0 4 0 3 8 5 1 11 2 499659 28 14 19 6 1 6 4 6 4 2 7 2 0 2 15 10 9 0 8 8 6 2 0 0 0 1 0 0 0 0 7 4 11 1 12 0 0 7 3 2 0 7 4
129 GCA 6 13 5 0 0 3 4 1 14 10 14 11 5 0 7 0 3 5 1 10 4 9 4 4 7 10 4 21 9 16 11 4 6 2 13 3 499433 38 28 43 11 1 4 6 8 3 2 5 0 27 0 2 9 0 93 31 0 0 3 1 0 6 2 5
130 ACG 18 1 11 22 53 19 499606 6 3 23 3 7 0 6 20 4 3 0 0 0 2 12 8 1 6 0 3 1 2 4 23 22 5 4 3 0 5 2 0 6 7 3 5 3 5 3 3 1 0 3 0 4 0 5 10 1 0 0 4 0 23 3 3 0
131 TGC 1 1 1 3 7 12 14 9 9 2 4 0 3 0 6 2 1 4 5 0 3 3 0 0 2 3 4 3 5 11 1 8 5 10 9 5 5 2 3 9 6 1 7 0 5 1 1 5 0 2 0 18 10 3 4 10 0 499718 0 9 0 15 5 5
132 CCA 4 8 4 16 10 23 16 18 18 0 13 8 2 1 0 3 19 0 1 1 499528 29 44 20 5 0 1 23 6 8 14 8 0 1 3 5 27 7 7 10 4 2 0 10 8 1 4 1 0 3 0 0 9 9 6 13 0 1 3 0 8 1 4 2
133 TTC 4 6 1 0 6 1 9 6 0 5 1 1 7 4 1 8 1 1 0 0 1 0 1 0 0 0 3 6 1 3 1 7 3 3 0 1 9 0 5 3 1 0 2 0 9 0 2 1 0 0 0 3 3 0 0 0 0 3 5 7 10 499843 2 0
134 GAT 5 2 2 12 8 3 1 2 0 0 0 1 0 6 1 2 20 3 52 13 5 2 7 1 7 1 3 0 8 1 0 6 3 45 6 499686 7 6 3 0 12 5 1 0 2 3 1 4 0 6 0 1 3 1 1 0 0 0 11 0 2 16 0 1
135 CAC 2 13 1 6 2 15 5 3 2 5 5 2 3 0 0 0 23 499762 0 23 0 24 3 11 7 0 7 4 0 2 1 5 1 4 1 2 7 0 4 0 3 9 1 0 4 2 5 0 0 0 0 6 0 3 2 0 0 0 0 1 1 2 4 2
136 CAA 10 6 12 12 30 1 6 34 3 1 40 9 5 3 13 6 499568 5 49 10 5 3 0 1 2 1 0 2 0 0 7 4 8 3 7 0 8 2 1 2 2 4 0 8 0 8 6 4 0 6 0 3 27 5 17 6 0 6 2 7 0 2 3 5
137 GCG 21 3 11 3 14 0 6 36 96 4 294 12 434 14 71 720 53 5 35 3 1 5 2 1 127 159 4 148 55 87 16 83 24 4 2 0 50 4 495887 59 0 0 7 15 9 203 46 26 0 97 0 660 13 0 9 7 0 21 18 20 74 143 71 8
138 AAA 499708 1 22 7 1 1 2 1 23 0 19 7 1 0 3 0 0 5 7 0 6 5 0 1 1 31 23 8 1 2 1 1 4 0 7 0 9 17 8 11 1 1 1 1 3 1 8 1 0 15 0 5 2 0 5 7 0 0 3 0 0 1 1 0
139 CAC 0 20 22 8 7 4 3 2 8 10 29 1 1 1 3 7 34 499406 12 13 9 4 16 17 12 1 8 16 7 11 1 14 0 15 10 38 25 20 4 18 0 4 3 9 22 10 0 2 0 5 0 0 2 16 13 2 0 4 6 2 11 31 6 15
140 CGA 1 9 4 2 0 1 0 19 26 3 2 15 6 0 1 0 4 6 0 0 2 4 5 4 499686 1 8 8 9 8 11 15 1 0 1 1 0 0 1 1 4 11 0 24 0 0 4 1 0 3 0 0 3 9 8 35 0 1 4 2 14 1 9 2
141 ATA 2 5 1 16 16 1 1 25 2 9 7 1 499319 84 7 51 14 5 2 27 1 0 4 1 3 17 0 2 5 12 1 11 1 5 0 7 1 3 0 4 9 5 7 3 86 33 49 45 0 0 0 6 0 5 16 4 0 9 0 25 11 1 1 12
142 GAA 28 0 7 0 8 0 5 3 3 1 9 0 5 8 12 3 2 3 4 2 8 1 1 8 0 0 4 3 0 3 0 9 499789 2 3 9 0 0 0 0 3 3 7 9 3 2 5 3 0 5 0 1 0 0 2 0 0 1 1 8 0 1 1 2
143 CGA 2 0 0 9 172 8 9 273 10 24 0 5 19 3 22 10 7 50 1 11 16 14 9 3 498825 19 30 34 45 1 45 8 0 2 7 1 20 7 0 2 11 6 8 20 13 10 36 41 0 0 0 0 18 10 11 26 0 0 12 10 28 10 4 3
144 GCA 12 1 0 22 5 6 2 2 0 0 3 14 15 7 3 7 0 0 6 0 4 7 3 7 1 2 1 1 4 1 0 0 13 0 5 0 499643 16 73 23 0 2 3 1 1 3 5 0 0 5 0 3 14 10 6 11 0 3 3 5 0 15 0 1
145 AGA 9 8 0 4 2 3 2 1 499337 0 14 0 0 2 3 0 1 8 1 66 7 1 3 7 37 28 52 73 58 33 32 11 0 0 0 0 2 11 20 2 15 2 4 13 0 7 3 2 0 1 0 2 22 1 7 4 0 14 0 6 31 22 2 4
146 ACT 45 9 223 45 42 7 5 496641 105 16 33 27 62 10 8 22 82 71 79 51 4 0 20 3 21 67 101 6 160 63 166 17 195 15 121 24 33 48 6 33 14 23 5 4 298 106 60 453 0 1 0 6 17 4 16 21 0 42 0 9 170 6 57 2
147 CGC 2 0 4 1 2 1 1 0 51 6 36 31 0 2 2 0 4 3 11 10 3 0 2 9 10 499511 6 12 16 0 12 49 2 0 3 0 1 0 5 5 14 7 28 16 3 9 0 10 0 6 0 9 2 6 43 1 0 6 0 5 6 2 12 2
148 ATG 7 6 4 2 0 9 0 2 1 2 0 7 25 0 499746 23 6 3 5 4 0 0 4 2 2 2 2 0 0 6 3 4 1 5 1 3 2 5 0 2 3 0 5 1 55 5 1 1 0 2 0 8 2 0 2 1 0 5 0 1 2 0 2 8
149 GAG 133 149 99 123 2 0 7 5 2 3 33 3 103 18 17 225 91 56 28 9 2 2 3 0 11 14 12 19 60 75 77 239 21 12 497631 45 4 19 12 3 78 20 5 86 13 28 43 15 0 12 0 26 1 73 2 10 0 101 0 15 4 11 41 49
150 GCT 16 3 4 3 6 11 6 10 14 22 3 7 2 6 9 0 48 133 41 51 3 16 5 4 7 1 17 5 0 2 2 2 14 2 14 1 13 49 98 499188 1 1 6 6 0 21 6 9 0 12 0 4 10 16 37 4 0 4 0 12 1 6 0 6
151 GGA 4 78 1 8 4 7 0 0 2 1 37 4 1 4 4 0 1 5 2 3 4 7 2 2 9 29 11 9 12 5 3 3 83 6 42 9 9 0 10 11 499336 35 60 15 31 7 2 19 0 6 0 5 1 2 9 8 0 16 0 13 1 1 1 0
152 CTA 3 0 20 8 1 4 1 1 2 3 7 6 2 3 36 0 5 1 2 2 11 5 1 1 5 3 5 8 499453 34 123 92 3 15 9 0 2 4 1 9 0 9 3 0 4 6 3 5 0 1 0 20 1 0 0 16 0 7 2 0 5 0 22 5
153 GTA 0 6 1 10 37 12 4 1 9 0 4 1 63 61 132 59 0 4 1 7 73 420 63 219 12 6 0 12 56 81 289 306 2 1 2 0 11 1 3 1 5 15 5 9 496919 55 40 0 0 7 0 4 7 0 6 9 0 48 3 3 212 302 112 269
154 GAT 0 8 2 1 0 3 0 2 6 8 57 3 0 7 1 3 1 3 5 7 4 5 1 9 1 18 23 2 0 13 0 5 5 8 1 499646 5 2 3 0 20 6 5 13 0 19 16 5 0 1 0 4 3 0 14 2 0 1 3 3 3 5 2 7
155 CAA 9 3 7 14 336 29 372 475 86 6 15 26 196 252 543 334 483726 17 2 10 17 38 12 11 1 14 3 11 9 246 26 6 340 0 648 12 22 10 2 20 35 20 100 13 340 2143 371 96 0 425 0 550 15 24 2 10 0 263 7410 163 6 49 28 31
156 GAT 0 13 12 4 0 4 4 6 3 1 3 12 0 0 2 0 12 13 10 6 10 2 2 0 3 0 17 18 0 12 1 12 0 0 7 499588 19 3 22 30 3 0 0 5 4 3 0 0 0 80 0 10 4 4 3 7 0 9 3 2 3 0 9 0
157 GAT 4 8 3 10 0 1 2 5 0 0 1 4 1 0 2 0 2 2 1 1 0 0 2 2 0 0 3 4 5 0 2 2 3 9 1 499768 12 9 13 3 13 1 5 22 5 4 17 2 0 2 0 18 4 6 1 0 0 7 1 6 0 0 1 0
158 CTT 0 13 6 4 14 13 0 7 17 4 6 0 3 4 29 2 12 4 14 11 1 0 23 1 10 9 40 0 26 4 61 493604 6 0 6 0 4 0 6 0 6 16 6 2 7 9 3 6 0 202 0 784 6 0 6 5 0 13 289 2 0 586 17 4071
159 GAC 8 4 3 15 17 2 5 24 16 15 1 0 5 1 2 1 4 1 8 10 7 1 0 0 33 0 14 23 1 7 1 0 8 499574 30 1 1 1 3 2 0 2 13 13 0 16 4 2 0 83 0 1 0 4 3 1 0 1 0 0 2 1 0 5
160 GAG 11 20 14 17 4 0 7 1 7 13 36 7 1 4 0 2 186 9 12 5 5 0 4 7 36 12 23 5 1 2 17 13 37 210 498811 208 9 29 8 10 3 28 2 20 3 3 5 4 0 12 0 22 22 5 2 1 0 14 0 9 2 13 11 16
161 GAG 4 2 10 4 1 0 5 3 4 3 38 3 9 0 1 11 26 0 6 7 5 3 9 0 0 8 0 4 0 2 1 5 18 0 499675 10 3 27 2 9 3 12 1 15 0 5 0 4 0 0 0 1 4 6 4 2 0 4 5 5 6 1 1 3
162 CAT 11 177 1 612 24 1 9 11 5 11 7 0 2 3 6 0 0 31 8 498652 5 1 3 1 3 5 12 1 2 7 1 0 0 21 2 0 4 0 12 8 121 2 37 114 0 0 6 4 0 0 0 2 1 3 15 1 0 2 1 9 7 7 7 2
163 CAA 33 13 10 0 285 130 128 29 17 5 67 3 168 739 667 398 491800 14 5 22 8 14 23 4 45 10 30 15 68 1047 84 476 7 16 24 4 110 202 44 104 0 10 9 22 396 652 229 85 0 355 0 462 37 1 37 17 0 212 44 75 169 175 58 87
164 GGG 3 1 2 3 1 4 1 5 19 3 1 2 0 1 3 2 4 1 2 0 3 9 4 7 17 2 1 1 1 0 6 3 3 0 6 10 8 2 1 0 39 32 499574 61 30 5 6 25 0 2 0 7 14 5 0 9 0 15 2 28 1 1 0 2
165 CTG 0 21 3 20 25 27 6 16 4 6 4 5 39 18 33 27 2 3 23 4 87 17 11 5 3 14 3 1 1 13 498608 47 2 4 0 6 6 4 2 3 0 1 0 4 81 212 58 75 0 26 0 22 5 5 0 0 0 27 6 39 127 29 47 113
166 GCG 13 8 37 6 12 17 22 1 11 1 8 4 4 16 0 24 5 6 1 5 4 10 0 2 0 2 1 0 43 43 21 2 16 22 29 5 8 4 499269 45 1 0 2 12 4 48 5 12 0 1 0 9 11 23 2 4 0 7 6 9 69 6 42 0
167 CCC 4 11 26 2 39 17 5 9 4 0 12 4 141 41 39 192 24 0 25 0 54 497177 17 16 13 16 6 0 98 83 453 96 13 6 17 5 7 6 9 6 16 4 24 11 94 128 173 109 0 4 0 32 5 3 7 4 0 4 0 36 467 0 180 6
168 GCG 62 6 1 3 5 85 57 15 2 31 13 83 12 48 9 13 6 5 0 27 5 6 0 0 9 31 48 0 34 17 23 3 0 1 33 1 17 31 498721 74 8 11 5 0 5 5 20 6 0 3 0 2 43 108 22 106 0 0 57 0 19 14 3 26
169 GAA 13 6 1 1 0 6 2 9 0 4 3 11 3 0 1 0 15 2 15 1 11 14 3 3 2 0 2 1 3 9 4 4 499642 0 41 12 1 1 5 0 2 13 20 18 25 9 3 11 0 1 0 1 4 4 6 1 0 3 0 7 16 2 3 0
170 CTC 4 1 0 0 0 3 1 0 3 0 3 0 0 2 18 5 3 0 4 3 5 51 6 24 4 6 1 4 17 499552 78 19 7 2 1 8 1 10 0 2 2 5 3 4 6 3 0 4 0 0 0 0 5 2 1 1 0 74 0 9 1 0 26 6
171 TTT 2 3 2 1 1 11 1 4 6 7 80 3 1 4 7 11 5 0 11 4 6 4 6 16 13 50 0 6 81 7 37 18 4 6 0 11 9 0 1 3 2 6 30 18 6 7 33 2 0 0 0 1 17 7 9 9 0 1 4 1 16 2 22 499365
172 GCT 1 0 12 6 1 3 7 3 70 3 35 3 2 2 5 5 29 4 13 8 2 18 2 2 63 0 22 53 0 4 3 1 37 12 27 13 4 11 19 499299 0 8 0 0 39 4 30 74 0 0 0 1 0 10 0 4 0 1 4 1 1 6 8 5
173 AGG 9 4 0 1 1 3 1 3 71 5 498122 23 2 0 484 0 116 10 78 3 7 0 11 3 3 38 83 27 24 104 27 127 40 0 2 0 1 5 24 12 8 6 6 8 21 6 16 47 0 0 0 7 33 5 11 47 0 6 7 2 176 0 113 1
174 TTG 0 0 2 2 1 5 2 1 0 0 1 7 1 3 21 0 1 0 3 4 5 1 1 7 4 11 3 3 12 37 5 51 2 0 2 9 0 4 0 0 2 4 2 14 1 3 1 1 0 1 0 4 4 10 3 0 0 5 9 45 10 1 499667 2
175 AAA 498382 3 65 0 12 0 3 2 3 1 12 3 4 24 7 11 78 0 4 1 0 4 5 0 5 0 12 0 230 86 154 268 9 5 7 2 0 1 1 3 11 10 5 15 38 153 2 64 0 13 0 0 1 0 5 6 0 0 1 6 239 11 12 1
176 GCT 2 19 2 4 12 2 0 0 10 1 2 7 2 17 0 4 29 9 0 5 6 0 9 4 25 21 17 19 8 2 4 13 5 10 2 5 43 41 22 499466 5 7 8 9 0 12 2 4 0 9 0 1 12 24 8 21 0 5 0 0 5 1 18 0
177 CGG 10 228 1 529 1097 4961 418 2172 12 517 50 2784 704 676 585 366 131 13 91 378 22 24 8 16 45 35 462869 98 1061 387 888 1034 168 158 1158 94 138 626 899 620 390 270 1821 804 209 15 310 127 0 25 0 310 782 728 2315 299 0 506 701 1346 989 1397 394 191
178 ATG 123 5 25 3 68 158 16 45 175 2 14 14 47 11 495655 33 9 100 71 89 37 81 64 188 57 39 134 298 169 87 27 33 20 3 38 1 7 1 16 1 13 1 11 6 32 13 64 62 0 472 0 316 2 11 2 4 0 47 243 129 82 450 2 74
179 CCC 0 2 7 0 4 30 10 6 63 29 60 3 33 32 1 59 26 0 34 4 9 499144 76 68 47 20 6 22 7 30 2 9 2 3 3 2 0 9 11 0 1 5 2 0 3 7 3 7 0 8 0 0 12 31 7 1 0 7 2 1 8 7 11 4
180 GAC 2 4 9 24 28 3 16 23 47 5 23 7 82 12 3 10 6 6 9 12 24 1 1 4 30 6 7 3 1 11 10 17 46 499098 1 56 19 27 11 17 12 15 1 7 7 1 2 9 0 1 0 19 5 3 12 0 0 1 34 0 1 70 13 66
181 GGT 4 2 0 0 13 12 3 2 51 12 9 95 2 3 0 3 7 1 0 5 8 1 0 1 23 12 21 34 4 10 0 3 8 0 1 2 8 25 14 2 4 17 10 499134 22 91 2 56 0 9 0 61 9 19 1 25 0 103 2 18 0 6 10 0
182 GAA 4 3 1 20 6 3 19 28 4 10 1 0 7 6 0 2 3 4 16 7 1 4 0 6 1 4 1 6 5 2 0 0 499617 3 38 2 10 2 10 16 5 12 18 18 0 7 20 2 0 1 0 0 0 4 14 9 0 5 2 1 6 2 1 1
183 GAT 3 2 6 2 1 2 2 5 8 2 27 1 2 3 1 5 1 4 3 2 0 1 1 0 0 3 37 4 15 0 1 0 0 4 0 499759 5 0 0 9 10 3 13 10 6 4 9 0 0 0 0 7 4 0 5 0 0 2 0 2 3 0 1 0
184 TTG 3 19 8 2 8 0 0 1 3 1 23 4 0 1 9 1 8 0 83 1 7 10 0 31 5 19 7 7 0 27 10 36 3 2 2 2 0 0 1 0 9 1 1 2 0 1 7 2 0 4 0 5 2 0 2 4 0 5 0 6 17 1 499587 0
185 GTG 2 0 0 0 3 4 4 3 11 1 3 21 0 8 2 6 0 4 2 3 0 1 0 4 4 21 3 5 2 8 4 5 1 3 0 1 13 15 29 3 0 0 3 2 10 52 499678 7 0 0 0 5 1 7 0 1 0 0 2 4 26 0 2 1
186 GTA 1 6 4 3 3 1 2 0 3 0 3 0 0 1 4 8 2 1 7 0 1 2 19 7 3 1 0 1 7 21 12 0 2 1 2 1 5 21 11 39 6 4 3 17 499659 17 17 39 0 0 0 2 1 3 2 4 0 3 0 0 8 0 8 2
187 ACT 0 5 9 0 4 45 7 499762 1 11 5 13 0 4 0 2 1 2 2 13 0 2 4 0 2 4 0 1 1 0 5 0 2 2 0 0 0 6 1 2 0 0 5 3 1 1 8 3 0 8 0 2 2 14 1 19 0 2 0 3 2 3 1 4
188 CAT 1 3 1 10 1 0 1 1 11 3 0 3 7 8 2 2 31 7 18 499583 10 8 5 21 2 5 15 14 2 9 35 16 0 8 5 6 1 2 4 0 1 1 0 5 2 3 0 4 0 3 0 60 0 6 8 1 0 24 0 7 3 2 8 1
189 GGG 2 6 1 0 1 10 4 0 1 15 2 42 8 1 0 1 1 2 1 2 1 9 5 0 0 4 17 0 5 12 0 2 0 1 0 6 0 2 1 12 17 9 499640 37 25 3 9 7 0 0 0 2 37 13 2 4 0 2 2 2 3 4 3 2
190 GAT 0 1 3 2 2 10 2 0 7 3 11 0 1 2 1 1 2 9 4 6 1 2 3 2 1 9 4 2 4 1 2 8 5 41 29 499745 2 4 0 1 4 1 5 16 0 5 6 5 0 4 0 0 2 6 0 4 0 4 2 2 0 1 0 0
191 GCC 4 2 2 7 13 1 1 8 2 12 5 6 1 8 11 2 3 386 1 35 1 6 9 6 1 15 1 4 80 54 0 46 2 4 6 2 15 497044 60 39 7 4 8 4 2 1 9 19 0 23 0 27 5 8 21 2 0 0 6 7 31 1550 23 338
192 TGC 3 4 12 5 920 242 3874 1800 8 0 8 12 17 63 0 13 27 0 0 0 2 1 0 6 7 4 0 16 5 2 0 0 7 17 0 2 7 6 8 19 8 4 33 3 0 8 5 6 0 9 0 10 1 0 5 1 0 492748 0 19 2 1 2 18
193 CTC 0 1 2 0 1 2 4 6 3 5 14 2 2 0 59 1 26 5 0 1 2 6 14 33 2 44 14 2 6 499445 72 20 1 4 2 1 1 3 8 0 0 2 1 2 5 5 22 8 0 3 0 1 0 1 4 0 0 2 5 1 83 1 38 2
194 CCG 1 2 2 4 9 13 38 2 11 7 16 8 1 3 0 8 36 1 13 2 5 20 499529 62 27 9 3 10 0 27 7 4 0 0 0 16 17 8 4 0 1 5 1 4 0 0 0 0 0 3 0 1 0 1 9 1 0 9 1 1 21 0 16 1
195 AAC 16 499702 12 35 14 15 7 2 0 11 5 9 3 0 0 1 0 1 0 4 1 0 3 4 2 3 3 9 3 4 0 0 2 6 1 3 5 0 5 3 0 1 5 1 1 2 12 0 0 0 0 45 7 3 5 4 0 3 0 2 9 6 0 0
196 ATA 1 6 2 4 3 4 2 3 3 49 13 26 499355 41 7 148 14 0 5 1 1 2 1 1 24 37 18 8 3 8 1 4 1 2 0 5 0 3 0 0 1 2 9 5 5 5 10 10 0 5 0 2 53 5 29 23 0 2 4 1 18 0 0 5
197 ATG 6 0 24 0 6 5 5 11 11 0 0 0 1 7 499625 7 50 13 61 3 2 2 0 0 9 0 4 0 10 3 2 7 0 22 4 31 1 1 3 0 0 0 1 2 8 9 13 0 0 2 0 0 2 1 0 0 0 4 4 7 7 1 3 0
198 GTG 6 0 0 2 0 4 3 1 8 1 5 0 1 8 3 4 9 2 3 6 0 3 0 1 7 5 9 5 6 4 6 4 12 6 0 1 26 5 9 2 5 3 6 3 80 23 499627 38 0 6 0 0 7 0 0 5 0 0 0 1 3 4 11 1
199 GAA 12 6 16 11 1 7 2 0 8 25 3 8 4 2 1 3 5 28 9 10 3 4 8 2 6 4 14 17 2 1 4 3 499353 18 9 10 10 4 2 66 0 48 3 5 8 1 3 11 0 7 0 0 18 75 3 19 0 17 9 59 0 5 7 1
200 AAC 4 499635 2 50 5 54 12 0 2 4 3 7 6 1 0 0 0 9 0 5 0 1 2 7 3 1 1 5 3 0 41 0 4 14 1 6 0 6 4 3 1 1 1 0 14 14 8 10 0 0 0 9 12 5 3 8 0 0 0 0 5 1 4 3
201 GGC 0 0 5 2 0 4 11 15 9 6 26 5 1 1 0 7 3 4 0 0 0 1 3 6 9 15 2 22 2 1 2 4 0 6 2 17 12 3 7 5 125 499430 16 87 10 3 2 0 0 1 0 2 11 1 37 2 0 35 7 2 0 8 3 0
202 CGT 21 2 36 0 16 1 0 2 31 2 100 8 0 4 1 6 3 4 1 1 2 0 0 2 17 14 57 499272 6 1 55 11 1 1 4 2 1 2 0 0 4 14 1 4 0 0 3 0 0 8 0 4 13 34 58 11 0 28 1 12 31 1 86 0
203 TTT 0 2 2 0 4 0 0 3 1 7 0 3 0 0 0 3 3 2 4 1 0 0 0 5 7 3 4 1 4 2 1 27 0 1 4 1 2 11 3 7 2 2 1 0 0 2 5 3 0 3 0 1 1 1 2 1 0 0 3 23 22 84 5 499721
204 AGC 0 11 6 11 16 4 11 12 22 499436 0 37 6 19 1 48 10 1 3 6 9 12 2 2 19 19 23 3 1 0 3 6 1 0 6 10 0 2 1 5 9 1 23 7 2 1 4 3 0 1 0 2 35 31 37 41 0 14 0 1 0 1 2 1
205 GGA 1 2 1 2 2 0 4 1 1 4 10 1 6 0 0 3 1 0 15 0 0 1 1 1 5 2 2 2 0 2 4 8 4 0 2 0 0 0 2 0 499688 92 32 14 3 31 7 2 0 0 0 2 11 3 7 0 0 9 1 2 0 2 3 1
206 TTC 1 1 0 0 0 1 0 1 4 5 2 13 1 5 5 0 3 0 0 4 0 0 2 3 1 10 8 2 5 14 1 1 1 1 2 0 1 2 0 0 7 4 3 0 21 0 14 4 0 0 0 3 13 1 18 7 0 1 2 16 4 499745 9 28
207 ATT 2 2 3 5 4 15 13 9 0 2 0 2 33 13 2 499741 0 6 5 14 1 0 3 1 0 4 7 2 4 0 5 0 1 0 1 3 4 0 5 6 1 2 3 0 5 0 15 10 0 6 0 0 1 7 0 2 0 6 0 3 2 6 4 9
208 GAT 4 6 3 2 0 15 31 7 1 0 0 6 2 3 0 2 2 5 0 5 0 9 2 2 3 3 4 1 4 4 0 11 15 18 5 499641 18 20 24 12 10 1 22 19 3 0 4 6 0 0 0 11 1 5 3 1 0 0 11 2 3 1 5 2
209 TGC 0 4 3 0 2 42 80 51 9 24 27 23 0 8 9 6 1 1 0 1 0 1 15 2 6 9 2 33 3 11 8 7 1 5 4 2 0 7 11 65 2 2 0 27 3 1 0 0 0 0 0 14 2 5 10 2 0 499384 0 25 2 8 8 22
210 GGA 11 0 0 0 3 3 2 3 9 2 3 24 0 11 3 2 10 3 7 4 3 1 0 0 1 9 4 15 0 2 3 1 9 19 1 1 2 8 2 5 499526 41 23 64 20 29 26 32 0 11 0 1 7 5 3 5 0 5 3 1 2 0 0 10
211 CGG 7 5 0 1 0 4 4 3 7 3 10 1 0 1 2 3 2 2 0 5 6 8 0 0 11 36 499594 44 36 18 25 15 2 1 1 1 4 1 1 3 3 0 5 7 4 0 2 1 0 0 0 2 28 9 5 17 0 16 1 20 0 1 8 4
212 TTG 2 1 1 6 6 20 0 10 11 2 3 4 1 0 6 11 1 1 4 4 12 4 1 3 8 2 5 8 50 12 17 13 0 2 0 4 4 0 1 0 1 0 5 10 1 2 0 10 0 7 0 0 7 3 2 6 0 6 3 0 18 1 499678 0
213 GGT 1 1 0 1 0 1 0 4 4 1 49 3 0 0 0 2 1 0 3 0 8 3 9 1 18 13 1 20 0 3 8 8 3 8 0 5 3 12 11 6 38 10 3 499626 16 3 0 12 0 1 0 2 7 6 1 3 0 0 1 57 0 3 0 0
214 GTC 6 1 4 1 1 2 0 2 2 1 0 4 2 22 24 1 3 2 1 2 0 3 4 1 0 8 1 4 12 1 22 15 0 1 4 0 3 2 15 24 12 10 63 3 14 499645 12 10 0 1 0 0 2 4 0 3 0 5 0 2 7 3 0 3
215 GCT 0 6 0 15 0 0 30 14 8 6 2 2 6 0 0 0 3 4 1 2 12 2 7 10 1 0 4 2 0 2 8 8 4 1 3 2 31 14 0 499688 6 7 9 2 1 10 1 4 0 0 0 2 29 8 9 1 0 3 3 0 1 1 1 4
216 GAT 1 6 3 10 6 4 2 15 0 5 7 4 0 3 0 1 1 2 3 1 6 2 9 1 0 1 1 1 8 0 10 1 2 21 10 499663 0 8 3 19 11 9 8 5 6 1 17 7 0 27 0 18 7 2 19 0 0 0 0 2 0 0 21 0
217 CGA 2 0 3 0 6 2 2 5 3 20 20 27 2 0 8 4 2 1 0 24 1 8 2 2 499639 14 18 1 6 8 1 9 8 7 3 4 2 1 0 11 12 16 6 8 5 2 7 0 0 0 0 0 16 4 1 15 0 4 0 5 12 5 3 3
218 TAT 3 3 2 1 3 3 20 0 0 6 0 31 0 6 7 3 17 0 1 2 13 5 1 0 3 3 1 0 0 3 0 2 5 23 3 6 2 20 0 3 0 0 7 9 0 5 6 3 0 34 0 499668 9 6 17 16 0 3 0 0 2 0 9 5
219 CAA 24 3 3 1 34 12 2 1 2 8 2 3 5 10 4 3 499502 60 151 3 5 35 0 0 19 16 18 3 6 0 0 1 7 0 3 3 0 10 0 0 3 2 1 1 4 1 0 12 0 0 0 1 2 0 0 0 0 1 1 0 0 3 9 0
220 GAT 5 0 9 1 0 0 2 2 1 0 1 9 1 1 3 2 3 6 4 4 5 6 3 0 5 6 8 4 0 3 2 0 0 26 0 499711 4 9 0 25 14 8 13 19 0 6 1 5 0 4 0 7 1 3 3 0 0 23 0 2 2 8 9 1
221 ATA 0 4 2 16 0 17 28 45 3 7 0 22 496572 32 4 25 6 4 9 1 2 5 3 1 8 1 2 4 784 1078 137 650 4 2 15 6 1 2 0 2 11 2 2 19 0 8 9 0 0 0 0 2 9 17 92 7 0 7 3 11 209 4 75 9
222 GCA 0 1 1 0 5 4 4 3 4 2 3 5 2 14 0 3 0 5 0 1 1 1 0 0 1 1 9 8 0 2 0 0 2 11 0 4 499692 17 33 17 16 6 4 1 16 1 5 42 0 9 0 0 1 6 1 1 0 12 2 21 0 0 0 0
223 TTG 3 4 0 0 2 0 1 3 14 0 9 0 1 4 2 12 6 1 7 0 3 5 2 2 0 11 2 2 67 12 22 78 0 1 6 1 3 5 2 0 1 3 2 0 0 4 3 8 0 1 0 2 0 3 2 1 0 2 0 2 61 1 499611 0
224 GCA 3 0 6 3 4 2 4 3 0 34 0 43 1 3 3 3 0 5 5 1 5 6 6 10 1 1 3 2 4 4 7 4 70 14 11 4 499516 10 24 13 13 0 8 7 5 12 15 2 0 0 0 3 4 10 35 13 0 4 5 4 8 4 8 2
225 ACT 6 22 0 0 2 11 2 499650 3 3 2 0 44 0 3 3 1 4 1 0 4 0 0 2 0 0 2 4 4 2 0 0 3 1 2 14 12 0 3 7 2 7 7 6 40 2 41 8 0 3 0 5 13 12 2 2 0 11 3 9 0 1 1 8
226 CGC 5 1 0 4 22 9 3 4 77 13 36 5 1 1 0 1 6 0 13 12 10 1 8 6 59 499351 11 14 15 2 13 30 1 2 13 0 1 0 5 2 16 2 22 6 8 3 0 5 0 10 0 4 35 27 36 19 0 12 0 0 16 0 22 0
227 GAT 0 1 0 5 0 8 1 1 21 9 3 121 6 0 0 0 7 22 8 24 1 9 0 0 7 17 8 6 2 0 0 4 14 35 14 499390 2 0 3 0 2 1 1 2 20 22 7 19 0 10 0 0 4 43 0 52 0 38 0 17 0 2 6 5
228 ATC 12 3 2 6 32 6 0 13 1 60 19 19 10 499541 8 39 8 0 0 2 1 6 0 0 14 5 0 11 0 6 14 1 12 8 9 3 0 3 3 5 5 2 0 1 11 4 15 9 0 7 0 0 12 19 0 6 0 0 4 0 12 3 7 1
229 GCC 3 2 0 3 3 3 7 15 3 2 9 15 3 3 1 3 1 1 14 5 13 4 8 1 2 1 10 4 0 1 1 2 28 5 31 0 14 499614 24 34 5 10 0 2 11 7 13 1 0 4 0 1 4 0 18 11 0 3 4 4 0 1 2 6
230 GAA 22 0 6 2 49 106 10 110 8 416 0 14 3 2 5 2 4 121 11 57 6 4 17 3 7 1 1 3 2 2 8 1 497767 6 45 8 17 13 8 25 2 45 44 5 0 8 0 2 0 2 0 2 72 17 817 68 0 2 10 4 0 0 8 0
231 GAG 36 6 73 10 3 0 2 0 129 2 82 0 14 6 11 7 3 216 11 349 0 7 7 0 101 147 50 31 1 2 1 1 3 0 495510 7 20 1 36 20 12 5 11 7 1 47 23 2 0 878 0 2009 5 7 5 0 0 4 28 2 0 31 6 12
232 CTT 1 2 0 0 2 8 0 1 8 9 3 6 3 4 1 5 1 0 7 2 9 21 14 34 1 3 3 26 3 83 24 499580 5 2 2 2 5 0 1 0 4 0 3 2 15 8 8 3 0 4 0 1 1 0 4 17 0 1 3 1 3 12 27 2
233 GGT 3 0 2 1 2 0 5 3 8 1 1 6 5 7 4 10 0 0 0 1 0 1 5 1 6 4 0 1 6 6 9 0 1 2 0 1 3 4 1 3 10 48 11 499643 22 3 39 11 0 17 0 1 13 11 12 0 0 9 2 30 4 1 0 0
234 GGT 349 111 183 45 3 215 27 37 3 16 30 9 48 18 98 34 67 40 105 46 286 584 207 74 3 3 49 67 2 3 15 14 9 37 293 50 431 261 660 273 32 138 0 494257 69 63 37 138 0 31 0 14 4 43 53 156 0 12 33 22 5 10 74 4
235 GAA 13 5 13 9 6 1 8 12 3 8 4 2 2 1 7 1 8 0 1 3 7 0 2 1 0 1 0 0 0 0 12 13 499705 4 39 5 4 0 15 13 16 0 0 6 4 0 0 5 0 3 0 4 2 5 0 7 0 5 0 1 4 3 5 2
236 TGG 2 0 1 2 5 0 0 0 14 2 15 3 2 2 0 1 15 5 5 3 5 5 6 0 3 11 21 2 40 5 19 52 0 0 2 6 4 0 1 4 30 19 4 3 5 14 11 4 0 0 0 2 2 14 12 21 0 18 499541 4 27 0 3 3
237 GCA 0 0 0 2 15 0 1 7 0 3 1 38 8 0 0 0 5 2 0 3 0 1 0 2 9 16 2 10 0 3 5 3 1 1 10 0 499606 92 15 16 3 3 0 2 4 0 8 7 0 1 0 13 13 30 9 16 0 4 1 4 0 2 1 2
238 GAC 37 114 242 23 14 1 6 13 151 57 78 145 137 284 29 35 51 213 98 4 2 5 5 33 113 96 228 112 43 66 27 42 232 496597 59 14 13 28 7 22 8 4 5 3 24 24 29 29 0 46 0 0 46 20 44 42 0 10 7 38 24 12 15 94
239 AGA 0 1 2 2 17 3 0 17 499522 4 13 3 2 2 1 2 1 5 0 6 24 10 1 1 58 1 86 2 13 1 14 19 2 1 2 0 6 4 1 5 9 10 7 3 4 0 0 4 0 0 0 5 4 17 12 8 0 9 2 12 14 1 25 0
240 TTT 10 1 16 3 7 1 4 5 5 9 10 12 6 0 3 0 0 0 4 2 8 2 8 4 1 4 1 10 1 2 0 0 0 1 3 19 4 0 0 6 8 0 0 2 22 10 3 18 0 1 0 4 10 0 7 11 0 1 1 25 3 91 0 499611
241 TTA 0 0 1 3 3 0 1 0 7 13 23 4 2 2 5 8 2 1 9 2 8 32 10 7 37 3 38 23 2 31 33 38 0 3 2 5 0 0 0 0 6 4 1 3 2 2 7 1 0 4 0 0 19 0 2 0 0 2 1 4 499541 3 39 1
242 GTT 26 12 238 27 141 25 137 181 103 14 10 8 2 4 92 4 6 185 25 70 6 11 2 15 329 79 48 121 0 17 3 9 86 19 176 0 45 0 184 32 3 0 10 0 30 84 7 496726 0 11 0 57 24 129 98 137 0 6 61 8 15 58 26 18
243 CTG 4 0 0 6 3 7 2 0 0 1 1 3 5 1 4 1 2 2 21 2 10 14 2 0 5 14 26 27 7 40 499441 51 61 1 46 5 14 5 6 19 0 9 3 0 12 12 9 4 0 0 0 6 2 0 5 5 0 0 2 17 11 3 39 2
244 TAT 4 3 3 4 0 8 1 1 0 3 0 1 0 3 13 5 2 2 7 4 10 0 2 0 6 0 6 0 6 52 3 4 0 1 5 2 4 3 2 1 3 5 1 0 2 2 5 2 0 11 0 499732 11 0 0 1 0 7 9 5 0 16 11 6
245 GGT 0 3 1 1 0 1 0 7 40 4 8 1 2 4 2 2 4 0 5 0 0 1 2 1 1 5 14 16 1 3 10 5 1 1 1 12 3 12 17 22 156 24 46 499393 26 31 6 19 0 0 0 0 0 2 5 32 0 24 4 13 1 2 0 3
246 ATC 1 1 6 2 4 1 0 9 52 4 8 54 50 499355 0 20 0 0 8 6 1 1 8 1 22 0 15 8 16 1 3 17 4 5 0 7 9 0 4 1 0 7 5 1 40 7 5 5 0 1 0 24 37 22 33 8 0 32 0 28 14 12 4 11
247 GCG 7 21 27 50 12 12 18 14 15 18 19 155 0 0 7 5 8 1 11 8 42 4 0 24 17 21 6 8 9 0 3 22 6 26 7 2 1 14 498941 29 5 0 15 7 8 14 9 1 0 2 0 7 119 11 11 68 0 37 0 14 49 4 12 17
248 GCA 26 2 15 1 69 6 11 90 8 5 2 38 6 8 54 8 56 6 40 10 0 16 2 1 0 5 6 4 166 53 30 55 11 24 13 48 498718 23 21 22 8 9 5 6 5 9 6 1 0 6 0 0 12 30 1 15 0 7 3 0 131 14 49 4
249 CCA 0 5 1 1 11 0 29 7 45 9 9 3 6 0 3 5 27 4 11 2 499414 34 1 21 19 3 54 26 17 5 9 8 2 2 1 2 0 3 42 18 2 0 24 6 6 4 6 4 0 12 0 3 1 0 8 4 0 2 0 12 38 4 0 5
250 GAC 0 4 1 0 11 9 12 2 1 3 6 0 12 0 1 1 32 3 67 4 2 0 4 1 2 0 4 1 1 5 5 0 4 499584 3 22 10 24 2 5 3 9 8 1 4 4 25 14 0 14 0 6 10 6 1 4 0 4 0 9 5 4 7 14
251 TCT 14 15 33 4 20 13 70 126 14 46 41 12 16 1 54 51 239 48 26 7 1 4 9 0 44 127 128 72 17 7 162 143 4 25 11 6 2 7 30 20 2 3 11 11 3 1 2 1 0 155 0 14 7 49 14 497167 0 6 648 3 69 46 12 107
252 CAG 11 23 12 11 5 3 0 5 10 0 17 7 1 11 1 1 5 16 499375 49 7 6 5 5 2 9 10 3 0 0 1 9 21 130 2 103 6 1 0 1 0 1 0 0 2 2 4 1 0 2 0 5 3 0 20 11 0 11 0 1 6 24 21 2
253 CGT 4 1 0 0 0 0 0 2 10 22 10 13 4 1 10 6 5 2 0 3 2 0 3 5 43 0 2 499667 1 12 3 10 0 8 0 2 0 3 6 6 6 10 16 5 0 9 19 1 0 4 0 4 11 6 3 14 0 2 1 2 0 2 18 1
254 ATC 7 8 5 0 4 1 1 4 3 35 8 2 10 499633 3 2 15 6 11 1 1 4 0 2 0 1 22 0 1 8 6 8 13 8 7 0 4 5 1 7 0 1 6 0 0 4 6 14 0 1 0 0 2 14 0 17 0 0 3 3 30 10 29 3
255 GCC 5 6 3 3 1 19 0 17 6 30 4 36 10 0 8 2 0 0 2 1 1 0 4 6 4 9 2 8 5 0 3 2 28 12 0 16 4 499417 22 79 47 26 6 9 5 0 8 4 0 6 0 39 2 19 1 21 0 12 1 7 2 8 1 1
256 TTT 6 0 0 10 2 2 3 0 2 11 11 4 0 11 18 4 21 7 8 3 4 3 13 3 25 2 15 8 29 7 8 34 2 5 12 1 3 0 6 1 5 0 2 1 3 4 8 0 0 123 0 179 6 13 9 19 0 9 587 0 3 3 5 498717
257 TAT 4 1 0 0 3 0 0 4 1 1 0 0 1 3 6 4 1 17 11 7 6 4 0 9 1 2 0 0 3 1 0 1 0 2 1 2 5 0 3 4 1 0 3 0 3 5 0 7 0 2 0 499840 1 2 2 3 0 9 0 5 5 0 2 2
258 AGA 4 6 10 1 3 0 0 3 499574 8 17 2 1 0 5 0 2 10 17 12 1 4 1 10 52 16 23 7 23 17 0 2 3 0 6 2 2 0 1 5 17 0 11 7 0 0 0 1 0 0 0 0 33 25 0 6 0 0 3 7 31 0 4 5
259 TTA 0 0 4 7 1 1 0 1 10 5 6 4 1 4 9 0 1 0 5 7 1 5 14 0 0 1 5 1 20 3 19 53 1 1 1 3 0 7 3 3 1 1 3 0 2 4 4 2 0 4 0 2 0 3 1 0 0 15 2 4 499695 3 47 0
260 CTA 1 1 4 4 0 4 0 0 2 1 4 3 2 1 13 3 12 0 8 1 0 1 0 2 2 5 2 1 499716 111 8 10 0 4 1 1 0 2 0 3 0 11 0 0 0 8 0 5 0 1 0 2 2 0 0 1 0 0 6 2 2 0 26 1
261 GAC 2 0 5 0 0 5 0 13 5 6 3 1 4 9 1 0 7 9 2 19 1 0 0 1 5 0 11 1 3 1 0 1 2 499790 1 2 2 1 2 0 2 6 7 1 1 3 7 2 0 31 0 2 2 2 9 1 0 1 1 3 1 3 0 0
262 GAG 32 6 8 4 3 0 1 0 5 4 2 1 4 0 0 0 9 1 3 9 1 4 2 0 1 16 5 2 0 0 3 1 18 9 499725 2 0 7 1 0 2 3 16 0 8 3 10 8 0 2 0 9 15 5 0 4 0 3 0 5 8 5 5 0
263 TTC 0 4 2 2 5 2 17 2 2 12 0 4 1 24 0 10 6 0 4 2 2 2 0 3 2 4 0 2 0 4 6 5 1 2 1 2 1 2 2 4 1 4 1 1 5 1 1 2 0 2 0 3 6 5 6 3 0 3 2 3 10 499749 3 45
264 TTC 1 2 10 6 1 1 0 0 0 2 0 11 2 3 1 1 18 4 1 6 4 3 4 0 2 2 1 4 10 0 4 8 3 1 6 0 1 1 1 1 1 5 5 4 4 6 19 22 0 7 0 15 12 7 5 3 0 9 0 24 4 499692 7 23
