# POSITION WT AAA AAC AAG AAT ACA ACC ACG ACT AGA AGC AGG AGT ATA ATC ATG ATT CAA CAC CAG CAT CCA CCC CCG CCT CGA CGC CGG CGT CTA CTC CTG CTT GAA GAC GAG GAT GCA GCC GCG GCT GGA GGC GGG GGT GTA GTC GTG GTT TAA TAC TAG TAT TCA TCC TCG TCT TGA TGC TGG TGT TTA TTC TTG TTT
1 ATG 67 6 7 4 48 7 41 0 26 2 7 4 12 131 198952 23 0 23 0 6 2 20 16 5 9 1 11 15 12 7 2 20 21 25 21 11 36 42 76 0 11 33 11 0 13 14 6 3 0 15 0 41 6 8 10 7 0 38 0 12 28 6 1 19
2 ATT 26 15 23 43 10 7 6 13 0 8 0 2 3 12 0 199061 18 73 79 1 2 6 0 3 1 10 3 7 1 7 4 5 0 2 0 11 2 83 7 11 4 0 10 1 28 70 40 88 0 50 0 24 1 8 5 8 0 0 40 0 0 21 8 29
3 GAG 8 14 31 7 86 15 31 129 5 47 143 5 6 3 0 16 88 102 78 49 3 21 10 0 29 34 68 42 72 7 3 13 12 15 198147 19 0 0 0 0 6 8 6 13 6 1 4 3 0 13 0 23 67 1 15 59 0 0 14 0 66 180 21 136
4 CAA 22 26 111 47 8 5 9 41 2 5 0 5 4 8 0 21 199046 0 1 0 9 28 15 17 2 26 5 18 8 139 46 35 6 0 28 0 0 0 0 0 1 24 29 51 38 2 5 9 0 4 0 9 8 9 3 2 0 9 44 4 0 0 6 0
5 GAC 323 194 849 382 62 50 24 6 0 201 106 97 231 12 0 106 76 28 78 4 83 91 213 56 29 10 1 18 116 237 13 113 30 194881 92 42 10 15 14 2 44 126 289 43 25 24 55 25 0 0 0 0 2 45 74 84 0 4 36 7 134 22 44 22
6 GGC 315 830 917 24 10 216 18 115 25 303 36 3 191 390 155 175 4 0 11 0 901 342 193 238 58 56 7 15 2 19 24 5 396 18 26 4 78 16 20 160 8 192056 29 6 41 29 81 91 0 112 0 34 429 307 5 33 0 0 172 0 23 85 15 128
7 CTT 14 0 42 0 0 0 0 0 10 1 6 16 0 0 0 0 0 16 0 0 6 4 7 10 8 1 28 1 0 8 26 199486 52 0 30 0 7 8 8 0 17 7 4 26 18 5 15 0 0 0 0 0 2 6 6 23 0 13 0 51 4 0 8 0
8 CAT 0 20 0 34 0 0 0 0 5 2 22 2 0 0 52 0 0 26 0 198779 121 214 106 131 5 3 21 4 34 22 22 0 64 1 53 32 0 0 0 0 8 33 6 29 0 16 1 16 0 0 0 0 8 3 10 3 0 1 0 20 11 0 60 0
9 GCA 21 30 1 29 3 0 1 1 0 3 2 7 29 146 0 45 0 0 0 0 101 26 6 29 0 6 0 4 3 10 6 2 7 0 16 0 199283 9 12 4 9 15 23 32 18 22 1 0 0 0 0 0 7 4 4 5 0 0 0 0 10 0 8 0
10 GGA 0 0 0 0 12 0 1 13 0 1 0 0 0 0 0 0 0 0 0 0 8 2 3 3 0 0 0 0 11 6 2 6 0 0 0 0 0 0 0 0 199809 4 15 2 3 2 23 33 0 0 0 0 0 4 11 3 0 15 0 3 4 0 1 0
11 TCT 3 0 13 0 35 38 30 34 149 1 179 31 112 392 1511 400 36 436 407 153 115 95 147 197 534 760 854 390 1213 125 1401 389 24 75 38 34 4 0 0 9 13 25 5 11 32 154 2 62 0 1190 0 411 7 4 13 186067 0 273 15 358 609 175 137 73
12 CCC 0 0 0 0 7 6 1 14 2 0 3 2 0 0 0 0 0 0 0 0 19 199878 0 3 0 1 0 0 2 1 4 6 0 12 0 2 7 10 2 4 0 0 0 0 0 3 1 3 0 0 0 0 1 0 2 2 0 0 0 0 1 0 1 0
13 GCT 20 0 17 0 20 15 21 16 4 46 10 30 0 0 0 0 24 16 2 2 1 4 4 0 28 47 0 2 1 2 6 5 2 87 29 53 27 0 6 199317 11 1 2 2 15 9 2 42 0 0 0 0 6 21 11 10 0 0 0 0 1 0 3 0
14 GCA 37 3 12 6 16 17 20 23 8 3 6 23 0 0 23 0 0 0 0 0 5 40 9 19 11 7 12 11 3 2 0 0 3 3 13 26 199425 37 13 10 9 24 4 3 1 3 7 6 0 0 0 0 16 7 28 14 0 15 0 12 5 0 0 0
15 TGG 0 0 0 0 0 0 0 0 16 6 4 2 0 0 0 0 0 0 0 0 0 0 0 0 7 6 17 46 2 7 2 1 0 0 0 0 0 0 0 0 4 4 2 16 0 0 0 0 0 0 0 0 19 0 5 1 0 1 199806 6 0 0 20 0
16 GTG 236 26 33 8 11 58 30 35 131 3 9 24 0 0 0 0 48 0 50 0 0 0 0 0 160 5 5 163 0 10 4 10 3 0 45 0 24 93 16 23 16 38 67 1 8 3 198427 8 0 16 0 5 2 24 44 28 0 4 0 14 1 0 31 0
17 GAA 0 0 0 0 2 10 0 0 0 17 9 0 0 0 0 0 22 9 32 4 1 6 11 2 14 19 6 5 0 0 7 3 199676 0 14 0 3 1 5 3 6 6 6 0 1 2 0 6 0 0 0 0 69 11 0 1 0 0 10 0 0 0 1 0
18 CGT 18 12 107 1 0 0 0 0 3 17 9 18 0 0 0 0 0 0 0 0 1 23 3 1 23 4 15 199463 7 8 16 7 53 10 14 11 3 3 0 11 17 5 27 16 2 1 2 7 0 0 0 0 6 2 11 2 0 23 0 12 6 0 0 0
19 TTG 0 0 0 0 0 0 0 0 3 0 8 0 0 0 18 0 0 0 0 0 0 0 0 0 3 0 6 6 27 20 17 21 0 0 0 0 0 0 0 0 0 0 0 0 0 0 0 0 0 0 0 0 0 0 0 0 0 0 0 0 21 0 199850 0
20 TTC 5 0 9 0 27 2 18 105 136 1 191 3 42 27 35 7 6 17 5 15 0 4 31 1 30 139 12 177 15 4 45 19 25 8 110 20 2 24 64 30 4 5 2 4 13 13 2 1 0 4 0 3 2 7 8 17 0 26 0 22 13 198422 12 9
21 GGA 0 7 0 8 0 0 0 0 7 4 1 10 0 0 0 0 0 0 0 0 0 0 0 0 0 2 1 0 0 3 1 0 0 6 0 3 0 0 0 0 199840 3 24 5 0 3 14 4 0 0 0 0 1 5 23 14 0 0 0 0 9 0 2 0
22 TAT 0 0 0 0 0 0 0 0 0 1 0 3 0 0 0 0 0 0 0 0 0 0 0 0 0 0 0 0 2 13 1 1 0 2 0 8 2 2 3 8 0 0 0 0 0 0 0 0 0 6 0 199920 0 11 3 1 0 0 0 0 4 0 9 0
23 GAT 0 1 0 16 5 20 6 19 6 4 8 6 4 7 0 9 2 3 5 11 0 0 0 0 10 9 5 1 9 0 3 3 0 0 0 199770 0 0 0 0 3 5 0 8 0 0 0 0 0 10 0 2 6 2 4 8 0 0 0 0 2 0 8 0
24 TGG 0 0 0 0 5 0 3 2 1 3 0 3 0 0 0 0 0 0 0 0 0 0 0 0 26 0 8 11 3 5 7 15 0 0 0 0 0 0 0 0 15 2 1 1 0 0 0 0 0 0 0 0 4 3 1 0 0 4 199817 31 12 0 17 0
25 GCA 4 0 9 0 7 20 0 9 4 17 0 0 1 2 0 14 9 0 10 0 0 0 0 0 15 1 0 2 4 2 0 5 1 18 24 8 199697 3 3 1 3 5 4 5 18 4 37 20 0 0 0 0 7 2 2 3 0 0 0 0 0 0 0 0
26 CAA 0 0 0 0 3 7 1 1 1 1 9 2 0 5 0 1 199671 13 13 28 0 5 2 3 66 21 0 8 28 12 2 28 13 0 0 0 0 0 0 0 0 0 0 0 0 0 0 0 0 0 0 0 3 0 9 6 0 0 0 0 31 0 7 0
27 CAA 0 0 0 13 11 2 1 5 3 2 4 0 4 77 0 347 199361 0 4 0 3 8 4 5 7 1 0 7 7 1 3 1 0 0 0 0 2 1 8 5 0 0 0 0 36 22 28 2 0 0 0 0 1 5 3 3 0 0 0 0 1 0 2 0
28 ACA 0 11 0 2 199654 25 15 0 1 4 8 7 3 1 0 3 0 31 0 2 3 6 0 3 8 3 4 9 0 7 1 5 0 0 0 0 9 43 13 26 0 0 0 0 0 0 0 0 0 39 0 4 10 9 17 11 0 0 0 0 1 0 2 0
29 ATC 0 0 0 0 0 0 0 0 0 0 0 1 5 199870 0 10 12 0 4 0 1 8 1 1 0 0 0 0 1 8 13 1 0 0 0 0 0 0 0 0 3 1 2 2 4 0 1 2 0 4 0 5 1 0 0 21 0 0 0 0 12 0 6 0
30 GGC 0 0 0 0 0 0 0 0 7 7 4 25 0 0 0 0 0 0 0 0 0 0 0 0 7 6 0 2 0 0 0 0 0 0 0 0 0 0 0 0 9 199859 10 16 5 8 5 4 0 0 0 0 4 8 10 4 0 0 0 0 0 0 0 0
31 TGC 1316 0 98 0 0 0 0 0 14 10 102 0 3 5 0 4 142 3 216 4 0 0 0 0 58 30 1 34 27 21 47 20 8 0 1 0 1 3 1 10 2 0 5 2 9 4 0 1 0 0 0 0 2 1 5 0 0 197736 0 0 32 6 8 8
32 AGT 0 0 0 0 7 6 3 9 11 5 4 199835 5 0 0 16 0 0 0 0 0 0 0 0 1 9 5 5 0 1 6 4 0 0 0 0 0 0 0 0 0 0 0 0 0 0 0 0 0 0 0 0 7 32 1 25 0 0 0 0 1 0 2 0
33 GAC 6 14 45 6 193 250 309 126 36 80 56 268 16 6 0 1 3 0 4 10 18 76 28 39 33 28 6 11 13 16 30 1 5 197423 10 16 6 7 16 1 63 66 18 7 0 2 5 6 0 3 0 8 180 104 103 172 0 8 0 16 14 0 13 0
34 GCC 0 0 0 0 0 0 0 0 6 9 5 4 0 0 0 0 18 0 4 0 0 0 0 0 15 0 0 2 0 0 0 0 15 0 1 0 0 199846 9 1 3 11 1 1 0 0 0 0 0 0 0 0 0 21 28 0 0 0 0 0 0 0 0 0
35 GCC 0 53 0 17 149 40 67 38 0 55 8 23 3 4 0 65 0 40 0 1 16 4 3 0 5 7 1 9 3 4 5 2 15 0 11 0 20 199033 15 38 6 3 8 1 17 5 10 16 0 0 0 0 53 0 99 3 0 0 0 0 0 16 0 9
36 GTA 0 0 0 0 0 0 0 0 2 0 12 0 0 0 0 0 0 0 0 0 0 0 0 0 0 1 0 4 4 9 7 0 0 0 0 0 0 0 0 0 0 0 18 3 199896 28 3 6 0 0 0 0 0 0 0 0 0 0 0 0 2 0 5 0
37 TTT 0 0 0 0 0 0 0 0 0 0 0 4 0 0 0 0 0 0 0 0 0 0 0 0 0 0 0 0 1 1 3 3 0 0 0 0 0 0 0 0 0 0 0 0 0 0 0 0 0 0 0 0 8 10 14 6 0 0 0 0 1 3 6 199940
38 CGC 0 0 0 0 0 0 0 0 0 9 11 0 0 0 0 0 0 0 0 0 0 0 0 0 19 199868 5 0 14 1 13 14 0 0 0 0 0 0 0 0 9 2 4 2 0 0 0 0 0 0 0 0 6 9 2 6 0 0 0 0 3 0 3 0
39 CTT 0 0 0 0 0 0 0 0 0 0 1 0 0 0 0 0 0 0 0 0 0 0 0 0 0 0 6 3 6 1 1 199907 0 0 0 0 0 0 0 0 12 17 21 4 0 0 0 0 0 0 0 0 0 0 0 0 0 0 0 0 10 0 11 0
40 AGT 0 0 0 0 1 5 11 17 0 16 3 199756 6 14 0 0 3 1 10 9 0 0 0 0 8 3 5 16 0 0 0 0 0 0 0 0 0 0 0 0 4 4 6 4 2 3 0 6 0 0 0 0 12 10 1 6 0 0 58 0 0 0 0 0
41 GCT 0 14 0 3 5 0 2 3 0 3 0 7 0 0 0 0 11 0 34 0 0 0 0 0 0 0 0 0 0 0 0 0 21 0 5 0 48 12 8 199677 0 0 0 0 2 17 0 4 0 0 0 0 3 14 13 4 0 88 0 2 0 0 0 0
42 CAG 0 0 0 0 7 26 66 2 5 48 2 2 0 0 0 0 13 0 199384 0 27 40 48 8 18 10 48 3 4 0 7 18 2 3 44 10 1 15 3 0 0 0 0 0 6 3 5 1 0 0 0 0 11 31 16 29 0 0 0 0 4 7 21 2
43 GGA 0 80 0 8 4 11 16 5 20 368 9 62 0 0 0 0 0 26 0 20 0 0 0 0 18 4 13 4 0 1 0 0 0 0 0 0 3 1 1 2 198732 8 2 7 7 0 1 4 0 0 0 0 57 220 48 205 0 0 0 0 1 14 8 10
44 AGG 33 0 3 0 0 0 0 0 1 0 199836 0 0 0 0 0 0 0 0 0 7 4 1 4 0 17 19 4 15 1 5 2 0 0 0 0 1 3 2 1 14 7 13 5 0 0 0 0 0 0 0 0 0 0 0 0 0 0 0 0 0 0 2 0
45 CCG 11 20 9 5 4 6 3 0 17 4 20 2 0 0 0 0 14 0 25 0 14 3 199665 17 28 6 27 15 4 0 2 2 4 0 15 0 1 4 4 1 6 5 1 5 0 0 0 0 0 13 0 1 7 1 0 1 0 0 0 0 1 0 7 0
46 GTG 0 17 0 1 32 60 21 37 1 29 3 21 0 0 0 0 0 0 0 0 8 27 11 5 0 3 8 0 3 6 6 0 0 10 0 13 110 146 115 39 28 9 29 18 0 8 199034 18 0 0 0 0 7 22 3 6 0 33 0 35 14 0 4 0
47 TTG 15 0 17 0 0 0 0 0 1 0 2 0 0 0 0 0 2 5 6 41 7 4 10 0 14 9 12 4 0 6 12 24 0 0 0 0 0 0 0 0 3 13 1 3 0 0 0 0 0 6 0 8 0 0 0 0 0 0 0 0 3 7 199741 24
48 TTC 0 0 0 0 0 0 0 0 0 3 0 0 0 0 0 0 0 0 0 0 0 0 0 0 0 0 0 0 1 13 2 2 0 0 0 0 0 0 0 0 0 0 0 0 22 4 0 1 0 0 0 0 7 0 0 3 0 0 0 0 2 199933 1 6
49 GTT 0 0 0 0 0 0 0 0 0 0 0 0 0 0 0 0 0 0 0 0 0 0 0 0 0 0 0 0 13 0 14 5 5 0 3 0 3 3 1 0 2 4 4 1 7 60 26 199835 0 0 0 0 0 0 0 0 0 0 0 0 5 0 9 0
50 AAG 18 0 199902 0 0 0 0 0 0 7 4 3 0 0 0 0 0 0 0 0 0 0 0 0 3 16 0 14 0 0 0 0 0 0 0 0 0 0 0 0 0 0 0 0 7 0 6 1 0 0 0 0 2 0 17 0 0 0 0 0 0 0 0 0
51 ACC 0 4 0 2 7 199836 6 24 3 7 3 1 0 0 0 0 6 0 7 0 1 2 3 2 0 5 7 0 8 1 14 2 0 0 0 0 11 2 8 11 0 0 0 0 0 0 0 0 0 0 0 0 6 1 0 5 0 0 0 0 5 0 0 0
52 GAT 0 0 0 0 6 25 160 176 0 295 0 11 31 91 12 92 39 0 23 0 0 0 0 0 0 0 0 0 3 11 14 6 10 5 7 197276 236 249 393 91 15 2 2 11 12 50 12 3 0 0 0 0 62 11 52 205 0 49 0 243 2 0 7 0
53 TTG 94 11 154 23 23 4 33 13 36 22 49 4 14 9 12 3 0 28 0 5 5 4 15 14 138 3 7 35 8 5 10 3 19 9 21 8 47 52 10 83 1 5 5 3 111 85 15 46 0 75 0 69 7 45 63 22 0 0 40 0 2 40 198316 17
54 TCT 0 4 0 14 0 0 0 0 18 4 9 22 0 0 0 0 0 22 0 5 5 0 0 7 31 11 0 2 4 3 3 5 15 0 5 0 0 0 0 0 0 0 0 0 4 6 7 0 0 0 0 0 53 22 10 199698 0 0 0 0 5 0 6 0
55 GGG 0 0 0 0 1 9 0 9 16 2 4 4 0 0 0 0 6 7 4 78 0 0 0 0 8 13 8 1 0 16 26 2 0 0 0 0 0 5 4 11 9 18 199642 8 26 10 0 6 0 0 0 0 0 1 4 2 0 2 0 7 19 7 3 2
56 GCG 0 0 0 0 2 6 3 9 4 1 2 3 3 1 0 3 0 0 0 35 13 2 4 12 1 1 1 2 0 0 0 0 0 31 0 32 7 3 199778 10 0 0 0 0 0 0 0 0 0 0 0 0 0 3 27 1 0 0 0 0 0 0 0 0
57 CTA 0 0 0 0 0 0 0 0 22 0 10 0 0 0 0 0 0 10 0 8 2 8 4 3 22 1 1 36 199815 5 13 9 0 0 0 0 0 0 0 0 0 0 0 0 0 0 0 0 0 0 0 0 0 0 0 0 0 0 0 0 20 0 11 0
58 AAC 32 199767 1 10 2 6 5 3 2 1 9 0 0 0 0 0 0 4 0 2 0 0 0 0 4 0 21 12 1 5 4 0 7 0 4 0 3 6 15 4 1 1 6 10 0 13 3 1 0 0 0 0 4 5 12 2 0 0 0 0 2 0 10 0
59 GAG 0 0 0 0 0 0 0 0 2 8 3 6 0 0 0 0 0 0 0 0 0 0 0 0 4 0 0 0 1 6 13 1 15 0 199913 22 0 0 0 0 0 0 0 0 0 0 0 0 0 0 0 0 1 0 1 0 0 0 0 0 2 0 2 0
60 CTG 0 0 0 0 0 0 0 0 2 9 7 4 10 8 14 2 0 0 0 0 7 7 10 1 1 13 11 0 11 1 199808 5 0 17 0 6 5 0 3 13 0 0 0 0 0 1 0 4 0 0 0 0 8 1 6 0 0 0 0 0 1 0 4 0
61 CAA 36 0 3 0 5 12 2 2 4 10 18 2 0 0 0 0 199570 31 9 8 1 1 6 2 4 3 10 9 1 1 1 5 37 42 6 22 7 15 3 8 8 0 0 7 10 6 4 1 0 9 0 26 4 2 0 6 0 0 0 0 2 7 6 6
62 GAT 0 0 0 0 14 3 3 5 0 4 0 5 0 0 0 0 0 0 0 0 0 0 0 0 0 0 0 0 0 0 9 0 9 3 108 199781 0 0 0 0 0 0 0 0 8 3 2 8 0 0 0 0 2 0 0 3 0 6 0 9 5 0 10 0
63 GAG 5 0 6 0 0 0 0 0 6 2 3 6 0 0 0 0 7 0 10 0 1 4 4 3 12 6 2 2 1 5 28 3 3 8 199759 16 1 4 7 4 8 0 23 6 0 0 0 0 0 0 0 0 0 9 4 3 0 0 0 0 9 0 20 0
64 GCG 2 0 11 0 0 0 0 0 3 1 3 6 0 0 0 0 0 0 0 0 0 0 0 0 5 2 1 0 0 0 0 0 8 0 2 0 3 2 199882 12 0 0 0 0 0 0 0 0 0 0 0 0 2 44 1 10 0 0 0 0 0 0 0 0
65 GCC 0 0 0 0 0 0 0 0 1 0 0 11 0 0 0 0 0 0 0 0 2 1 8 2 5 0 1 8 0 0 0 0 2 0 10 0 1 199686 22 3 0 0 0 0 65 56 34 42 0 0 0 0 15 0 7 2 0 13 0 3 0 0 0 0
66 CGA 0 0 0 0 0 0 0 0 5 9 0 6 0 0 0 0 0 0 0 0 0 0 0 0 199887 7 10 14 5 0 7 0 0 0 0 0 0 0 0 0 6 0 2 5 0 0 0 0 0 0 0 0 20 2 1 2 0 0 0 0 2 0 10 0
67 CTT 0 0 0 0 0 0 0 0 6 3 5 10 0 0 0 0 0 6 0 12 21 33 5 0 6 0 1 1 4 7 3 199846 0 0 0 0 0 0 0 0 0 0 0 0 0 0 0 0 0 0 0 0 8 5 3 9 0 0 0 0 5 0 1 0
68 TCG 32 3 17 6 13 5 22 0 45 2 55 2 0 12 0 11 44 0 15 0 0 0 0 0 31 82 2 71 5 0 3 2 0 0 0 0 4 2 11 15 0 6 2 14 0 0 0 0 0 16 0 0 25 3 199393 29 0 0 0 0 0 0 0 0
69 TGG 0 0 0 0 4 0 6 0 0 2 0 2 0 0 0 0 0 0 0 0 0 0 0 0 0 0 0 0 4 0 9 1 0 0 0 0 1 4 2 4 7 8 1 20 0 0 0 0 0 6 0 7 1 1 4 0 0 0 199876 0 18 0 12 0
70 CTG 0 0 0 0 0 0 0 0 9 4 19 3 0 0 10 0 0 0 0 0 6 3 14 3 6 3 0 6 1 1 199827 25 0 0 0 0 0 0 0 0 0 0 0 0 5 0 17 1 0 0 0 0 2 0 0 2 0 0 0 0 0 0 33 0
71 GCC 0 0 0 0 0 0 0 0 2 15 12 16 0 0 0 0 0 0 0 0 4 12 1 9 5 1 7 0 0 0 0 0 0 0 0 0 2 199752 17 29 8 21 3 1 9 2 1 0 0 0 0 0 7 41 9 2 0 12 0 0 0 0 0 0
72 ACA 0 0 0 0 199850 7 28 34 0 17 0 10 0 0 0 0 0 0 0 0 5 1 4 0 0 0 0 0 0 0 0 0 0 0 0 0 0 0 0 0 3 1 8 6 0 0 0 0 0 0 0 0 3 9 1 2 0 11 0 0 0 0 0 0
73 ACA 0 0 0 0 199923 1 50 8 0 0 0 0 0 0 0 0 0 0 0 0 0 0 0 0 0 0 0 0 0 0 0 0 0 0 0 0 0 0 0 0 0 0 0 0 0 0 0 0 0 4 0 6 3 2 0 3 0 0 0 0 0 0 0 0
74 GGG 0 0 0 0 0 0 0 0 0 0 0 0 0 0 0 0 0 0 0 0 0 0 0 0 0 0 0 0 0 0 0 0 0 0 0 0 6 1 1 5 13 23 199902 49 0 0 0 0 0 0 0 0 0 0 0 0 0 0 0 0 0 0 0 0
75 GTT 0 0 0 0 10 2 3 0 0 0 0 0 0 0 0 0 1 0 10 0 0 0 0 0 0 0 0 0 5 3 8 6 0 0 0 0 3 0 0 5 0 0 0 0 12 19 3 199891 0 0 0 0 0 0 0 0 0 0 0 0 8 0 11 0
76 CCG 0 0 0 0 7 8 1 8 5 5 7 6 0 0 0 0 1 7 11 1 3 0 199786 13 22 2 5 6 5 2 11 3 0 0 0 0 0 0 0 0 0 0 6 5 0 0 0 0 0 0 0 0 6 7 17 17 0 0 0 0 9 0 8 0
77 TGC 0 0 0 0 6 4 1 6 2 2 4 1 0 0 0 0 0 0 0 0 0 0 0 0 0 0 0 0 1 0 0 4 0 0 0 0 0 0 0 0 4 8 10 0 10 9 6 1 0 0 0 0 3 1 6 4 0 199859 0 36 3 0 9 0
78 GCA 0 0 0 0 4 6 16 1 1 1 4 1 0 0 0 0 0 0 0 0 0 0 0 0 20 2 19 1 0 2 3 0 0 0 0 0 199871 2 6 16 0 0 0 0 0 0 0 0 0 0 0 0 3 8 3 0 0 0 0 0 7 0 3 0
79 GCG 10 7 67 32 9 4 12 0 12 22 11 9 84 38 0 44 21 27 13 6 4 0 9 11 43 13 19 16 0 0 0 0 6 0 7 0 8 3 199315 14 33 12 3 6 2 3 2 8 0 0 0 0 0 5 11 19 0 0 0 0 0 0 0 0
80 GTT 0 0 0 0 0 0 0 0 21 0 3 0 0 0 0 0 0 0 0 0 0 0 0 0 1 8 8 1 0 4 3 3 0 0 0 0 0 0 0 0 0 0 0 0 37 16 5 199864 0 0 0 0 0 0 0 0 0 7 0 4 4 0 11 0
81 TTA 0 0 0 0 2 2 0 9 1 0 1 0 12 8 0 5 0 0 0 0 3 11 2 1 18 9 4 7 15 26 5 10 37 0 0 0 3 8 6 1 8 1 7 5 0 0 0 0 0 0 0 0 0 0 0 0 0 0 0 0 199747 0 26 0
82 GAT 0 0 0 0 0 0 0 0 0 0 0 0 0 0 0 0 0 0 0 0 0 0 0 0 0 0 0 0 0 0 0 0 0 1 0 199956 0 0 0 0 0 0 0 0 0 0 0 0 0 13 0 30 0 0 0 0 0 0 0 0 0 0 0 0
83 GTT 0 0 0 0 0 0 0 0 12 10 27 15 3 7 0 7 0 0 0 0 0 0 0 0 12 11 10 16 6 8 26 1 0 0 0 0 0 0 28 1 14 8 6 3 4 3 8 198906 0 0 0 0 7 5 8 2 0 0 0 0 14 180 12 620
84 GTA 0 0 0 0 4 0 7 1 0 7 0 5 11 7 0 2 21 0 7 0 0 0 0 0 0 0 0 0 2 3 2 4 0 0 0 0 14 7 1 6 0 0 0 0 199820 6 2 26 0 0 0 0 11 1 2 5 0 11 0 1 3 0 1 0
85 ACG 0 0 0 0 4 17 199876 0 0 1 0 8 2 3 0 8 0 0 0 0 0 0 0 0 0 0 0 0 0 0 0 0 0 0 0 0 3 5 9 6 0 0 0 0 3 3 11 1 0 0 0 0 8 6 8 5 0 6 0 7 0 0 0 0
86 GAG 0 0 0 0 0 0 0 0 0 0 0 0 0 0 0 0 0 0 0 0 0 0 0 0 0 0 0 0 1 4 3 0 9 0 199934 0 2 0 5 3 0 3 6 13 0 10 0 0 0 0 0 0 0 0 0 0 0 0 0 0 0 0 7 0
87 GCG 1 0 19 0 0 0 0 0 0 13 1 4 1 7 34 1 0 9 0 1 11 15 2 3 2 0 4 3 11 0 7 1 0 0 0 0 3 8 199761 36 0 0 0 0 0 4 5 3 0 0 0 0 3 8 8 7 0 0 0 0 3 0 1 0
88 GGC 0 3 0 9 0 0 0 0 3 2 1 7 0 0 0 0 0 0 0 0 0 0 0 0 1 4 0 3 1 5 2 1 0 15 0 1 0 0 0 0 7 199864 1 23 4 0 1 2 0 0 0 0 3 5 24 2 0 0 0 0 3 0 3 0
89 AGG 0 0 0 0 1 7 3 2 5 2 199847 1 0 0 0 0 0 7 0 9 0 0 0 0 8 18 41 2 0 0 0 0 0 0 0 0 0 0 0 0 8 7 4 7 0 0 0 0 0 0 0 0 0 19 0 2 0 0 0 0 0 0 0 0
90 GAT 0 0 0 0 2 5 0 6 3 6 0 6 0 0 0 0 0 0 0 0 0 0 0 0 0 4 0 2 0 0 0 0 0 23 0 199889 1 10 5 0 0 5 13 9 0 0 0 0 0 0 0 0 6 1 4 0 0 0 0 0 0 0 0 0
91 TGG 0 0 0 0 0 0 0 0 0 11 2 13 0 0 0 0 15 0 2 0 0 0 0 0 0 4 3 3 0 2 7 8 0 0 0 0 0 0 0 0 9 14 5 5 0 0 0 0 0 0 0 0 6 1 3 0 0 2 199870 10 0 0 5 0
92 CTA 0 0 0 0 0 0 0 0 0 0 0 0 0 0 0 0 0 0 0 0 15 4 2 3 0 0 0 0 199885 28 0 16 0 0 0 0 2 2 2 2 0 0 0 0 0 0 0 0 0 0 0 0 0 0 0 0 0 8 0 6 22 0 3 0
93 TTA 0 0 0 0 0 0 0 0 1 0 10 1 0 0 0 0 0 0 0 0 6 12 5 11 7 4 0 0 5 31 9 13 0 0 0 0 0 0 0 0 0 0 0 0 4 4 6 12 0 0 0 0 9 3 3 1 0 0 0 0 199829 12 2 0
94 TTA 0 0 0 0 7 8 11 23 0 0 15 0 0 0 0 0 0 0 0 0 7 4 3 6 8 1 4 2 18 12 14 0 0 0 0 0 0 0 0 0 0 0 0 0 0 0 0 0 0 0 0 0 0 0 0 0 0 0 0 0 199856 0 1 0
95 GGT 0 0 0 0 0 0 0 0 6 2 14 2 0 0 0 0 0 0 0 0 0 0 0 0 13 5 3 0 1 4 3 7 0 0 0 0 0 0 0 0 26 4 6 199833 10 8 16 6 0 0 0 0 1 6 2 2 0 0 0 9 11 0 0 0
96 GAG 19 0 13 0 0 0 0 0 0 0 1 0 0 0 0 0 12 0 17 0 0 0 0 0 2 1 4 1 0 1 1 4 17 0 199851 0 15 1 3 2 9 1 20 1 0 0 0 0 0 0 0 0 0 0 0 0 0 0 0 0 3 0 1 0
97 GTT 0 0 0 0 4 0 1 3 12 0 3 0 0 0 0 0 0 0 0 0 0 0 0 0 3 23 1 7 8 8 1 6 0 0 0 0 0 0 0 0 3 9 2 3 14 5 3 199873 0 0 0 0 0 0 0 0 0 0 0 0 8 0 0 0
98 CCG 0 0 0 0 3 10 0 3 2 0 8 5 0 0 0 0 7 0 2 0 4 2 199861 6 6 3 9 21 4 1 0 9 0 0 0 0 0 0 0 0 3 1 4 3 0 0 0 0 0 0 0 0 0 1 7 0 0 0 0 0 5 0 10 0
99 GGG 0 0 0 0 0 0 0 0 8 1 0 5 0 0 0 0 0 0 0 0 0 0 0 0 1 5 5 13 0 0 0 0 0 0 0 0 1 0 10 0 15 33 199845 10 0 3 5 0 0 0 0 0 3 11 1 9 0 11 0 5 0 0 0 0
100 CAA 13 0 3 0 3 2 6 4 2 0 3 4 0 0 0 0 199885 0 3 0 6 2 1 7 1 7 3 3 0 5 5 3 6 0 9 0 0 0 0 0 0 0 0 0 0 0 0 0 0 0 0 0 0 4 1 0 0 0 0 0 8 0 1 0
101 GAC 0 0 0 0 0 0 0 0 0 14 0 6 0 0 0 0 0 0 0 0 0 0 0 0 0 0 0 0 0 0 0 0 0 199885 0 14 1 0 6 23 5 1 0 8 3 12 10 2 0 0 0 0 6 1 2 1 0 0 0 0 0 0 0 0
102 TTG 0 0 0 0 0 0 0 0 0 0 13 0 0 0 0 0 0 0 0 0 1 0 12 3 20 3 5 9 6 5 8 25 0 0 0 0 12 2 9 12 0 0 0 0 0 0 0 0 0 0 0 0 0 0 0 0 0 0 0 0 54 0 199801 0
103 CTT 0 0 0 0 0 0 0 0 2 3 2 0 0 0 0 0 0 0 0 0 1 2 8 2 2 0 0 8 0 51 17 199886 0 0 0 0 0 0 0 0 0 0 0 0 0 0 0 0 0 0 0 0 8 2 2 2 0 0 0 0 2 0 0 0
104 AGT 0 0 0 0 17 26 1 9 3 9 10 199805 1 0 0 15 0 0 0 0 0 0 0 0 15 0 1 6 2 1 2 5 0 0 0 0 0 0 0 0 14 14 2 6 5 0 1 8 0 0 0 0 1 2 11 2 0 0 0 0 1 0 5 0
105 TCC 0 0 0 0 0 0 0 0 3 11 4 0 0 0 0 0 0 0 0 0 0 0 0 0 13 4 1 2 1 2 1 1 0 0 0 0 0 0 0 0 25 2 12 1 0 0 0 0 0 0 0 0 7 199859 26 7 0 0 0 0 3 0 15 0
106 CAC 0 0 0 0 0 0 0 0 2 22 10 12 0 0 0 0 18 199654 20 4 8 15 61 14 13 5 7 4 0 0 0 0 5 6 39 15 0 0 0 15 6 3 16 2 0 0 0 0 0 0 0 0 0 5 1 8 0 4 0 6 0 0 0 0
107 CTG 0 0 0 0 0 0 0 0 0 0 0 0 0 0 0 0 0 0 0 0 0 0 11 2 0 0 0 0 21 5 199849 28 0 0 0 0 0 0 0 0 0 0 0 0 1 3 8 1 0 0 0 0 0 0 0 0 0 0 0 0 59 0 12 0
108 GCC 0 0 0 0 0 0 0 0 0 13 0 3 0 0 0 0 0 0 0 0 86 15 8 16 0 0 0 0 0 0 0 0 7 0 12 0 6 199717 2 17 14 10 3 4 5 6 2 7 0 0 0 0 1 7 0 39 0 0 0 0 0 0 0 0
109 CCG 0 0 0 0 0 12 0 0 4 2 3 5 0 0 0 0 9 0 0 0 0 12 199877 15 2 2 0 0 8 0 1 5 0 0 0 0 0 0 0 0 0 0 0 0 19 6 3 0 0 0 0 0 0 2 5 4 0 0 0 0 2 0 2 0
110 GCG 0 0 0 0 0 0 0 0 0 8 0 2 0 0 0 0 0 0 0 0 0 7 3 5 0 0 0 0 1 6 0 3 0 0 0 0 3 0 199902 9 0 0 0 0 0 0 0 0 0 0 0 0 2 5 13 13 0 2 0 15 1 0 0 0
111 GAG 0 0 0 0 6 3 0 8 3 0 1 0 0 0 0 0 0 0 0 0 0 0 0 0 3 0 1 0 1 3 7 5 9 0 199921 0 0 0 0 0 2 4 4 9 0 0 0 0 0 0 0 0 0 0 0 0 0 0 0 0 8 0 2 0
112 AAA 199984 0 4 0 0 0 0 0 0 0 0 0 3 2 0 7 0 0 0 0 0 0 0 0 0 0 0 0 0 0 0 0 0 0 0 0 0 0 0 0 0 0 0 0 0 0 0 0 0 0 0 0 0 0 0 0 0 0 0 0 0 0 0 0
113 GTA 0 0 0 0 15 19 20 6 4 0 2 0 0 0 0 0 0 0 0 0 0 0 0 0 2 1 0 1 2 1 7 2 0 0 0 0 0 0 0 0 5 3 4 3 199858 18 16 6 0 0 0 0 0 0 0 0 0 0 0 0 5 0 0 0
114 AGT 0 0 0 0 0 0 0 0 1 4 7 199299 0 0 0 0 0 0 0 0 10 10 4 2 4 3 8 0 1 7 3 10 0 0 0 0 85 113 14 87 5 9 5 3 5 2 2 11 0 0 0 0 10 4 18 5 0 197 0 34 9 0 9 0
115 ATA 13 0 5 0 0 0 0 0 0 0 2 4 199936 13 0 5 0 0 0 0 0 0 0 0 2 2 1 3 0 0 0 0 0 0 0 0 0 0 0 0 0 0 0 0 0 0 0 0 0 0 0 0 5 0 4 5 0 0 0 0 0 0 0 0
116 ATG 0 0 0 0 0 0 0 0 3 0 0 0 0 0 199947 0 0 0 0 0 0 0 0 0 13 1 10 12 0 0 0 0 0 0 0 0 0 0 0 0 0 0 0 0 4 4 2 4 0 0 0 0 0 0 0 0 0 0 0 0 0 0 0 0
117 GCT 0 0 0 0 4 1 1 2 8 2 8 11 0 0 0 0 0 0 0 0 0 0 0 0 4 7 2 5 0 0 0 0 0 0 0 0 8 0 25 199895 0 0 0 0 0 0 0 0 0 0 0 0 2 2 5 8 0 0 0 0 0 0 0 0
118 GAT 0 0 0 0 0 0 0 0 0 5 0 0 0 0 0 0 0 0 0 0 0 0 0 0 0 0 0 0 0 0 0 0 0 42 0 199906 3 6 6 1 0 0 0 0 3 0 9 7 0 0 0 0 6 2 2 2 0 0 0 0 0 0 0 0
119 GCT 0 0 0 0 1 0 7 2 0 4 0 2 0 0 0 0 0 0 0 0 0 0 0 0 0 0 0 0 0 0 0 0 8 0 5 0 3 15 27 199909 0 0 0 0 0 0 0 0 0 0 0 0 3 6 7 1 0 0 0 0 0 0 0 0
120 ATG 0 0 0 0 22 0 0 12 1 1 1 3 8 2 199785 0 3 0 11 0 0 0 0 0 3 0 4 4 2 27 29 0 0 0 0 0 0 0 0 0 4 13 4 1 2 0 3 4 0 0 0 0 0 1 2 0 0 0 0 0 34 0 14 0
121 AGG 0 0 0 0 0 8 4 17 35 22 199770 5 2 1 0 7 0 0 0 0 3 7 0 6 16 11 1 3 5 6 0 5 0 0 0 0 0 0 0 0 15 3 0 1 0 0 0 0 0 2 0 8 8 2 1 9 0 0 0 0 13 0 4 0
122 CGT 0 0 0 0 4 0 13 1 22 0 6 32 0 0 0 0 0 0 0 0 0 0 0 0 14 28 4 199094 7 109 49 100 0 0 0 0 6 14 5 2 0 18 0 8 0 3 6 6 0 0 0 0 5 23 3 12 0 0 10 0 239 0 157 0
123 TTA 0 0 0 0 0 0 0 0 18 0 2 3 0 0 0 0 0 0 0 0 0 0 0 0 6 7 2 13 0 13 12 6 0 0 0 0 0 0 0 0 3 6 1 2 10 6 8 5 0 0 0 0 0 0 1 5 0 0 0 0 199861 0 10 0
124 CAC 0 0 0 0 3 1 10 1 8 0 13 4 0 0 0 0 10 199830 1 21 7 6 9 9 5 3 0 0 5 1 1 2 0 13 0 11 0 0 0 0 0 0 0 0 0 0 0 0 0 0 0 0 3 3 10 6 0 0 0 0 0 0 4 0
125 ACA 0 8 0 20 199792 2 9 3 5 14 0 15 0 0 0 0 0 0 0 0 0 2 13 9 1 5 14 7 0 0 0 0 0 0 0 0 5 23 2 10 2 1 3 0 0 0 0 0 0 0 0 0 12 10 6 7 0 0 0 0 0 0 0 0
126 CTA 0 0 0 0 0 0 0 0 1 0 0 0 0 0 0 0 0 0 0 0 30 9 0 2 4 1 2 0 199885 4 11 13 0 0 0 0 0 0 0 0 0 0 0 0 6 14 5 7 0 0 0 0 0 0 0 0 0 0 0 0 0 0 6 0
127 GAT 0 0 0 0 0 0 0 0 0 7 0 8 0 0 0 0 8 0 5 0 0 0 0 0 0 0 0 0 0 0 0 0 0 32 0 199804 0 0 0 0 0 0 0 0 0 0 0 0 0 3 0 11 42 17 35 28 0 0 0 0 0 0 0 0
128 CCA 0 0 0 0 0 0 6 3 2 8 0 0 0 0 0 0 0 0 0 0 199916 12 5 13 8 1 1 0 3 0 2 6 0 0 0 0 0 0 0 0 0 0 0 0 0 0 0 0 0 0 0 0 1 7 0 2 0 0 0 0 0 0 4 0
129 GCA 0 0 0 0 0 0 0 0 8 1 8 3 0 0 0 0 0 0 0 0 1 6 2 5 1 4 3 13 1 5 7 2 0 0 0 0 199824 20 8 17 0 0 0 0 0 0 0 0 0 13 0 0 2 0 33 13 0 0 0 0 0 0 0 0
130 ACG 9 1 8 7 25 4 199896 4 0 12 0 1 0 0 0 0 0 0 0 0 0 0 0 0 0 0 0 0 3 1 9 3 0 0 0 0 0 0 0 0 0 0 0 0 0 0 0 0 0 0 0 0 0 2 5 0 0 0 0 0 7 0 3 0
131 TGC 0 0 0 0 9 5 11 3 7 1 2 0 0 0 0 0 0 0 0 0 0 0 0 0 2 1 4 0 4 1 2 0 0 0 0 0 0 0 0 0 0 0 0 0 0 0 0 0 0 0 0 0 3 2 1 1 0 199936 0 4 0 0 1 0
132 CCA 0 0 0 0 5 10 7 9 6 0 4 4 0 0 0 0 0 0 0 0 199847 8 26 8 0 0 0 11 0 2 4 4 0 0 0 0 13 5 4 3 0 0 0 0 0 0 0 0 0 0 0 0 2 6 1 6 0 0 0 0 3 0 2 0
133 TTC 0 0 0 0 0 0 0 0 0 0 0 0 0 0 0 0 0 0 0 0 0 0 0 0 0 0 0 0 0 1 0 3 0 0 0 0 0 0 0 0 0 0 0 0 0 0 0 0 0 0 0 0 0 0 0 0 0 0 0 0 5 199988 3 0
134 GAT 0 0 0 0 0 0 0 0 0 0 0 0 0 0 0 0 8 0 25 0 0 0 0 0 0 0 0 0 0 0 0 0 0 26 0 199941 0 0 0 0 0 0 0 0 0 0 0 0 0 0 0 0 0 0 0 0 0 0 0 0 0 0 0 0
135 CAC 0 0 0 0 1 7 6 0 0 0 0 0 0 0 0 0 0 199962 0 10 0 9 1 4 0 0 0 0 0 0 0 0 0 0 0 0 0 0 0 0 0 0 0 0 0 0 0 0 0 0 0 0 0 0 0 0 0 0 0 0 0 0 0 0
136 CAA 0 0 0 0 18 3 4 13 1 0 9 2 0 0 0 0 199916 0 13 0 0 0 0 0 0 0 0 0 0 0 0 0 0 0 0 0 0 0 0 0 0 0 0 0 0 0 0 0 0 0 0 0 12 1 7 1 0 0 0 0 0 0 0 0
137 GCG 4 0 6 0 5 0 5 11 44 1 89 1 164 5 34 277 25 0 14 0 0 0 0 0 47 55 1 65 20 41 4 32 0 0 0 0 24 1 198427 32 0 0 0 0 6 80 13 18 0 40 0 266 5 0 3 5 0 7 0 7 28 56 29 3
138 AAA 199927 0 10 0 0 0 0 0 7 1 7 5 0 0 0 0 0 0 0 0 0 0 0 0 1 8 5 5 0 0 0 0 0 0 0 0 4 9 3 5 0 0 0 0 0 0 0 0 0 0 0 0 0 0 2 1 0 0 0 0 0 0 0 0
139 CAC 0 5 0 13 0 0 0 0 1 4 10 1 0 0 0 0 17 199776 2 11 3 3 7 10 4 1 3 10 5 9 2 6 0 5 0 13 7 9 1 8 0 0 0 0 9 3 0 5 0 0 0 0 0 7 7 1 0 0 0 0 2 12 2 6
140 CGA 0 0 0 0 0 0 0 0 7 4 0 7 0 0 0 0 0 0 0 0 0 0 0 0 199925 1 2 0 4 1 1 5 0 0 0 0 0 0 0 0 1 4 0 17 0 0 0 0 0 0 0 0 0 1 2 12 0 0 0 0 1 0 5 0
141 ATA 0 0 0 0 5 0 1 6 1 3 3 0 199780 26 0 20 0 0 0 0 0 0 0 0 3 12 0 0 6 12 1 2 0 0 0 0 0 0 0 0 0 0 0 0 46 16 17 14 0 0 0 0 0 0 6 3 0 1 0 6 8 0 2 0
142 GAA 11 0 3 0 0 0 0 0 0 0 0 0 0 0 0 0 0 0 0 0 8 1 0 7 0 0 0 0 0 0 0 0 199959 0 0 0 0 0 0 0 2 3 4 2 0 0 0 0 0 0 0 0 0 0 0 0 0 0 0 0 0 0 0 0
143 CGA 0 0 0 0 71 6 5 118 2 5 0 9 6 1 0 6 0 29 0 5 4 10 0 8 199539 10 9 13 19 1 15 4 0 0 0 0 2 2 0 2 2 1 4 6 8 3 21 9 0 0 0 0 11 7 6 10 0 0 0 0 10 0 1 0
144 GCA 0 0 0 0 0 0 0 0 0 0 0 5 8 2 0 3 0 0 0 0 0 0 0 0 0 0 0 0 0 0 0 0 0 0 0 0 199922 11 25 11 0 0 0 0 0 0 0 0 0 0 0 0 6 2 4 1 0 0 0 0 0 0 0 0
145 AGA 0 0 0 0 0 0 0 0 199782 0 12 3 0 0 0 0 0 1 0 25 0 0 0 0 14 12 17 32 27 7 13 2 0 0 0 0 1 6 5 0 10 0 5 5 0 0 0 0 0 0 0 0 9 0 1 0 0 0 0 0 1 7 0 3
146 ACT 15 1 74 21 24 2 1 198620 38 5 26 12 25 8 0 10 23 39 36 26 3 0 11 1 10 27 45 2 78 15 74 6 80 5 41 6 14 21 2 16 3 2 2 2 108 43 41 186 0 0 0 0 9 0 10 8 0 35 0 8 60 0 20 0
147 CGC 0 0 0 0 0 0 0 0 16 3 16 12 0 0 0 0 0 0 0 0 0 0 0 0 2 199846 0 4 4 0 2 17 0 0 0 0 0 0 0 0 10 9 14 5 0 0 0 0 0 0 0 0 3 2 23 1 0 0 0 0 5 0 6 0
148 ATG 0 0 0 0 0 0 0 0 0 0 0 0 12 1 199966 9 0 0 0 0 0 0 0 0 0 0 0 0 0 0 0 0 0 0 0 0 0 0 0 0 0 0 0 0 11 1 0 0 0 0 0 0 0 0 0 0 0 0 0 0 0 0 0 0
149 GAG 60 60 37 51 0 0 0 0 0 0 9 2 53 8 0 90 34 26 13 1 0 0 0 0 0 10 5 7 20 25 19 82 9 3 199101 12 0 5 2 5 38 3 4 51 3 8 13 10 0 5 0 11 1 28 3 5 0 30 0 1 1 5 12 19
150 GCT 0 0 0 0 1 1 2 4 1 5 0 3 0 0 0 0 13 48 16 23 0 7 0 1 1 2 8 0 0 0 0 0 7 0 2 0 5 29 33 199736 0 0 0 0 0 12 3 0 0 0 0 0 7 5 21 4 0 0 0 0 0 0 0 0
151 GGA 0 28 0 4 0 0 0 0 0 0 11 3 0 0 0 0 0 0 0 0 0 0 0 0 11 12 3 3 0 0 0 0 33 0 15 0 0 0 0 0 199788 13 27 4 15 4 1 3 0 0 0 0 2 1 1 8 0 6 0 4 0 0 0 0
152 CTA 0 0 0 0 0 0 0 0 1 1 1 1 0 0 11 0 0 0 0 0 0 0 0 0 2 1 3 5 199848 19 48 28 0 0 0 0 0 0 0 0 0 0 0 0 0 0 0 0 0 2 0 15 2 1 0 6 0 0 0 0 3 0 2 0
153 GTA 0 0 0 0 19 4 4 3 4 2 0 2 25 15 41 34 0 0 0 0 32 167 23 96 5 2 0 5 22 41 116 88 0 0 0 0 0 0 0 0 3 3 1 2 198807 23 17 1 0 0 0 0 1 2 0 4 0 20 0 1 86 129 47 103
154 GAT 0 0 0 0 0 0 0 0 0 0 19 0 0 0 0 0 0 0 0 0 0 0 0 0 0 8 8 0 1 6 0 5 0 10 0 199909 0 0 0 0 7 9 3 1 0 7 4 2 0 0 0 0 0 0 0 0 0 0 0 0 1 0 0 0
155 CAA 0 0 0 0 142 12 143 201 23 0 3 12 72 87 196 117 193584 4 1 3 5 14 4 4 0 1 1 5 4 111 10 3 129 0 223 0 6 0 0 11 13 8 26 2 124 813 146 40 0 167 0 215 7 12 0 7 0 92 3076 74 2 24 12 9
156 GAT 0 0 0 0 0 0 0 0 4 0 0 10 0 0 0 0 0 0 0 0 0 0 0 0 1 0 4 5 0 3 1 3 0 0 0 199906 2 0 6 5 0 0 0 0 0 0 0 0 0 30 0 6 2 1 4 1 0 0 0 0 1 0 5 0
157 GAT 0 0 0 0 0 0 0 0 0 0 0 0 0 0 0 0 0 0 0 0 0 0 0 0 0 0 0 0 0 0 0 0 0 3 0 199951 3 5 7 0 9 3 1 5 5 2 5 1 0 0 0 0 0 0 0 0 0 0 0 0 0 0 0 0
158 CTT 0 7 0 3 7 7 0 5 12 0 5 0 0 0 15 0 5 0 7 0 1 0 7 0 4 1 13 0 18 2 27 197495 0 0 0 0 0 0 0 0 0 0 0 0 1 0 1 2 0 64 0 303 0 0 0 0 0 0 111 0 0 236 6 1635
159 GAC 0 0 0 0 12 1 9 7 6 0 0 0 0 0 0 0 0 0 0 0 0 0 0 0 14 2 2 6 0 0 0 0 3 199877 17 0 0 0 0 0 0 1 4 4 0 0 0 0 0 35 0 0 0 0 0 0 0 0 0 0 0 0 0 0
160 GAG 0 6 0 7 0 0 0 0 3 7 14 4 0 0 0 0 92 0 5 0 0 0 0 0 20 2 1 1 0 1 12 2 9 80 199572 85 7 12 3 7 3 6 0 5 0 0 0 0 0 0 0 0 5 1 0 0 0 4 0 3 1 8 7 5
161 GAG 0 0 0 0 0 0 0 0 0 2 9 0 0 0 0 0 12 0 3 0 0 0 0 0 0 0 0 0 0 0 0 0 7 0 199951 0 2 8 1 0 0 0 0 0 0 0 0 0 0 0 0 0 2 2 1 0 0 0 0 0 0 0 0 0
162 CAT 0 73 0 292 20 0 3 1 3 7 1 0 0 0 0 0 0 12 0 199453 0 0 0 0 1 4 10 0 1 3 2 0 0 0 0 0 0 0 0 0 38 5 14 44 0 0 0 0 0 0 0 0 0 1 4 0 0 0 0 0 6 0 2 0
163 CAA 13 0 5 0 115 52 43 13 5 6 22 1 54 297 275 147 196662 3 2 6 4 8 5 1 17 1 14 8 25 423 30 231 5 0 12 0 42 81 20 33 0 3 1 10 192 259 99 56 0 146 0 194 12 2 15 13 0 80 14 38 74 56 26 29
164 GGG 0 0 0 0 0 0 0 0 5 1 1 0 0 0 0 0 0 0 0 0 0 0 0 0 9 0 4 0 0 0 0 0 0 0 0 0 0 0 0 0 24 6 199862 20 15 3 2 10 0 0 0 0 9 3 0 3 0 9 0 14 0 0 0 0
165 CTG 0 8 0 13 6 10 4 5 3 0 3 0 14 10 16 8 0 0 0 0 36 6 3 1 7 10 2 1 2 1 199462 30 0 0 0 0 3 3 2 0 0 0 0 0 27 80 15 33 0 14 0 14 0 0 0 0 0 11 0 12 49 9 18 49
166 GCG 8 0 14 0 6 5 9 0 5 0 4 8 2 5 0 10 0 0 0 0 0 0 0 0 0 1 0 0 12 16 7 3 8 0 11 0 4 1 199747 15 0 0 0 0 0 12 1 7 0 0 0 0 8 13 0 1 0 0 0 0 42 0 15 0
167 CCC 1 0 10 0 19 3 3 3 1 0 7 3 55 13 13 81 8 0 8 0 19 198916 6 6 5 5 4 0 39 46 189 39 0 0 0 0 2 1 5 5 2 1 13 8 34 41 78 34 0 3 0 10 2 2 1 4 0 1 0 5 188 0 58 0
168 GCG 18 0 0 0 4 48 14 8 2 16 3 42 9 26 0 5 0 6 0 11 0 0 0 0 3 10 19 2 18 8 9 2 1 0 13 0 2 13 199493 40 0 0 0 0 8 4 6 2 0 0 0 0 14 35 12 30 0 0 21 0 4 5 0 14
169 GAA 0 0 0 0 0 0 0 0 0 3 0 8 0 0 0 0 4 0 8 0 1 6 1 0 0 0 0 0 1 4 1 0 199894 0 14 0 0 0 0 0 0 9 13 11 7 1 0 6 0 0 0 0 0 1 0 0 0 0 0 0 6 0 1 0
170 CTC 0 0 0 0 0 0 0 0 0 0 0 0 0 0 0 0 0 0 0 0 1 26 4 6 0 0 0 0 5 199872 28 11 0 0 0 0 0 0 0 0 0 0 0 0 0 0 0 0 0 0 0 0 0 0 0 0 0 28 0 7 1 0 11 0
171 TTT 0 0 0 0 0 0 0 0 1 9 34 3 0 0 0 0 0 0 0 0 4 1 4 3 2 18 1 0 37 0 17 8 0 0 0 0 0 0 0 0 1 4 12 8 4 1 19 1 0 0 0 0 5 2 3 5 0 0 0 0 6 0 5 199782
172 GCT 0 0 0 0 0 0 0 0 28 0 10 0 0 0 0 0 12 0 4 0 0 0 0 0 21 0 7 22 0 0 0 0 12 0 12 0 1 2 8 199804 0 0 0 0 14 2 14 27 0 0 0 0 0 0 0 0 0 0 0 0 0 0 0 0
173 AGG 0 0 0 0 0 0 0 0 24 5 199276 7 0 0 213 0 41 0 24 0 0 0 0 0 1 15 36 17 10 46 8 54 16 0 2 0 4 1 11 6 4 0 2 0 13 3 3 20 0 0 0 0 15 2 6 18 0 0 0 0 54 0 43 0
174 TTG 0 0 0 0 0 0 0 0 0 0 0 0 0 0 0 0 0 0 0 0 0 0 0 0 0 0 0 0 3 14 2 8 0 0 0 0 0 0 0 0 0 0 0 0 0 0 0 0 0 0 0 0 0 0 0 0 0 3 0 16 5 0 199949 0
175 AAA 199423 0 27 0 0 0 0 0 3 0 5 3 0 7 0 1 17 0 5 0 0 0 0 0 5 0 3 1 85 31 64 118 0 0 0 0 0 0 0 0 7 5 0 12 14 60 1 21 0 0 0 0 1 0 6 1 0 0 0 0 67 0 7 0
176 GCT 0 0 0 0 0 0 0 0 4 0 0 4 0 0 0 0 0 0 0 0 0 0 0 0 14 14 9 15 5 1 4 5 0 0 0 0 17 18 8 199848 0 0 0 0 0 0 0 0 0 0 0 0 2 10 5 8 0 0 0 0 1 0 8 0
177 CGG 0 105 0 221 465 1929 163 871 4 200 26 1101 292 245 268 144 60 4 42 176 4 6 2 4 12 15 185365 33 431 158 334 448 63 75 418 41 58 217 361 262 140 131 697 309 70 3 127 31 0 3 0 117 341 319 873 109 0 203 269 508 402 520 129 76
178 ATG 42 0 18 0 16 72 8 25 67 0 1 5 14 7 198326 7 2 56 27 26 12 33 27 57 18 13 48 136 63 42 10 9 8 0 8 0 4 0 11 2 2 1 5 12 12 3 35 10 0 171 0 96 2 2 2 2 0 27 125 56 28 153 2 34
179 CCC 0 0 0 0 1 10 4 3 21 13 18 1 11 20 0 20 11 0 10 0 11 199680 31 36 15 11 5 8 1 19 4 0 0 0 0 0 0 0 0 0 0 0 0 0 0 0 0 0 0 0 0 0 2 15 5 1 0 0 0 0 9 0 4 0
180 GAC 0 0 0 0 13 1 2 5 23 2 8 4 26 8 0 3 0 0 0 0 10 0 2 4 13 1 3 2 1 2 5 3 15 199681 1 21 8 6 9 8 7 6 0 4 0 0 0 0 0 0 0 0 1 1 6 1 0 0 24 0 0 25 5 30
181 GGT 0 0 0 0 10 4 0 1 11 5 5 21 0 0 0 0 0 0 0 0 0 0 0 0 7 3 7 17 1 3 0 1 0 0 0 0 2 8 9 4 0 5 4 199729 4 37 1 23 0 1 0 10 2 9 0 10 0 34 0 11 0 0 1 0
182 GAA 0 0 0 0 5 2 11 9 0 2 0 1 0 0 0 0 0 0 0 0 0 0 0 0 0 0 0 0 0 0 0 0 199878 0 23 0 7 1 2 5 2 6 11 14 2 1 7 2 0 0 0 0 0 3 5 1 0 0 0 0 0 0 0 0
183 GAT 0 0 0 0 0 0 0 0 4 0 9 0 0 0 0 0 0 0 0 0 0 0 0 0 0 0 8 7 0 0 0 0 0 0 0 199964 0 0 0 0 1 2 3 2 0 0 0 0 0 0 0 0 0 0 0 0 0 0 0 0 0 0 0 0
184 TTG 0 0 0 0 0 0 0 0 1 0 6 0 0 0 0 0 1 0 31 0 8 3 0 13 3 9 2 2 0 9 5 20 0 0 0 0 0 0 0 0 0 0 0 0 0 0 0 0 0 0 0 0 0 0 0 0 0 0 0 0 5 0 199882 0
185 GTG 0 0 0 0 0 0 0 0 5 2 3 7 0 0 0 0 0 0 0 0 0 0 0 0 4 8 0 1 3 6 2 2 0 0 0 0 3 4 12 1 0 0 0 0 12 15 199894 2 0 0 0 0 0 1 1 1 0 0 0 0 11 0 0 0
186 GTA 0 0 0 0 0 0 0 0 0 0 0 0 0 0 0 0 0 0 0 0 1 1 5 4 0 0 0 0 2 5 1 2 0 0 0 0 5 4 10 14 0 0 0 0 199910 2 8 18 0 0 0 0 0 0 0 0 0 0 0 0 5 0 3 0
187 ACT 0 0 0 0 0 11 2 199961 0 5 0 3 0 0 0 0 0 0 0 0 0 0 0 0 0 0 0 0 0 0 0 0 0 0 0 0 0 0 0 0 0 0 0 0 0 0 0 0 0 0 0 0 2 7 1 8 0 0 0 0 0 0 0 0
188 CAT 0 0 0 0 0 0 0 0 9 0 0 0 0 0 0 0 11 5 4 199868 0 2 3 9 2 0 7 9 3 7 15 10 0 0 0 0 0 0 0 0 0 0 0 0 0 0 0 0 0 5 0 26 0 0 0 0 0 4 0 0 0 0 1 0
189 GGG 0 0 0 0 0 0 0 0 0 3 0 16 0 0 0 0 0 0 0 0 0 0 0 0 0 0 0 0 3 7 1 2 0 0 0 0 0 0 0 0 3 0 199905 20 11 0 4 6 0 0 0 0 10 5 0 1 0 0 0 0 2 0 1 0
190 GAT 0 0 0 0 0 0 0 0 0 0 0 0 0 0 0 0 0 0 0 0 0 0 0 0 0 0 0 0 0 0 0 0 0 19 8 199952 0 0 0 0 4 2 4 11 0 0 0 0 0 0 0 0 0 0 0 0 0 0 0 0 0 0 0 0
191 GCC 0 0 0 0 0 0 0 0 0 4 2 1 0 0 0 0 0 160 0 16 0 0 0 0 1 6 2 1 31 21 0 13 0 0 0 0 10 198798 35 15 0 0 0 0 0 0 6 8 0 19 0 13 2 7 12 0 0 0 0 0 14 645 11 147
192 TGC 0 0 0 0 375 86 1589 696 4 0 5 0 6 30 0 4 0 0 0 0 0 0 0 0 8 2 2 12 0 0 0 0 0 0 0 0 3 3 3 4 1 0 15 3 0 0 0 0 0 0 0 0 0 0 0 0 0 197142 0 7 0 0 0 0
193 CTC 0 0 0 0 0 0 0 0 0 0 4 0 0 0 21 0 0 0 0 0 0 0 5 20 1 13 6 0 2 199843 26 7 0 0 0 0 0 0 0 0 0 0 0 0 3 2 4 4 0 0 0 0 0 0 0 0 0 0 0 0 30 0 9 0
194 CCG 0 0 0 0 3 7 11 1 4 6 6 2 0 0 0 0 13 0 4 0 3 7 199860 29 6 5 0 3 0 7 3 1 0 0 0 0 0 0 0 0 0 0 0 0 0 0 0 0 0 0 0 0 1 3 2 2 0 0 0 0 4 0 7 0
195 AAC 7 199915 7 13 7 6 4 0 0 12 0 8 0 0 0 0 0 0 0 0 0 0 0 0 0 0 0 0 0 0 0 0 0 0 0 0 0 0 0 0 0 0 0 0 0 0 0 0 0 0 0 16 2 3 0 0 0 0 0 0 0 0 0 0
196 ATA 0 0 0 0 0 0 0 0 1 21 9 12 199758 17 0 76 0 0 0 0 0 0 0 0 7 20 11 2 1 2 0 0 0 0 0 0 0 0 0 0 0 0 0 0 1 1 2 4 0 0 0 0 21 0 17 11 0 0 0 0 6 0 0 0
197 ATG 2 0 6 0 2 2 2 5 4 0 1 0 0 0 199904 0 18 0 19 0 0 0 0 0 2 0 5 0 2 1 1 2 0 9 0 10 0 0 0 0 0 0 0 0 0 0 0 0 0 0 0 0 0 0 0 0 0 0 0 0 2 0 1 0
198 GTG 0 0 0 0 0 0 0 0 1 0 3 0 0 0 0 0 0 0 0 0 0 0 0 0 2 4 1 0 1 4 7 0 0 0 0 0 7 3 1 0 1 1 9 3 29 12 199894 8 0 0 0 0 0 0 0 0 0 0 0 0 1 0 8 0
199 GAA 0 0 0 0 0 0 0 0 7 7 5 2 0 0 0 0 0 14 0 3 0 0 0 0 1 1 2 1 0 0 0 0 199811 0 6 0 7 0 1 34 1 17 5 3 0 0 0 0 0 0 0 0 5 27 0 10 0 9 0 21 0 0 0 0
200 AAC 0 199904 0 23 3 18 1 0 0 4 0 5 0 0 0 0 0 0 0 0 0 0 0 0 0 0 0 0 3 1 14 0 0 0 0 0 0 0 0 0 0 0 0 0 3 4 0 2 0 0 0 0 6 3 1 2 0 0 0 0 3 0 0 0
201 GGC 0 0 0 0 0 0 4 4 2 4 6 5 0 0 0 0 0 0 0 0 0 0 0 0 7 5 0 8 0 0 0 0 0 0 0 6 0 0 0 0 55 199830 4 27 0 0 0 0 0 0 0 0 3 0 16 1 0 11 0 2 0 0 0 0
202 CGT 8 0 15 0 0 0 0 0 17 0 48 3 0 0 0 0 0 0 0 0 0 0 0 0 7 7 27 199723 1 0 33 4 0 0 0 0 0 0 0 0 0 0 0 0 0 0 0 0 0 0 0 0 8 5 22 7 0 7 0 7 10 0 41 0
203 TTT 0 0 0 0 0 0 0 0 0 0 0 0 0 0 0 0 0 0 0 0 0 0 0 0 0 0 0 0 2 1 0 8 0 0 0 0 0 0 0 0 0 0 0 0 0 0 0 0 0 0 0 0 0 0 0 0 0 1 0 12 5 27 3 199941
204 AGC 0 1 0 14 6 3 5 3 8 199815 1 16 4 8 0 11 0 0 0 0 0 0 0 0 8 5 18 4 0 0 0 0 0 0 0 0 0 0 0 0 4 0 6 5 0 0 0 0 0 0 0 0 9 13 16 17 0 0 0 0 0 0 0 0
205 GGA 0 0 0 0 0 0 0 0 0 0 0 0 0 0 0 0 0 0 0 0 0 0 0 0 0 0 0 0 0 0 0 0 0 0 0 0 0 0 0 0 199920 45 10 5 3 12 5 0 0 0 0 0 0 0 0 0 0 0 0 0 0 0 0 0
206 TTC 0 0 0 0 0 0 0 0 1 7 4 2 0 0 0 0 0 0 0 0 0 0 0 0 1 6 3 1 1 7 1 0 0 0 0 0 0 0 0 0 0 0 0 0 10 0 5 2 0 0 0 0 7 3 6 4 0 0 0 0 1 199922 2 4
207 ATT 0 0 0 0 7 4 6 4 0 0 0 0 13 10 0 199950 0 0 0 0 0 0 0 0 0 0 0 0 0 0 0 0 0 0 0 0 0 0 0 0 0 0 0 0 3 0 1 2 0 0 0 0 0 0 0 0 0 0 0 0 0 0 0 0
208 GAT 0 0 0 0 0 4 7 3 0 0 0 0 0 0 0 0 0 0 0 0 0 0 0 0 0 0 0 0 0 0 0 0 13 10 1 199912 9 8 9 7 2 0 8 7 0 0 0 0 0 0 0 0 0 0 0 0 0 0 0 0 0 0 0 0
209 TGC 0 0 0 0 1 17 31 21 4 13 10 5 0 0 0 0 0 0 0 0 0 0 0 0 4 8 0 13 2 8 2 2 0 0 0 0 0 4 5 18 0 0 0 11 0 0 0 0 0 0 0 0 0 1 5 0 0 199785 0 6 4 5 7 8
210 GGA 0 0 0 0 0 0 0 0 5 1 1 9 0 0 0 0 0 0 0 0 0 0 0 0 1 3 1 5 0 0 0 0 0 0 0 0 0 0 0 0 199879 14 6 24 9 20 6 6 0 0 0 0 4 1 1 4 0 0 0 0 0 0 0 0
211 CGG 0 0 0 0 0 0 0 0 3 5 13 0 0 0 0 0 0 0 0 0 0 0 0 0 4 19 199863 15 16 1 13 3 0 0 0 0 0 0 0 0 0 0 0 0 0 0 0 0 0 0 0 0 13 3 4 7 0 4 0 8 0 0 6 0
212 TTG 0 0 0 0 0 7 0 5 14 0 3 0 0 0 0 0 0 0 0 0 0 0 0 0 2 0 2 0 18 3 14 3 0 0 0 0 0 0 0 0 0 0 0 0 0 0 0 0 0 0 0 0 0 0 0 0 0 0 0 0 10 0 199919 0
213 GGT 0 0 0 0 0 0 0 0 2 0 21 0 0 0 0 0 0 0 0 0 0 0 0 0 4 4 1 11 0 0 0 0 0 0 0 0 1 6 6 2 11 4 1 199890 7 3 0 4 0 0 0 0 0 0 0 0 0 2 0 20 0 0 0 0
214 GTC 0 0 0 0 0 0 0 0 0 0 0 0 0 0 0 0 0 0 0 0 0 0 0 0 0 0 0 0 4 2 5 10 0 0 0 0 1 0 9 12 8 2 26 5 5 199900 2 5 0 0 0 0 0 0 0 0 0 0 0 0 4 0 0 0
215 GCT 0 0 0 0 0 0 17 7 0 1 0 0 0 0 0 0 0 0 0 0 3 2 10 1 0 0 0 0 0 0 0 0 0 0 0 0 14 8 0 199891 1 3 5 0 0 0 0 0 0 0 0 0 27 5 3 2 0 0 0 0 0 0 0 0
216 GAT 0 0 0 0 0 0 0 0 0 1 0 1 0 0 0 0 0 0 0 0 0 0 0 0 0 0 0 0 1 1 1 0 0 9 0 199919 1 3 2 9 7 6 2 1 3 0 6 3 0 13 0 5 1 0 2 0 0 0 0 0 0 0 3 0
217 CGA 0 0 0 0 0 0 0 0 4 6 6 8 0 0 0 0 0 0 0 0 0 0 0 0 199905 9 8 3 3 6 2 0 0 0 0 0 0 0 0 0 6 4 1 2 0 0 0 0 0 0 0 0 10 3 0 4 0 0 0 0 5 0 5 0
218 TAT 0 0 0 0 0 0 0 0 0 3 0 5 0 0 0 0 0 0 0 0 0 0 0 0 0 0 0 0 0 0 0 0 0 0 0 0 0 0 0 0 0 0 0 0 0 0 0 0 0 11 0 199970 4 0 3 4 0 0 0 0 0 0 0 0
219 CAA 11 0 0 0 15 3 0 1 1 0 3 0 0 0 0 0 199835 28 61 0 6 12 0 0 5 3 13 3 0 0 0 0 0 0 0 0 0 0 0 0 0 0 0 0 0 0 0 0 0 0 0 0 0 0 0 0 0 0 0 0 0 0 0 0
220 GAT 0 0 0 0 0 0 0 0 0 0 0 0 0 0 0 0 0 0 0 0 0 0 0 0 0 0 0 0 0 0 0 0 0 10 0 199941 5 9 1 10 8 4 4 8 0 0 0 0 0 0 0 0 0 0 0 0 0 0 0 0 0 0 0 0
221 ATA 0 0 0 0 0 9 10 18 0 3 0 7 198608 15 0 11 0 0 0 0 0 0 0 0 0 0 0 0 301 476 68 275 0 0 0 0 0 0 0 0 2 3 3 6 0 4 2 0 0 0 0 0 5 6 42 0 0 0 0 0 88 0 38 0
222 GCA 0 0 0 0 0 0 0 0 0 0 0 0 0 0 0 0 0 0 0 0 0 0 0 0 0 0 0 0 0 0 0 0 0 0 0 0 199942 3 22 3 8 2 1 0 6 0 1 12 0 0 0 0 0 0 0 0 0 0 0 0 0 0 0 0
223 TTG 0 0 0 0 0 0 0 0 9 0 4 0 0 0 0 0 0 0 0 0 0 0 0 0 0 7 0 0 27 8 4 27 0 0 0 0 0 0 0 0 0 0 0 0 0 0 0 0 0 0 0 0 0 0 0 0 0 0 0 0 23 0 199891 0
224 GCA 0 0 0 0 0 0 0 0 0 10 0 17 0 0 0 0 0 0 0 0 1 5 2 3 0 0 0 0 0 0 5 2 24 0 5 0 199850 2 6 5 10 0 1 4 2 9 8 0 0 0 0 0 4 6 10 6 0 0 0 0 2 0 1 0
225 ACT 0 0 0 0 4 4 1 199927 0 0 0 0 17 3 0 0 0 0 0 0 0 0 0 0 0 0 0 0 0 0 0 0 0 0 0 0 0 0 0 0 0 0 0 0 15 0 15 3 0 0 0 0 4 6 1 0 0 0 0 0 0 0 0 0
226 CGC 0 0 0 0 1 3 1 6 37 7 9 1 0 0 0 0 0 0 0 0 0 0 0 0 24 199809 6 4 9 1 11 9 0 0 0 0 0 0 0 0 8 0 5 0 0 0 0 0 0 0 0 0 10 11 12 8 0 0 0 0 1 0 7 0
227 GAT 0 0 0 0 0 0 0 0 7 2 3 44 0 0 0 0 0 4 0 10 0 0 0 0 3 4 0 0 0 0 0 0 7 21 11 199791 0 0 0 0 0 0 0 0 8 18 5 10 0 0 0 0 1 16 0 15 0 15 0 5 0 0 0 0
228 ATC 0 0 0 0 7 3 1 6 4 25 10 7 7 199868 0 13 0 0 0 0 0 0 0 0 5 0 0 3 1 1 6 1 0 0 0 0 0 0 0 0 0 0 0 0 3 2 4 2 0 0 0 0 4 5 0 1 0 0 0 0 8 0 3 0
229 GCC 0 0 0 0 5 2 3 2 0 2 4 12 0 0 0 0 0 0 0 0 5 3 2 1 3 3 2 1 0 0 0 0 9 0 11 0 7 199870 14 14 0 0 0 0 5 4 7 0 0 0 0 0 0 1 5 3 0 0 0 0 0 0 0 0
230 GAA 0 0 0 0 24 38 4 49 0 157 0 3 0 0 0 0 0 58 0 18 3 0 3 1 0 0 0 0 0 0 0 0 199184 0 19 0 8 4 7 5 0 18 19 1 0 0 0 0 0 0 0 0 30 10 310 27 0 0 0 0 0 0 0 0
231 GAG 15 0 39 0 0 0 0 0 59 0 33 0 0 0 0 0 0 99 0 147 0 0 0 0 33 47 18 8 0 0 0 0 0 0 198317 0 12 2 9 6 4 2 1 2 0 14 12 1 0 323 0 780 0 0 0 0 0 0 8 0 0 7 0 2
232 CTT 0 0 0 0 0 0 0 0 6 2 4 0 0 0 0 0 0 0 0 0 4 9 3 15 1 0 3 4 0 27 2 199885 0 0 0 0 0 0 0 0 0 0 0 0 6 5 4 0 0 0 0 0 0 0 2 9 0 0 0 0 2 0 7 0
233 GGT 0 0 0 0 0 0 0 0 4 2 0 1 0 0 0 0 0 0 0 0 0 0 0 0 0 5 0 0 0 0 0 0 0 0 0 0 0 0 0 0 4 14 3 199912 10 3 10 3 0 0 0 0 3 3 4 0 0 2 0 17 0 0 0 0
234 GGT 141 56 66 32 1 101 7 12 3 10 18 2 22 3 52 15 34 13 49 13 114 240 104 37 0 1 27 21 0 3 6 12 4 20 136 22 156 97 278 122 12 51 0 197583 35 29 8 70 0 17 0 4 1 8 18 54 0 9 12 9 0 0 30 0
235 GAA 0 0 0 0 3 0 4 2 0 0 0 0 0 0 0 0 0 0 0 0 0 0 0 0 0 0 0 0 0 0 7 6 199952 0 18 0 1 0 4 2 0 0 0 0 0 0 0 0 0 0 0 0 0 0 0 0 0 0 0 0 1 0 0 0
236 TGG 0 0 0 0 0 0 0 0 4 2 7 1 0 0 0 0 0 0 0 0 0 0 0 0 1 2 17 1 15 2 5 12 0 0 0 0 0 0 0 0 15 9 2 1 1 4 3 6 0 0 0 0 0 8 4 8 0 0 199861 0 8 0 1 0
237 GCA 0 0 0 0 0 0 0 0 0 4 0 20 0 0 0 0 0 0 0 0 0 0 0 0 3 1 0 5 0 0 0 0 0 0 0 0 199876 38 7 4 0 0 0 0 0 0 0 0 0 0 0 0 8 17 1 16 0 0 0 0 0 0 0 0
238 GAC 16 45 97 20 3 4 1 4 67 25 26 51 45 111 15 16 26 104 49 4 0 4 4 9 54 26 94 42 17 25 12 17 100 198593 30 3 11 19 1 10 0 0 0 0 3 10 13 14 0 26 0 0 24 4 16 10 0 1 0 8 17 6 9 39
239 AGA 0 0 0 0 2 0 3 9 199829 1 3 0 0 0 0 0 0 0 0 0 10 6 0 0 25 0 34 5 2 2 5 13 0 0 0 0 0 0 0 0 4 3 1 0 0 0 0 0 0 0 0 0 3 6 4 2 0 10 0 1 7 0 10 0
240 TTT 4 0 7 0 0 0 0 0 0 5 0 1 0 0 0 0 0 0 0 0 0 0 0 0 0 0 0 0 0 0 0 0 0 0 0 0 0 0 0 0 0 0 0 0 7 4 3 8 0 0 0 0 1 0 3 4 0 0 0 9 0 30 0 199914
241 TTA 0 0 0 0 0 0 0 0 2 4 9 6 0 0 0 0 0 0 0 0 5 11 6 0 14 4 15 14 2 17 9 11 0 0 0 0 0 0 0 0 0 0 0 0 0 0 0 0 0 0 0 0 7 0 1 0 0 0 0 0 199853 0 10 0
242 GTT 18 7 76 12 66 10 49 74 40 3 10 6 0 0 36 0 4 66 12 29 3 8 1 5 124 39 13 53 0 5 3 2 44 0 83 0 26 0 76 16 0 0 0 0 16 19 1 198690 0 2 0 25 12 56 66 42 0 0 19 0 3 17 7 6
243 CTG 0 0 0 0 0 0 0 0 0 0 1 0 0 0 0 0 4 0 11 0 6 6 3 0 3 6 15 16 4 19 199810 25 13 0 8 0 2 2 2 7 0 0 0 0 3 7 7 3 0 0 0 0 0 0 0 0 0 0 0 0 5 0 12 0
244 TAT 0 0 0 0 0 0 0 0 0 0 0 0 0 0 0 0 0 0 0 0 0 0 0 0 0 0 0 0 3 24 0 2 0 0 0 0 0 0 0 0 0 0 0 0 0 0 0 0 0 9 0 199953 0 0 0 0 0 0 0 0 0 0 9 0
245 GGT 0 0 0 0 0 0 0 0 28 0 1 0 0 0 0 0 0 0 0 0 0 0 0 0 0 3 7 7 1 1 4 4 0 0 0 0 0 1 3 14 58 12 13 199783 16 9 1 10 0 0 0 0 0 0 2 12 0 5 0 5 0 0 0 0
246 ATC 0 0 0 0 0 0 0 0 17 4 4 24 20 199775 0 14 0 0 0 0 0 0 0 0 10 0 3 2 5 1 4 10 0 0 0 0 0 0 0 0 0 0 0 0 14 1 2 1 0 0 0 0 17 7 14 2 0 13 0 14 8 8 1 5
247 GCG 3 9 18 18 6 2 14 11 8 4 8 68 0 0 0 0 2 0 6 0 12 0 0 4 6 9 1 5 7 0 0 9 0 9 0 0 1 6 199611 15 5 0 3 2 0 0 0 0 0 0 0 0 37 7 3 24 0 13 0 6 23 0 5 0
248 GCA 5 0 7 0 37 4 8 27 2 6 0 12 5 5 23 8 28 0 15 0 0 0 0 0 0 0 7 4 63 14 5 26 6 11 8 28 199489 9 8 5 5 3 2 2 1 4 1 1 0 0 0 0 6 13 0 7 0 0 0 0 62 0 18 0
249 CCA 0 0 0 0 1 0 14 2 15 4 1 1 0 0 0 0 12 0 6 0 199788 17 0 13 8 1 27 14 7 4 1 3 0 0 0 0 0 3 20 7 1 2 5 4 0 0 0 0 0 0 0 0 2 1 1 1 0 0 0 0 12 0 2 0
250 GAC 0 0 0 0 4 0 1 1 0 0 0 0 0 0 0 0 14 0 25 0 0 0 0 0 0 0 0 0 0 5 0 2 0 199891 0 8 6 7 2 0 0 0 0 0 2 0 11 5 0 6 0 4 0 0 0 0 0 0 0 0 6 0 0 0
251 TCT 9 0 8 0 2 8 28 51 4 15 15 2 4 0 14 14 95 19 14 1 0 0 0 0 17 54 74 29 10 5 72 49 0 11 0 2 0 1 14 8 1 1 8 6 0 0 0 0 0 55 0 7 0 19 6 198911 0 0 234 0 24 28 3 48
252 CAG 0 11 0 2 0 0 0 0 6 2 6 1 0 0 0 0 2 5 199806 17 0 0 0 0 1 3 9 2 1 1 0 0 0 42 0 40 0 0 0 0 0 0 0 0 0 0 0 0 0 0 0 0 2 0 6 5 0 0 0 0 2 14 11 3
253 CGT 0 0 0 0 0 0 0 0 3 7 3 2 0 0 0 0 0 0 0 0 0 0 0 0 7 0 1 199907 3 9 0 3 0 0 0 0 0 0 0 0 5 1 5 3 0 8 12 0 0 0 0 0 2 0 0 8 0 0 0 0 0 0 11 0
254 ATC 0 0 0 0 0 0 0 0 1 12 5 2 5 199898 0 0 0 0 0 0 0 0 0 0 0 0 2 0 0 12 5 3 0 0 0 0 0 0 0 0 0 0 0 0 0 0 0 0 0 0 0 0 2 10 0 12 0 0 0 0 17 0 14 0
255 GCC 0 0 0 0 1 3 0 8 0 7 2 10 0 0 0 0 0 0 0 0 0 0 0 0 1 2 1 3 0 0 0 0 5 0 0 0 2 199849 11 20 18 10 0 6 0 0 0 0 0 0 0 11 5 11 1 13 0 0 0 0 0 0 0 0
256 TTT 0 0 0 0 0 0 0 0 0 3 4 2 0 0 0 0 11 0 6 0 5 1 2 1 10 1 6 1 5 2 5 9 0 0 0 0 0 0 0 0 0 0 0 0 0 0 0 0 0 51 0 59 7 6 0 3 0 0 240 0 4 4 2 199550
257 TAT 0 0 0 0 0 0 0 0 0 0 0 0 0 0 0 0 0 9 0 7 0 0 0 0 0 0 0 0 0 0 0 0 0 0 0 0 0 0 0 0 0 0 0 0 0 0 0 0 0 0 0 199984 0 0 0 0 0 0 0 0 0 0 0 0
258 AGA 0 0 0 0 0 0 0 0 199880 2 9 2 0 0 0 0 0 0 0 0 0 0 0 0 17 3 7 4 9 6 0 1 0 0 0 0 0 0 0 0 12 0 1 2 0 0 0 0 0 0 0 0 17 12 0 2 0 0 0 0 14 0 0 0
259 TTA 0 0 0 0 0 0 0 0 4 0 2 0 0 0 0 0 0 0 0 0 0 0 0 0 1 1 5 0 9 3 4 20 0 0 0 0 0 0 0 0 0 0 0 0 0 0 0 0 0 0 0 0 0 0 0 0 0 0 0 0 199938 0 13 0
260 CTA 0 0 0 0 0 0 0 0 0 0 0 0 0 0 0 0 0 0 0 0 0 0 0 0 0 0 0 0 199921 55 1 3 0 0 0 0 0 0 0 0 0 0 0 0 0 0 0 0 0 0 0 0 0 0 0 0 0 0 0 0 3 0 17 0
261 GAC 0 0 0 0 0 0 0 0 0 3 0 0 0 0 0 0 0 0 0 0 0 0 0 0 0 0 0 0 0 0 0 0 0 199981 0 0 0 0 0 0 0 0 0 0 0 0 0 0 0 10 0 0 2 1 3 0 0 0 0 0 0 0 0 0
262 GAG 4 0 1 0 0 0 0 0 8 1 2 0 0 0 0 0 0 0 0 0 0 0 0 0 0 4 5 1 0 0 0 0 2 0 199954 0 0 0 0 0 0 0 0 0 5 0 3 0 0 0 0 0 5 1 1 3 0 0 0 0 0 0 0 0
263 TTC 0 0 0 0 0 0 0 0 0 10 0 2 1 10 0 3 0 0 0 0 0 0 0 0 0 0 0 0 0 0 0 1 0 0 0 0 0 0 0 0 0 0 0 0 0 0 0 0 0 0 0 0 5 4 1 2 0 0 0 0 6 199926 0 29
264 TTC 0 0 0 0 0 0 0 0 0 0 0 5 0 0 0 0 0 0 0 0 0 0 0 0 0 0 0 0 4 0 3 2 0 0 0 0 0 0 0 0 0 0 0 0 2 4 8 12 0 4 0 16 6 1 2 1 0 2 0 10 0 199905 3 10
