# POSITION WT AAA AAC AAG AAT ACA ACC ACG ACT AGA AGC AGG AGT ATA ATC ATG ATT CAA CAC CAG CAT CCA CCC CCG CCT CGA CGC CGG CGT CTA CTC CTG CTT GAA GAC GAG GAT GCA GCC GCG GCT GGA GGC GGG GGT GTA GTC GTG GTT TAA TAC TAG TAT TCA TCC TCG TCT TGA TGC TGG TGT TTA TTC TTG TTT
1 ATG 15 12 2 9 327 38 278 0 134 1 36 0 29 369 197258 45 0 0 0 0 3 12 7 3 29 12 53 64 105 44 47 109 58 0 83 0 21 21 34 2 95 171 96 2 0 0 0 0 0 39 0 118 0 0 0 3 0 10 0 2 165 4 7 28
2 ATT 13 12 24 53 7 10 6 15 1 8 1 2 4 18 0 199065 15 74 76 0 0 8 1 3 5 8 0 8 1 7 3 2 0 14 0 0 7 93 14 8 6 0 3 1 24 69 34 77 0 54 0 22 1 4 9 11 0 0 35 0 1 23 5 35
3 GAG 7 7 36 8 84 17 35 106 3 43 137 0 5 6 0 10 93 85 64 50 6 27 14 0 37 29 53 38 80 12 3 23 18 14 198236 26 0 0 0 0 5 8 12 14 3 0 2 5 0 8 0 32 54 0 14 54 0 0 12 0 68 133 14 150
4 CAA 29 12 103 43 4 2 13 54 2 5 0 8 4 19 0 15 199042 0 2 0 3 30 11 14 1 33 2 23 11 163 39 37 5 0 16 0 0 0 0 0 0 20 39 63 42 6 6 4 0 5 0 6 5 2 1 2 0 8 32 4 1 0 9 0
5 GAC 912 3 2495 7 238 272 149 39 2 187 286 89 1050 53 0 566 355 17 342 0 19 17 46 21 67 32 1 34 96 196 15 136 19 191375 114 47 17 5 19 1 15 27 87 13 2 0 0 0 0 0 0 0 0 45 47 73 0 6 48 7 143 40 45 63
6 GGC 339 846 893 25 3 194 16 118 27 323 29 0 181 408 165 183 4 0 7 0 941 374 206 263 60 43 6 10 2 9 23 5 339 17 19 11 50 8 32 147 11 192102 15 12 30 34 85 91 0 87 0 35 414 300 3 34 0 0 188 0 10 82 28 113
7 CTT 42 0 116 0 0 0 0 0 20 0 28 2 0 0 0 0 0 1 0 0 0 1 11 7 27 5 57 5 0 8 31 199169 21 0 13 0 13 18 42 3 6 7 2 11 1 0 0 0 0 0 0 0 0 1 1 2 0 46 0 264 14 0 5 0
8 CAT 0 294 0 365 0 0 0 0 160 243 609 100 0 0 266 0 0 27 0 178973 131 180 88 111 356 72 445 97 644 455 371 15 3338 41 3721 368 0 0 0 0 16 81 27 51 20 127 17 175 0 0 0 0 243 111 289 186 0 509 0 5291 226 0 1161 0
9 GCA 15 34 7 25 4 4 6 2 0 3 5 4 44 134 0 30 0 0 0 0 100 13 7 24 3 8 1 3 3 18 7 3 8 0 19 0 199300 4 12 6 15 11 14 25 23 12 3 0 0 0 0 0 3 5 7 7 0 0 0 0 15 0 4 0
10 GGA 0 0 0 0 7 0 2 16 0 0 0 5 0 0 0 0 0 0 0 0 8 0 9 4 0 0 0 0 8 4 9 4 0 0 0 0 0 0 0 0 199764 11 19 0 7 2 24 33 0 0 0 0 2 3 21 3 0 18 0 12 4 0 1 0
11 TCT 5 0 6 0 36 45 31 34 176 1 179 27 127 353 1473 387 28 428 400 136 101 98 140 188 522 698 879 413 1166 158 1337 356 23 78 35 40 3 2 6 6 16 30 2 7 30 144 4 62 0 1199 0 419 5 5 11 186257 0 303 9 327 642 205 127 75
12 CCC 0 0 0 0 8 4 1 16 3 1 0 1 0 0 0 0 0 0 0 0 24 199855 0 1 3 4 1 1 2 5 3 2 0 9 0 2 8 16 4 4 0 0 0 0 0 4 2 1 0 0 0 0 2 2 5 1 0 0 0 0 0 0 5 0
13 GCT 17 0 24 0 18 26 15 25 8 44 17 20 0 0 0 0 21 17 6 3 1 8 2 2 14 39 1 3 1 2 3 1 1 100 19 67 25 1 6 199295 12 5 1 3 12 10 3 38 0 0 0 0 9 32 11 9 0 0 0 0 2 0 1 0
14 GCA 43 11 17 8 10 24 20 31 6 0 5 22 0 0 16 0 0 0 0 0 5 40 16 14 10 6 14 12 2 1 0 1 4 4 10 25 199451 38 5 6 5 19 2 8 0 3 10 3 0 0 0 0 13 12 20 13 0 6 0 4 5 0 0 0
15 TGG 0 0 0 0 0 0 0 0 8 5 7 3 0 0 0 0 0 0 0 0 0 0 0 0 3 4 17 42 4 6 5 0 0 0 0 0 0 0 0 0 2 2 2 18 0 0 0 0 0 0 0 0 17 0 2 2 0 1 199821 9 1 0 19 0
16 GTG 234 30 36 13 22 60 34 27 142 2 17 27 0 0 0 0 43 0 47 0 0 0 0 0 164 6 4 162 2 18 9 12 4 0 65 0 20 80 18 14 9 45 59 2 15 8 198378 12 0 20 0 7 6 20 45 22 0 3 0 13 1 0 23 0
17 GAA 0 0 0 0 2 10 1 0 0 23 9 0 0 0 0 0 18 8 26 8 1 3 12 4 9 11 2 1 0 1 2 3 199686 0 19 0 0 5 9 1 9 8 4 2 2 2 1 7 0 0 0 0 62 8 1 2 0 0 11 0 3 0 4 0
18 CGT 8 9 120 2 0 0 0 0 3 17 10 17 0 0 0 0 0 0 0 0 4 10 0 2 28 9 26 199459 3 5 6 6 54 4 18 8 0 6 0 5 22 18 20 18 0 3 0 7 0 0 0 0 9 3 9 0 0 28 0 11 12 0 1 0
19 TTG 0 0 0 0 0 0 0 0 6 0 3 0 0 0 13 0 0 0 0 0 0 0 0 0 4 1 8 1 27 18 12 26 0 0 0 0 0 0 0 0 0 0 0 0 0 0 0 0 0 0 0 0 0 0 0 0 0 0 0 0 20 0 199861 0
20 TTC 3 0 13 0 27 6 18 104 124 6 142 2 57 31 36 2 5 20 6 27 0 4 50 3 28 132 8 173 11 6 53 18 33 10 115 18 4 26 61 35 3 0 0 4 17 19 7 2 0 9 0 0 1 3 7 10 0 18 0 29 11 198412 15 16
21 GGA 0 5 0 9 0 0 0 0 11 0 0 10 0 0 0 0 0 0 0 0 0 0 0 0 1 2 0 1 1 4 4 0 0 3 0 6 0 0 0 0 199820 2 27 10 0 3 16 6 0 0 0 0 1 5 23 18 0 0 0 0 11 0 1 0
22 TAT 0 0 0 0 0 0 0 0 0 4 0 1 0 0 0 0 0 0 0 0 0 0 0 0 0 0 0 0 2 3 0 7 0 10 0 6 1 0 1 8 0 0 0 0 0 0 0 0 0 1 0 199926 2 7 1 1 0 0 0 0 8 0 11 0
23 GAT 0 1 0 22 2 20 8 28 9 6 4 4 2 10 0 7 1 4 5 9 0 0 0 0 18 13 3 1 13 0 2 3 0 2 0 199737 0 0 0 0 4 3 1 6 0 0 0 0 0 14 0 3 4 2 7 8 0 0 0 0 6 0 8 0
24 TGG 0 0 0 0 5 1 7 6 3 4 3 2 0 0 0 0 0 0 0 0 0 0 0 0 14 0 12 11 5 2 9 13 0 0 0 0 0 0 0 0 7 4 4 3 0 0 0 0 0 0 0 0 1 2 3 0 0 5 199801 45 15 0 13 0
25 GCA 10 0 30 0 124 265 37 172 58 342 0 14 127 8 0 394 472 0 411 0 0 0 0 0 118 14 21 24 3 5 1 14 77 677 2369 263 193714 0 3 3 1 6 5 11 7 3 13 9 0 0 0 0 113 8 21 31 0 0 0 0 2 0 0 0
26 CAA 0 0 0 0 2 3 5 1 3 1 8 2 0 16 0 1 199679 14 14 17 2 4 8 7 54 28 0 8 18 10 4 23 18 0 2 0 0 0 0 0 0 0 0 0 0 0 0 0 0 0 0 0 2 0 8 10 0 0 0 0 20 0 8 0
27 CAA 0 1 0 29 113 25 40 29 7 35 8 0 42 534 0 2932 195245 0 3 0 8 25 10 13 14 3 2 8 193 24 59 73 0 0 0 0 28 21 50 64 0 0 0 0 52 36 72 1 0 0 0 0 4 42 29 15 0 0 0 0 74 0 37 0
28 ACA 0 6 0 8 199671 31 14 0 1 2 6 10 1 3 0 3 0 36 0 2 2 3 2 0 7 1 6 6 1 12 0 3 0 0 0 0 6 36 20 26 0 0 0 0 0 0 0 0 0 33 0 1 8 4 15 11 0 0 0 0 0 0 3 0
29 ATC 0 0 0 0 0 0 0 0 0 0 0 3 13 199847 0 10 15 0 2 0 2 5 3 1 0 0 0 0 1 10 8 3 0 0 0 0 0 0 0 0 4 5 0 3 7 4 0 0 0 5 0 10 2 0 0 21 0 0 0 0 7 0 9 0
30 GGC 0 0 0 0 0 0 0 0 11 4 3 17 0 0 0 0 0 0 0 0 0 0 0 0 2 5 0 2 0 0 0 0 0 0 0 0 0 0 0 0 8 199862 8 17 3 14 8 8 0 0 0 0 7 7 11 3 0 0 0 0 0 0 0 0
31 TGC 1376 0 111 0 0 0 0 0 20 13 100 4 5 4 0 7 139 2 231 6 0 0 0 0 53 39 1 43 26 23 36 17 13 0 1 0 1 2 2 6 6 0 9 2 11 3 2 11 0 0 0 0 3 1 4 4 0 197609 0 0 27 9 9 9
32 AGT 0 0 0 0 5 2 2 4 4 9 4 199863 13 1 0 17 0 0 0 0 0 0 0 0 2 7 4 1 0 2 4 8 0 0 0 0 0 0 0 0 0 0 0 0 0 0 0 0 0 0 0 0 4 29 0 13 0 0 0 0 1 0 1 0
33 GAC 9 11 50 7 203 256 294 120 35 89 52 253 8 3 0 2 9 0 3 8 13 88 27 34 37 35 12 10 17 21 20 4 1 197351 11 9 11 14 23 1 66 62 26 2 0 7 4 3 0 5 0 8 193 118 127 184 0 6 0 11 16 0 11 0
34 GCC 0 0 0 0 0 0 0 0 4 7 5 6 0 0 0 0 19 0 4 0 0 0 0 0 11 0 0 5 0 0 0 0 9 0 0 0 0 199876 10 2 4 4 2 2 0 0 0 0 0 0 0 0 0 11 19 0 0 0 0 0 0 0 0 0
35 GCC 0 43 0 17 105 37 68 47 0 47 5 14 1 6 0 53 0 44 0 0 13 3 0 2 3 9 2 4 2 6 7 6 21 0 13 0 3 199114 9 36 14 1 6 0 15 6 15 8 0 0 0 0 49 1 115 2 0 0 0 0 0 20 2 6
36 GTA 0 0 0 0 0 0 0 0 0 0 8 0 0 0 0 0 0 0 0 0 0 0 0 0 0 0 0 3 0 9 1 0 0 0 0 0 0 0 0 0 0 0 18 2 199928 20 1 5 0 0 0 0 0 0 0 0 0 0 0 0 1 0 4 0
37 TTT 0 0 0 0 0 0 0 0 0 3 0 10 0 0 0 0 0 0 0 0 0 0 0 0 0 0 0 0 0 4 2 4 0 0 0 0 0 0 0 0 0 0 0 0 0 0 0 0 0 0 0 0 4 2 16 1 0 0 0 0 1 4 1 199948
38 CGC 0 0 0 0 0 0 0 0 1 8 18 0 0 0 0 0 0 0 0 0 0 0 0 0 20 199847 4 0 18 4 16 15 0 0 0 0 0 0 0 0 6 4 2 5 0 0 0 0 0 0 0 0 3 6 4 13 0 0 0 0 5 0 1 0
39 CTT 0 0 0 0 0 0 0 0 0 0 2 0 0 0 0 0 0 0 0 0 0 0 0 0 0 0 11 1 5 3 3 199896 0 0 0 0 0 0 0 0 17 23 20 7 0 0 0 0 0 0 0 0 0 0 0 0 0 0 0 0 7 0 5 0
40 AGT 0 0 0 0 2 10 11 18 0 16 2 199739 7 7 0 3 1 2 8 9 0 0 0 0 7 4 4 20 0 0 0 0 0 0 0 0 0 0 0 0 1 6 5 2 2 3 1 14 0 0 0 0 10 8 3 18 0 0 57 0 0 0 0 0
41 GCT 0 19 0 2 5 0 0 1 0 1 0 4 0 0 0 0 14 0 26 0 0 0 0 0 0 0 0 0 0 0 0 0 22 0 3 0 52 13 9 199696 0 0 0 0 0 7 0 3 0 0 0 0 5 7 12 6 0 84 0 9 0 0 0 0
42 CAG 0 0 0 0 86 128 518 5 5 13 6 1 0 0 0 0 11 0 198894 0 8 22 20 0 40 16 67 10 3 0 1 8 4 3 26 2 3 5 2 0 0 0 0 0 18 9 22 1 0 0 0 0 2 14 3 7 0 0 0 0 1 6 6 4
43 GGA 0 97 0 16 0 5 17 4 16 408 8 64 0 0 0 0 0 19 0 19 0 0 0 0 16 4 11 3 0 1 0 2 0 0 0 0 3 0 4 16 198662 6 4 15 3 0 3 4 0 0 0 0 59 211 56 216 0 0 0 0 3 8 11 6
44 AGG 40 0 4 0 0 0 0 0 4 0 199800 0 0 0 0 0 0 0 0 0 8 4 1 3 0 20 26 5 6 1 12 6 0 0 0 0 4 4 2 1 17 6 17 7 0 0 0 0 0 0 0 0 0 0 0 0 0 0 0 0 0 0 2 0
45 CCG 17 21 12 5 2 2 5 2 17 4 19 2 0 0 0 0 12 0 19 0 15 1 199674 14 25 6 21 10 4 2 0 4 3 0 14 0 1 4 8 3 4 6 0 7 0 0 0 0 0 15 0 0 7 2 0 5 0 0 0 0 1 0 5 0
46 GTG 0 22 0 2 34 69 20 40 0 34 2 30 0 0 0 0 0 0 0 0 5 23 13 14 0 1 6 1 3 6 7 1 0 11 0 9 125 138 96 35 33 4 24 8 2 4 199043 14 0 0 0 0 8 22 1 8 0 35 0 24 17 0 6 0
47 TTG 13 0 23 0 0 0 0 0 0 0 1 0 0 0 0 0 5 4 7 41 6 6 4 0 19 13 30 7 3 10 9 21 0 0 0 0 0 0 0 0 4 4 0 0 0 0 0 0 0 5 0 8 0 0 0 0 0 0 0 0 3 12 199721 21
48 TTC 0 0 0 0 0 0 0 0 0 2 0 4 0 0 0 0 0 0 0 0 0 0 0 0 0 0 0 0 0 20 5 0 0 0 0 0 0 0 0 0 0 0 0 0 17 5 1 0 0 0 0 0 4 0 0 4 0 0 0 0 2 199926 2 8
49 GTT 0 0 0 0 0 0 0 0 0 0 0 0 0 0 0 0 0 0 0 0 0 0 0 0 0 0 0 0 19 0 18 5 15 0 0 0 4 3 0 2 0 5 2 3 15 57 19 199821 0 0 0 0 0 0 0 0 0 0 0 0 6 0 6 0
50 AAG 21 0 199923 0 0 0 0 0 1 5 3 4 0 0 0 0 0 0 0 0 0 0 0 0 0 15 0 5 0 0 0 0 0 0 0 0 0 0 0 0 0 0 0 0 2 1 1 0 0 0 0 0 4 1 14 0 0 0 0 0 0 0 0 0
51 ACC 0 4 0 7 10 199893 3 20 5 9 0 0 0 0 0 0 3 0 6 0 0 0 0 0 2 9 0 2 3 0 4 1 0 0 0 0 4 0 0 1 0 0 0 0 0 0 0 0 0 0 0 0 6 3 0 5 0 0 0 0 0 0 0 0
52 GAT 0 0 0 0 1 1 0 2 0 128 0 9 82 185 7 179 240 0 162 0 0 0 0 0 0 0 0 0 3 19 43 9 3 2 5 196260 558 621 966 218 4 0 0 1 10 35 10 4 0 0 0 0 35 3 35 104 0 7 0 32 5 0 12 0
53 TTG 5795 16 8948 91 237 92 675 192 314 1319 353 231 570 321 299 118 0 2175 0 252 683 312 1795 1187 1138 35 72 283 0 2 2 1 92 1265 173 1710 983 1460 460 2132 578 1269 819 1351 33142 26240 3034 18330 0 210 0 179 512 2246 3880 1579 0 0 284 0 0 96 70432 36
54 TCT 0 0 0 1 0 0 0 0 13 2 15 22 0 0 0 0 0 34 0 2 5 2 0 0 44 21 3 6 3 0 2 2 3 0 0 0 0 0 0 0 0 0 0 0 2 2 2 0 0 0 0 0 51 21 7 199730 0 0 0 0 2 0 3 0
55 GGG 0 0 0 0 37 67 6 71 25 13 7 28 0 0 0 0 51 5 14 35 0 0 0 0 7 14 16 4 4 32 66 2 0 0 0 0 1 3 3 11 9 18 199026 13 117 51 11 33 0 0 0 0 10 4 37 10 0 0 0 6 83 30 9 11
56 GCG 0 0 0 0 3 1 0 6 3 2 3 0 5 0 0 1 0 0 0 33 10 0 2 9 3 4 1 1 0 0 0 0 0 24 0 24 5 9 199813 5 0 0 0 0 0 0 0 0 0 0 0 0 1 1 29 2 0 0 0 0 0 0 0 0
57 CTA 0 0 0 0 0 0 0 0 52 0 24 0 0 0 0 0 0 35 0 13 93 110 16 40 63 20 11 93 199357 7 17 12 0 0 0 0 0 0 0 0 0 0 0 0 0 0 0 0 0 0 0 0 0 0 0 0 0 0 0 0 30 0 7 0
58 AAC 44 199741 0 14 0 4 3 1 1 0 8 0 0 0 0 0 0 7 0 8 0 0 0 0 7 2 17 11 2 3 1 1 6 0 5 0 2 9 15 14 1 2 6 11 0 21 1 0 0 0 0 0 0 8 10 1 0 0 0 0 1 0 12 0
59 GAG 0 0 0 0 0 0 0 0 1 5 0 13 0 0 0 0 0 0 0 0 0 0 0 0 4 4 2 3 1 14 6 0 20 0 199911 9 0 0 0 0 0 0 0 0 0 0 0 0 0 0 0 0 3 0 2 0 0 0 0 0 1 0 1 0
60 CTG 0 0 0 0 0 0 0 0 1 9 4 4 3 14 11 4 0 0 0 0 7 4 8 0 2 9 8 3 14 0 199822 13 0 14 0 6 3 0 3 12 0 0 0 0 0 2 0 4 0 0 0 0 5 2 1 2 0 0 0 0 0 0 6 0
61 CAA 22 0 2 0 3 11 1 1 13 5 21 0 0 0 0 0 199609 32 6 6 0 2 8 2 1 2 5 5 0 0 2 11 22 59 9 24 5 18 1 9 6 2 2 5 8 1 3 0 0 5 0 21 2 1 0 4 0 0 0 0 5 2 6 10
62 GAT 0 0 0 0 12 5 3 0 0 2 0 5 0 0 0 0 0 0 0 0 0 0 0 0 0 0 0 0 1 2 17 0 6 0 101 199792 0 0 0 0 0 0 0 0 8 3 1 14 0 0 0 0 2 1 0 1 0 3 0 10 3 0 8 0
63 GAG 13 0 2 0 0 0 0 0 7 2 4 7 0 0 0 0 10 0 7 0 0 6 3 1 17 7 4 3 1 3 27 1 4 1 199775 12 0 2 5 5 7 0 27 5 0 0 0 0 0 0 0 0 0 6 2 1 0 0 0 0 8 0 15 0
64 GCG 0 0 11 0 0 0 0 0 6 0 7 6 0 0 0 0 0 0 0 0 0 0 0 0 1 1 1 1 0 0 0 0 9 0 4 0 5 0 199880 11 0 0 0 0 0 0 0 0 0 0 0 0 5 33 3 16 0 0 0 0 0 0 0 0
65 GCC 0 0 0 0 0 0 0 0 5 6 5 46 0 0 0 0 0 0 0 0 2 1 12 7 22 3 4 14 0 0 0 0 19 0 84 0 3 199003 19 3 0 0 0 0 129 93 59 91 0 0 0 0 116 1 122 11 0 88 0 32 0 0 0 0
66 CGA 0 0 0 0 0 0 0 0 8 10 1 7 0 0 0 0 0 0 0 0 0 0 0 0 199893 7 12 10 4 0 6 0 0 0 0 0 0 0 0 0 1 0 3 1 0 0 0 0 0 0 0 0 10 2 5 5 0 0 0 0 4 0 11 0
67 CTT 0 0 0 0 0 0 0 0 3 2 3 14 0 0 0 0 0 36 0 68 105 123 33 2 9 1 0 3 7 2 1 199543 0 0 0 0 0 0 0 0 0 0 0 0 0 0 0 0 0 0 0 0 9 12 2 15 0 0 0 0 7 0 0 0
68 TCG 19 1 10 4 10 3 13 1 47 0 38 3 0 11 0 9 58 0 12 0 0 0 0 0 22 84 3 75 6 0 4 2 0 0 0 0 3 5 14 19 0 6 4 10 0 0 0 0 0 9 0 2 37 0 199428 28 0 0 0 0 0 0 0 0
69 TGG 0 0 0 0 1 1 6 1 0 3 0 4 0 0 0 0 0 0 0 0 0 0 0 0 0 0 0 0 6 0 10 0 0 0 0 0 1 2 3 5 9 9 1 25 0 0 0 0 0 5 0 7 2 1 4 0 0 0 199873 0 8 0 13 0
70 CTG 0 0 0 0 0 0 0 0 8 4 16 6 0 0 11 0 0 0 0 0 3 0 13 4 8 2 0 1 1 2 199864 20 0 0 0 0 0 0 0 0 0 0 0 0 1 0 13 2 0 0 0 0 0 0 0 2 0 0 0 0 0 0 19 0
71 GCC 0 0 0 0 0 0 0 0 2 17 14 7 0 0 0 0 0 0 0 0 5 7 3 6 5 4 8 0 0 0 0 0 0 0 0 0 8 199736 17 25 8 28 2 6 4 0 0 4 0 0 0 0 7 44 8 12 0 11 0 2 0 0 0 0
72 ACA 0 0 0 0 199849 10 32 29 0 14 0 7 0 0 0 0 0 0 0 0 12 1 3 0 0 0 0 0 0 0 0 0 0 0 0 0 0 0 0 0 1 2 5 7 0 0 0 0 0 0 0 0 5 15 0 3 0 5 0 0 0 0 0 0
73 ACA 0 0 0 0 199914 3 51 16 0 0 0 0 0 0 0 0 0 0 0 0 0 0 0 0 0 0 0 0 0 0 0 0 0 0 0 0 0 0 0 0 0 0 0 0 0 0 0 0 0 4 0 8 2 2 0 0 0 0 0 0 0 0 0 0
74 GGG 0 0 0 0 0 0 0 0 0 0 0 0 0 0 0 0 0 0 0 0 0 0 0 0 0 0 0 0 0 0 0 0 0 0 0 0 3 3 0 3 14 23 199900 54 0 0 0 0 0 0 0 0 0 0 0 0 0 0 0 0 0 0 0 0
75 GTT 0 0 0 0 55 12 23 13 0 0 0 0 0 0 0 0 13 0 31 0 0 0 0 0 0 0 0 0 1 3 4 3 0 0 0 0 4 1 4 6 0 0 0 0 17 11 6 199779 0 0 0 0 0 0 0 0 0 0 0 0 9 0 5 0
76 CCG 0 0 0 0 8 4 0 2 7 3 5 5 0 0 0 0 4 4 18 5 3 0 199789 13 15 0 6 3 10 1 17 3 0 0 0 0 0 0 0 0 0 0 7 5 0 0 0 0 0 0 0 0 2 5 21 23 0 0 0 0 4 0 8 0
77 TGC 0 0 0 0 4 7 1 2 4 1 4 3 0 0 0 0 0 0 0 0 0 0 0 0 0 0 2 0 3 0 0 1 0 0 0 0 0 0 0 0 4 11 2 1 10 6 7 0 0 0 0 0 4 1 9 4 0 199853 0 38 5 0 13 0
78 GCA 0 0 0 0 3 6 8 1 3 1 2 2 0 0 0 0 0 0 0 0 0 0 0 0 16 3 11 0 0 0 4 0 0 0 0 0 199879 3 8 23 0 0 0 0 0 0 0 0 0 0 0 0 4 6 4 0 0 0 0 0 9 0 4 0
79 GCG 17 8 76 36 11 6 18 0 17 13 20 7 98 36 0 52 22 32 5 3 5 0 12 7 46 12 22 20 0 0 0 0 4 0 9 0 5 2 199260 10 21 20 8 11 3 2 0 8 0 0 0 0 3 0 11 22 0 0 0 0 0 0 0 0
80 GTT 0 0 0 0 0 0 0 0 15 0 3 0 0 0 0 0 0 0 0 0 0 0 0 0 3 7 2 1 2 2 3 8 0 0 0 0 0 0 0 0 0 0 0 0 37 13 2 199882 0 0 0 0 0 0 0 0 0 3 0 5 1 0 11 0
81 TTA 0 0 0 0 1 1 0 15 0 0 0 0 10 6 0 7 0 0 0 0 3 13 2 4 5 9 2 4 12 29 2 9 33 0 3 0 2 5 3 4 5 2 4 8 0 0 0 0 0 0 0 0 0 0 0 0 0 0 0 0 199765 0 32 0
82 GAT 0 0 0 0 0 0 0 0 0 0 0 0 0 0 0 0 0 0 0 0 0 0 0 0 0 0 0 0 0 0 0 0 0 5 0 199968 0 0 0 0 0 0 0 0 0 0 0 0 0 7 0 20 0 0 0 0 0 0 0 0 0 0 0 0
83 GTT 0 0 0 0 0 0 0 0 16 10 16 7 1 4 0 9 0 0 0 0 0 0 0 0 3 12 5 39 8 7 34 1 0 0 0 0 1 4 38 0 20 15 6 0 5 7 16 198862 0 0 0 0 9 6 11 2 0 0 0 0 6 181 19 620
84 GTA 0 0 0 0 4 1 5 2 0 9 0 3 2 1 0 6 14 0 6 0 0 0 0 0 0 0 0 0 1 3 1 4 0 0 0 0 9 3 1 7 0 0 0 0 199844 7 2 28 0 0 0 0 7 1 3 4 0 13 0 6 2 0 1 0
85 ACG 0 0 0 0 7 27 199885 0 0 0 0 7 3 4 0 7 0 0 0 0 0 0 0 0 0 0 0 0 0 0 0 0 0 0 0 0 1 0 2 0 0 0 0 0 7 4 7 1 0 0 0 0 4 5 3 0 0 14 0 12 0 0 0 0
86 GAG 0 0 0 0 0 0 0 0 0 0 0 0 0 0 0 0 0 0 0 0 0 0 0 0 0 0 0 0 2 1 6 2 7 0 199933 0 3 0 4 4 0 4 3 14 0 10 0 0 0 0 0 0 0 0 0 0 0 0 0 0 0 0 7 0
87 GCG 1 0 20 0 0 0 0 0 0 15 2 1 0 7 23 3 0 17 0 0 11 15 1 1 2 0 7 1 10 1 3 1 0 0 0 0 5 4 199756 30 0 0 0 0 1 4 10 7 0 0 0 0 4 6 3 19 0 0 0 0 7 0 2 0
88 GGC 0 3 0 9 0 0 0 0 16 4 1 20 0 0 0 0 0 0 0 0 0 0 0 0 12 27 0 8 3 10 4 0 0 30 0 6 0 0 0 0 7 199670 1 17 3 0 4 7 0 0 0 0 22 23 55 24 0 0 0 0 4 0 10 0
89 AGG 0 0 0 0 2 7 5 0 4 5 199809 0 0 0 0 0 0 13 0 14 0 0 0 0 14 35 35 2 0 0 0 0 0 0 0 0 0 0 0 0 6 10 3 5 0 0 0 0 0 0 0 0 0 22 2 7 0 0 0 0 0 0 0 0
90 GAT 0 0 0 0 1 2 1 1 8 12 4 11 0 0 0 0 0 0 0 0 0 0 0 0 2 3 1 2 0 0 0 0 0 22 0 199885 2 14 6 2 1 3 9 5 0 0 0 0 0 0 0 0 2 0 1 0 0 0 0 0 0 0 0 0
91 TGG 0 0 0 0 0 0 0 0 0 12 1 13 0 0 0 0 10 0 1 0 0 0 0 0 2 7 6 4 1 3 13 6 0 0 0 0 0 0 0 0 9 8 9 6 0 0 0 0 0 0 0 0 1 0 7 0 0 6 199856 16 2 0 1 0
92 CTA 0 0 0 0 0 0 0 0 0 0 0 0 0 0 0 0 0 0 0 0 6 3 3 2 0 0 0 0 199890 24 0 13 0 0 0 0 7 2 6 9 0 0 0 0 0 0 0 0 0 0 0 0 0 0 0 0 0 5 0 3 23 0 4 0
93 TTA 0 0 0 0 0 0 0 0 0 1 6 1 0 0 0 0 0 0 0 0 5 16 7 7 5 2 0 1 2 30 9 9 0 0 0 0 0 0 0 0 0 0 0 0 6 0 4 8 0 0 0 0 3 1 1 0 0 0 0 0 199860 8 5 3
94 TTA 0 0 0 0 9 9 19 22 2 0 11 0 0 0 0 0 0 0 0 0 8 4 2 8 8 2 2 1 14 6 18 7 0 0 0 0 0 0 0 0 0 0 0 0 0 0 0 0 0 0 0 0 0 0 0 0 0 0 0 0 199848 0 0 0
95 GGT 0 0 0 0 0 0 0 0 7 6 17 4 0 0 0 0 0 0 0 0 0 0 0 0 10 8 2 0 0 2 2 3 0 0 0 0 0 0 0 0 24 10 1 199845 9 10 9 5 0 0 0 0 0 6 2 3 0 1 0 8 5 0 1 0
96 GAG 19 0 9 0 0 0 0 0 3 0 0 0 0 0 0 0 5 0 10 0 0 0 0 0 2 0 4 1 0 1 0 3 17 0 199882 0 19 0 1 3 9 0 8 1 0 0 0 0 0 0 0 0 0 0 0 0 0 0 0 0 2 0 1 0
97 GTT 0 0 0 0 6 0 4 6 14 0 4 0 0 0 0 0 0 0 0 0 0 0 0 0 1 22 5 3 5 6 0 11 0 0 0 0 0 0 0 0 8 6 0 0 10 5 2 199869 0 0 0 0 0 0 0 0 0 0 0 0 12 0 1 0
98 CCG 0 0 0 0 1 11 2 3 4 0 1 1 0 0 0 0 6 0 7 0 5 8 199852 7 7 3 12 16 2 3 2 7 0 0 0 0 0 0 0 0 3 4 5 8 0 0 0 0 0 0 0 0 0 3 3 0 0 0 0 0 4 0 10 0
99 GGG 0 0 0 0 0 0 0 0 1 0 0 4 0 0 0 0 0 0 0 0 0 0 0 0 0 3 5 11 0 0 0 0 0 0 0 0 0 2 6 1 28 35 199841 15 0 6 4 1 0 0 0 0 5 6 2 6 0 13 0 5 0 0 0 0
100 CAA 23 0 3 0 3 6 1 6 6 4 3 3 0 0 0 0 199839 0 3 0 7 4 3 14 0 8 0 8 1 1 6 4 13 0 11 0 0 0 0 0 0 0 0 0 0 0 0 0 0 0 0 0 0 1 0 2 0 0 0 0 15 0 2 0
101 GAC 0 0 0 0 0 0 0 0 0 34 0 15 0 0 0 0 0 0 0 0 0 0 0 0 0 0 0 0 0 0 0 0 0 199562 0 20 10 6 53 102 17 3 1 29 23 37 55 6 0 0 0 0 21 2 0 4 0 0 0 0 0 0 0 0
102 TTG 0 0 0 0 0 0 0 0 0 0 13 0 0 0 0 0 0 0 0 0 1 0 13 6 11 6 5 6 4 2 12 27 0 0 0 0 2 0 12 11 0 0 0 0 0 0 0 0 0 0 0 0 0 0 0 0 0 0 0 0 50 0 199819 0
103 CTT 0 0 0 0 0 0 0 0 2 2 0 0 0 0 0 0 0 0 0 0 0 3 3 1 3 1 0 3 5 38 11 199899 0 0 0 0 0 0 0 0 0 0 0 0 0 0 0 0 0 0 0 0 9 6 5 7 0 0 0 0 2 0 0 0
104 AGT 0 0 0 0 72 126 8 36 7 15 2 195297 187 180 0 1157 0 0 0 0 0 0 0 0 15 0 2 1 33 20 21 122 0 0 0 0 0 0 0 0 682 436 135 510 201 16 57 362 0 0 0 0 0 8 14 2 0 0 0 0 126 0 150 0
105 TCC 0 0 0 0 0 0 0 0 3 18 5 1 0 0 0 0 0 0 0 0 0 0 0 0 12 4 4 1 1 1 0 2 0 0 0 0 0 0 0 0 17 0 8 3 0 0 0 0 0 0 0 0 9 199857 31 7 0 0 0 0 3 0 13 0
106 CAC 0 0 0 0 0 0 0 0 2 12 4 9 0 0 0 0 13 199682 26 6 7 7 50 14 17 1 6 1 0 0 0 0 5 8 49 17 0 0 3 5 5 5 12 2 0 0 0 0 0 0 0 0 0 8 4 12 0 5 0 3 0 0 0 0
107 CTG 0 0 0 0 0 0 0 0 0 0 0 0 0 0 0 0 0 0 0 0 1 1 13 2 0 0 0 0 28 7 199850 20 0 0 0 0 0 0 0 0 0 0 0 0 2 5 3 2 0 0 0 0 0 0 0 0 0 0 0 0 61 0 5 0
108 GCC 0 0 0 0 0 0 0 0 0 12 0 5 0 0 0 0 0 0 0 0 105 17 6 15 0 0 0 0 0 0 0 0 7 0 8 0 4 199704 2 13 15 6 3 4 6 5 3 14 0 0 0 0 3 9 1 33 0 0 0 0 0 0 0 0
109 CCG 0 0 0 0 0 16 0 0 2 3 1 4 0 0 0 0 8 0 0 0 0 22 199852 21 5 4 0 2 11 0 2 7 0 0 0 0 0 0 0 0 0 0 0 0 24 5 2 0 0 0 0 0 0 1 4 3 0 0 0 0 0 0 1 0
110 GCG 0 0 0 0 0 0 0 0 0 4 0 1 0 0 0 0 0 0 0 0 0 5 1 4 0 0 0 0 5 7 0 3 0 0 0 0 1 0 199934 11 0 0 0 0 0 0 0 0 0 0 0 0 0 0 2 9 0 2 0 2 8 0 1 0
111 GAG 0 0 0 0 5 3 0 6 2 0 0 0 0 0 0 0 0 0 0 0 0 0 0 0 1 1 1 0 1 6 4 5 16 0 199923 0 0 0 0 0 5 0 3 5 0 0 0 0 0 0 0 0 0 0 0 0 0 0 0 0 9 0 4 0
112 AAA 199977 0 7 0 0 0 0 0 0 0 0 0 4 4 0 8 0 0 0 0 0 0 0 0 0 0 0 0 0 0 0 0 0 0 0 0 0 0 0 0 0 0 0 0 0 0 0 0 0 0 0 0 0 0 0 0 0 0 0 0 0 0 0 0
113 GTA 0 0 0 0 10 10 24 9 2 0 0 0 0 0 0 0 0 0 0 0 0 0 0 0 2 2 0 2 3 0 3 7 0 0 0 0 0 0 0 0 2 0 2 1 199861 18 30 8 0 0 0 0 0 0 0 0 0 0 0 0 3 0 1 0
114 AGT 0 0 0 0 0 0 0 0 4 3 7 199268 0 0 0 0 0 0 0 0 7 4 1 3 7 1 5 0 4 6 2 10 0 0 0 0 98 139 11 77 4 10 5 5 1 2 2 8 0 0 0 0 11 2 14 4 0 205 0 45 11 0 14 0
115 ATA 10 0 5 0 0 0 0 0 0 0 4 8 199932 11 0 6 0 0 0 0 0 0 0 0 0 3 0 4 0 0 0 0 0 0 0 0 0 0 0 0 0 0 0 0 0 0 0 0 0 0 0 0 2 5 1 9 0 0 0 0 0 0 0 0
116 ATG 0 0 0 0 0 0 0 0 4 0 4 0 0 0 199943 0 0 0 0 0 0 0 0 0 14 1 8 12 0 0 0 0 0 0 0 0 0 0 0 0 0 0 0 0 3 4 2 5 0 0 0 0 0 0 0 0 0 0 0 0 0 0 0 0
117 GCT 0 0 0 0 1 0 1 0 1 0 2 0 0 0 0 0 0 0 0 0 0 0 0 0 0 1 0 0 0 0 0 0 0 0 0 0 3 0 17 199974 0 0 0 0 0 0 0 0 0 0 0 0 0 0 0 0 0 0 0 0 0 0 0 0
118 GAT 0 0 0 0 0 0 0 0 0 6 0 0 0 0 0 0 0 0 0 0 0 0 0 0 0 0 0 0 0 0 0 0 0 32 0 199905 1 5 5 3 0 0 0 0 7 0 12 7 0 0 0 0 13 1 1 2 0 0 0 0 0 0 0 0
119 GCT 0 0 0 0 0 0 8 2 0 2 0 6 0 0 0 0 0 0 0 0 0 0 0 0 0 0 0 0 0 0 0 0 4 0 4 0 9 9 20 199930 0 0 0 0 0 0 0 0 0 0 0 0 0 1 5 0 0 0 0 0 0 0 0 0
120 ATG 0 0 0 0 33 0 0 21 0 3 0 4 11 4 199757 1 4 0 12 0 0 0 0 0 9 1 2 4 2 10 26 0 0 0 0 0 0 0 0 0 7 17 4 4 5 3 3 6 0 0 0 0 0 0 1 0 0 0 0 0 29 0 17 0
121 AGG 0 0 0 0 0 7 7 23 41 17 199753 4 5 0 0 10 0 0 0 0 2 3 0 2 11 14 1 1 18 4 0 9 0 0 0 0 0 0 0 0 13 2 2 0 0 0 0 0 0 5 0 4 5 5 2 12 0 0 0 0 15 0 3 0
122 CGT 0 0 0 0 7 2 6 0 20 0 5 34 0 0 0 0 0 0 0 0 0 0 0 0 16 37 0 199050 15 109 62 111 0 0 0 0 3 17 7 4 7 9 0 5 3 3 2 4 0 0 0 0 11 18 2 22 0 0 13 0 210 0 186 0
123 TTA 0 0 0 0 0 0 0 0 17 0 0 3 0 0 0 0 0 0 0 0 0 0 0 0 5 5 3 22 1 11 9 3 0 0 0 0 0 0 0 0 3 4 0 1 21 6 6 4 0 0 0 0 1 2 1 3 0 0 0 0 199848 0 21 0
124 CAC 0 0 0 0 1 2 2 2 3 2 3 2 0 0 0 0 6 199877 2 13 0 4 9 4 3 2 0 0 1 0 0 2 0 13 0 12 0 0 0 0 0 0 0 0 0 0 0 0 0 0 0 0 4 3 16 10 0 0 0 0 0 0 2 0
125 ACA 0 2 0 11 199775 0 12 3 4 15 1 11 0 0 0 0 0 0 0 0 0 5 10 3 0 17 18 17 0 0 0 0 0 0 0 0 7 20 1 12 1 2 5 0 0 0 0 0 0 0 0 0 15 9 7 17 0 0 0 0 0 0 0 0
126 CTA 0 0 0 0 0 0 0 0 6 0 2 0 0 0 0 0 0 0 0 0 33 7 0 2 12 3 11 0 199892 3 7 9 0 0 0 0 0 0 0 0 0 0 0 0 0 3 0 2 0 0 0 0 0 0 0 0 0 0 0 0 1 0 7 0
127 GAT 0 0 0 0 0 0 0 0 0 2 0 2 0 0 0 0 1 0 6 0 0 0 0 0 0 0 0 0 0 0 0 0 0 31 0 199922 0 0 0 0 0 0 0 0 0 0 0 0 0 4 0 6 11 4 6 5 0 0 0 0 0 0 0 0
128 CCA 0 0 0 0 0 0 9 3 0 3 1 0 0 0 0 0 0 0 0 0 199925 13 7 9 6 1 2 1 3 0 1 3 0 0 0 0 0 0 0 0 0 0 0 0 0 0 0 0 0 0 0 0 0 4 0 2 0 0 0 0 1 0 6 0
129 GCA 0 0 0 0 0 0 0 0 4 0 8 2 0 0 0 0 0 0 0 0 4 8 3 4 2 5 2 10 1 2 2 0 0 0 0 0 199873 18 7 15 0 0 0 0 0 0 0 0 0 15 0 1 0 0 11 3 0 0 0 0 0 0 0 0
130 ACG 7 0 5 10 28 5 199890 1 0 13 0 0 0 0 0 0 0 0 0 0 0 0 0 0 0 0 0 0 0 0 12 8 0 0 0 0 0 0 0 0 0 0 0 0 0 0 0 0 0 0 0 0 0 0 4 0 0 0 0 0 15 0 2 0
131 TGC 0 0 0 0 1 2 6 0 2 0 1 0 0 0 0 0 0 0 0 0 0 0 0 0 2 1 1 1 4 1 1 2 0 0 0 0 0 0 0 0 0 0 0 0 0 0 0 0 0 0 0 0 3 1 2 8 0 199956 0 4 0 0 1 0
132 CCA 0 0 0 0 2 1 2 4 7 0 3 4 0 0 0 0 0 0 0 0 199881 12 28 13 1 0 0 8 2 3 3 2 0 0 0 0 2 2 0 1 0 0 0 0 0 0 0 0 0 0 0 0 3 3 3 8 0 0 0 0 1 0 1 0
133 TTC 0 0 0 0 0 0 0 0 0 0 0 0 0 0 0 0 0 0 0 0 0 0 0 0 0 0 0 0 3 2 0 3 0 0 0 0 0 0 0 0 0 0 0 0 0 0 0 0 0 0 0 0 0 0 0 0 0 0 0 0 4 199985 2 1
134 GAT 0 0 0 0 0 0 0 0 0 0 0 0 0 0 0 0 6 0 26 0 0 0 0 0 0 0 0 0 0 0 0 0 0 21 0 199947 0 0 0 0 0 0 0 0 0 0 0 0 0 0 0 0 0 0 0 0 0 0 0 0 0 0 0 0
135 CAC 0 0 0 0 0 6 1 2 0 0 0 0 0 0 0 0 0 199967 0 14 2 6 1 1 0 0 0 0 0 0 0 0 0 0 0 0 0 0 0 0 0 0 0 0 0 0 0 0 0 0 0 0 0 0 0 0 0 0 0 0 0 0 0 0
136 CAA 0 0 0 0 8 2 2 14 3 0 51 4 0 0 0 0 199867 0 20 0 0 0 0 0 3 0 2 9 0 0 0 0 0 0 0 0 0 0 0 0 0 0 0 0 0 0 0 0 0 0 0 0 9 0 5 1 0 0 0 0 0 0 0 0
137 GCG 7 0 3 0 10 0 5 15 37 1 101 8 164 7 28 286 21 0 12 0 0 0 0 0 49 61 0 63 21 42 7 40 0 0 0 0 26 2 198447 23 0 0 0 0 4 65 13 11 0 36 0 232 4 0 0 6 0 10 0 7 34 59 32 1
138 AAA 199929 0 9 0 0 0 0 0 9 1 6 6 0 0 0 0 0 0 0 0 0 0 0 0 1 11 6 2 0 0 0 0 0 0 0 0 3 5 3 3 0 0 0 0 0 0 0 0 0 0 0 0 0 0 4 2 0 0 0 0 0 0 0 0
139 CAC 0 10 0 11 0 0 0 0 6 3 12 0 0 0 0 0 20 199782 5 10 4 0 4 9 3 0 4 9 3 3 1 8 0 10 0 10 7 17 1 5 0 0 0 0 4 3 1 3 0 0 0 0 0 5 5 1 0 0 0 0 3 10 1 7
140 CGA 0 0 0 0 0 0 0 0 11 1 0 4 0 0 0 0 0 0 0 0 0 0 0 0 199924 1 2 2 1 3 7 6 0 0 0 0 0 0 0 0 1 2 0 8 0 0 0 0 0 0 0 0 1 3 4 7 0 0 0 0 9 0 3 0
141 ATA 0 0 0 0 0 0 0 8 2 2 3 0 199812 22 0 24 0 0 0 0 0 0 0 0 3 5 0 0 2 8 1 6 0 0 0 0 0 0 0 0 0 0 0 0 38 12 17 15 0 0 0 0 0 0 7 0 0 1 0 4 7 0 1 0
142 GAA 8 0 2 0 0 0 0 0 0 0 0 0 0 0 0 0 0 0 0 0 5 1 0 4 0 0 0 0 0 0 0 0 199969 0 0 0 0 0 0 0 2 4 1 4 0 0 0 0 0 0 0 0 0 0 0 0 0 0 0 0 0 0 0 0
143 CGA 0 0 0 0 56 7 3 98 4 10 2 7 3 0 0 4 0 1 0 2 7 7 8 5 199690 8 12 11 2 0 0 0 0 0 0 0 8 4 0 0 5 4 1 5 0 0 0 0 0 0 0 0 7 2 3 12 0 0 0 0 1 0 1 0
144 GCA 0 0 0 0 0 0 0 0 0 0 0 5 4 0 0 4 0 0 0 0 0 0 0 0 0 0 0 0 0 0 0 0 0 0 0 0 199937 8 25 6 0 0 0 0 0 0 0 0 0 0 0 0 5 0 2 4 0 0 0 0 0 0 0 0
145 AGA 0 0 0 0 0 0 0 0 199308 0 7 2 0 0 0 0 0 62 0 210 0 0 0 0 19 12 18 28 64 30 44 5 0 0 0 0 9 16 20 6 27 10 13 27 0 0 0 0 0 0 0 0 10 0 2 3 0 0 0 0 45 2 1 0
146 ACT 0 6 5 13 26 9 2 199196 12 3 5 3 66 15 0 10 93 3 70 0 1 2 4 0 1 14 16 1 63 9 49 4 7 7 4 19 12 14 2 15 2 0 2 2 20 10 4 36 0 0 0 0 3 0 1 0 0 44 0 17 57 0 21 0
147 CGC 0 0 0 0 0 0 0 0 12 3 17 8 0 0 0 0 0 0 0 0 0 0 0 0 4 199858 2 5 3 0 11 36 0 0 0 0 0 0 0 0 4 2 5 3 0 0 0 0 0 0 0 0 1 2 17 1 0 0 0 0 2 0 4 0
148 ATG 0 0 0 0 0 0 0 0 0 0 0 0 10 0 199964 7 0 0 0 0 0 0 0 0 0 0 0 0 0 0 0 0 0 0 0 0 0 0 0 0 0 0 0 0 16 3 0 0 0 0 0 0 0 0 0 0 0 0 0 0 0 0 0 0
149 GAG 58 71 42 56 0 0 0 0 0 1 16 3 57 1 0 76 35 25 16 7 0 0 0 0 2 4 5 4 22 26 28 88 14 3 199019 11 0 6 0 1 46 6 2 58 8 11 24 6 0 6 0 7 0 30 3 6 0 46 0 6 3 6 13 16
150 GCT 0 0 0 0 3 0 2 1 7 8 1 1 0 0 0 0 20 51 17 16 1 8 1 1 3 1 12 1 0 0 0 0 3 0 4 0 4 25 32 199741 0 0 0 0 0 10 2 3 0 0 0 0 3 6 10 2 0 0 0 0 0 0 0 0
151 GGA 0 20 0 2 0 0 0 0 1 0 13 2 0 0 0 0 0 0 0 0 0 0 0 0 8 9 3 3 0 0 0 0 30 0 20 0 0 0 0 0 199821 5 14 4 7 3 1 8 0 0 0 0 4 2 2 6 0 4 0 8 0 0 0 0
152 CTA 0 0 0 0 0 0 0 0 1 1 8 5 0 0 12 0 0 0 0 0 0 0 0 0 2 0 2 4 199842 24 49 26 0 0 0 0 0 0 0 0 0 0 0 0 0 0 0 0 0 0 0 13 1 0 1 2 0 0 0 0 3 0 4 0
153 GTA 0 0 0 0 15 5 1 3 2 0 0 0 30 20 50 22 0 0 0 0 32 176 15 80 7 1 0 6 15 34 94 102 0 0 0 0 0 0 0 0 2 4 1 6 198849 23 12 1 0 0 0 0 4 1 1 3 0 18 0 1 83 133 55 93
154 GAT 0 0 0 0 0 0 0 0 2 0 22 0 0 0 0 0 0 0 0 0 0 0 0 0 0 7 8 0 1 11 0 2 0 3 0 199898 0 0 0 0 13 6 4 5 2 8 7 0 0 0 0 0 0 0 0 0 0 0 0 0 0 0 1 0
155 CAA 0 0 0 0 122 12 145 171 15 3 2 6 91 112 210 143 193590 5 2 3 4 20 6 6 1 2 0 12 5 99 11 4 149 0 210 0 6 7 3 5 20 15 50 5 133 801 153 39 0 178 0 229 7 8 0 11 0 74 2983 62 4 20 15 11
156 GAT 0 0 0 0 0 0 0 0 1 0 4 8 0 0 0 0 0 0 0 0 0 0 0 0 0 0 12 4 0 10 0 5 0 0 0 199899 3 2 5 8 0 0 0 0 0 0 0 0 0 22 0 2 3 0 6 1 0 0 0 0 0 0 5 0
157 GAT 0 0 0 0 0 0 0 0 0 0 0 0 0 0 0 0 0 0 0 0 0 0 0 0 0 0 0 0 0 0 0 0 0 3 0 199969 5 1 2 1 7 1 0 3 2 0 6 0 0 0 0 0 0 0 0 0 0 0 0 0 0 0 0 0
158 CTT 0 7 0 1 7 2 0 4 4 0 6 0 0 0 10 0 2 0 7 0 1 0 6 0 4 1 16 0 10 5 23 197538 0 0 0 0 0 0 0 0 0 0 0 0 1 4 0 5 0 73 0 301 0 0 0 0 0 0 115 0 0 226 7 1614
159 GAC 0 0 0 0 18 1 8 14 13 0 2 0 0 0 0 0 0 0 0 0 0 0 0 0 34 1 16 28 0 0 0 0 3 199792 4 2 0 0 0 0 0 9 15 15 0 0 0 0 0 23 0 2 0 0 0 0 0 0 0 0 0 0 0 0
160 GAG 0 5 0 7 0 0 0 0 1 5 19 4 0 0 0 0 85 0 4 0 0 0 0 0 22 7 7 0 2 3 4 3 8 99 199571 66 2 16 7 4 0 7 0 7 0 0 0 0 0 0 0 0 8 2 2 2 0 7 0 4 0 1 6 3
161 GAG 0 0 0 0 0 0 0 0 2 6 15 1 0 0 0 0 16 0 3 0 0 0 0 0 2 1 0 0 0 0 0 0 5 0 199928 0 2 9 0 4 0 0 0 0 0 0 0 0 0 0 0 0 1 4 1 0 0 0 0 0 0 0 0 0
162 CAT 0 74 0 267 10 0 2 9 1 6 5 0 0 0 0 0 0 8 0 199467 0 0 0 0 1 2 4 0 5 1 1 0 0 0 0 0 0 0 0 0 48 4 14 54 0 0 0 0 0 0 0 0 2 0 8 0 0 0 0 0 5 0 2 0
163 CAA 11 0 5 0 124 50 53 6 5 5 34 2 73 299 279 140 196659 5 1 11 6 10 7 2 12 1 11 5 26 436 43 223 6 0 10 0 39 71 17 39 0 3 10 11 158 250 94 44 0 140 0 190 13 1 17 7 0 86 25 29 73 62 28 33
164 GGG 0 0 0 0 0 0 0 0 5 1 2 0 0 0 0 0 0 0 0 0 0 0 0 0 3 0 1 0 0 0 0 0 0 0 0 0 0 0 0 0 23 12 199866 21 17 4 5 7 0 0 0 0 13 2 0 1 0 7 0 10 0 0 0 0
165 CTG 0 0 0 0 20 21 2 23 1 0 0 0 15 4 7 10 0 0 0 0 3 0 1 1 0 0 1 0 2 4 199713 17 0 0 0 0 0 0 1 1 0 0 0 0 18 37 8 9 0 1 0 5 0 0 0 0 0 0 0 1 51 1 20 2
166 GCG 10 0 18 0 2 11 8 0 2 1 10 1 0 6 0 12 0 0 0 0 0 0 0 0 0 3 0 0 15 16 3 0 5 0 14 0 1 3 199734 13 0 0 0 0 2 17 2 2 0 0 0 0 8 20 0 3 0 0 0 0 34 0 24 0
167 CCC 4 0 11 0 20 3 1 5 1 1 4 0 62 15 21 75 13 0 7 0 23 198878 11 4 10 3 2 0 48 35 171 34 0 0 0 0 3 3 4 2 7 0 16 3 34 51 71 47 0 4 0 7 3 0 2 3 0 3 0 16 182 0 77 0
168 GCG 25 0 1 0 6 51 12 5 0 17 2 27 6 29 0 9 0 0 0 9 0 0 0 0 2 11 16 0 8 5 11 2 0 0 16 0 3 9 199541 23 0 0 0 0 2 1 12 2 0 0 0 0 15 36 10 42 0 0 19 0 5 1 1 8
169 GAA 0 0 0 0 0 0 0 0 0 8 0 15 0 0 0 0 18 0 55 0 4 5 0 2 0 0 0 0 7 13 7 4 199696 0 16 0 0 0 0 0 0 14 18 29 20 12 1 13 0 0 0 0 3 10 10 0 0 0 0 0 17 0 3 0
170 CTC 0 0 0 0 0 0 0 0 0 0 0 0 0 0 0 0 0 0 0 0 1 18 2 10 0 0 0 0 2 199885 37 9 0 0 0 0 0 0 0 0 0 0 0 0 0 0 0 0 0 0 0 0 0 0 0 0 0 22 0 1 0 0 13 0
171 TTT 0 0 0 0 0 0 0 0 4 2 30 2 0 0 0 0 0 0 0 0 3 2 4 9 5 18 2 1 35 5 20 14 0 0 0 0 0 0 0 0 4 2 14 8 1 3 15 0 0 0 0 0 4 2 4 1 0 0 0 0 7 0 4 199775
172 GCT 0 0 0 0 0 0 0 0 21 0 20 0 0 0 0 0 11 0 2 0 0 0 0 0 24 0 9 26 0 0 0 0 13 0 7 0 2 2 6 199810 0 0 0 0 13 2 11 21 0 0 0 0 0 0 0 0 0 0 0 0 0 0 0 0
173 AGG 0 0 0 0 0 0 0 0 31 2 199285 11 0 0 199 0 44 0 26 0 0 0 0 0 1 16 48 18 6 34 10 56 12 0 3 0 0 5 9 6 6 1 2 2 5 0 4 21 0 0 0 0 14 0 2 16 0 0 0 0 70 0 35 0
174 TTG 0 0 0 0 0 0 0 0 0 0 0 0 0 0 0 0 0 0 0 0 0 0 0 0 0 0 0 0 5 8 0 25 0 0 0 0 0 0 0 0 0 0 0 0 0 0 0 0 0 0 0 0 0 0 0 0 0 1 0 15 4 0 199942 0
175 AAA 199347 0 32 0 0 0 0 0 1 1 2 4 1 9 0 1 33 0 1 0 0 0 0 0 1 0 2 0 108 28 60 124 0 0 0 0 0 0 0 0 8 7 0 8 15 72 3 24 0 0 0 0 1 0 9 0 0 0 0 0 95 0 3 0
176 GCT 0 0 0 0 0 0 0 0 6 0 0 1 0 0 0 0 0 0 0 0 0 0 0 0 13 6 13 6 7 0 1 2 0 0 0 0 18 14 10 199860 0 0 0 0 0 0 0 0 0 0 0 0 4 8 3 16 0 0 0 0 3 0 9 0
177 CGG 0 84 0 222 417 1926 191 839 4 176 28 1109 284 242 243 125 62 9 50 151 11 3 2 5 17 11 185266 42 449 151 355 399 57 72 480 41 63 252 331 277 151 115 744 331 81 2 111 50 0 10 0 119 328 313 924 115 0 205 289 490 378 602 122 74
178 ATG 64 0 9 0 21 81 11 19 78 2 3 2 16 2 198218 9 2 50 28 35 14 40 37 53 20 17 46 146 59 37 12 15 4 0 11 0 1 0 8 1 6 0 4 5 14 5 30 7 0 182 0 121 1 1 1 2 0 31 115 47 31 207 2 17
179 CCC 0 0 0 0 1 7 1 2 0 0 3 0 5 5 0 3 1 0 2 0 7 199883 29 34 1 0 3 1 0 7 1 0 0 0 0 0 0 0 0 0 0 0 0 0 0 0 0 0 0 0 0 0 0 0 0 0 0 0 0 0 3 0 1 0
180 GAC 0 0 0 0 12 0 4 8 4 1 7 11 71 7 0 6 0 0 0 0 7 0 0 1 4 3 3 1 4 17 15 35 33 199430 3 27 13 11 8 7 45 34 1 21 0 0 0 0 0 0 0 0 0 1 18 1 0 0 89 0 2 3 28 4
181 GGT 0 0 0 0 3 1 1 3 11 4 5 38 0 0 0 0 0 0 0 0 0 0 0 0 12 5 10 13 1 2 1 0 0 0 0 0 5 10 10 4 1 9 3 199669 5 34 1 39 0 3 0 27 1 9 2 8 0 35 0 12 1 0 2 0
182 GAA 0 0 0 0 4 2 10 9 0 2 0 0 0 0 0 0 0 0 0 0 0 0 0 0 0 0 0 0 0 0 0 0 199887 0 19 0 5 1 2 6 0 7 14 7 0 1 11 1 0 0 0 0 0 4 7 1 0 0 0 0 0 0 0 0
183 GAT 0 0 0 0 0 0 0 0 5 0 9 0 0 0 0 0 0 0 0 0 0 0 0 0 0 0 10 0 0 0 0 0 0 0 0 199966 0 0 0 0 3 2 5 0 0 0 0 0 0 0 0 0 0 0 0 0 0 0 0 0 0 0 0 0
184 TTG 0 0 0 0 0 0 0 0 0 0 6 0 0 0 0 0 6 0 43 0 1 3 0 11 1 11 2 3 0 22 3 11 0 0 0 0 0 0 0 0 0 0 0 0 0 0 0 0 0 0 0 0 0 0 0 0 0 0 0 0 6 0 199871 0
185 GTG 0 0 0 0 0 0 0 0 5 2 1 7 0 0 0 0 0 0 0 0 0 0 0 0 2 4 5 0 3 2 3 2 0 0 0 0 4 0 16 1 0 0 0 0 8 9 199913 2 0 0 0 0 0 1 0 3 0 0 0 0 7 0 0 0
186 GTA 0 0 0 0 0 0 0 0 0 0 0 0 0 0 0 0 0 0 0 0 0 2 8 0 0 0 0 0 2 5 1 2 0 0 0 0 1 6 8 11 0 0 0 0 199905 7 5 23 0 0 0 0 0 0 0 0 0 0 0 0 7 0 7 0
187 ACT 0 0 0 0 0 10 2 199955 0 6 0 4 0 0 0 0 0 0 0 0 0 0 0 0 0 0 0 0 0 0 0 0 0 0 0 0 0 0 0 0 0 0 0 0 0 0 0 0 0 0 0 0 0 8 0 15 0 0 0 0 0 0 0 0
188 CAT 0 0 0 0 0 0 0 0 6 0 0 0 0 0 0 0 123 4 37 198736 7 15 12 50 1 5 9 10 30 98 147 74 0 0 0 0 0 0 0 0 0 0 0 0 0 0 0 0 0 58 0 409 0 0 0 0 0 121 0 10 13 0 25 0
189 GGG 0 0 0 0 0 0 0 0 0 6 0 13 0 0 0 0 0 0 0 0 0 0 0 0 0 0 0 0 2 4 0 4 0 0 0 0 0 0 0 0 5 3 199910 17 6 2 4 2 0 0 0 0 12 1 0 4 0 0 0 0 5 0 0 0
190 GAT 0 0 0 0 0 0 0 0 0 0 0 0 0 0 0 0 0 0 0 0 0 0 0 0 0 0 0 0 0 0 0 0 1 19 10 199955 0 0 0 0 1 1 3 10 0 0 0 0 0 0 0 0 0 0 0 0 0 0 0 0 0 0 0 0
191 GCC 0 0 0 0 0 0 0 0 14 35 13 12 0 0 0 0 0 203 0 16 0 0 0 0 14 44 14 15 19 17 0 7 0 0 0 0 5 192458 26 14 0 0 0 0 2 2 5 10 0 187 0 123 18 26 45 6 0 0 0 0 6 5517 6 1121
192 TGC 0 0 0 0 844 208 3630 1639 9 0 7 0 21 71 0 18 0 0 0 0 0 0 0 0 3 2 1 11 0 0 0 0 0 0 0 0 15 9 9 16 4 1 16 5 0 0 0 0 0 0 0 0 0 0 0 0 0 193456 0 5 0 0 0 0
193 CTC 0 0 0 0 0 0 0 0 0 0 10 0 0 0 17 0 0 0 0 0 0 0 2 7 0 31 11 1 2 199834 22 9 0 0 0 0 0 0 0 0 0 0 0 0 2 2 8 2 0 0 0 0 0 0 0 0 0 0 0 0 34 0 6 0
194 CCG 0 0 0 0 4 6 11 0 6 4 5 2 0 0 0 0 9 0 2 0 0 4 199874 18 7 1 1 2 0 14 6 2 0 0 0 0 0 0 0 0 0 0 0 0 0 0 0 0 0 0 0 0 0 5 1 2 0 0 0 0 8 0 6 0
195 AAC 5 199914 7 17 4 8 2 1 0 6 0 8 0 0 0 0 0 0 0 0 0 0 0 0 0 0 0 0 0 0 0 0 0 0 0 0 0 0 0 0 0 0 0 0 0 0 0 0 0 0 0 17 9 0 1 1 0 0 0 0 0 0 0 0
196 ATA 0 0 0 0 0 0 0 0 1 13 6 8 199773 31 0 61 0 0 0 0 0 0 0 0 6 24 8 0 0 1 3 2 0 0 0 0 0 0 0 0 0 0 0 0 0 1 3 2 0 0 0 0 19 2 15 13 0 0 0 0 8 0 0 0
197 ATG 1 0 9 0 5 1 2 3 5 0 0 0 0 0 199899 0 18 0 20 0 0 0 0 0 3 0 1 1 3 1 3 0 0 11 0 8 0 0 0 0 0 0 0 0 0 0 0 0 0 0 0 0 0 0 0 0 0 0 0 0 5 0 1 0
198 GTG 0 0 0 0 0 0 0 0 2 0 6 0 0 0 0 0 0 0 0 0 0 0 0 0 4 3 2 0 3 1 2 1 0 0 0 0 7 3 0 0 0 3 3 0 33 10 199892 16 0 0 0 0 0 0 0 0 0 0 0 0 1 0 8 0
199 GAA 0 0 0 0 0 0 0 0 4 7 0 2 0 0 0 0 0 4 0 4 0 0 0 0 4 0 7 5 0 0 0 0 199841 0 4 0 5 1 0 23 1 17 1 3 0 0 0 0 0 0 0 0 6 30 1 5 0 9 0 16 0 0 0 0
200 AAC 0 199894 0 21 1 28 4 0 0 7 0 1 0 0 0 0 0 0 0 0 0 0 0 0 0 0 0 0 2 0 12 0 0 0 0 0 0 0 0 0 0 0 0 0 3 4 5 4 0 0 0 0 5 2 1 2 0 0 0 0 3 0 1 0
201 GGC 0 0 0 0 0 0 1 5 8 3 12 0 0 0 0 0 0 0 0 0 0 0 0 0 8 6 2 14 0 0 0 0 0 0 0 1 0 0 0 0 51 199823 9 35 0 0 0 0 0 0 0 0 4 1 11 0 0 6 0 0 0 0 0 0
202 CGT 10 0 11 0 0 0 0 0 17 0 43 3 0 0 0 0 0 0 0 0 0 0 0 0 3 11 20 199713 1 2 27 5 0 0 0 0 0 0 0 0 0 0 0 0 0 0 0 0 0 0 0 0 10 9 31 6 0 16 0 5 17 0 40 0
203 TTT 0 0 0 0 0 0 0 0 0 0 0 0 0 0 0 0 0 0 0 0 0 0 0 0 0 0 0 0 3 0 0 11 0 0 0 0 0 0 0 0 0 0 0 0 0 0 0 0 0 0 0 0 0 0 0 0 0 6 0 21 6 36 1 199916
204 AGC 0 5 0 10 14 4 4 6 17 199805 0 8 2 4 0 19 0 0 0 0 0 0 0 0 12 3 17 2 0 0 0 0 0 0 0 0 0 0 0 0 1 0 6 4 0 0 0 0 0 0 0 0 13 11 20 13 0 0 0 0 0 0 0 0
205 GGA 0 0 0 0 0 0 0 0 0 0 0 0 0 0 0 0 0 0 0 0 0 0 0 0 0 0 0 0 0 0 0 0 0 0 0 0 0 0 0 0 199943 30 13 2 3 6 3 0 0 0 0 0 0 0 0 0 0 0 0 0 0 0 0 0
206 TTC 0 0 0 0 0 0 0 0 1 8 3 5 0 0 0 0 0 0 0 0 0 0 0 0 0 5 0 0 4 2 0 0 0 0 0 0 0 0 0 0 0 0 0 0 12 1 8 0 0 0 0 0 2 2 5 5 0 0 0 0 1 199925 4 7
207 ATT 0 0 0 0 2 2 5 0 0 0 0 0 20 5 0 199956 0 0 0 0 0 0 0 0 0 0 0 0 0 0 0 0 0 0 0 0 0 0 0 0 0 0 0 0 2 1 3 4 0 0 0 0 0 0 0 0 0 0 0 0 0 0 0 0
208 GAT 0 0 0 0 0 0 14 3 0 0 0 0 0 0 0 0 0 0 0 0 0 0 0 0 0 0 0 0 0 0 0 0 11 16 5 199903 11 7 5 4 4 2 9 6 0 0 0 0 0 0 0 0 0 0 0 0 0 0 0 0 0 0 0 0
209 TGC 0 0 0 0 0 13 41 21 3 7 9 12 0 0 0 0 0 0 0 0 0 0 0 0 3 4 0 12 1 7 1 2 0 0 0 0 0 3 6 20 0 2 0 10 0 0 0 0 0 0 0 0 2 0 2 0 0 199797 0 4 2 3 4 9
210 GGA 0 0 0 0 0 0 0 0 7 0 0 11 0 0 0 0 0 0 0 0 0 0 0 0 1 2 1 4 0 0 0 0 0 0 0 0 0 0 0 0 199873 21 5 29 8 8 11 8 0 0 0 0 6 2 1 2 0 0 0 0 0 0 0 0
211 CGG 0 0 0 0 0 0 0 0 3 3 8 0 0 0 0 0 0 0 0 0 0 0 0 0 1 18 199870 10 16 5 18 3 0 0 0 0 0 0 0 0 0 0 0 0 0 0 0 0 0 0 0 0 6 4 4 8 0 4 0 15 0 0 4 0
212 TTG 0 0 0 0 3 11 0 4 7 0 0 0 0 0 0 0 0 0 0 0 0 0 0 0 4 0 1 3 30 7 6 5 0 0 0 0 0 0 0 0 0 0 0 0 0 0 0 0 0 0 0 0 0 0 0 0 0 0 0 0 9 0 199910 0
213 GGT 0 0 0 0 0 0 0 0 0 0 9 0 0 0 0 0 0 0 0 0 0 0 0 0 3 0 0 15 0 0 0 0 0 0 0 0 0 1 3 0 6 4 1 199937 2 1 0 2 0 0 0 0 0 0 0 0 0 2 0 14 0 0 0 0
214 GTC 0 0 0 0 0 0 0 0 0 0 0 0 0 0 0 0 0 0 0 0 0 0 0 0 0 0 0 0 1 2 9 10 0 0 0 0 1 1 3 12 10 1 18 5 6 199914 2 3 0 0 0 0 0 0 0 0 0 0 0 0 2 0 0 0
215 GCT 0 0 0 0 0 0 11 6 0 0 0 0 0 0 0 0 0 0 0 0 7 2 5 6 0 0 0 0 0 0 0 0 0 0 0 0 14 7 0 199903 7 3 1 3 0 0 0 0 0 0 0 0 14 6 2 3 0 0 0 0 0 0 0 0
216 GAT 0 0 0 0 0 0 0 0 0 2 0 0 0 0 0 0 0 0 0 0 0 0 0 0 0 0 0 0 0 0 4 0 0 10 0 199904 1 3 0 6 3 6 5 2 6 2 7 6 0 11 0 7 2 1 9 0 0 0 0 0 0 0 3 0
217 CGA 0 0 0 0 0 0 0 0 2 8 7 10 0 0 0 0 0 0 0 0 0 0 0 0 199907 8 14 2 0 5 1 3 0 0 0 0 0 0 0 0 4 3 1 0 0 0 0 0 0 0 0 0 9 3 0 6 0 0 0 0 4 0 3 0
218 TAT 0 0 0 0 0 0 0 0 0 2 0 13 0 0 0 0 0 0 0 0 0 0 0 0 0 0 0 0 0 0 0 0 0 0 0 0 0 0 0 0 0 0 0 0 0 0 0 0 0 7 0 199961 3 1 8 5 0 0 0 0 0 0 0 0
219 CAA 15 0 1 0 15 7 0 2 3 0 1 0 0 0 0 0 199822 22 73 1 0 16 0 0 5 9 6 2 0 0 0 0 0 0 0 0 0 0 0 0 0 0 0 0 0 0 0 0 0 0 0 0 0 0 0 0 0 0 0 0 0 0 0 0
220 GAT 0 0 0 0 0 0 0 0 0 0 0 0 0 0 0 0 0 0 0 0 0 0 0 0 0 0 0 0 0 0 0 0 0 13 0 199946 3 8 0 6 5 5 4 10 0 0 0 0 0 0 0 0 0 0 0 0 0 0 0 0 0 0 0 0
221 ATA 0 0 0 0 0 16 7 19 0 8 0 12 198562 14 0 13 0 0 0 0 0 0 0 0 0 0 0 0 329 467 56 314 0 0 0 0 0 0 0 0 1 1 1 12 0 6 6 0 0 0 0 0 3 9 36 3 0 0 0 0 78 0 27 0
222 GCA 0 0 0 0 0 0 0 0 0 0 0 0 0 0 0 0 0 0 0 0 0 0 0 0 0 0 0 0 0 0 0 0 0 0 0 0 199922 4 19 2 8 0 3 0 12 1 1 28 0 0 0 0 0 0 0 0 0 0 0 0 0 0 0 0
223 TTG 0 0 0 0 0 0 0 0 3 0 4 0 0 0 0 0 0 0 0 0 0 0 0 0 1 7 1 2 33 2 7 28 0 0 0 0 0 0 0 0 0 0 0 0 0 0 0 0 0 0 0 0 0 0 0 0 0 0 0 0 28 0 199884 0
224 GCA 0 0 0 0 0 0 0 0 0 9 0 12 0 0 0 0 0 0 0 0 2 3 2 4 0 0 0 0 0 3 4 3 19 0 4 0 199852 4 5 6 11 1 0 2 1 11 7 0 0 0 0 0 3 8 12 7 0 0 0 0 2 0 3 0
225 ACT 0 0 0 0 1 0 0 199930 0 3 0 0 14 1 0 0 0 0 0 0 0 0 0 0 0 0 0 0 0 0 0 0 0 0 0 0 0 0 0 0 0 0 0 0 15 3 21 4 0 0 0 0 4 3 0 1 0 0 0 0 0 0 0 0
226 CGC 0 0 0 0 1 5 3 4 30 5 17 2 0 0 0 0 0 0 0 0 0 0 0 0 26 199785 6 12 7 0 16 15 0 0 0 0 0 0 0 0 7 1 5 1 0 0 0 0 0 0 0 0 13 10 11 7 0 0 0 0 4 0 7 0
227 GAT 0 0 0 0 0 0 0 0 7 3 2 41 0 0 0 0 0 13 0 14 0 0 0 0 4 7 1 1 0 0 0 0 5 17 10 199784 0 0 0 0 0 0 0 0 10 9 10 7 0 0 0 0 1 13 0 20 0 16 0 5 0 0 0 0
228 ATC 0 0 0 0 34 26 1 20 14 1036 74 258 6 197226 0 14 0 0 0 0 0 0 0 0 37 11 3 29 13 27 79 3 0 0 0 0 0 0 0 0 0 0 0 0 135 57 199 85 0 0 0 0 130 317 30 43 0 0 0 0 68 0 25 0
229 GCC 0 0 0 0 3 1 3 5 2 3 2 5 0 0 0 0 0 0 0 0 6 1 2 1 1 1 5 0 0 0 0 0 13 0 20 0 2 199874 10 11 0 0 0 0 6 4 6 0 0 0 0 0 3 0 6 4 0 0 0 0 0 0 0 0
230 GAA 0 0 0 0 24 36 4 63 0 168 0 8 0 0 0 0 0 45 0 11 2 1 11 2 0 0 0 0 0 0 0 0 199161 0 15 0 6 6 4 4 1 13 14 3 0 0 0 0 0 0 0 0 24 11 337 26 0 0 0 0 0 0 0 0
231 GAG 22 0 30 0 0 0 0 0 22 0 16 0 0 0 0 0 0 5 0 5 0 0 0 0 19 28 7 5 0 0 0 0 0 0 199458 0 3 0 4 1 0 0 0 0 0 3 2 0 0 95 0 253 0 0 0 0 0 0 20 0 0 2 0 0
232 CTT 0 0 0 0 0 0 0 0 16 8 7 2 0 0 0 0 0 0 0 0 0 2 1 4 1 4 11 27 2 25 13 199792 0 0 0 0 0 0 0 0 0 0 0 0 17 11 6 4 0 0 0 0 3 0 9 16 0 0 0 0 2 0 17 0
233 GGT 0 0 0 0 0 0 0 0 3 3 0 1 0 0 0 0 0 0 0 0 0 0 0 0 0 7 0 0 0 0 0 0 0 0 0 0 0 0 0 0 5 18 4 199895 6 2 9 4 0 0 0 0 2 7 14 0 0 5 0 15 0 0 0 0
234 GGT 105 140 43 67 7 377 28 73 0 3 1 0 1 0 11 2 21 4 27 9 1455 3403 1213 540 2 0 0 3 1 0 1 0 25 0 1035 2 24 11 24 14 9 58 0 190878 21 21 6 40 0 2 0 0 0 4 1 10 0 83 20 170 0 0 5 0
235 GAA 0 0 0 0 2 1 6 7 0 0 0 0 0 0 0 0 0 0 0 0 0 0 0 0 0 0 0 0 0 0 6 4 199945 0 13 0 2 0 8 5 0 0 0 0 0 0 0 0 0 0 0 0 0 0 0 0 0 0 0 0 1 0 0 0
236 TGG 0 0 0 0 0 0 0 0 2 1 11 0 0 0 0 0 0 0 0 0 0 0 0 0 1 1 4 1 16 3 12 15 0 0 0 0 0 0 0 0 16 5 2 1 1 8 3 1 0 0 0 0 0 3 7 12 0 0 199857 0 15 0 2 0
237 GCA 0 0 0 0 0 0 0 0 0 8 0 20 0 0 0 0 0 0 0 0 0 0 0 0 4 3 1 7 0 0 0 0 0 0 0 0 199894 27 7 2 0 0 0 0 0 0 0 0 0 0 0 0 8 9 5 5 0 0 0 0 0 0 0 0
238 GAC 21 47 113 18 4 5 1 8 61 14 41 57 52 97 10 9 22 92 41 2 0 2 8 8 51 45 104 47 14 25 13 14 103 198565 27 10 3 12 4 13 0 0 0 0 4 13 12 15 0 29 0 0 25 8 14 17 0 2 0 18 12 4 3 41
239 AGA 0 0 0 0 9 1 1 4 199808 1 7 1 0 0 0 0 0 0 0 0 7 3 0 1 31 0 34 3 4 0 5 14 0 0 0 0 0 0 0 0 3 7 0 0 0 0 0 0 0 0 0 0 7 11 2 2 0 10 0 3 6 0 15 0
240 TTT 2 0 5 0 0 0 0 0 0 3 0 3 0 0 0 0 0 0 0 0 0 0 0 0 0 0 0 0 0 0 0 0 0 0 0 0 0 0 0 0 0 0 0 0 9 4 3 6 0 0 0 0 4 0 3 2 0 0 0 10 0 28 0 199918
241 TTA 0 0 0 0 0 0 0 0 0 2 2 2 0 0 0 0 0 0 0 0 5 24 14 6 5 1 3 1 2 10 21 16 0 0 0 0 0 0 0 0 0 0 0 0 0 0 0 0 0 0 0 0 2 0 0 0 0 0 0 0 199871 0 13 0
242 GTT 16 10 92 6 54 11 64 62 33 3 6 0 0 0 34 0 2 66 17 35 2 9 1 7 128 35 9 40 0 8 2 4 45 0 85 0 14 0 81 12 0 0 0 0 12 42 3 198681 0 3 0 23 12 56 49 67 0 0 16 0 8 25 5 5
243 CTG 0 0 0 0 0 0 0 0 0 0 1 0 0 0 0 0 3 0 8 0 1 7 2 0 4 6 13 10 2 20 199800 17 26 0 27 0 2 5 3 10 0 0 0 0 1 2 5 3 0 0 0 0 0 0 0 0 0 0 0 0 3 0 19 0
244 TAT 0 0 0 0 0 0 0 0 0 0 0 0 0 0 0 0 0 0 0 0 0 0 0 0 0 0 0 0 4 32 6 1 0 0 0 0 0 0 0 0 0 0 0 0 0 0 0 0 0 7 0 199944 0 0 0 0 0 0 0 0 0 0 6 0
245 GGT 0 0 0 0 0 0 0 0 103 0 9 1 0 0 0 0 0 0 0 0 0 0 0 0 1 17 43 35 5 3 11 11 0 0 0 0 2 25 14 42 60 4 20 199305 65 62 5 56 0 0 0 0 1 3 4 22 0 37 0 34 0 0 0 0
246 ATC 0 0 0 0 0 0 0 0 16 2 3 30 14 199789 0 10 0 0 0 0 0 0 0 0 6 0 6 2 4 1 5 6 0 0 0 0 0 0 0 0 0 0 0 0 16 1 0 2 0 0 0 0 16 7 10 5 0 7 0 13 9 14 2 4
247 GCG 0 10 17 27 10 6 9 7 8 3 9 60 0 0 0 0 10 0 5 0 10 1 0 8 10 9 4 1 3 0 3 7 0 11 0 0 2 2 199615 7 6 1 5 1 0 0 0 0 0 0 0 0 43 2 3 21 0 17 0 4 17 0 6 0
248 GCA 7 0 6 0 32 5 6 29 4 5 1 7 4 3 14 3 26 0 10 0 0 0 0 0 0 1 2 5 82 18 13 13 5 8 6 16 199521 11 4 10 5 1 1 3 1 6 5 1 0 0 0 0 3 9 1 8 0 0 0 0 60 0 19 0
249 CCA 0 0 0 0 9 1 24 12 172 12 19 13 0 0 0 0 37 0 8 0 198752 9 0 9 56 9 250 140 15 4 1 6 0 0 0 0 7 22 175 85 8 11 78 10 0 0 0 0 0 0 0 0 1 5 16 7 0 0 0 0 17 0 0 0
250 GAC 0 0 0 0 0 1 2 1 0 0 0 0 0 0 0 0 11 0 42 0 0 0 0 0 0 0 0 0 1 1 3 0 0 199878 0 8 0 6 0 1 0 0 0 0 4 2 19 17 0 0 0 0 0 0 0 0 0 0 0 0 2 0 1 0
251 TCT 7 0 5 0 6 6 31 49 2 17 11 2 6 0 17 19 84 20 13 4 0 0 0 0 18 39 47 27 5 1 82 44 0 8 0 4 2 2 16 5 1 2 5 4 0 0 0 0 0 71 0 13 4 23 4 198929 0 0 245 0 25 12 3 60
252 CAG 0 11 0 8 0 0 0 0 4 0 4 1 0 0 0 0 4 9 199779 22 0 0 0 0 1 3 2 1 2 0 2 3 0 55 0 49 0 0 0 0 0 0 0 0 0 0 0 0 0 0 0 0 2 0 9 8 0 0 0 0 2 6 11 2
253 CGT 0 0 0 0 0 0 0 0 1 9 5 9 0 0 0 0 0 0 0 0 0 0 0 0 13 0 0 199883 1 8 4 7 0 0 0 0 0 0 0 0 4 3 12 1 0 6 8 0 0 0 0 0 7 0 0 10 0 0 0 0 0 0 9 0
254 ATC 0 0 0 0 0 0 0 0 4 17 6 0 9 199889 0 0 0 0 0 0 0 0 0 0 1 1 7 0 0 6 2 3 0 0 0 0 0 0 0 0 0 0 0 0 0 0 0 0 0 0 0 0 3 5 1 9 0 0 0 0 23 0 14 0
255 GCC 0 0 0 0 0 1 0 1 0 4 1 4 0 0 0 0 0 0 0 0 0 0 0 0 0 0 0 0 0 0 0 0 8 0 0 0 1 199915 6 32 5 3 0 2 0 0 0 0 0 0 0 2 1 6 0 8 0 0 0 0 0 0 0 0
256 TTT 0 0 0 0 0 0 0 0 1 3 6 2 0 0 0 0 10 0 3 0 5 1 11 1 6 3 8 2 11 3 4 12 0 0 0 0 0 0 0 0 0 0 0 0 0 0 0 0 0 39 0 69 3 4 4 5 0 0 235 0 2 8 3 199536
257 TAT 0 0 0 0 0 0 0 0 0 0 0 0 0 0 0 0 0 6 0 6 0 0 0 0 0 0 0 0 0 0 0 0 0 0 0 0 0 0 0 0 0 0 0 0 0 0 0 0 0 3 0 199985 0 0 0 0 0 0 0 0 0 0 0 0
258 AGA 0 0 0 0 0 0 0 0 199865 3 7 0 0 0 0 0 0 0 0 0 0 0 0 0 21 13 9 3 11 8 0 3 0 0 0 0 0 0 0 0 8 0 5 7 0 0 0 0 0 0 0 0 7 15 0 3 0 0 0 0 9 0 3 0
259 TTA 0 0 0 0 0 0 0 0 18 0 3 0 0 0 0 0 0 0 0 0 0 0 0 0 2 3 13 1 12 2 7 23 0 0 0 0 0 0 0 0 0 0 0 0 0 0 0 0 0 0 0 0 0 0 0 0 0 0 0 0 199898 0 18 0
260 CTA 0 0 0 0 0 0 0 0 0 0 0 0 0 0 0 0 0 0 0 0 0 0 0 0 0 0 0 0 199929 48 0 3 0 0 0 0 0 0 0 0 0 0 0 0 0 0 0 0 0 0 0 0 0 0 0 0 0 0 0 0 1 0 19 0
261 GAC 0 0 0 0 0 0 0 0 0 1 0 1 0 0 0 0 0 0 0 0 0 0 0 0 0 0 0 0 0 0 0 0 0 199990 0 0 0 0 0 0 0 0 0 0 0 0 0 0 0 6 0 0 0 0 1 1 0 0 0 0 0 0 0 0
262 GAG 8 0 2 0 0 0 0 0 2 0 0 2 0 0 0 0 0 0 0 0 0 0 0 0 0 2 3 1 0 0 0 0 7 0 199954 0 0 0 0 0 0 0 0 0 2 1 2 1 0 0 0 0 5 3 1 4 0 0 0 0 0 0 0 0
263 TTC 0 0 0 0 0 0 0 0 0 9 0 5 1 11 0 3 0 0 0 0 0 0 0 0 0 0 0 0 0 0 2 1 0 0 0 0 0 0 0 0 0 0 0 0 0 0 0 0 0 0 0 0 4 5 3 4 0 0 0 0 2 199930 0 20
264 TTC 0 0 0 0 0 0 0 0 0 2 0 7 0 0 0 0 0 0 0 0 0 0 0 0 0 0 0 0 14 1 5 12 0 0 0 0 0 0 0 0 0 0 0 0 0 0 1 0 0 4 0 2 4 0 1 0 0 2 0 4 8 199909 11 13
