# POSITION WT AAA AAC AAG AAT ACA ACC ACG ACT AGA AGC AGG AGT ATA ATC ATG ATT CAA CAC CAG CAT CCA CCC CCG CCT CGA CGC CGG CGT CTA CTC CTG CTT GAA GAC GAG GAT GCA GCC GCG GCT GGA GGC GGG GGT GTA GTC GTG GTT TAA TAC TAG TAT TCA TCC TCG TCT TGA TGC TGG TGT TTA TTC TTG TTT
1 ATG 637 595 87 229 16322 1666 13422 0 7301 11 1766 14 1230 17212 9.86525e+06 2471 0 23 0 3 98 547 410 118 1823 818 2650 3653 4357 2118 2431 6412 2600 43 3576 18 864 1153 1820 31 4567 8551 5324 29 0 4 0 0 0 2083 0 5341 30 33 38 48 0 332 0 161 7833 218 430 1197
2 ATT 915 753 1118 1877 689 296 252 887 44 381 85 46 121 578 0 9.95642e+06 669 3299 3044 72 61 306 39 149 136 497 41 331 98 344 107 130 0 350 0 148 215 3891 515 467 199 19 347 81 1266 3235 1857 4188 0 2739 0 859 62 301 234 372 0 0 1765 0 26 1274 285 1516
3 GAG 449 667 1927 392 3924 800 1386 5891 121 2503 6501 190 344 274 0 648 4225 5240 3464 2146 167 1255 495 31 1493 1586 3029 2134 3740 592 76 922 711 791 9.91039e+06 1090 0 0 0 0 366 331 355 699 87 49 144 323 0 531 0 1521 3496 75 654 2796 0 0 529 0 3427 7290 754 6982
4 CAA 1524 863 4743 2449 256 210 573 2411 191 213 6 324 235 636 0 656 9.95234e+06 0 253 0 246 1431 781 932 57 1541 192 1196 663 7202 1839 1553 236 0 929 0 0 0 0 0 62 1334 1998 2822 1891 173 271 267 0 231 0 360 356 161 65 91 0 509 2203 184 23 0 317 0
5 GAC 46455 273 124322 587 11997 13455 7250 2221 58 8817 14955 4871 53021 2980 0 28405 16983 814 17013 81 697 736 1997 641 3755 1610 104 1600 4926 10544 786 5752 1468 9.57041e+06 5282 1868 713 695 806 83 586 1412 3911 616 20 10 33 22 0 0 0 0 61 1577 3373 3372 0 178 2429 354 6187 1918 1955 2958
6 GGC 15256 42662 45962 1363 391 9925 841 5632 1077 16008 1423 85 8736 21526 7891 9156 238 0 347 0 45443 19981 9162 11982 2897 2333 286 726 108 830 1440 395 18041 1268 1459 422 2887 485 1484 8050 572 9.59988e+06 931 411 1767 1857 3426 4936 0 4894 0 1390 21013 16019 383 2121 0 0 9506 0 912 4391 1261 6128
7 CTT 2095 0 4867 0 0 0 0 0 946 3 1078 137 0 0 0 0 0 71 0 5 115 216 376 264 1274 204 3139 166 12 267 1322 9.96099e+06 852 0 718 0 1026 1085 2024 133 312 131 188 556 56 15 48 1 0 0 0 0 23 43 48 103 0 2660 0 11535 521 0 372 0
8 CAT 0 13226 0 16904 0 0 0 0 8159 11360 31672 5900 0 0 12539 0 0 1179 0 8.94847e+06 5087 9342 4593 5846 17828 3043 22373 5127 32686 20624 18809 650 167098 1805 185831 17909 0 0 0 0 1054 4188 1346 2915 1018 7360 687 8994 0 0 0 0 11851 5323 15382 8618 0 25775 0 265016 11182 0 61230 0
9 GCA 839 1780 248 1276 287 84 252 31 0 241 230 200 1946 6334 0 1895 0 0 0 0 4917 746 454 1248 90 531 152 181 102 822 442 160 521 0 944 0 9.96387e+06 300 494 280 563 706 1257 1737 884 936 136 29 0 0 0 0 158 256 427 218 0 0 0 0 560 0 238 0
10 GGA 0 0 0 0 490 0 62 670 0 40 0 99 0 0 0 0 0 0 0 0 351 80 193 104 0 0 0 0 292 134 129 225 0 0 0 0 0 0 0 0 9.99012e+06 320 780 92 361 94 1246 1655 0 0 0 0 30 262 597 141 0 915 0 281 209 0 26 0
11 TCT 146 0 403 0 1714 1861 1631 1916 8019 96 9060 1185 5538 18502 75405 20037 1558 22063 18840 7469 5681 4972 7095 10193 26120 36286 43566 20227 58086 7944 66874 18964 998 3932 1634 1904 104 95 213 408 731 1652 229 423 1387 7881 45 2815 0 57801 0 21013 275 192 565 9.31064e+06 0 13853 613 16279 32264 9939 6681 3983
12 CCC 0 0 0 0 480 215 106 583 149 32 37 200 0 0 0 0 0 0 0 0 988 9.99256e+06 60 161 97 178 51 38 146 290 181 131 0 534 0 306 564 493 125 162 0 0 0 0 30 168 273 73 0 0 0 0 115 79 137 139 0 0 0 0 46 0 68 0
13 GCT 1010 0 1408 0 681 996 1091 1170 358 1655 758 1150 0 0 0 0 1133 759 168 147 71 265 152 32 1083 1839 32 139 69 128 243 340 65 4929 987 3130 1210 13 322 9.96576e+06 464 115 127 185 713 549 178 1748 0 0 0 0 329 1145 571 415 0 0 0 0 63 0 105 0
14 GCA 2170 240 829 463 719 978 809 1217 218 197 303 1039 0 0 875 0 0 0 0 0 371 1792 630 716 731 295 494 765 248 74 24 44 109 147 491 1205 9.97234e+06 1752 396 512 543 1115 146 233 42 100 300 203 0 0 0 0 771 416 942 979 0 367 0 382 240 0 27 0
15 TGG 0 0 0 0 0 0 0 0 734 314 186 95 0 0 0 0 0 0 0 0 0 0 0 0 441 237 796 1951 300 433 259 21 0 0 0 0 0 0 0 0 164 141 123 731 0 0 0 0 0 0 0 0 770 28 213 79 0 98 9.9903e+06 419 21 0 1145 0
16 GTG 11284 1063 1697 641 786 2279 1238 1879 5651 183 790 1436 0 0 0 0 2221 0 2361 0 0 0 0 0 7112 231 222 8082 175 626 382 657 172 0 2705 0 959 4486 1056 1227 346 1708 3325 72 593 351 9.9233e+06 373 0 761 0 404 403 960 2351 1177 0 146 0 589 80 0 1456 0
17 GAA 0 0 0 0 129 451 99 11 52 917 300 15 0 0 0 0 1108 437 1398 180 97 181 562 132 499 779 123 143 11 37 160 135 9.98383e+06 0 796 0 59 282 237 197 611 308 242 110 68 247 93 224 0 0 0 0 3187 401 109 83 0 0 734 0 68 0 156 0
18 CGT 712 437 5468 72 0 0 0 0 217 797 481 871 0 0 0 0 0 0 0 0 77 757 32 176 1072 358 1161 9.97393e+06 126 355 337 645 2381 339 697 684 83 136 31 326 801 738 1043 829 73 184 99 395 0 0 0 0 242 231 466 168 0 971 0 605 360 0 33 0
19 TTG 0 0 0 0 0 0 0 0 181 0 344 0 0 0 771 0 0 0 0 0 0 0 0 0 168 20 274 139 1409 749 548 814 0 0 0 0 0 0 0 0 0 0 0 0 0 0 0 0 0 0 0 0 0 0 0 0 0 0 0 0 842 0 9.99374e+06 0
20 TTC 145 0 704 0 1434 338 986 5237 6662 253 9054 189 2485 1694 1969 332 275 1216 305 1284 27 386 2478 187 1689 7415 289 8595 655 197 2470 879 1277 657 4929 809 238 1320 2578 1493 106 95 106 262 667 1197 453 136 0 484 0 146 91 284 368 611 0 1121 0 1101 581 9.91773e+06 591 739
21 GGA 0 346 0 456 0 0 0 0 342 274 111 563 0 0 0 0 0 0 0 0 0 0 0 0 69 69 99 53 48 116 119 4 0 319 0 262 0 0 0 0 9.99106e+06 80 1231 356 45 216 838 61 0 0 0 0 64 330 1279 745 0 0 0 0 391 0 50 0
22 TAT 0 0 0 0 0 0 0 0 0 149 0 119 0 0 0 0 0 0 0 0 0 0 0 0 0 0 0 0 81 386 6 115 0 325 0 315 55 78 137 273 0 0 0 0 0 0 0 0 0 183 0 9.99634e+06 124 367 125 43 0 0 0 0 252 0 529 0
23 GAT 0 123 0 1017 192 772 373 1237 374 133 299 352 203 518 0 511 116 206 374 368 0 0 0 0 514 559 325 51 357 4 107 53 0 88 0 9.9879e+06 0 0 0 0 105 301 80 314 0 0 0 0 0 585 0 117 222 49 303 252 0 0 0 0 101 0 449 0
24 TGG 0 0 0 0 180 23 186 179 91 153 116 95 0 0 0 0 0 0 0 0 0 0 0 0 1129 23 518 528 196 195 291 618 0 0 0 0 0 0 0 0 309 142 188 148 0 0 0 0 0 0 0 0 185 155 146 4 0 217 9.99099e+06 1574 579 0 840 0
25 GCA 380 0 1789 0 5989 13648 1413 8938 3086 17518 87 1172 5892 491 0 20366 22462 0 21542 0 0 0 0 0 6246 698 1024 1252 277 187 29 450 3457 35359 117671 13472 9.68185e+06 85 171 88 119 281 212 544 318 129 709 356 0 0 0 0 6514 667 1389 1471 0 0 0 0 190 0 13 0
26 CAA 0 0 0 0 155 176 243 43 276 43 494 96 39 418 0 79 9.98379e+06 813 866 884 26 189 375 163 2854 1130 0 581 1094 356 148 1156 868 0 64 0 0 0 0 0 0 0 0 0 0 0 0 0 0 0 0 0 263 0 371 434 0 0 0 0 1176 0 333 0
27 CAA 0 95 0 1388 5199 1061 1603 919 358 1649 384 0 1631 26967 0 142216 9.7683e+06 0 156 0 441 1100 488 890 640 116 166 390 8716 1408 2235 4228 0 0 0 0 1567 1148 2432 3324 0 0 0 0 2563 2205 3653 143 0 0 0 0 125 2181 1609 580 0 0 0 0 3672 0 2057 0
28 ACA 0 529 0 295 9.98238e+06 1597 728 4 42 186 396 271 160 183 0 146 0 1568 0 73 87 182 55 222 392 117 305 360 29 415 13 116 0 0 0 0 547 1809 1099 1617 0 0 0 0 0 0 0 0 0 1819 0 98 371 337 797 428 0 0 0 0 70 0 160 0
29 ATC 0 0 0 0 0 0 0 0 0 53 0 155 509 9.99269e+06 0 419 472 0 357 0 53 475 112 61 0 0 0 0 108 307 537 135 0 0 0 0 0 0 0 0 117 206 55 108 367 51 58 85 0 247 0 367 43 21 0 1103 0 0 0 0 396 0 329 0
30 GGC 0 0 0 0 0 0 0 0 467 283 181 1069 0 0 0 0 0 0 0 0 0 0 0 0 547 336 13 93 0 0 0 0 0 0 0 0 0 0 0 0 500 9.99288e+06 495 673 156 509 330 215 0 0 0 0 182 331 563 173 0 0 0 0 0 0 0 0
31 TGC 69232 0 5248 0 0 0 0 0 968 687 4680 103 106 268 0 206 7359 197 11115 306 0 0 0 0 2653 1629 62 2018 1412 864 2087 1118 502 0 23 0 125 134 28 446 183 30 372 172 469 223 168 332 0 0 0 0 154 102 217 155 0 9.88118e+06 0 51 1475 363 396 383
32 AGT 0 0 0 0 335 309 107 314 410 411 240 9.9919e+06 303 69 0 767 0 0 0 0 0 0 0 0 224 371 225 37 37 164 175 218 0 0 0 0 0 0 0 0 0 0 0 0 0 0 0 0 0 0 0 0 348 1672 32 1074 0 0 0 0 124 0 137 0
33 GAC 480 560 2513 249 9505 12151 14224 6098 1625 4283 2644 12939 774 315 0 230 408 5 273 486 883 4081 1499 1857 1740 1705 482 415 787 1043 1280 73 152 9.8719e+06 458 450 245 601 1012 76 2962 3469 1368 245 33 299 145 485 0 138 0 382 8753 5050 6060 7847 0 244 0 504 935 0 576 0
34 GCC 0 0 0 0 0 0 0 0 225 411 128 346 0 0 0 0 792 0 142 0 0 0 0 0 841 3 8 278 0 0 0 0 567 0 57 0 0 9.99334e+06 521 158 102 273 117 103 0 0 0 0 0 0 0 0 9 503 1078 0 0 0 0 0 0 0 0 0
35 GCC 0 2806 0 927 6518 2147 3321 2136 0 2497 258 672 218 429 0 2917 0 2031 0 95 576 144 18 45 241 278 35 317 94 259 272 199 1166 0 435 0 718 9.95311e+06 512 1782 489 53 198 32 809 250 770 598 0 0 0 0 2737 59 5008 216 0 0 0 0 11 977 37 581
36 GTA 0 0 0 0 0 0 0 0 82 0 197 0 0 0 0 0 0 0 0 0 0 0 0 0 26 16 0 135 62 340 111 5 0 0 0 0 0 0 0 0 9 9 592 91 9.997e+06 857 145 151 0 0 0 0 0 0 0 0 0 0 0 0 65 0 108 0
37 TTT 0 0 0 0 0 0 0 0 0 171 0 284 0 0 0 0 0 0 0 0 0 0 0 0 0 0 0 0 49 116 99 64 0 0 0 0 0 0 0 0 0 0 0 0 0 0 0 0 0 0 0 0 493 258 552 206 0 0 0 0 51 263 187 9.99721e+06
38 CGC 0 0 0 0 0 0 0 0 58 460 749 7 0 0 0 0 0 0 0 0 0 0 0 0 1023 9.99303e+06 291 62 589 130 725 736 0 0 0 0 0 0 0 0 179 189 142 154 0 0 0 0 0 0 0 0 138 471 56 498 0 0 0 0 157 0 158 0
39 CTT 0 0 0 0 0 0 0 0 27 0 195 0 0 0 0 0 0 0 0 0 0 0 0 0 5 4 372 137 390 206 189 9.99411e+06 0 0 0 0 0 0 0 0 916 1042 1330 203 0 0 0 0 0 0 0 0 0 0 0 0 0 0 0 0 416 0 455 0
40 AGT 0 0 0 0 77 493 503 719 33 925 139 9.98706e+06 393 325 0 24 89 135 642 468 0 0 0 0 336 192 210 888 0 0 0 0 0 0 0 0 0 0 0 0 57 397 263 215 103 166 32 598 0 0 0 0 433 456 96 714 0 0 2815 0 0 0 0 0
41 GCT 0 651 0 97 358 12 24 132 0 114 0 317 0 0 0 0 418 0 1597 0 0 0 0 0 0 0 0 0 0 0 0 0 1106 0 174 0 2323 538 433 9.9845e+06 0 0 0 0 76 547 38 190 0 0 0 0 285 520 506 193 0 4348 0 499 0 0 0 0
42 CAG 0 0 0 0 4133 7105 26841 218 352 624 313 55 0 0 0 0 714 0 9.94423e+06 0 492 853 744 126 1599 692 3153 408 71 15 77 239 76 62 1301 304 43 233 109 5 0 0 0 0 844 425 1116 185 0 0 0 0 124 674 248 413 0 0 0 0 84 367 266 67
43 GGA 0 4203 0 406 177 342 1010 244 744 18767 372 3259 0 0 0 0 0 963 0 886 0 0 0 0 993 286 582 149 26 134 57 68 0 0 0 0 57 25 116 442 9.93488e+06 185 288 560 418 71 117 266 0 0 0 0 3291 11247 2384 10721 0 0 0 0 145 343 400 380
44 AGG 1623 0 171 0 0 0 0 0 177 0 9.99044e+06 0 0 0 0 0 0 0 0 0 266 229 79 83 53 995 1476 267 377 28 415 216 0 0 0 0 94 259 58 101 611 441 974 374 0 0 0 0 0 0 0 0 0 0 0 0 0 0 0 0 17 0 175 0
45 CCG 739 1129 422 335 175 168 291 58 770 127 976 92 0 0 0 0 570 0 1067 0 648 73 9.98412e+06 768 1004 268 1176 724 181 14 77 130 228 0 703 0 46 115 311 123 110 197 77 191 0 0 0 0 0 798 0 57 318 46 11 236 0 0 0 0 133 0 200 0
46 GTG 0 1131 0 35 1510 3276 1260 1939 25 1600 243 1316 0 0 0 0 0 0 0 0 415 1384 373 293 36 125 366 6 208 185 291 45 0 547 0 438 5540 6805 5136 2067 1418 187 1675 512 25 285 9.95308e+06 726 0 0 0 0 310 848 44 379 0 1603 0 1078 883 0 353 0
47 TTG 751 0 1048 0 0 0 0 0 23 0 70 0 0 0 0 0 226 293 298 2224 307 300 260 30 717 274 966 227 91 459 625 1507 0 0 0 0 0 0 0 0 124 352 25 71 0 0 0 0 0 188 0 305 0 0 0 0 0 0 0 0 117 507 9.98658e+06 1040
48 TTC 0 0 0 0 0 0 0 0 0 397 0 70 0 0 0 0 0 0 0 0 0 0 0 0 0 0 0 0 58 620 170 50 0 0 0 0 0 0 0 0 0 0 0 0 606 233 39 54 0 0 0 0 352 2 0 129 0 0 0 0 80 9.99677e+06 17 351
49 GTT 0 0 0 0 0 0 0 0 0 0 0 0 0 0 0 0 0 0 0 0 0 0 0 0 0 0 0 0 598 37 684 226 627 0 86 0 148 172 149 47 81 230 212 65 665 2477 913 9.99194e+06 0 0 0 0 0 0 0 0 0 0 0 0 247 0 395 0
50 AAG 978 0 9.99541e+06 0 0 0 0 0 154 443 176 119 0 0 0 0 0 0 0 0 0 0 0 0 106 608 62 509 0 0 0 0 0 0 0 0 0 0 0 0 0 0 0 0 264 19 244 32 0 0 0 0 157 50 660 11 0 0 0 0 0 0 0 0
51 ACC 0 253 0 495 582 9.99430e+06 309 1079 255 290 91 29 0 0 0 0 139 0 270 0 1 1 0 1 50 194 140 55 162 49 211 46 0 0 0 0 46 6 48 66 0 0 0 0 0 0 0 0 0 0 0 0 324 48 98 285 0 0 0 0 62 0 10 0
52 GAT 0 0 0 0 11 15 171 172 0 6883 0 355 3626 8530 380 8679 9921 0 8405 0 0 0 0 0 0 0 0 0 57 1091 1994 520 188 151 231 9.81125e+06 27365 32358 51321 12109 293 69 70 125 587 1662 458 139 0 0 0 0 1694 325 1576 4905 0 301 0 1315 163 0 537 0
53 TTG 287494 1182 449795 4987 12606 4309 31516 10818 14474 67599 17263 11593 27858 17463 15008 5738 0 109750 0 13775 31635 17231 88966 58576 56827 1608 3459 13354 71 102 235 49 5903 61993 6740 87592 50395 75825 22572 105870 28638 65794 42293 69286 1.66796e+06 1.30904e+06 150373 913561 0 10318 0 8519 24425 107848 190142 80410 0 0 14787 0 27 5657 3.51672e+06 1982
54 TCT 0 24 0 231 0 0 0 0 1105 270 746 909 0 0 0 0 0 1330 0 147 218 115 39 233 2260 926 102 273 46 30 30 107 100 0 30 0 0 0 0 0 0 0 0 0 80 34 132 10 0 0 0 0 2462 1037 294 9.9865e+06 0 0 0 0 122 0 61 0
55 GGG 0 0 0 0 1474 2809 271 3663 1292 681 429 1222 0 0 0 0 2333 156 846 1941 0 0 0 0 491 826 810 262 207 1979 3363 127 0 0 0 0 32 258 109 741 439 873 9.95093e+06 485 5664 2041 333 2216 0 0 0 0 599 388 1741 826 0 71 0 314 3560 2173 336 689
56 GCG 0 0 0 0 268 130 88 448 84 139 109 34 287 44 0 211 0 106 0 2219 397 83 153 446 134 51 60 49 0 0 0 0 0 1634 0 1536 422 387 9.9887e+06 334 0 0 0 0 0 0 0 0 0 0 0 0 44 82 1239 85 0 0 0 0 0 0 0 0
57 CTA 0 0 0 0 0 0 0 0 2816 0 1146 0 0 0 0 0 0 1665 0 1091 4646 5791 936 1623 3132 587 438 4571 9.96807e+06 361 1086 323 0 0 0 0 0 0 0 0 0 0 0 0 0 0 0 0 0 0 0 0 0 0 0 0 0 0 0 0 1258 0 464 0
58 AAC 1538 9.98843e+06 71 796 34 269 385 90 112 15 484 15 0 0 0 0 0 284 0 318 0 0 0 0 290 87 781 594 56 147 124 9 272 0 254 0 135 257 831 336 14 118 242 408 20 694 240 12 0 0 0 0 97 181 322 121 0 0 0 0 50 0 470 0
59 GAG 0 0 0 0 0 0 0 0 64 492 191 360 0 0 0 0 0 0 0 0 0 0 0 0 126 118 24 39 142 403 296 35 1054 0 9.99551e+06 858 0 0 0 0 0 0 0 0 0 0 0 0 0 0 0 0 49 4 53 81 0 0 0 0 51 0 46 0
60 CTG 0 0 0 0 0 0 0 0 72 330 283 290 243 404 617 123 0 0 0 0 293 220 369 63 53 485 384 39 515 27 9.99089e+06 682 0 885 0 386 216 0 179 517 0 0 0 0 64 125 5 312 0 0 0 0 334 113 176 100 0 0 0 0 54 0 154 0
61 CAA 1363 0 141 0 87 668 56 52 467 317 995 52 0 0 0 0 9.98031e+06 1870 431 399 23 20 494 104 181 102 290 426 52 12 99 401 1304 2187 366 1136 257 705 55 303 279 59 24 334 465 201 167 14 0 271 0 886 205 55 0 172 0 0 0 0 157 262 299 423
62 GAT 0 0 0 0 771 101 212 102 0 72 0 315 0 0 0 0 0 0 0 0 0 0 0 0 0 0 0 0 8 36 659 7 332 41 5464 9.98952e+06 0 0 0 0 0 0 0 0 411 77 114 323 0 0 0 0 64 32 9 69 0 187 0 494 187 0 395 0
63 GAG 551 0 142 0 0 0 0 0 273 215 115 270 0 0 0 0 257 0 512 0 59 238 134 64 621 321 217 145 131 186 1275 107 104 322 9.9889e+06 761 24 191 243 127 355 14 1046 291 0 0 0 0 0 0 0 0 0 307 175 179 0 0 0 0 476 0 648 0
64 GCG 108 0 580 0 0 0 0 0 251 20 211 212 0 0 0 0 0 0 0 0 0 0 0 0 120 71 99 56 0 0 0 0 349 0 234 0 208 51 9.99386e+06 437 0 0 0 0 0 0 0 0 0 0 0 0 214 2173 109 635 0 0 0 0 0 0 0 0
65 GCC 0 0 0 0 0 0 0 0 282 158 163 2603 0 0 0 0 0 0 0 0 153 75 407 274 902 131 112 1025 0 0 0 0 656 0 3594 0 188 9.9515e+06 932 116 0 0 0 0 6161 5067 3342 5373 0 0 0 0 4898 42 5311 499 0 4525 0 1510 0 0 0 0
66 CGA 0 0 0 0 0 0 0 0 191 588 66 439 0 0 0 0 0 0 0 0 0 0 0 0 9.99482e+06 471 280 643 162 47 148 4 0 0 0 0 0 0 0 0 98 12 189 235 0 0 0 0 0 0 0 0 667 118 149 126 0 0 0 0 107 0 443 0
67 CTT 0 0 0 0 0 0 0 0 425 157 151 837 0 0 0 0 0 1867 0 3142 5456 5469 1424 53 260 59 53 87 270 226 66 9.97796e+06 0 0 0 0 0 0 0 0 0 0 0 0 0 0 0 0 0 0 0 0 256 519 268 706 0 0 0 0 195 0 97 0
68 TCG 1606 54 658 483 536 267 694 95 2422 38 2395 172 5 621 0 332 2605 0 556 0 0 0 0 0 1592 4411 89 3797 187 23 174 83 0 0 0 0 494 184 650 704 28 455 255 483 0 0 0 0 0 629 0 71 1551 49 9.96942e+06 1077 0 0 0 0 0 0 53 0
69 TGG 0 0 0 0 124 70 314 35 0 181 0 270 0 0 0 0 0 0 0 0 0 0 0 0 0 0 0 0 212 16 356 69 0 0 0 0 54 129 102 245 370 617 51 985 0 0 0 0 0 231 0 520 76 64 237 22 0 0 9.99347e+06 0 677 0 503 0
70 CTG 0 0 0 0 0 0 0 0 278 96 597 285 0 0 553 0 0 0 0 0 184 164 482 114 414 97 89 152 63 74 9.99255e+06 1239 0 0 0 0 0 0 0 0 0 0 0 0 335 24 903 79 0 0 0 0 87 18 0 55 0 0 0 0 3 0 1067 0
71 GCC 0 0 0 0 0 0 0 0 208 677 518 761 0 0 0 0 0 0 0 0 347 385 79 500 240 180 353 0 0 0 0 0 0 0 0 0 309 9.98726e+06 559 1883 359 1075 154 179 477 56 62 139 0 0 0 0 318 1792 273 305 0 518 0 34 0 0 0 0
72 ACA 0 0 0 0 9.99235e+06 557 1561 1403 0 818 0 272 0 0 0 0 0 0 0 0 370 45 82 73 0 0 0 0 0 0 0 0 0 0 0 0 0 0 0 0 120 116 374 174 0 0 0 0 0 0 0 0 282 571 20 177 0 613 0 23 0 0 0 0
73 ACA 0 0 0 0 9.99560e+06 83 2711 559 0 0 0 0 0 0 0 0 0 0 0 0 0 0 0 0 0 0 0 0 0 0 0 0 0 0 0 0 0 0 0 0 0 0 0 0 0 0 0 0 0 222 0 312 134 252 14 108 0 0 0 0 0 0 0 0
74 GGG 0 0 0 0 0 0 0 0 0 0 0 0 0 0 0 0 0 0 0 0 0 0 0 0 0 0 0 0 0 0 0 0 0 0 0 0 154 77 25 95 842 1172 9.99489e+06 2742 0 0 0 0 0 0 0 0 0 0 0 0 0 0 0 0 0 0 0 0
75 GTT 0 0 0 0 2920 568 897 365 0 0 0 0 0 0 0 0 869 0 1561 0 0 0 0 0 0 0 0 0 153 73 286 151 0 0 0 0 130 118 185 216 0 0 0 0 974 740 257 9.98888e+06 0 0 0 0 0 0 0 0 0 0 0 0 414 0 246 0
76 CCG 0 0 0 0 486 211 40 228 283 153 226 344 0 0 0 0 213 332 975 262 182 0 9.98872e+06 674 1061 125 189 354 572 132 675 202 0 0 0 0 0 0 0 0 12 35 259 255 0 0 0 0 0 0 0 0 144 141 769 1068 0 0 0 0 386 0 295 0
77 TGC 0 0 0 0 161 231 35 103 70 84 285 99 0 0 0 0 0 0 0 0 0 0 0 0 114 0 113 20 46 32 60 184 0 0 0 0 0 0 0 0 199 563 256 40 497 306 495 68 0 0 0 0 173 78 373 120 0 9.9926e+06 0 1837 228 0 528 0
78 GCA 0 0 0 0 99 207 786 36 129 68 102 106 0 0 0 0 0 0 0 0 0 0 0 0 822 210 826 55 6 58 73 24 0 0 0 0 9.99364e+06 101 369 964 0 0 0 0 0 0 0 0 0 0 0 0 129 508 181 25 0 0 0 0 339 0 132 0
79 GCG 589 433 3707 1746 455 272 811 0 919 559 1008 231 4408 1736 0 2512 921 1139 511 276 220 31 516 445 2177 904 964 577 0 0 0 0 309 0 475 0 395 92 9.96464e+06 535 1466 826 328 400 113 53 37 382 0 0 0 0 86 236 480 1081 0 0 0 0 0 0 0 0
80 GTT 0 0 0 0 0 0 0 0 806 0 221 0 0 0 0 0 0 0 0 0 0 0 0 0 174 370 244 99 35 217 165 216 0 0 0 0 0 0 0 0 0 0 0 0 1765 690 146 9.99352e+06 0 0 0 0 0 0 0 0 0 347 0 170 112 0 699 0
81 TTA 0 0 0 0 266 70 0 520 41 0 18 0 770 318 0 457 0 0 0 0 227 389 72 148 339 260 190 366 956 1238 146 311 1458 0 148 0 136 226 102 146 270 10 125 247 0 0 0 0 0 0 0 0 0 0 0 0 0 0 0 0 9.98853e+06 0 1498 0
82 GAT 0 0 0 0 0 0 0 0 0 0 0 0 0 0 0 0 0 0 0 0 0 0 0 0 0 0 0 0 0 0 0 0 0 258 0 9.99831e+06 0 0 0 0 0 0 0 0 0 0 0 0 0 402 0 1031 0 0 0 0 0 0 0 0 0 0 0 0
83 GTT 0 0 0 0 0 0 0 0 701 491 1235 665 129 215 0 497 0 0 0 0 0 0 0 0 338 538 316 1525 281 444 1202 60 0 0 0 0 77 114 1469 33 689 584 490 171 418 251 539 9.94559e+06 0 0 0 0 585 327 377 73 0 0 0 0 491 9299 519 29269
84 GTA 0 0 0 0 272 51 327 48 0 261 0 274 173 196 0 169 827 0 248 0 0 0 0 0 0 0 0 0 66 99 60 88 0 0 0 0 778 233 21 309 0 0 0 0 9.99224e+06 244 117 1092 0 0 0 0 480 65 171 137 0 448 0 296 110 0 102 0
85 ACG 0 0 0 0 318 1231 9.9949e+06 13 0 35 0 233 109 158 0 365 0 0 0 0 0 0 0 0 0 0 0 0 0 0 0 0 0 0 0 0 8 55 37 36 0 0 0 0 226 180 354 31 0 0 0 0 150 254 142 167 0 387 0 608 0 0 0 0
86 GAG 0 0 0 0 0 0 0 0 0 0 0 0 0 0 0 0 0 0 0 0 0 0 0 0 0 0 0 0 99 76 236 14 608 0 9.99614e+06 0 206 10 294 240 17 229 237 714 28 355 82 27 0 0 0 0 0 0 0 0 0 0 0 0 0 0 384 0
87 GCG 180 0 906 0 0 0 0 0 19 706 39 247 26 366 1386 251 0 472 0 18 464 754 37 128 147 19 348 82 486 36 238 103 0 0 0 0 168 273 9.98845e+06 1535 0 0 0 0 15 105 359 196 0 0 0 0 205 228 375 346 0 0 0 0 195 0 90 0
88 GGC 0 167 0 384 0 0 0 0 934 418 58 1286 0 0 0 0 0 0 0 0 0 0 0 0 535 970 34 340 174 597 280 254 0 1651 0 387 0 0 0 0 309 9.98154e+06 9 907 268 52 108 602 0 0 0 0 941 1250 3196 1349 0 0 0 0 377 0 628 0
89 AGG 0 0 0 0 38 304 166 55 238 157 9.99124e+06 70 0 0 0 0 0 449 0 591 0 0 0 0 382 1424 1983 94 0 0 0 0 0 0 0 0 0 0 0 0 409 419 176 321 0 0 0 0 0 0 0 0 19 980 83 397 0 0 0 0 0 0 0 0
90 GAT 0 0 0 0 78 370 129 100 165 211 102 324 0 0 0 0 0 0 0 0 0 0 0 0 37 111 194 86 0 0 0 0 0 1300 0 9.99472e+06 91 502 156 49 41 149 492 273 0 0 0 0 0 0 0 0 119 84 121 0 0 0 0 0 0 0 0 0
91 TGG 0 0 0 0 0 0 0 0 32 612 120 611 0 0 0 0 735 0 38 0 0 0 0 0 111 211 319 150 72 145 463 242 0 0 0 0 0 0 0 0 716 434 378 258 0 0 0 0 0 0 0 0 166 11 192 19 0 213 9.99258e+06 859 89 0 219 0
92 CTA 0 0 0 0 0 0 0 0 0 0 0 0 0 0 0 0 0 0 0 0 193 76 56 139 0 0 0 0 9.9946e+06 1193 11 644 0 0 0 0 415 227 235 352 0 0 0 0 0 0 0 0 0 0 0 0 0 0 0 0 0 140 0 193 1320 0 203 0
93 TTA 0 0 0 0 0 0 0 0 42 55 351 90 0 0 0 0 0 0 0 0 146 574 328 304 331 137 101 169 194 1457 503 674 0 0 0 0 0 0 0 0 0 0 0 0 152 54 255 445 0 0 0 0 168 114 52 76 0 0 0 0 9.99252e+06 398 186 125
94 TTA 0 0 0 0 425 258 502 935 124 0 477 0 0 0 0 0 0 0 0 0 352 151 97 350 296 77 168 120 898 383 780 91 0 0 0 0 0 0 0 0 0 0 0 0 0 0 0 0 0 0 0 0 0 0 0 0 0 0 0 0 9.99346e+06 0 53 0
95 GGT 0 0 0 0 0 0 0 0 396 145 983 75 0 0 0 0 0 0 0 0 0 0 0 0 499 208 211 121 44 153 108 248 0 0 0 0 0 0 0 0 1064 394 244 9.99203e+06 386 432 493 301 0 0 0 0 88 330 126 34 0 16 0 485 386 0 4 0
96 GAG 747 0 399 0 0 0 0 0 80 0 78 0 0 0 0 0 251 0 452 0 0 0 0 0 145 2 195 59 30 227 29 197 995 0 9.99341e+06 0 960 9 120 174 399 21 698 75 0 0 0 0 0 0 0 0 0 0 0 0 0 0 0 0 168 0 83 0
97 GTT 0 0 0 0 138 18 149 260 679 0 132 0 0 0 0 0 0 0 0 0 0 0 0 0 62 1029 154 319 378 218 15 326 0 0 0 0 0 0 0 0 246 358 28 79 646 250 238 9.99382e+06 0 0 0 0 0 0 0 0 0 0 0 0 443 0 11 0
98 CCG 0 0 0 0 143 462 70 60 95 91 371 335 0 0 0 0 307 0 275 0 183 224 9.9927e+06 226 394 123 641 1080 165 94 101 332 0 0 0 0 0 0 0 0 100 135 166 209 0 0 0 0 0 0 0 0 40 81 90 13 0 0 0 0 306 0 387 0
99 GGG 0 0 0 0 0 0 0 0 212 47 0 245 0 0 0 0 0 0 0 0 0 0 0 0 33 243 288 444 0 0 0 0 0 0 0 0 51 79 501 22 896 1311 9.99253e+06 910 0 230 223 148 0 0 0 0 48 509 96 340 0 401 0 192 0 0 0 0
100 CAA 812 0 133 0 112 171 242 277 185 76 65 196 0 0 0 0 9.99304e+06 0 67 0 369 187 149 575 34 304 105 285 17 198 277 120 519 0 449 0 0 0 0 0 0 0 0 0 0 0 0 0 0 0 0 0 26 173 25 101 0 0 0 0 659 0 56 0
101 GAC 0 0 0 0 0 0 0 0 0 1695 0 729 0 0 0 0 0 0 0 0 0 0 0 0 0 0 0 0 0 0 0 0 0 9.97795e+06 0 1057 762 204 2330 4892 947 261 68 1183 804 2134 2703 263 0 0 0 0 1212 410 224 170 0 0 0 0 0 0 0 0
102 TTG 0 0 0 0 0 0 0 0 14 0 944 0 0 0 0 0 0 0 0 0 51 8 623 228 802 262 300 345 243 98 481 1233 0 0 0 0 351 77 451 436 0 0 0 0 0 0 0 0 0 0 0 0 0 0 0 0 0 0 0 0 2494 0 9.99056e+06 0
103 CTT 0 0 0 0 0 0 0 0 41 63 116 8 0 0 0 0 0 0 0 0 42 131 344 33 115 14 40 223 96 1846 649 9.99522e+06 0 0 0 0 0 0 0 0 0 0 0 0 0 0 0 0 0 0 0 0 398 182 120 151 0 0 0 0 119 0 47 0
104 AGT 0 0 0 0 4131 6106 277 1692 231 503 232 9.75711e+06 9985 9443 0 59470 0 0 0 0 0 0 0 0 694 0 125 180 1505 1252 991 6314 0 0 0 0 0 0 0 0 36815 22189 7208 25160 10558 640 3060 18950 0 0 0 0 63 344 614 130 0 0 0 0 7079 0 6952 0
105 TCC 0 0 0 0 0 0 0 0 151 630 165 18 0 0 0 0 0 0 0 0 0 0 0 0 425 191 207 171 71 87 75 81 0 0 0 0 0 0 0 0 1356 48 323 150 0 0 0 0 0 0 0 0 616 9.99254e+06 1484 405 0 0 0 0 119 0 691 0
106 CAC 0 0 0 0 0 0 0 0 207 589 260 704 0 0 0 0 686 9.98398e+06 1388 188 350 662 2278 544 639 86 314 71 0 0 0 0 326 502 1945 799 61 40 60 470 250 205 758 112 0 0 0 0 0 0 0 0 91 208 145 574 0 358 0 146 0 0 0 0
107 CTG 0 0 0 0 0 0 0 0 0 0 0 0 0 0 0 0 0 0 0 0 9 43 701 54 0 0 0 0 889 296 9.99278e+06 1186 0 0 0 0 0 0 0 0 0 0 0 0 56 160 183 95 0 0 0 0 0 0 0 0 0 0 0 0 3167 0 378 0
108 GCC 0 0 0 0 0 0 0 0 0 728 0 196 0 0 0 0 0 0 0 0 4756 1059 451 668 0 0 0 0 0 0 0 0 350 0 320 0 425 9.9854e+06 93 630 689 335 150 192 282 198 74 781 0 0 0 0 199 412 24 1585 0 0 0 0 0 0 0 0
109 CCG 0 0 0 0 37 563 24 28 101 65 122 181 0 0 0 0 535 0 65 0 8 839 9.99333e+06 853 91 163 24 36 723 13 140 311 0 0 0 0 0 0 0 0 0 0 0 0 985 148 85 4 0 0 0 0 30 50 164 119 0 0 0 0 47 0 113 0
110 GCG 0 0 0 0 0 0 0 0 0 161 0 57 0 0 0 0 0 0 0 0 31 248 126 231 0 0 0 0 121 319 0 273 0 0 0 0 169 79 9.99641e+06 524 0 0 0 0 0 0 0 0 0 0 0 0 36 89 257 305 0 36 0 195 242 0 90 0
111 GAG 0 0 0 0 221 205 5 291 208 0 77 0 0 0 0 0 0 0 0 0 0 0 0 0 71 50 121 107 63 261 269 385 534 0 9.99561e+06 0 0 0 0 0 329 101 111 315 0 0 0 0 0 0 0 0 0 0 0 0 0 0 0 0 397 0 271 0
112 AAA 9.9989e+06 0 249 0 0 0 0 0 0 0 0 0 82 321 0 448 0 0 0 0 0 0 0 0 0 0 0 0 0 0 0 0 0 0 0 0 0 0 0 0 0 0 0 0 0 0 0 0 0 0 0 0 0 0 0 0 0 0 0 0 0 0 0 0
113 GTA 0 0 0 0 508 773 780 288 74 0 84 0 0 0 0 0 0 0 0 0 0 0 0 0 114 198 116 72 129 18 354 365 0 0 0 0 0 0 0 0 144 57 183 186 9.99299e+06 682 946 726 0 0 0 0 0 0 0 0 0 0 0 0 196 0 15 0
114 AGT 0 0 0 0 0 0 0 0 204 228 452 9.96364e+06 0 0 0 0 0 0 0 0 485 295 107 63 376 47 299 1 70 325 147 472 0 0 0 0 4782 6221 837 3984 225 677 171 261 152 116 71 692 0 0 0 0 572 230 895 136 0 10177 0 1510 620 0 455 0
115 ATA 516 0 252 0 0 0 0 0 0 0 178 336 9.99675e+06 614 0 153 0 0 0 0 0 0 0 0 40 146 14 310 0 0 0 0 0 0 0 0 0 0 0 0 0 0 0 0 0 0 0 0 0 0 0 0 144 120 78 353 0 0 0 0 0 0 0 0
116 ATG 0 0 0 0 0 0 0 0 104 0 60 0 0 0 9.99727e+06 0 0 0 0 0 0 0 0 0 586 38 378 571 0 0 0 0 0 0 0 0 0 0 0 0 0 0 0 0 351 273 155 216 0 0 0 0 0 0 0 0 0 0 0 0 0 0 0 0
117 GCT 0 0 0 0 25 9 13 23 67 6 69 46 0 0 0 0 0 0 0 0 0 0 0 0 16 47 15 38 0 0 0 0 0 0 0 0 361 2 996 9.9982e+06 0 0 0 0 0 0 0 0 0 0 0 0 4 12 37 10 0 0 0 0 0 0 0 0
118 GAT 0 0 0 0 0 0 0 0 0 180 0 57 0 0 0 0 0 0 0 0 0 0 0 0 0 0 0 0 0 0 0 0 0 1443 0 9.99598e+06 43 362 302 36 0 0 0 0 417 13 342 253 0 0 0 0 327 94 103 45 0 0 0 0 0 0 0 0
119 GCT 0 0 0 0 37 19 381 81 0 86 0 266 0 0 0 0 0 0 0 0 0 0 0 0 0 0 0 0 0 0 0 0 309 0 250 0 296 521 1267 9.99566e+06 0 0 0 0 0 0 0 0 0 0 0 0 93 147 542 44 0 0 0 0 0 0 0 0
120 ATG 0 0 0 0 1125 17 56 730 19 135 33 284 462 165 9.98899e+06 65 43 0 486 0 0 0 0 0 263 105 116 316 230 1075 1312 29 0 0 0 0 0 0 0 0 137 608 118 109 230 98 98 244 0 0 0 0 25 24 51 24 0 0 0 0 1509 0 667 0
121 AGG 0 0 0 0 1 338 145 862 1815 749 9.98852e+06 162 207 22 0 525 0 0 0 0 195 253 23 206 569 482 46 90 566 370 55 295 0 0 0 0 0 0 0 0 654 140 53 43 0 0 0 0 0 226 0 307 290 157 88 519 0 0 0 0 773 0 249 0
122 CGT 0 0 0 0 285 123 619 8 921 63 416 1507 0 0 0 0 0 0 0 0 0 0 0 0 899 1441 112 9.95498e+06 651 4609 2723 5285 0 0 0 0 177 846 210 160 244 556 32 245 149 198 301 292 0 0 0 0 502 1018 61 958 0 0 739 0 10777 0 7896 0
123 TTA 0 0 0 0 0 0 0 0 809 16 54 111 0 0 0 0 0 0 0 0 0 0 0 0 253 328 157 933 19 553 566 281 0 0 0 0 0 0 0 0 114 393 16 63 773 456 294 107 0 0 0 0 7 81 34 283 0 0 0 0 9.99223e+06 0 1071 0
124 CAC 0 0 0 0 54 44 191 67 179 74 191 161 0 0 0 0 426 9.99353e+06 79 959 122 179 410 394 185 134 15 0 76 4 35 39 0 635 0 475 0 0 0 0 0 0 0 0 0 0 0 0 0 0 0 0 200 141 584 334 0 0 0 0 20 0 65 0
125 ACA 0 198 0 1027 9.98826e+06 81 773 100 312 926 21 776 0 0 0 0 0 0 0 0 14 213 586 242 23 427 626 653 0 0 0 0 0 0 0 0 372 928 23 652 138 248 153 27 0 0 0 0 0 0 0 0 686 445 319 752 0 0 0 0 0 0 0 0
126 CTA 0 0 0 0 0 0 0 0 225 0 86 0 0 0 0 0 0 0 0 0 1480 343 6 121 464 282 388 29 9.9947e+06 134 302 551 0 0 0 0 0 0 0 0 0 0 0 0 52 131 119 111 0 0 0 0 0 0 0 0 0 0 0 0 19 0 454 0
127 GAT 0 0 0 0 0 0 0 0 0 61 0 110 0 0 0 0 139 0 266 0 0 0 0 0 0 0 0 0 0 0 0 0 0 1398 0 9.99613e+06 0 0 0 0 0 0 0 0 0 0 0 0 0 170 0 478 455 153 355 289 0 0 0 0 0 0 0 0
128 CCA 0 0 0 0 62 84 420 159 128 315 115 4 0 0 0 0 0 0 0 0 9.99549e+06 772 281 481 232 40 136 108 228 44 55 242 0 0 0 0 0 0 0 0 0 0 0 0 0 0 0 0 0 0 0 0 54 154 10 146 0 0 0 0 39 0 199 0
129 GCA 0 0 0 0 0 0 0 0 224 36 315 68 0 0 0 0 0 0 0 0 60 367 69 128 120 201 69 418 76 145 132 21 0 0 0 0 9.99388e+06 802 474 1063 0 0 0 0 0 0 0 0 0 502 0 40 48 0 551 177 0 0 0 0 0 0 10 0
130 ACG 327 24 270 488 1219 428 9.99456e+06 110 0 572 0 41 0 0 0 0 0 0 0 0 0 0 0 0 0 0 0 0 125 92 470 463 0 0 0 0 0 0 0 0 0 0 0 0 0 0 0 0 0 0 0 0 14 52 206 3 0 0 0 0 397 0 134 0
131 TGC 0 0 0 0 144 199 307 114 222 78 137 13 0 0 0 0 0 0 0 0 0 0 0 0 60 28 77 40 90 229 48 138 0 0 0 0 0 0 0 0 0 0 0 0 0 0 0 0 0 0 0 0 289 79 76 138 0 9.9972e+06 0 233 7 0 50 0
132 CCA 0 0 0 0 52 202 111 185 302 0 232 126 0 0 0 0 0 0 0 0 9.99444e+06 530 950 408 47 0 42 310 70 140 193 70 0 0 0 0 292 111 49 43 0 0 0 0 0 0 0 0 0 0 0 0 183 246 97 425 0 0 0 0 101 0 46 0
133 TTC 0 0 0 0 0 0 0 0 0 0 0 0 0 0 0 0 0 0 0 0 0 0 0 0 0 0 0 0 31 121 6 138 0 0 0 0 0 0 0 0 0 0 0 0 0 0 0 0 0 0 0 0 0 0 0 0 0 0 0 0 331 9.99923e+06 39 100
134 GAT 0 0 0 0 0 0 0 0 0 0 0 0 0 0 0 0 353 0 1193 0 0 0 0 0 0 0 0 0 0 0 0 0 0 1179 0 9.99728e+06 0 0 0 0 0 0 0 0 0 0 0 0 0 0 0 0 0 0 0 0 0 0 0 0 0 0 0 0
135 CAC 0 0 0 0 63 399 230 105 0 0 0 0 0 0 0 0 0 9.99793e+06 0 479 16 442 78 255 0 0 0 0 0 0 0 0 0 0 0 0 0 0 0 0 0 0 0 0 0 0 0 0 0 0 0 0 0 0 0 0 0 0 0 0 0 0 0 0
136 CAA 0 0 0 0 472 54 43 555 356 9 2608 124 0 0 0 0 9.99313e+06 0 890 0 0 0 0 0 234 121 110 376 0 0 0 0 0 0 0 0 0 0 0 0 0 0 0 0 0 0 0 0 0 0 0 0 487 54 314 61 0 0 0 0 0 0 0 0
137 GCG 486 0 293 0 418 20 184 701 1698 100 5445 235 7995 327 1653 13966 957 0 596 0 0 0 0 0 2568 2968 41 3039 843 2132 322 1784 0 0 0 0 943 166 9.92142e+06 1166 0 0 0 0 142 4165 822 639 0 1810 0 12392 210 3 89 271 0 379 0 273 1718 3163 1357 105
138 AAA 9.99658e+06 0 461 0 0 0 0 0 365 25 406 226 0 0 0 0 0 0 0 0 0 0 0 0 40 418 337 164 0 0 0 0 0 0 0 0 152 299 70 166 0 0 0 0 0 0 0 0 0 0 0 0 54 45 82 115 0 0 0 0 0 0 0 0
139 CAC 0 536 0 503 0 0 0 0 232 133 581 48 0 0 0 0 929 9.98891e+06 290 455 187 110 302 425 188 41 109 340 169 284 90 280 0 304 0 703 409 484 35 431 0 0 0 0 455 160 28 120 0 0 0 0 4 397 216 38 0 0 0 0 151 520 114 289
140 CGA 0 0 0 0 0 0 0 0 457 98 51 216 0 0 0 0 0 0 0 0 0 0 0 0 9.99551e+06 55 130 136 157 125 150 271 0 0 0 0 0 0 0 0 73 353 0 648 0 0 0 0 0 0 0 0 57 153 142 655 0 0 0 0 335 0 225 0
141 ATA 0 0 0 0 242 12 75 377 86 163 133 13 9.98978e+06 1378 0 808 0 0 0 0 0 0 0 0 96 317 13 67 182 294 25 174 0 0 0 0 0 0 0 0 0 0 0 0 1781 833 1046 767 0 0 0 0 0 35 269 116 0 114 0 460 224 0 125 0
142 GAA 577 0 106 0 0 0 0 0 0 0 0 0 0 0 0 0 0 0 0 0 189 54 8 239 0 0 0 0 0 0 0 0 9.99823e+06 0 43 0 0 0 0 0 72 175 186 124 0 0 0 0 0 0 0 0 0 0 0 0 0 0 0 0 0 0 0 0
143 CGA 0 0 0 0 3163 269 166 4720 181 285 62 209 96 14 0 73 0 162 0 44 551 388 165 172 9.98438e+06 524 563 630 78 3 56 5 0 0 0 0 470 224 20 90 219 196 187 457 19 14 67 48 0 0 0 0 343 137 93 406 0 0 0 0 39 0 7 0
144 GCA 0 0 0 0 0 0 0 0 0 0 0 206 254 148 0 150 0 0 0 0 0 0 0 0 0 0 0 0 0 0 0 0 0 0 0 0 9.99659e+06 385 1176 412 0 0 0 0 0 0 0 0 0 0 0 0 273 75 99 234 0 0 0 0 0 0 0 0
145 AGA 0 0 0 0 0 0 0 0 9.96486e+06 32 264 102 0 0 0 0 0 2651 0 11182 0 0 0 0 824 561 987 1606 3262 1447 2142 611 0 0 0 0 198 776 1134 229 1445 485 755 1574 0 0 0 0 0 0 0 0 479 17 223 75 0 0 0 0 1894 100 59 25
146 ACT 19 201 129 948 841 189 78 9.96054e+06 728 48 255 76 3701 708 0 991 4213 85 3660 55 57 16 197 18 204 524 673 18 2678 814 2536 374 469 486 271 592 657 685 123 563 55 113 54 30 1124 412 319 1957 0 0 0 0 32 2 31 68 0 2015 0 579 3014 0 779 0
147 CGC 0 0 0 0 0 0 0 0 869 134 628 551 0 0 0 0 0 0 0 0 0 0 0 0 191 9.9929e+06 148 269 252 0 275 958 0 0 0 0 0 0 0 0 242 228 564 383 0 0 0 0 0 0 0 0 39 114 814 74 0 0 0 0 134 0 237 0
148 ATG 0 0 0 0 0 0 0 0 0 0 0 0 487 57 9.99818e+06 384 0 0 0 0 0 0 0 0 0 0 0 0 0 0 0 0 0 0 0 0 0 0 0 0 0 0 0 0 826 41 12 12 0 0 0 0 0 0 0 0 0 0 0 0 0 0 0 0
149 GAG 2910 2983 2094 2582 0 0 0 0 24 149 801 34 2086 389 0 3917 1704 1205 710 135 0 0 0 0 99 464 395 297 1172 1284 1586 4635 408 230 9.95296e+06 785 24 269 78 97 2102 337 85 2276 237 541 941 370 0 250 0 536 36 1511 140 211 0 1727 0 259 156 229 592 959
150 GCT 0 0 0 0 111 78 172 247 187 408 83 128 0 0 0 0 802 2602 729 856 64 329 124 19 114 38 661 62 0 0 0 0 459 0 227 0 253 1203 1869 9.98599e+06 0 0 0 0 0 474 160 146 0 0 0 0 295 226 749 137 0 0 0 0 0 0 0 0
151 GGA 0 1492 0 103 0 0 0 0 80 33 615 94 0 0 0 0 0 0 0 0 0 0 0 0 436 682 187 153 0 0 0 0 1560 0 790 0 0 0 0 0 9.9895e+06 602 1152 387 662 160 70 245 0 0 0 0 82 28 253 114 0 294 0 225 0 0 0 0
152 CTA 0 0 0 0 0 0 0 0 56 47 126 146 0 0 811 0 0 0 0 0 0 0 0 0 68 50 107 214 9.99246e+06 798 2274 1484 0 0 0 0 0 0 0 0 0 0 0 0 0 0 0 0 0 31 0 553 45 49 11 310 0 0 0 0 126 0 235 0
153 GTA 0 0 0 0 663 194 110 98 202 52 85 72 1310 1161 2339 1284 0 0 0 0 1509 7910 1123 4612 244 71 20 302 1159 1692 5084 5366 0 0 0 0 0 0 0 0 227 189 95 186 9.94133e+06 1228 840 21 0 0 0 0 98 65 130 103 0 874 0 41 4085 5977 2620 5225
154 GAT 0 0 0 0 0 0 0 0 85 0 1112 0 0 0 0 0 0 0 0 0 0 0 0 0 36 401 323 47 53 295 10 154 0 224 0 9.99522e+06 0 0 0 0 437 233 138 236 60 462 294 118 0 0 0 0 0 0 0 0 0 0 0 0 39 0 26 0
155 CAA 0 0 0 0 6414 660 7549 9405 1363 105 186 485 3976 5052 10788 6630 9.67304e+06 433 36 203 251 667 250 298 46 235 28 298 189 5184 484 138 6758 0 12390 0 374 221 74 364 638 342 2151 295 6605 42539 7495 2129 0 8923 0 10500 408 426 38 271 0 4610 151779 3498 182 1281 650 671
156 GAT 0 0 0 0 0 0 0 0 91 43 62 480 0 0 0 0 0 0 0 0 0 0 0 0 30 17 265 145 15 321 30 341 0 17 0 9.99471e+06 222 77 378 502 0 0 0 0 0 0 0 0 0 1012 0 146 67 70 202 233 0 0 0 0 178 0 344 0
157 GAT 0 0 0 0 0 0 0 0 0 0 0 0 0 0 0 0 0 0 0 0 0 0 0 0 0 0 0 0 0 0 0 0 0 162 0 9.998e+06 154 140 274 13 308 27 87 280 171 49 295 42 0 0 0 0 0 0 0 0 0 0 0 0 0 0 0 0
158 CTT 0 445 0 47 331 229 25 168 301 0 193 0 0 0 753 0 256 0 233 0 29 0 467 26 257 166 888 21 608 54 1188 9.87514e+06 0 0 0 0 0 0 0 0 0 0 0 0 118 181 38 191 0 3921 0 14974 0 0 0 0 0 0 5590 0 18 11730 315 81101
159 GAC 0 0 0 0 972 31 581 1018 735 0 121 0 0 0 0 0 0 0 0 0 0 0 0 0 2080 91 939 1084 0 0 0 0 53 9.98935e+06 110 51 0 0 0 0 13 187 541 784 0 0 0 0 0 1233 0 23 0 0 0 0 0 0 0 0 0 0 0 0
160 GAG 0 365 0 359 0 0 0 0 125 289 535 178 0 0 0 0 4051 0 274 0 0 0 0 0 786 226 357 129 35 66 445 237 659 4245 9.97868e+06 4225 239 551 138 159 57 382 29 379 0 0 0 0 0 0 0 0 272 90 60 15 0 329 0 250 33 227 234 292
161 GAG 0 0 0 0 0 0 0 0 64 119 682 22 0 0 0 0 565 0 93 0 0 0 0 0 6 65 0 40 0 0 0 0 259 0 9.99707e+06 0 93 356 21 144 0 0 0 0 0 0 0 0 0 0 0 0 97 152 123 32 0 0 0 0 0 0 0 0
162 CAT 0 3650 0 12816 537 18 175 243 131 234 138 34 0 0 0 0 0 542 0 9.97461e+06 0 0 0 0 81 151 314 15 102 97 54 0 0 0 0 0 0 0 0 0 2418 120 747 2160 0 0 0 0 0 0 0 0 47 34 215 8 0 0 0 0 201 0 109 0
163 CAA 653 0 300 0 5883 2747 2676 507 299 106 1401 98 3612 14879 14360 7517 9.83064e+06 233 94 553 236 356 379 62 920 238 490 326 1403 20971 1832 11303 212 0 464 0 2043 4209 994 2393 25 225 174 472 8804 12921 4762 2036 0 7090 0 9391 756 132 698 390 0 4311 836 1758 3445 3222 1433 1735
164 GGG 0 0 0 0 0 0 0 0 307 48 54 56 0 0 0 0 0 0 0 0 0 0 0 0 347 19 54 9 0 0 0 0 0 0 0 0 0 0 0 0 822 573 9.99369e+06 1102 762 134 125 487 0 0 0 0 337 119 6 110 0 224 0 611 0 0 0 0
165 CTG 0 60 0 67 962 1293 239 771 3 0 1 0 725 390 179 743 0 0 0 0 111 23 19 6 10 14 5 1 61 207 9.98508e+06 1110 0 0 0 0 30 32 7 3 0 0 0 0 848 1770 602 638 0 159 0 136 0 0 0 0 0 39 0 36 2412 51 1004 152
166 GCG 403 0 818 0 212 376 372 3 229 57 351 182 68 338 0 477 0 0 0 0 0 0 0 0 0 42 11 2 772 970 343 104 242 0 748 0 135 79 9.98746e+06 831 0 0 0 0 50 659 115 205 0 0 0 0 285 681 45 61 0 0 0 0 1406 0 864 0
167 CCC 77 0 466 0 924 285 104 313 56 31 203 85 3149 776 715 3740 525 0 452 0 1310 9.94457e+06 299 289 275 202 145 0 1973 1784 8711 1898 0 0 0 0 117 188 189 125 279 103 768 195 1498 2272 3665 2261 0 158 0 614 96 97 93 230 0 104 0 773 9550 0 3272 0
168 GCG 1162 0 8 0 170 1815 871 346 32 542 215 1529 276 1439 0 305 0 114 0 557 0 0 0 0 152 567 874 21 659 280 428 96 19 0 716 0 381 545 9.97593e+06 1345 0 0 0 0 150 100 372 151 0 0 0 0 921 2205 380 2155 0 0 1174 0 284 184 57 475
169 GAA 0 0 0 0 0 0 0 0 0 390 0 851 0 0 0 0 942 0 2294 0 121 255 88 72 0 0 0 0 286 614 247 266 9.986e+06 0 760 0 0 0 0 0 102 551 946 1333 1003 540 53 563 0 0 0 0 216 241 247 13 0 0 0 0 880 0 131 0
170 CTC 0 0 0 0 0 0 0 0 0 0 0 0 0 0 0 0 0 0 0 0 70 1091 88 454 0 0 0 0 386 9.99342e+06 1589 501 0 0 0 0 0 0 0 0 0 0 0 0 0 0 0 0 0 0 0 0 0 0 0 0 0 1571 0 193 49 0 585 0
171 TTT 0 0 0 0 0 0 0 0 82 221 1615 119 0 0 0 0 0 0 0 0 119 77 153 202 204 840 52 59 1870 162 633 471 0 0 0 0 0 0 0 0 59 108 533 384 79 158 566 63 0 0 0 0 295 144 203 202 0 0 0 0 295 19 392 9.98962e+06
172 GCT 0 0 0 0 0 0 0 0 1555 0 591 0 0 0 0 0 600 0 151 0 0 0 0 0 1142 27 378 1019 0 0 0 0 652 0 587 0 80 200 373 9.98971e+06 0 0 0 0 666 186 586 1495 0 0 0 0 0 0 0 0 0 0 0 0 0 0 0 0
173 AGG 0 0 0 0 0 0 0 0 1416 123 9.96409e+06 533 0 0 9888 0 2152 0 1509 0 0 0 0 0 73 846 1801 904 409 2053 561 2616 695 0 50 0 41 138 411 330 261 66 96 95 318 142 202 1083 0 0 0 0 656 84 225 894 0 0 0 0 3354 0 1886 0
174 TTG 0 0 0 0 0 0 0 0 0 0 0 0 0 0 0 0 0 0 0 0 0 0 0 0 0 0 0 0 217 563 126 817 0 0 0 0 0 0 0 0 0 0 0 0 0 0 0 0 0 0 0 0 0 0 0 0 0 93 0 689 235 0 9.99726e+06 0
175 AAA 9.97075e+06 0 1211 0 0 0 0 0 62 46 165 92 40 456 0 72 1302 0 213 0 0 0 0 0 198 0 124 48 4457 1703 2810 5134 0 0 0 0 0 0 0 0 278 249 55 353 946 2995 68 1029 0 0 0 0 57 10 222 126 0 0 0 0 4483 0 246 0
176 GCT 0 0 0 0 0 0 0 0 165 4 18 106 0 0 0 0 0 0 0 0 0 0 0 0 583 467 438 441 179 90 70 216 0 0 0 0 938 820 362 9.99304e+06 0 0 0 0 0 0 0 0 0 0 0 0 203 497 221 540 0 0 0 0 120 0 480 0
177 CGG 0 4746 0 10038 21450 97060 8248 41946 334 9759 1106 54986 13895 12315 11818 6468 2672 322 1924 7620 351 240 108 255 796 701 9.27097e+06 1826 21925 7903 18002 20966 3154 3230 22112 1985 2909 12190 17416 12156 7448 5591 35393 15089 4041 261 6113 2499 0 460 0 5676 15597 15276 45643 5811 0 10833 13708 25038 20072 28189 7380 3976
178 ATG 2553 0 612 0 1047 3474 409 940 3376 94 149 168 813 254 9.91526e+06 470 175 2365 1371 1569 611 1573 1445 3261 827 917 2743 6773 2938 1884 556 680 359 0 469 0 120 54 357 20 310 22 189 212 580 229 1469 924 0 8682 0 5819 48 172 85 141 0 1009 5144 2439 1839 8558 77 1370
179 CCC 0 0 0 0 31 258 90 58 223 62 194 3 216 273 0 461 168 0 254 0 448 9.99323e+06 1506 1481 139 66 34 113 55 293 60 32 0 0 0 0 0 0 0 0 0 0 0 0 0 0 0 0 0 0 0 0 12 50 8 3 0 0 0 0 97 0 84 0
180 GAC 0 0 0 0 596 26 250 305 344 247 175 362 4046 572 0 503 0 0 0 0 365 25 19 42 191 34 95 36 256 961 1032 1504 1614 9.96936e+06 71 1215 512 598 312 444 3355 1914 41 1216 0 0 0 0 0 0 0 0 159 73 788 80 0 0 4458 0 88 204 1327 185
181 GGT 0 0 0 0 261 281 68 46 693 235 189 1527 0 0 0 0 0 0 0 0 0 0 0 0 476 233 468 443 88 207 29 35 0 0 0 0 97 511 318 92 24 296 125 9.98495e+06 345 1846 46 1258 0 82 0 1017 210 394 60 528 0 1842 0 475 26 0 183 0
182 GAA 0 0 0 0 117 98 440 481 0 187 0 28 0 0 0 0 0 0 0 0 0 0 0 0 0 0 0 0 0 0 0 0 9.99504e+06 0 808 0 187 42 138 240 85 220 401 449 57 96 332 39 0 0 0 0 5 107 272 135 0 0 0 0 0 0 0 0
183 GAT 0 0 0 0 0 0 0 0 195 0 399 0 0 0 0 0 0 0 0 0 0 0 0 0 0 68 583 110 0 0 0 0 0 71 0 9.99796e+06 0 0 0 0 153 75 223 162 0 0 0 0 0 0 0 0 0 0 0 0 0 0 0 0 0 0 0 0
184 TTG 0 0 0 0 0 0 0 0 50 0 399 0 0 0 0 0 185 0 1646 0 134 153 22 675 100 336 97 143 8 708 276 849 0 0 0 0 0 0 0 0 0 0 0 0 0 0 0 0 0 0 0 0 0 0 0 0 0 0 0 0 301 0 9.99392e+06 0
185 GTG 0 0 0 0 0 0 0 0 336 69 96 303 0 0 0 0 0 0 0 0 0 0 0 0 91 316 109 53 81 171 68 125 0 0 0 0 245 175 719 13 0 0 0 0 382 933 9.99503e+06 71 0 0 0 0 17 127 9 62 0 0 0 0 371 0 24 0
186 GTA 0 0 0 0 0 0 0 0 0 0 0 0 0 0 0 0 0 0 0 0 21 56 325 124 0 0 0 0 150 332 238 79 0 0 0 0 117 390 263 587 0 0 0 0 9.99559e+06 229 231 981 0 0 0 0 0 0 0 0 0 0 0 0 152 0 139 0
187 ACT 0 0 0 0 52 744 90 9.99792e+06 0 224 0 136 0 0 0 0 0 0 0 0 0 0 0 0 0 0 0 0 0 0 0 0 0 0 0 0 0 0 0 0 0 0 0 0 0 0 0 0 0 0 0 0 92 224 19 503 0 0 0 0 0 0 0 0
188 CAT 0 0 0 0 0 0 0 0 471 0 27 0 0 0 0 0 5498 226 2269 9.93489e+06 436 765 633 1920 116 282 626 699 1602 4582 8071 3772 0 0 0 0 0 0 0 0 0 0 0 0 0 0 0 0 0 2199 0 21499 0 0 0 0 0 6332 0 879 800 0 1409 0
189 GGG 0 0 0 0 0 0 0 0 0 326 0 676 0 0 0 0 0 0 0 0 0 0 0 0 0 0 0 0 144 305 18 58 0 0 0 0 0 0 0 0 338 174 9.99507e+06 732 557 51 279 257 0 0 0 0 611 213 30 46 0 0 0 0 93 0 19 0
190 GAT 0 0 0 0 0 0 0 0 0 0 0 0 0 0 0 0 0 0 0 0 0 0 0 0 0 0 0 0 0 0 0 0 70 932 554 9.99797e+06 0 0 0 0 47 39 63 327 0 0 0 0 0 0 0 0 0 0 0 0 0 0 0 0 0 0 0 0
191 GCC 0 0 0 0 0 0 0 0 699 1494 698 780 0 0 0 0 0 10344 0 954 0 0 0 0 836 2128 860 859 1302 590 5 606 0 0 0 0 214 9.61674e+06 1168 723 0 0 0 0 96 25 192 311 0 9847 0 7171 1012 1292 2502 223 0 0 0 0 602 279599 282 55850
192 TGC 0 0 0 0 42936 9863 180472 81744 236 0 320 0 659 2874 0 660 0 0 0 0 0 0 0 0 189 139 42 382 0 0 0 0 0 0 0 0 445 536 495 677 216 91 810 121 0 0 0 0 0 0 0 0 0 0 0 0 0 9.67575e+06 0 343 0 0 0 0
193 CTC 0 0 0 0 0 0 0 0 70 0 273 0 0 0 509 0 0 0 0 0 24 23 136 239 69 1151 496 18 113 9.99187e+06 1462 381 0 0 0 0 0 0 0 0 0 0 0 0 120 104 391 169 0 0 0 0 0 0 0 0 0 0 0 0 1779 0 604 0
194 CCG 0 0 0 0 262 273 818 9 203 232 266 84 0 0 0 0 653 0 191 0 67 274 9.99285e+06 1154 463 337 85 184 0 456 194 22 0 0 0 0 0 0 0 0 0 0 0 0 0 0 0 0 0 0 0 0 11 162 128 41 0 0 0 0 307 0 276 0
195 AAC 320 9.99609e+06 419 737 220 320 123 64 0 311 0 261 0 0 0 0 0 0 0 0 0 0 0 0 0 0 0 0 0 0 0 0 0 0 0 0 0 0 0 0 0 0 0 0 0 0 0 0 0 3 0 795 202 67 27 37 0 0 0 0 0 0 0 0
196 ATA 0 0 0 0 0 0 0 0 68 926 247 538 9.98875e+06 825 0 3376 0 0 0 0 0 0 0 0 425 718 400 133 21 150 42 39 0 0 0 0 0 0 0 0 0 0 0 0 88 106 195 158 0 0 0 0 1116 85 658 535 0 0 0 0 377 0 24 0
197 ATG 93 0 403 0 160 120 68 147 284 0 6 0 0 0 9.99498e+06 0 982 0 1128 0 0 0 0 0 134 3 100 20 148 32 22 112 0 376 0 474 0 0 0 0 0 0 0 0 0 0 0 0 0 0 0 0 0 0 0 0 0 0 0 0 162 0 47 0
198 GTG 0 0 0 0 0 0 0 0 113 0 126 0 0 0 0 0 0 0 0 0 0 0 0 0 146 278 137 52 63 165 148 29 0 0 0 0 496 99 92 47 57 82 258 108 1559 403 9.99434e+06 833 0 0 0 0 0 0 0 0 0 0 0 0 107 0 265 0
199 GAA 0 0 0 0 0 0 0 0 229 485 85 215 0 0 0 0 0 355 0 147 0 0 0 0 113 56 226 339 0 0 0 0 9.99143e+06 0 169 0 248 35 40 1211 28 917 88 161 0 0 0 0 0 0 0 0 178 1444 39 384 0 336 0 1046 0 0 0 0
200 AAC 0 9.99508e+06 0 979 112 997 196 5 0 116 0 152 0 0 0 0 0 0 0 0 0 0 0 0 0 0 0 0 69 29 839 15 0 0 0 0 0 0 0 0 0 0 0 0 225 254 128 173 0 0 0 0 176 57 117 116 0 0 0 0 118 0 50 0
201 GGC 0 0 0 0 6 22 61 146 237 161 738 152 0 0 0 0 0 0 0 0 0 0 0 0 373 485 88 697 0 0 0 0 0 12 0 62 0 0 0 0 2381 9.99099e+06 416 1643 0 0 0 0 0 0 0 0 144 10 686 30 0 429 0 32 0 0 0 0
202 CGT 348 0 538 0 0 0 0 0 740 22 2041 102 0 0 0 0 0 0 0 0 0 0 0 0 249 450 1255 9.98667e+06 110 48 1317 246 0 0 0 0 0 0 0 0 0 0 0 0 0 0 0 0 0 0 0 0 212 508 1230 224 0 600 0 389 684 0 2017 0
203 TTT 0 0 0 0 0 0 0 0 0 0 0 0 0 0 0 0 0 0 0 0 0 0 0 0 0 0 0 0 109 54 22 531 0 0 0 0 0 0 0 0 0 0 0 0 0 0 0 0 0 0 0 0 0 0 0 0 0 178 0 950 328 1476 148 9.9962e+06
204 AGC 0 271 0 308 299 208 275 305 478 9.99097e+06 9 691 62 420 0 883 0 0 0 0 0 0 0 0 411 289 576 109 0 0 0 0 0 0 0 0 0 0 0 0 194 38 419 124 0 0 0 0 0 0 0 0 638 652 682 687 0 0 0 0 0 0 0 0
205 GGA 0 0 0 0 0 0 0 0 0 0 0 0 0 0 0 0 0 0 0 0 0 0 0 0 0 0 0 0 0 0 0 0 0 0 0 0 0 0 0 0 9.99677e+06 1638 603 208 62 503 170 46 0 0 0 0 0 0 0 0 0 0 0 0 0 0 0 0
206 TTC 0 0 0 0 0 0 0 0 53 301 134 104 0 0 0 0 0 0 0 0 0 0 0 0 5 245 95 30 143 268 42 7 0 0 0 0 0 0 0 0 0 0 0 0 447 5 240 35 0 0 0 0 261 95 284 230 0 0 0 0 63 9.99622e+06 212 476
207 ATT 0 0 0 0 164 225 254 130 0 0 0 0 609 328 0 9.99768e+06 0 0 0 0 0 0 0 0 0 0 0 0 0 0 0 0 0 0 0 0 0 0 0 0 0 0 0 0 99 6 320 187 0 0 0 0 0 0 0 0 0 0 0 0 0 0 0 0
208 GAT 0 0 0 0 13 238 476 256 0 0 0 0 0 0 0 0 0 0 0 0 0 0 0 0 0 0 0 0 0 0 0 0 498 423 101 9.99519e+06 633 423 422 319 157 39 434 375 0 0 0 0 0 0 0 0 0 0 0 0 0 0 0 0 0 0 0 0
209 TGC 0 0 0 0 52 698 1652 1045 213 450 550 458 0 0 0 0 0 0 0 0 0 0 0 0 137 261 28 606 63 361 183 150 0 0 0 0 15 140 270 1215 82 52 0 428 0 0 0 0 0 0 0 0 49 79 178 44 0 9.98925e+06 0 378 56 129 242 485
210 GGA 0 0 0 0 0 0 0 0 190 12 96 376 0 0 0 0 0 0 0 0 0 0 0 0 37 127 89 236 0 0 0 0 0 0 0 0 0 0 0 0 9.99382e+06 849 340 1291 397 651 516 516 0 0 0 0 128 144 19 164 0 0 0 0 0 0 0 0
211 CGG 0 0 0 0 0 0 0 0 239 188 390 17 0 0 0 0 0 0 0 0 0 0 0 0 157 801 9.99352e+06 639 779 212 704 165 0 0 0 0 0 0 0 0 0 0 0 0 0 0 0 0 0 0 0 0 389 226 131 499 0 235 0 375 17 0 315 0
212 TTG 0 0 0 0 74 416 14 173 305 0 102 0 0 0 0 0 0 0 0 0 0 0 0 0 201 46 62 288 1142 356 407 246 0 0 0 0 0 0 0 0 0 0 0 0 0 0 0 0 0 0 0 0 0 0 0 0 0 0 0 0 376 0 9.99579e+06 0
213 GGT 0 0 0 0 0 0 0 0 19 0 533 0 0 0 0 0 0 0 0 0 0 0 0 0 283 97 7 295 0 0 0 0 0 0 0 0 0 24 35 14 560 174 65 9.99715e+06 60 14 0 60 0 0 0 0 0 0 0 0 0 35 0 576 0 0 0 0
214 GTC 0 0 0 0 0 0 0 0 0 0 0 0 0 0 0 0 0 0 0 0 0 0 0 0 0 0 0 0 185 48 340 397 0 0 0 0 58 27 199 420 281 128 889 104 269 9.99601e+06 180 309 0 0 0 0 0 0 0 0 0 0 0 0 158 0 0 0
215 GCT 0 0 0 0 5 7 646 323 0 129 0 71 0 0 0 0 0 0 0 0 182 83 250 160 0 0 0 0 0 0 0 0 0 0 0 0 781 207 0 9.99523e+06 143 203 197 137 0 0 0 0 0 0 0 0 928 147 105 63 0 0 0 0 0 0 0 0
216 GAT 0 0 0 0 0 0 0 0 0 92 0 89 0 0 0 0 0 0 0 0 0 0 0 0 0 0 0 0 75 12 194 24 0 529 0 9.99522e+06 24 134 52 376 262 273 163 131 149 71 322 176 0 490 0 351 128 61 298 14 0 0 0 0 0 0 294 0
217 CGA 0 0 0 0 0 0 0 0 52 351 452 517 0 0 0 0 0 0 0 0 0 0 0 0 9.99528e+06 448 485 131 59 183 72 163 0 0 0 0 0 0 0 0 186 210 83 81 0 0 0 0 0 0 0 0 406 82 8 406 0 0 0 0 261 0 81 0
218 TAT 0 0 0 0 0 0 0 0 0 188 0 539 0 0 0 0 0 0 0 0 0 0 0 0 0 0 0 0 0 0 0 0 0 0 0 0 0 0 0 0 0 0 0 0 0 0 0 0 0 716 0 9.99777e+06 225 43 289 229 0 0 0 0 0 0 0 0
219 CAA 543 0 81 0 702 214 14 63 161 0 58 0 0 0 0 0 9.99195e+06 1334 2933 29 89 664 0 3 375 238 482 64 0 0 0 0 0 0 0 0 0 0 0 0 0 0 0 0 0 0 0 0 0 0 0 0 0 0 0 0 0 0 0 0 0 0 0 0
220 GAT 0 0 0 0 0 0 0 0 0 0 0 0 0 0 0 0 0 0 0 0 0 0 0 0 0 0 0 0 0 0 0 0 0 548 0 9.99738e+06 93 327 8 510 252 193 300 388 0 0 0 0 0 0 0 0 0 0 0 0 0 0 0 0 0 0 0 0
221 ATA 0 0 0 0 0 620 366 858 0 153 0 527 9.93106e+06 812 0 416 0 0 0 0 0 0 0 0 0 0 0 0 15908 22394 3005 13929 0 0 0 0 0 0 0 0 165 43 58 391 0 287 271 16 0 0 0 0 201 433 1829 168 0 0 0 0 4387 0 1698 0
222 GCA 0 0 0 0 0 0 0 0 0 0 0 0 0 0 0 0 0 0 0 0 0 0 0 0 0 0 0 0 0 0 0 0 0 0 0 0 9.99619e+06 281 799 325 477 111 65 40 470 99 92 1053 0 0 0 0 0 0 0 0 0 0 0 0 0 0 0 0
223 TTG 0 0 0 0 0 0 0 0 326 0 178 0 0 0 0 0 0 0 0 0 0 0 0 0 28 379 39 26 1575 192 358 1508 0 0 0 0 0 0 0 0 0 0 0 0 0 0 0 0 0 0 0 0 0 0 0 0 0 0 0 0 1128 0 9.99426e+06 0
224 GCA 0 0 0 0 0 0 0 0 0 504 0 743 0 0 0 0 0 0 0 0 114 113 191 146 0 0 0 0 82 97 194 81 1289 0 269 0 9.99265e+06 209 344 255 364 28 121 193 81 249 340 14 0 0 0 0 113 290 486 279 0 0 0 0 100 0 57 0
225 ACT 0 0 0 0 89 142 25 9.99646e+06 0 57 0 36 674 54 0 64 0 0 0 0 0 0 0 0 0 0 0 0 0 0 0 0 0 0 0 0 0 0 0 0 0 0 0 0 849 88 708 207 0 0 0 0 214 202 54 79 0 0 0 0 0 0 0 0
226 CGC 0 0 0 0 164 151 63 123 1731 252 754 101 0 0 0 0 0 0 0 0 0 0 0 0 1237 9.98994e+06 229 391 342 32 328 559 0 0 0 0 0 0 0 0 274 33 434 93 0 0 0 0 0 0 0 0 574 556 517 508 0 0 0 0 330 0 288 0
227 GAT 0 0 0 0 0 0 0 0 257 189 95 2171 0 0 0 0 0 334 0 535 0 0 0 0 205 340 66 52 0 0 0 0 299 718 261 9.99017e+06 0 0 0 0 0 0 0 0 396 398 244 375 0 0 0 0 33 803 0 838 0 884 0 337 0 0 0 0
228 ATC 0 0 0 0 1754 926 70 1072 747 51016 3534 12965 216 9.85966e+06 0 755 0 0 0 0 0 0 0 0 1914 721 103 2244 361 999 3789 145 0 0 0 0 0 0 0 0 0 0 0 0 5963 2855 10069 4204 0 0 0 0 7456 16807 1888 2758 0 0 0 0 3801 0 1207 0
229 GCC 0 0 0 0 93 156 119 219 97 90 303 310 0 0 0 0 0 0 0 0 309 82 167 51 52 58 81 71 0 0 0 0 622 0 653 0 368 9.99368e+06 542 597 0 0 0 0 213 117 343 26 0 0 0 0 99 24 304 153 0 0 0 0 0 0 0 0
230 GAA 0 0 0 0 1376 1822 163 2636 0 8130 0 277 0 0 0 0 0 2388 0 979 221 86 307 50 0 0 0 0 0 0 0 0 9.95860e+06 0 911 0 397 165 190 369 51 724 743 43 0 0 0 0 0 0 0 0 1376 506 16286 1199 0 0 0 0 0 0 0 0
231 GAG 1059 0 1608 0 0 0 0 0 1221 0 800 0 0 0 0 0 0 185 0 286 0 0 0 0 1040 1420 510 293 0 0 0 0 40 0 9.97111e+06 0 83 8 151 70 1 0 0 0 7 214 139 8 0 5518 0 13077 0 0 0 0 0 0 1106 0 0 28 0 21
232 CTT 0 0 0 0 0 0 0 0 604 412 610 141 0 0 0 0 0 0 0 0 41 166 70 227 130 133 484 1692 45 1490 550 9.98966e+06 0 0 0 0 0 0 0 0 0 0 0 0 716 503 367 209 0 0 0 0 53 37 500 596 0 0 0 0 80 0 480 0
233 GGT 0 0 0 0 0 0 0 0 178 54 8 72 0 0 0 0 0 0 0 0 0 0 0 0 91 173 5 7 0 0 0 0 0 0 0 0 0 0 0 0 321 870 279 9.99505e+06 399 90 690 195 0 0 0 0 94 296 319 0 0 178 0 627 0 0 0 0
234 GGT 5780 7022 2920 3207 151 18331 1512 3354 10 38 37 33 101 26 468 48 1163 254 1841 285 73941 166790 60493 26110 19 9 95 122 10 11 31 54 1186 54 53982 61 982 659 1694 811 519 2399 8 9.54556e+06 941 1025 442 2242 0 53 0 16 8 79 135 319 0 4205 1089 7015 14 0 241 0
235 GAA 0 0 0 0 109 41 167 145 0 0 0 0 0 0 0 0 0 0 0 0 0 0 0 0 0 0 0 0 33 0 237 225 9.99744e+06 0 767 0 94 17 362 268 0 0 0 0 0 0 0 0 0 0 0 0 0 0 0 0 0 0 0 0 44 0 54 0
236 TGG 0 0 0 0 0 0 0 0 227 48 402 66 0 0 0 0 0 0 0 0 0 0 0 0 84 155 529 19 742 139 394 778 0 0 0 0 0 0 0 0 729 358 90 50 62 304 223 84 0 0 0 0 22 229 170 417 0 0 9.99311e+06 0 510 0 61 0
237 GCA 0 0 0 0 0 0 0 0 8 128 14 713 0 0 0 0 0 0 0 0 0 0 0 0 140 278 23 204 0 0 0 0 0 0 0 0 9.99469e+06 1661 360 223 0 0 0 0 0 0 0 0 0 0 0 0 329 619 188 425 0 0 0 0 0 0 0 0
238 GAC 966 2498 5026 543 216 105 105 238 3115 1153 1610 2886 2702 5481 564 753 1176 4299 1948 135 11 124 199 600 2116 1721 4494 2200 718 1192 500 782 5092 9.9305e+06 1606 265 527 725 141 451 0 0 0 0 250 629 731 477 0 1235 0 7 1038 375 869 777 0 141 0 710 613 207 260 2194
239 AGA 0 0 0 0 372 27 68 439 9.9909e+06 114 165 50 0 0 0 0 0 0 0 0 379 264 12 38 1201 33 1868 151 292 35 250 419 0 0 0 0 0 0 0 0 145 271 168 19 0 0 0 0 0 0 0 0 87 332 237 91 0 407 0 257 283 0 624 0
240 TTT 214 0 371 0 0 0 0 0 0 197 0 93 0 0 0 0 0 0 0 0 0 0 0 0 0 0 0 0 0 0 0 0 0 0 0 0 0 0 0 0 0 0 0 0 528 237 104 262 0 0 0 0 123 0 125 112 0 21 0 597 0 1825 0 9.99519e+06
241 TTA 0 0 0 0 0 0 0 0 50 74 157 68 0 0 0 0 0 0 0 0 379 1169 628 400 261 36 219 176 57 548 652 760 0 0 0 0 0 0 0 0 0 0 0 0 0 0 0 0 0 0 0 0 207 2 21 4 0 0 0 0 9.99326e+06 0 870 0
242 GTT 649 271 4292 519 3080 413 2496 3323 1869 214 307 178 0 0 1906 0 153 3265 521 1328 121 384 87 290 6789 1833 743 2404 0 265 84 164 1878 0 3891 0 931 10 3907 641 0 0 0 0 449 1670 170 9.93627e+06 0 207 0 1072 559 2568 2207 2433 0 0 1024 0 244 1122 458 338
243 CTG 0 0 0 0 0 0 0 0 9 0 66 0 0 0 0 0 106 0 537 0 250 360 85 4 124 294 624 553 216 828 9.99005e+06 1042 1092 0 789 0 261 261 96 398 0 0 0 0 215 251 267 86 0 0 0 0 0 0 0 0 0 0 0 0 194 0 944 0
244 TAT 0 0 0 0 0 0 0 0 0 0 0 0 0 0 0 0 0 0 0 0 0 0 0 0 0 0 0 0 135 1620 194 70 0 0 0 0 0 0 0 0 0 0 0 0 0 0 0 0 0 266 0 9.99731e+06 0 0 0 0 0 0 0 0 10 0 391 0
245 GGT 0 0 0 0 0 0 0 0 5535 54 206 60 0 0 0 0 0 0 0 0 0 0 0 0 30 842 2189 1912 204 213 660 495 0 0 0 0 95 910 1360 1838 2800 533 1008 9.96442e+06 3353 2935 548 2409 0 0 0 0 29 49 201 1064 0 2059 0 1837 101 0 52 0
246 ATC 0 0 0 0 0 0 0 0 985 103 132 1018 783 9.9897e+06 0 485 0 0 0 0 0 0 0 0 539 11 225 85 203 41 128 340 0 0 0 0 0 0 0 0 0 0 0 0 605 115 82 81 0 0 0 0 808 447 778 201 0 651 0 477 352 282 42 302
247 GCG 78 342 700 923 370 191 522 274 384 402 535 3067 0 0 0 0 244 0 293 0 681 52 0 348 312 373 120 223 226 8 42 524 0 506 0 15 42 139 9.98072e+06 579 187 26 360 108 0 0 0 0 0 0 0 0 2077 259 160 1188 0 772 0 338 1016 0 277 0
248 GCA 467 0 377 0 1443 101 303 1675 142 242 34 729 140 185 751 198 1296 0 752 0 0 0 0 0 78 67 141 125 3021 891 371 1027 195 422 422 1007 9.97685e+06 381 380 431 143 145 125 153 78 298 164 58 0 0 0 0 217 441 39 176 0 0 0 0 2467 0 856 0
249 CCA 0 0 0 0 455 30 1691 747 8954 1147 1121 772 0 0 0 0 1986 0 587 0 9.93596e+06 683 19 406 2847 400 11968 6353 619 381 239 188 0 0 0 0 315 1488 7982 3999 650 470 3757 655 0 0 0 0 0 0 0 0 250 297 937 492 0 0 0 0 1139 0 20 0
250 GAC 0 0 0 0 30 30 58 29 0 0 0 0 0 0 0 0 849 0 1998 0 0 0 0 0 0 0 0 0 32 127 77 27 0 9.99392e+06 0 341 75 161 25 15 0 0 0 0 171 91 850 933 0 14 0 15 0 0 0 0 0 0 0 0 87 0 47 0
251 TCT 220 0 459 0 435 310 1332 2691 200 791 675 249 270 4 930 889 4447 902 695 107 0 0 0 0 769 2409 2773 1312 345 162 3606 2482 0 709 0 190 97 103 639 301 116 46 280 319 0 0 0 0 0 3198 0 443 128 1043 241 9.94487e+06 0 0 12970 0 1241 1170 232 2197
252 CAG 0 407 0 181 0 0 0 0 179 6 215 124 0 0 0 0 106 277 9.99023e+06 972 0 0 0 0 37 238 252 84 5 15 49 95 0 2451 0 1909 0 0 0 0 0 0 0 0 0 0 0 0 0 0 0 0 131 9 409 252 0 0 0 0 164 589 476 138
253 CGT 0 0 0 0 0 0 0 0 188 379 225 302 0 0 0 0 0 0 0 0 0 0 0 0 681 0 56 9.99502e+06 46 317 47 263 0 0 0 0 0 0 0 0 122 134 429 131 0 232 389 3 0 0 0 0 171 75 30 321 0 0 0 0 31 0 410 0
254 ATC 0 0 0 0 0 0 0 0 107 696 147 51 313 9.9953e+06 0 67 0 0 0 0 0 0 0 0 20 42 323 6 17 227 169 225 0 0 0 0 0 0 0 0 0 0 0 0 0 0 0 0 0 0 0 0 99 375 87 376 0 0 0 0 776 0 574 0
255 GCC 0 0 0 0 2 51 0 30 24 285 22 324 0 0 0 0 0 0 0 0 0 0 0 0 11 14 13 39 0 0 0 0 481 0 16 0 92 9.99528e+06 357 1559 282 183 18 80 0 0 0 0 0 28 0 161 35 321 24 273 0 0 0 0 0 0 0 0
256 TTT 0 0 0 0 0 0 0 0 82 235 273 90 0 0 0 0 404 0 136 0 243 41 333 42 406 76 466 195 488 130 217 655 0 0 0 0 0 0 0 0 0 0 0 0 0 0 0 0 0 2124 0 3347 283 293 163 301 0 0 11654 0 150 154 98 9.97692e+06
257 TAT 0 0 0 0 0 0 0 0 0 0 0 0 0 0 0 0 0 444 0 334 0 0 0 0 0 0 0 0 0 0 0 0 0 0 0 0 0 0 0 0 0 0 0 0 0 0 0 0 0 62 0 9.99916e+06 0 0 0 0 0 0 0 0 0 0 0 0
258 AGA 0 0 0 0 0 0 0 0 9.99403e+06 174 330 23 0 0 0 0 0 0 0 0 0 0 0 0 1038 343 450 203 440 333 0 92 0 0 0 0 0 0 0 0 385 0 160 188 0 0 0 0 0 0 0 0 537 490 20 91 0 0 0 0 649 0 27 0
259 TTA 0 0 0 0 0 0 0 0 556 0 154 0 0 0 0 0 0 0 0 0 0 0 0 0 29 103 575 202 414 62 376 1062 0 0 0 0 0 0 0 0 0 0 0 0 0 0 0 0 0 0 0 0 0 0 0 0 0 0 0 0 9.99551e+06 0 957 0
260 CTA 0 0 0 0 0 0 0 0 0 0 0 0 0 0 0 0 0 0 0 0 0 0 0 0 0 0 0 0 9.99686e+06 2234 139 122 0 0 0 0 0 0 0 0 0 0 0 0 0 0 0 0 0 0 0 0 0 0 0 0 0 0 0 0 19 0 629 0
261 GAC 0 0 0 0 0 0 0 0 0 76 0 19 0 0 0 0 0 0 0 0 0 0 0 0 0 0 0 0 0 0 0 0 0 9.99947e+06 0 15 0 0 0 0 0 0 0 0 0 0 0 0 0 203 0 9 23 30 125 28 0 0 0 0 0 0 0 0
262 GAG 567 0 159 0 0 0 0 0 195 60 40 71 0 0 0 0 0 0 0 0 0 0 0 0 24 325 94 11 0 0 0 0 298 0 9.99706e+06 0 0 0 0 0 0 0 0 0 166 54 179 143 0 0 0 0 259 191 26 78 0 0 0 0 0 0 0 0
263 TTC 0 0 0 0 0 0 0 0 0 528 0 119 41 417 0 142 0 0 0 0 0 0 0 0 0 0 0 0 3 24 101 65 0 0 0 0 0 0 0 0 0 0 0 0 0 0 0 0 0 0 0 0 238 213 188 167 0 0 0 0 171 9.99654e+06 44 995
264 TTC 0 0 0 0 0 0 0 0 0 47 0 224 0 0 0 0 0 0 0 0 0 0 0 0 0 0 0 0 1016 32 326 640 0 0 0 0 0 0 0 0 0 0 0 0 17 20 61 42 0 85 0 179 331 120 107 85 0 83 0 177 520 9.99487e+06 616 402
