# POSITION WT AAA AAC AAG AAT ACA ACC ACG ACT AGA AGC AGG AGT ATA ATC ATG ATT CAA CAC CAG CAT CCA CCC CCG CCT CGA CGC CGG CGT CTA CTC CTG CTT GAA GAC GAG GAT GCA GCC GCG GCT GGA GGC GGG GGT GTA GTC GTG GTT TAA TAC TAG TAT TCA TCC TCG TCT TGA TGC TGG TGT TTA TTC TTG TTT
1 ATG 1556 231 164 90 1195 127 912 0 663 80 179 80 258 3589 4.97367e+06 541 0 623 0 97 73 399 258 123 145 81 258 337 266 146 161 447 462 670 594 265 896 1233 1969 54 410 745 433 3 248 307 137 126 0 363 0 900 196 153 288 288 0 978 0 447 541 73 28 440
2 ATT 446 365 562 967 361 137 120 433 23 185 40 13 69 254 0 4.97832e+06 304 1580 1520 29 26 182 27 67 66 254 19 184 56 169 47 70 0 180 0 72 93 1974 239 218 103 10 146 61 656 1593 931 2185 0 1324 0 419 28 147 116 180 0 0 825 0 12 672 122 794
3 GAG 265 354 1060 200 1896 398 716 2966 63 1240 3275 77 196 132 0 343 2066 2568 1776 1026 76 613 267 19 687 832 1495 1088 1860 304 35 473 382 381 4.95502e+06 512 0 0 0 0 165 140 181 350 40 27 62 181 0 247 0 732 1752 42 326 1513 0 0 267 0 1692 3645 399 3578
4 CAA 761 427 2392 1216 127 107 280 1212 97 133 4 158 104 319 0 314 4.97642e+06 0 110 0 108 765 377 430 38 719 104 547 340 3535 903 759 107 0 464 0 0 0 0 0 23 704 996 1354 982 91 124 147 0 134 0 170 166 84 34 35 0 237 1098 75 10 0 156 0
5 GAC 8508 5051 22178 10064 1121 1277 677 218 11 5426 2430 2815 5460 329 0 2826 1787 611 1748 69 1859 1955 5298 1743 649 257 19 235 2578 5570 404 3059 629 4.87078e+06 2384 945 249 229 350 28 1210 2849 7818 1286 734 549 1224 699 0 0 0 0 37 925 1966 2003 0 110 1014 232 3386 428 1037 672
6 GGC 7534 21194 22949 715 198 4931 392 2842 544 7983 716 50 4491 10845 3904 4573 110 0 185 0 22432 9872 4582 6049 1409 1137 133 340 51 423 777 181 9192 623 666 204 1401 273 766 3995 297 4.80072e+06 498 214 821 974 1705 2413 0 2399 0 673 10643 7915 152 1039 0 0 4662 0 439 2254 600 2919
7 CTT 399 0 1005 0 0 0 0 0 217 30 223 620 0 0 0 0 0 235 0 7 80 153 271 198 277 54 728 40 5 154 675 4.98675e+06 1024 0 848 0 138 125 253 25 295 131 176 550 406 199 393 2 0 0 0 0 83 227 216 516 0 367 0 1472 254 0 175 0
8 CAT 0 550 0 769 0 0 0 0 115 117 461 61 0 0 1462 0 0 616 0 4.97078e+06 2659 5235 2626 3107 246 48 283 71 912 561 541 16 1310 71 1449 623 0 0 0 0 155 689 244 450 44 298 30 374 0 0 0 0 118 54 154 87 0 51 0 475 334 0 1756 0
9 GCA 399 918 124 631 135 33 117 16 0 112 99 109 968 3006 0 938 0 0 0 0 2536 404 223 602 52 270 57 80 57 408 215 90 261 0 466 0 4.98202e+06 164 266 130 303 341 591 882 446 502 71 7 0 0 0 0 81 109 235 101 0 0 0 0 313 0 114 0
10 GGA 0 0 0 0 257 0 33 321 0 28 0 42 0 0 0 0 0 0 0 0 162 31 88 26 0 0 0 0 158 71 69 125 0 0 0 0 0 0 0 0 4.99493e+06 145 408 50 205 55 650 890 0 0 0 0 27 122 314 66 0 475 0 141 90 0 18 0
11 TCT 69 0 195 0 830 961 767 990 3935 42 4477 607 2677 9204 37531 9898 726 11064 9279 3812 2803 2578 3563 5165 13005 18144 21955 10045 29086 3940 33501 9419 561 2027 833 974 56 47 107 181 352 830 109 203 680 3919 16 1439 0 28678 0 10400 134 100 318 4.65582e+06 0 6831 284 8136 16295 5083 3367 1953
12 CCC 0 0 0 0 245 124 57 273 86 15 19 106 0 0 0 0 0 0 0 0 446 4.99639e+06 26 66 39 91 26 18 87 128 92 63 0 242 0 148 255 258 58 99 0 0 0 0 15 59 147 28 0 0 0 0 64 39 67 69 0 0 0 0 14 0 37 0
13 GCT 530 0 710 0 326 468 519 625 187 849 369 576 0 0 0 0 554 354 71 82 45 114 65 24 559 916 10 76 32 53 128 162 39 2530 512 1572 606 8 161 4.98281e+06 264 52 53 114 366 272 73 852 0 0 0 0 170 564 282 217 0 0 0 0 30 0 52 0
14 GCA 1094 127 442 219 392 529 397 584 100 81 149 529 0 0 482 0 0 0 0 0 195 870 275 344 356 138 228 364 101 34 12 27 59 70 259 594 4.98645e+06 801 187 256 247 589 74 114 15 45 139 112 0 0 0 0 368 178 453 451 0 151 0 180 124 0 13 0
15 TGG 0 0 0 0 0 0 0 0 362 153 75 54 0 0 0 0 0 0 0 0 0 0 0 0 186 135 382 943 144 250 121 5 0 0 0 0 0 0 0 0 106 57 47 333 0 0 0 0 0 0 0 0 366 11 131 56 0 64 4.99525e+06 218 9 0 541 0
16 GTG 5445 503 883 327 405 1131 625 906 2834 105 387 778 0 0 0 0 1059 0 1203 0 0 0 0 0 3635 112 108 4008 88 331 184 331 76 0 1240 0 499 2299 530 642 189 838 1646 43 276 164 4.9618e+06 194 0 404 0 237 174 470 1186 588 0 72 0 303 29 0 713 0
17 GAA 0 0 0 0 62 231 57 6 24 439 189 8 0 0 0 0 632 228 681 101 44 101 277 62 268 373 63 72 4 18 71 53 4.99191e+06 0 362 0 30 149 127 72 269 166 126 59 29 121 64 127 0 0 0 0 1509 206 46 37 0 0 408 0 42 0 81 0
18 CGT 358 231 2662 42 0 0 0 0 94 381 250 471 0 0 0 0 0 0 0 0 40 407 18 87 542 164 539 4.987e+06 70 200 197 311 1204 158 350 350 54 84 19 151 384 372 518 394 36 99 62 179 0 0 0 0 141 108 198 77 0 503 0 295 178 0 19 0
19 TTG 0 0 0 0 0 0 0 0 90 0 182 0 0 0 389 0 0 0 0 0 0 0 0 0 87 5 150 82 778 390 264 408 0 0 0 0 0 0 0 0 0 0 0 0 0 0 0 0 0 0 0 0 0 0 0 0 0 0 0 0 413 0 4.99676e+06 0
20 TTC 73 0 328 0 683 164 507 2593 3343 120 4578 109 1259 861 949 142 107 589 159 697 6 168 1254 92 805 3657 152 4316 289 107 1182 417 658 301 2399 412 152 689 1466 743 56 44 53 144 385 644 189 68 0 227 0 79 41 159 163 310 0 552 0 586 287 4.95888e+06 270 337
21 GGA 0 145 0 198 0 0 0 0 180 140 58 282 0 0 0 0 0 0 0 0 0 0 0 0 40 28 40 39 35 69 57 2 0 147 0 154 0 0 0 0 4.99552e+06 42 602 168 19 136 464 31 0 0 0 0 24 167 656 365 0 0 0 0 163 0 31 0
22 TAT 0 0 0 0 0 0 0 0 0 94 0 61 0 0 0 0 0 0 0 0 0 0 0 0 0 0 0 0 42 174 4 68 0 161 0 146 28 33 85 122 0 0 0 0 0 0 0 0 0 98 0 4.9982e+06 55 198 57 18 0 0 0 0 114 0 247 0
23 GAT 0 58 0 558 91 396 178 633 202 62 155 169 89 258 0 216 54 120 175 197 0 0 0 0 281 296 168 26 183 4 47 23 0 36 0 4.99385e+06 0 0 0 0 61 154 33 164 0 0 0 0 0 354 0 50 116 27 134 101 0 0 0 0 55 0 224 0
24 TGG 0 0 0 0 85 14 78 102 50 75 51 64 0 0 0 0 0 0 0 0 0 0 0 0 566 14 286 260 105 89 129 275 0 0 0 0 0 0 0 0 143 77 94 77 0 0 0 0 0 0 0 0 58 79 63 3 0 125 4.99552e+06 780 298 0 442 0
25 GCA 63 0 310 0 110 262 21 161 111 670 3 56 55 5 0 219 231 0 189 0 0 0 0 0 199 22 35 38 76 55 5 100 19 397 690 168 4.9926e+06 46 84 43 31 100 66 178 466 190 1001 510 0 0 0 0 256 22 57 43 0 0 0 0 39 0 1 0
26 CAA 0 0 0 0 86 104 103 20 137 34 275 44 16 247 0 34 4.99182e+06 364 445 471 15 103 183 85 1438 616 0 269 515 173 82 595 381 0 30 0 0 0 0 0 0 0 0 0 0 0 0 0 0 0 0 0 131 0 194 227 0 0 0 0 576 0 183 0
27 CAA 0 16 0 219 257 44 88 44 102 99 108 0 82 1493 0 8100 4.98516e+06 0 89 0 87 230 105 167 189 27 48 112 102 15 22 61 0 0 0 0 49 46 84 114 0 0 0 0 661 617 995 31 0 0 0 0 8 137 93 32 0 0 0 0 46 0 22 0
28 ACA 0 211 0 116 4.99125e+06 768 380 0 21 70 199 151 84 85 0 71 0 788 0 43 40 95 21 88 173 53 169 176 9 219 9 74 0 0 0 0 263 967 586 815 0 0 0 0 0 0 0 0 0 928 0 57 183 154 346 236 0 0 0 0 39 0 64 0
29 ATC 0 0 0 0 0 0 0 0 0 27 0 91 267 4.99637e+06 0 202 213 0 163 0 24 207 55 33 0 0 0 0 54 181 316 59 0 0 0 0 0 0 0 0 56 111 29 70 185 26 38 45 0 99 0 183 18 11 0 531 0 0 0 0 198 0 141 0
30 GGC 0 0 0 0 0 0 0 0 210 137 69 525 0 0 0 0 0 0 0 0 0 0 0 0 286 158 3 43 0 0 0 0 0 0 0 0 0 0 0 0 254 4.99658e+06 257 323 60 238 159 92 0 0 0 0 95 160 282 70 0 0 0 0 0 0 0 0
31 TGC 34619 0 2665 0 0 0 0 0 486 318 2365 45 46 133 0 80 3720 96 5567 150 0 0 0 0 1287 837 38 1008 700 418 1031 549 257 0 10 0 85 59 12 202 94 24 158 96 217 112 82 194 0 0 0 0 70 33 108 69 0 4.94063e+06 0 18 742 181 177 208
32 AGT 0 0 0 0 188 169 57 175 217 199 114 4.996e+06 142 25 0 365 0 0 0 0 0 0 0 0 116 180 96 14 8 80 87 124 0 0 0 0 0 0 0 0 0 0 0 0 0 0 0 0 0 0 0 0 157 804 13 551 0 0 0 0 49 0 75 0
33 GAC 227 269 1248 148 4662 6141 7117 3088 816 2075 1298 6524 371 143 0 105 221 1 126 233 452 2139 798 898 885 871 234 192 364 525 633 55 56 4.93617e+06 245 210 121 299 461 38 1519 1619 704 115 17 142 83 218 0 68 0 196 4306 2568 2948 3927 0 123 0 236 477 0 272 0
34 GCC 0 0 0 0 0 0 0 0 138 206 67 132 0 0 0 0 394 0 72 0 0 0 0 0 468 5 3 127 0 0 0 0 266 0 40 0 0 4.99657e+06 283 100 53 147 51 53 0 0 0 0 0 0 0 0 6 253 567 0 0 0 0 0 0 0 0 0
35 GCC 0 1324 0 463 3310 1018 1707 1093 0 1234 102 345 116 225 0 1403 0 1077 0 48 325 64 14 25 116 140 23 152 52 94 131 87 606 0 223 0 370 4.97653e+06 241 867 230 24 94 17 415 124 402 306 0 0 0 0 1387 37 2483 114 0 0 0 0 4 515 13 308
36 GTA 0 0 0 0 0 0 0 0 68 0 171 0 0 0 0 0 0 0 0 0 0 0 0 0 20 23 0 119 77 360 145 4 0 0 0 0 0 0 0 0 7 4 479 76 4.99769e+06 412 71 60 0 0 0 0 0 0 0 0 0 0 0 0 77 0 133 0
37 TTT 0 0 0 0 0 0 0 0 0 82 0 100 0 0 0 0 0 0 0 0 0 0 0 0 0 0 0 0 16 57 39 28 0 0 0 0 0 0 0 0 0 0 0 0 0 0 0 0 0 0 0 0 224 142 296 98 0 0 0 0 25 133 68 4.99869e+06
38 CGC 0 0 0 0 0 0 0 0 20 232 390 1 0 0 0 0 0 0 0 0 0 0 0 0 530 4.99657e+06 159 28 298 66 369 326 0 0 0 0 0 0 0 0 84 76 69 72 0 0 0 0 0 0 0 0 69 228 33 224 0 0 0 0 75 0 82 0
39 CTT 0 0 0 0 0 0 0 0 9 0 105 0 0 0 0 0 0 0 0 0 0 0 0 0 3 2 172 52 185 90 97 4.99712e+06 0 0 0 0 0 0 0 0 453 510 683 87 0 0 0 0 0 0 0 0 0 0 0 0 0 0 0 0 193 0 237 0
40 AGT 0 0 0 0 33 251 260 330 18 429 55 4.99361e+06 217 182 0 18 43 53 309 222 0 0 0 0 175 100 106 465 0 0 0 0 0 0 0 0 0 0 0 0 21 189 125 79 71 80 12 339 0 0 0 0 208 197 59 327 0 0 1419 0 0 0 0 0
41 GCT 0 376 0 74 167 9 16 66 0 56 0 154 0 0 0 0 203 0 781 0 0 0 0 0 0 0 0 0 0 0 0 0 555 0 90 0 1168 265 212 4.99219e+06 0 0 0 0 36 270 20 84 0 0 0 0 140 255 253 95 0 2198 0 264 0 0 0 0
42 CAG 0 0 0 0 347 543 2103 13 134 1023 118 112 0 0 0 0 334 0 4.98421e+06 0 635 1125 936 142 533 236 1053 150 128 20 170 406 49 88 996 336 59 231 105 6 0 0 0 0 140 63 157 22 0 0 0 0 187 1136 378 710 0 0 0 0 163 201 455 43
43 GGA 0 2170 0 202 94 163 484 114 400 9312 195 1572 0 0 0 0 0 507 0 471 0 0 0 0 467 127 290 79 16 62 22 36 0 0 0 0 26 14 60 212 4.96752e+06 91 149 257 205 27 64 132 0 0 0 0 1674 5573 1191 5379 0 0 0 0 77 180 195 187
44 AGG 812 0 87 0 0 0 0 0 89 0 4.99524e+06 0 0 0 0 0 0 0 0 0 137 98 46 37 19 486 795 95 222 15 199 94 0 0 0 0 50 115 39 32 298 242 463 199 0 0 0 0 0 0 0 0 0 0 0 0 0 0 0 0 17 0 72 0
45 CCG 363 485 201 179 88 87 162 29 391 67 496 50 0 0 0 0 309 0 548 0 329 42 4.99204e+06 360 504 172 598 425 89 13 46 63 116 0 368 0 34 49 128 64 71 103 49 100 0 0 0 0 0 336 0 20 163 19 4 90 0 0 0 0 71 0 79 0
46 GTG 0 591 0 17 797 1561 624 1017 16 775 125 590 0 0 0 0 0 0 0 0 194 735 183 173 21 71 181 5 114 104 151 30 0 254 0 243 2842 3383 2506 1077 690 99 866 226 12 161 4.97644e+06 413 0 0 0 0 158 407 19 172 0 786 0 565 441 0 167 0
47 TTG 382 0 508 0 0 0 0 0 14 0 29 0 0 0 0 0 108 141 173 1099 144 131 141 21 367 137 510 118 52 220 290 718 0 0 0 0 0 0 0 0 56 204 8 35 0 0 0 0 0 96 0 158 0 0 0 0 0 0 0 0 77 274 4.99328e+06 510
48 TTC 0 0 0 0 0 0 0 0 0 171 0 38 0 0 0 0 0 0 0 0 0 0 0 0 0 0 0 0 33 323 115 39 0 0 0 0 0 0 0 0 0 0 0 0 299 114 19 34 0 0 0 0 185 4 0 62 0 0 0 0 45 4.99833e+06 16 176
49 GTT 0 0 0 0 0 0 0 0 0 0 0 0 0 0 0 0 0 0 0 0 0 0 0 0 0 0 0 0 263 23 352 118 298 0 47 0 80 74 93 30 42 121 95 26 317 1231 423 4.99603e+06 0 0 0 0 0 0 0 0 0 0 0 0 127 0 208 0
50 AAG 474 0 4.99771e+06 0 0 0 0 0 79 224 89 40 0 0 0 0 0 0 0 0 0 0 0 0 50 305 30 259 0 0 0 0 0 0 0 0 0 0 0 0 0 0 0 0 147 11 100 16 0 0 0 0 81 28 348 6 0 0 0 0 0 0 0 0
51 ACC 0 92 0 180 279 4.99577e+06 147 547 148 142 52 9 0 0 0 0 118 0 242 0 124 31 59 75 34 111 78 22 206 69 334 59 0 0 0 0 193 31 152 230 0 0 0 0 0 0 0 0 0 0 0 0 148 32 64 115 0 0 0 0 93 0 11 0
52 GAT 0 0 0 0 141 461 3846 4257 0 7345 0 381 891 2021 384 2052 730 0 650 0 0 0 0 0 0 0 0 0 10 176 346 78 166 64 209 4.93066e+06 5737 6858 10821 2480 449 104 89 167 418 1076 342 98 0 0 0 0 1928 343 1658 5161 0 1282 0 5989 27 0 103 0
53 TTG 2347 190 3599 800 372 123 913 332 974 602 1159 106 215 122 356 46 0 738 0 87 155 107 468 300 3623 93 210 846 100 124 314 96 429 241 510 322 920 1328 389 1844 44 83 66 88 2853 2285 231 1647 0 1822 0 1478 202 924 1677 712 0 0 1110 0 45 1096 4.95778e+06 354
54 TCT 0 28 0 274 0 0 0 0 361 127 216 469 0 0 0 0 0 751 0 91 114 54 19 122 622 276 38 101 45 41 34 115 329 0 117 0 0 0 0 0 0 0 0 0 81 37 198 11 0 0 0 0 1268 514 158 4.99319e+06 0 0 0 0 134 0 69 0
55 GGG 0 0 0 0 65 154 17 186 406 56 141 79 0 0 0 0 241 183 92 2028 0 0 0 0 161 241 265 77 36 317 565 20 0 0 0 0 12 130 62 356 233 446 4.99077e+06 254 576 198 42 209 0 0 0 0 41 28 115 61 0 37 0 208 553 212 56 75
56 GCG 0 0 0 0 116 72 47 224 42 59 55 18 160 30 0 103 0 60 0 1069 170 35 85 240 59 22 37 23 0 0 0 0 0 789 0 781 204 179 4.9944e+06 151 0 0 0 0 0 0 0 0 0 0 0 0 30 47 650 45 0 0 0 0 0 0 0 0
57 CTA 0 0 0 0 0 0 0 0 449 0 189 0 0 0 0 0 0 254 0 145 152 190 38 48 509 84 85 761 4.9954e+06 177 496 174 0 0 0 0 0 0 0 0 0 0 0 0 0 0 0 0 0 0 0 0 0 0 0 0 0 0 0 0 610 0 236 0
58 AAC 783 4.99408e+06 33 403 12 142 182 41 63 9 226 4 0 0 0 0 0 151 0 153 0 0 0 0 145 37 379 288 27 69 54 4 161 0 138 0 80 149 489 156 9 50 122 211 14 351 124 13 0 0 0 0 46 97 174 54 0 0 0 0 20 0 255 0
59 GAG 0 0 0 0 0 0 0 0 24 202 78 180 0 0 0 0 0 0 0 0 0 0 0 0 57 56 18 24 46 195 156 17 527 0 4.99787e+06 386 0 0 0 0 0 0 0 0 0 0 0 0 0 0 0 0 23 1 21 60 0 0 0 0 25 0 35 0
60 CTG 0 0 0 0 0 0 0 0 49 186 120 149 135 209 270 56 0 0 0 0 155 118 196 36 31 216 185 21 270 17 4.99546e+06 337 0 422 0 207 105 0 97 247 0 0 0 0 24 48 1 165 0 0 0 0 179 42 90 45 0 0 0 0 35 0 72 0
61 CAA 629 0 56 0 43 326 29 31 242 158 472 32 0 0 0 0 4.99016e+06 1042 219 202 3 12 235 50 91 46 122 200 27 6 57 192 601 1146 214 544 137 368 23 167 139 27 14 185 227 91 82 6 0 121 0 464 96 22 0 90 0 0 0 0 76 117 150 216
62 GAT 0 0 0 0 362 64 111 47 0 43 0 176 0 0 0 0 0 0 0 0 0 0 0 0 0 0 0 0 12 17 324 7 169 13 2653 4.99480e+06 0 0 0 0 0 0 0 0 185 39 59 166 0 0 0 0 30 18 1 42 0 81 0 268 96 0 212 0
63 GAG 270 0 80 0 0 0 0 0 123 93 50 114 0 0 0 0 116 0 247 0 31 126 77 41 288 157 96 76 83 80 637 52 52 151 4.99452e+06 398 14 99 120 59 173 5 533 139 0 0 0 0 0 0 0 0 0 171 85 84 0 0 0 0 244 0 316 0
64 GCG 58 0 289 0 0 0 0 0 121 6 108 119 0 0 0 0 0 0 0 0 0 0 0 0 62 38 46 29 0 0 0 0 184 0 79 0 132 33 4.99685e+06 211 0 0 0 0 0 0 0 0 0 0 0 0 132 1142 46 315 0 0 0 0 0 0 0 0
65 GCC 0 0 0 0 0 0 0 0 19 12 19 176 0 0 0 0 0 0 0 0 42 25 107 105 93 11 13 110 0 0 0 0 65 0 339 0 89 4.99217e+06 467 46 0 0 0 0 1556 1289 790 1319 0 0 0 0 297 2 320 33 0 363 0 125 0 0 0 0
66 CGA 0 0 0 0 0 0 0 0 123 300 31 196 0 0 0 0 0 0 0 0 0 0 0 0 4.99734e+06 237 145 306 87 38 75 6 0 0 0 0 0 0 0 0 47 3 102 124 0 0 0 0 0 0 0 0 371 67 86 56 0 0 0 0 53 0 211 0
67 CTT 0 0 0 0 0 0 0 0 164 46 72 233 0 0 0 0 0 239 0 368 644 673 179 9 122 24 23 39 134 130 33 4.99621e+06 0 0 0 0 0 0 0 0 0 0 0 0 0 0 0 0 0 0 0 0 57 155 93 191 0 0 0 0 109 0 49 0
68 TCG 791 27 305 237 283 129 353 47 1239 14 1266 87 2 328 0 147 1349 0 273 0 0 0 0 0 772 2159 53 1954 112 20 73 49 0 0 0 0 232 102 334 354 15 230 131 231 0 0 0 0 0 287 0 33 759 25 4.98464e+06 528 0 0 0 0 0 0 28 0
69 TGG 0 0 0 0 56 31 129 19 0 88 0 139 0 0 0 0 0 0 0 0 0 0 0 0 0 0 0 0 99 8 179 35 0 0 0 0 38 67 49 110 206 312 19 501 0 0 0 0 0 97 0 263 35 29 134 12 0 0 4.99678e+06 0 324 0 242 0
70 CTG 0 0 0 0 0 0 0 0 160 53 312 129 0 0 275 0 0 0 0 0 93 82 258 48 183 49 35 75 29 39 4.99629e+06 660 0 0 0 0 0 0 0 0 0 0 0 0 150 10 417 35 0 0 0 0 45 9 0 42 0 0 0 0 1 0 517 0
71 GCC 0 0 0 0 0 0 0 0 115 358 247 372 0 0 0 0 0 0 0 0 158 191 43 249 124 74 172 0 0 0 0 0 0 0 0 0 157 4.99369e+06 274 967 180 527 61 80 231 34 34 76 0 0 0 0 178 831 154 161 0 244 0 16 0 0 0 0
72 ACA 0 0 0 0 4.99614e+06 279 804 717 0 430 0 142 0 0 0 0 0 0 0 0 192 21 43 38 0 0 0 0 0 0 0 0 0 0 0 0 0 0 0 0 40 57 178 88 0 0 0 0 0 0 0 0 130 266 10 76 0 336 0 12 0 0 0 0
73 ACA 0 0 0 0 4.99782e+06 40 1338 307 0 0 0 0 0 0 0 0 0 0 0 0 0 0 0 0 0 0 0 0 0 0 0 0 0 0 0 0 0 0 0 0 0 0 0 0 0 0 0 0 0 96 0 159 60 126 7 49 0 0 0 0 0 0 0 0
74 GGG 0 0 0 0 0 0 0 0 0 0 0 0 0 0 0 0 0 0 0 0 0 0 0 0 0 0 0 0 0 0 0 0 0 0 0 0 111 70 25 66 464 578 4.99735e+06 1340 0 0 0 0 0 0 0 0 0 0 0 0 0 0 0 0 0 0 0 0
75 GTT 0 0 0 0 200 40 70 25 0 0 0 0 0 0 0 0 133 0 243 0 0 0 0 0 0 0 0 0 110 57 191 94 0 0 0 0 46 47 66 89 0 0 0 0 494 401 135 4.99715e+06 0 0 0 0 0 0 0 0 0 0 0 0 272 0 141 0
76 CCG 0 0 0 0 235 110 16 110 146 95 145 185 0 0 0 0 113 203 481 144 70 0 4.99438e+06 333 528 45 91 147 312 69 316 93 0 0 0 0 0 0 0 0 8 18 114 110 0 0 0 0 0 0 0 0 83 83 389 533 0 0 0 0 152 0 146 0
77 TGC 0 0 0 0 61 89 18 51 32 43 132 53 0 0 0 0 0 0 0 0 0 0 0 0 51 0 54 5 23 13 28 87 0 0 0 0 0 0 0 0 101 292 126 11 273 153 251 33 0 0 0 0 94 37 185 68 0 4.99643e+06 0 853 95 0 262 0
78 GCA 0 0 0 0 46 88 375 19 58 34 47 58 0 0 0 0 0 0 0 0 0 0 0 0 425 104 355 27 4 30 38 6 0 0 0 0 4.99694e+06 49 213 436 0 0 0 0 0 0 0 0 0 0 0 0 54 239 126 15 0 0 0 0 144 0 68 0
79 GCG 299 205 1813 879 200 157 382 0 463 264 466 107 2146 864 0 1281 462 577 245 130 102 15 236 245 1092 484 482 286 0 0 0 0 157 0 228 0 201 52 4.98244e+06 227 763 413 152 210 49 34 16 205 0 0 0 0 56 135 229 547 0 0 0 0 0 0 0 0
80 GTT 0 0 0 0 0 0 0 0 381 0 105 0 0 0 0 0 0 0 0 0 0 0 0 0 95 172 140 47 21 117 89 95 0 0 0 0 0 0 0 0 0 0 0 0 857 353 87 4.99683e+06 0 0 0 0 0 0 0 0 0 170 0 67 65 0 310 0
81 TTA 0 0 0 0 142 36 0 290 22 0 14 0 373 139 0 242 0 0 0 0 122 154 36 66 178 153 104 213 490 646 55 165 712 0 69 0 77 112 55 62 124 12 62 135 0 0 0 0 0 0 0 0 0 0 0 0 0 0 0 0 4.99416e+06 0 776 0
82 GAT 0 0 0 0 0 0 0 0 0 0 0 0 0 0 0 0 0 0 0 0 0 0 0 0 0 0 0 0 0 0 0 0 0 125 0 4.99914e+06 0 0 0 0 0 0 0 0 0 0 0 0 0 204 0 533 0 0 0 0 0 0 0 0 0 0 0 0
83 GTT 0 0 0 0 0 0 0 0 324 270 611 308 51 99 0 269 0 0 0 0 0 0 0 0 159 246 127 751 145 251 601 20 0 0 0 0 33 52 817 11 304 285 238 79 191 128 247 4.97262e+06 0 0 0 0 266 166 183 27 0 0 0 0 261 4671 243 14946
84 GTA 0 0 0 0 159 24 176 28 0 133 0 160 84 86 0 82 466 0 142 0 0 0 0 0 0 0 0 0 38 54 27 30 0 0 0 0 389 120 6 175 0 0 0 0 4.99595e+06 113 54 552 0 0 0 0 239 29 92 74 0 235 0 169 55 0 57 0
85 ACG 0 0 0 0 130 639 4.9969e+06 10 0 36 0 196 57 117 0 225 0 0 0 0 0 0 0 0 0 0 0 0 0 0 0 0 0 0 0 0 43 147 160 150 0 0 0 0 85 64 147 22 0 0 0 0 110 191 92 132 0 132 0 217 0 0 0 0
86 GAG 0 0 0 0 0 0 0 0 0 0 0 0 0 0 0 0 0 0 0 0 0 0 0 0 0 0 0 0 59 42 124 7 313 0 4.99796e+06 0 94 4 157 161 7 112 146 360 23 165 69 17 0 0 0 0 0 0 0 0 0 0 0 0 0 0 182 0
87 GCG 97 0 471 0 0 0 0 0 21 348 27 122 12 174 719 134 0 258 0 14 233 356 19 65 82 12 171 42 285 29 97 45 0 0 0 0 92 141 4.99402e+06 833 0 0 0 0 10 68 174 102 0 0 0 0 109 118 201 174 0 0 0 0 90 0 34 0
88 GGC 0 111 0 197 0 0 0 0 117 59 8 161 0 0 0 0 0 0 0 0 0 0 0 0 63 106 2 31 23 71 38 34 0 288 0 66 0 0 0 0 165 4.99666e+06 2 481 85 19 23 186 0 0 0 0 110 149 416 180 0 0 0 0 58 0 88 0
89 AGG 0 0 0 0 18 131 69 31 120 71 4.99566e+06 30 0 0 0 0 0 204 0 312 0 0 0 0 204 731 965 37 0 0 0 0 0 0 0 0 0 0 0 0 220 203 105 135 0 0 0 0 0 0 0 0 15 501 36 197 0 0 0 0 0 0 0 0
90 GAT 0 0 0 0 39 182 69 76 94 107 52 171 0 0 0 0 0 0 0 0 0 0 0 0 20 58 99 35 0 0 0 0 0 643 0 4.99727e+06 50 246 100 28 35 90 272 127 0 0 0 0 0 0 0 0 54 33 50 0 0 0 0 0 0 0 0 0
91 TGG 0 0 0 0 0 0 0 0 15 302 73 332 0 0 0 0 368 0 23 0 0 0 0 0 43 110 145 76 30 82 229 116 0 0 0 0 0 0 0 0 358 208 194 92 0 0 0 0 0 0 0 0 70 4 75 8 0 112 4.99636e+06 442 39 0 94 0
92 CTA 0 0 0 0 0 0 0 0 0 0 0 0 0 0 0 0 0 0 0 0 152 70 52 127 0 0 0 0 4.99737e+06 613 4 337 0 0 0 0 91 61 46 56 0 0 0 0 0 0 0 0 0 0 0 0 0 0 0 0 0 130 0 146 654 0 92 0
93 TTA 0 0 0 0 0 0 0 0 24 18 165 40 0 0 0 0 0 0 0 0 77 286 186 148 195 62 64 79 106 719 285 324 0 0 0 0 0 0 0 0 0 0 0 0 72 21 141 246 0 0 0 0 99 72 24 35 0 0 0 0 4.99618e+06 176 87 67
94 TTA 0 0 0 0 221 130 294 463 75 0 284 0 0 0 0 0 0 0 0 0 191 92 48 183 140 32 76 62 483 225 364 56 0 0 0 0 0 0 0 0 0 0 0 0 0 0 0 0 0 0 0 0 0 0 0 0 0 0 0 0 4.99656e+06 0 20 0
95 GGT 0 0 0 0 0 0 0 0 187 83 465 35 0 0 0 0 0 0 0 0 0 0 0 0 221 87 124 70 33 74 52 119 0 0 0 0 0 0 0 0 565 178 117 4.99602e+06 187 214 228 154 0 0 0 0 39 171 68 20 0 10 0 271 200 0 4 0
96 GAG 393 0 192 0 0 0 0 0 39 0 34 0 0 0 0 0 140 0 234 0 0 0 0 0 70 4 92 30 9 104 18 110 508 0 4.99667e+06 0 480 7 62 98 194 14 341 36 0 0 0 0 0 0 0 0 0 0 0 0 0 0 0 0 79 0 44 0
97 GTT 0 0 0 0 101 11 94 125 336 0 66 0 0 0 0 0 0 0 0 0 0 0 0 0 32 496 66 168 228 126 7 183 0 0 0 0 0 0 0 0 149 187 18 44 319 127 120 4.99676e+06 0 0 0 0 0 0 0 0 0 0 0 0 234 0 3 0
98 CCG 0 0 0 0 80 239 34 40 41 34 179 174 0 0 0 0 166 0 130 0 96 116 4.99627e+06 110 205 64 336 529 90 47 53 172 0 0 0 0 0 0 0 0 51 94 89 116 0 0 0 0 0 0 0 0 22 38 47 6 0 0 0 0 162 0 171 0
99 GGG 0 0 0 0 0 0 0 0 114 20 0 129 0 0 0 0 0 0 0 0 0 0 0 0 16 134 150 219 0 0 0 0 0 0 0 0 29 46 245 12 464 632 4.99624e+06 387 0 94 121 89 0 0 0 0 25 269 52 160 0 249 0 109 0 0 0 0
100 CAA 409 0 68 0 49 79 153 135 72 45 33 91 0 0 0 0 4.99655e+06 0 42 0 193 89 65 283 8 146 41 160 7 96 125 65 242 0 218 0 0 0 0 0 0 0 0 0 0 0 0 0 0 0 0 0 21 79 9 45 0 0 0 0 355 0 29 0
101 GAC 0 0 0 0 0 0 0 0 0 349 0 148 0 0 0 0 0 0 0 0 0 0 0 0 0 0 0 0 0 0 0 0 0 4.99679e+06 0 586 86 15 216 502 120 25 12 130 80 230 321 31 0 0 0 0 214 73 31 41 0 0 0 0 0 0 0 0
102 TTG 0 0 0 0 0 0 0 0 12 0 492 0 0 0 0 0 0 0 0 0 31 6 316 113 385 153 166 169 119 43 216 602 0 0 0 0 174 23 243 233 0 0 0 0 0 0 0 0 0 0 0 0 0 0 0 0 0 0 0 0 1244 0 4.99526e+06 0
103 CTT 0 0 0 0 0 0 0 0 12 37 51 7 0 0 0 0 0 0 0 0 28 56 185 17 57 6 20 116 53 852 323 4.99768e+06 0 0 0 0 0 0 0 0 0 0 0 0 0 0 0 0 0 0 0 0 198 101 62 66 0 0 0 0 55 0 17 0
104 AGT 0 0 0 0 420 608 29 189 149 274 125 4.99529e+06 54 51 0 272 0 0 0 0 0 0 0 0 450 0 77 122 27 8 9 78 0 0 0 0 0 0 0 0 327 170 55 206 74 5 17 150 0 0 0 0 28 170 327 58 0 0 0 0 89 0 93 0
105 TCC 0 0 0 0 0 0 0 0 81 331 93 9 0 0 0 0 0 0 0 0 0 0 0 0 217 81 111 85 35 43 55 47 0 0 0 0 0 0 0 0 733 21 142 82 0 0 0 0 0 0 0 0 321 4.99614e+06 734 230 0 0 0 0 61 0 348 0
106 CAC 0 0 0 0 0 0 0 0 119 255 136 334 0 0 0 0 360 4.99190e+06 714 106 184 305 1160 263 313 39 147 35 0 0 0 0 172 303 1013 362 37 25 25 247 108 105 372 69 0 0 0 0 0 0 0 0 40 112 64 315 0 174 0 82 0 0 0 0
107 CTG 0 0 0 0 0 0 0 0 0 0 0 0 0 0 0 0 0 0 0 0 4 22 449 36 0 0 0 0 444 124 4.99631e+06 576 0 0 0 0 0 0 0 0 0 0 0 0 37 113 104 79 0 0 0 0 0 0 0 0 0 0 0 0 1520 0 184 0
108 GCC 0 0 0 0 0 0 0 0 0 327 0 100 0 0 0 0 0 0 0 0 2425 483 237 344 0 0 0 0 0 0 0 0 172 0 150 0 232 4.99265e+06 46 325 372 134 83 140 137 104 69 386 0 0 0 0 97 233 11 746 0 0 0 0 0 0 0 0
109 CCG 0 0 0 0 32 289 9 16 59 39 43 101 0 0 0 0 297 0 36 0 2 437 4.99657e+06 415 50 72 13 21 362 8 68 152 0 0 0 0 0 0 0 0 0 0 0 0 515 74 31 0 0 0 0 0 21 24 91 60 0 0 0 0 22 0 72 0
110 GCG 0 0 0 0 0 0 0 0 0 178 0 65 0 0 0 0 0 0 0 0 6 156 63 148 0 0 0 0 52 173 0 163 0 0 0 0 80 28 4.99731e+06 259 0 0 0 0 0 0 0 0 0 0 0 0 35 87 279 370 0 67 0 317 116 0 49 0
111 GAG 0 0 0 0 126 97 4 150 89 0 33 0 0 0 0 0 0 0 0 0 0 0 0 0 33 32 56 41 26 135 122 208 285 0 4.99784e+06 0 0 0 0 0 147 58 54 158 0 0 0 0 0 0 0 0 0 0 0 0 0 0 0 0 203 0 108 0
112 AAA 4.9996e+06 0 146 0 0 0 0 0 0 0 0 0 23 95 0 140 0 0 0 0 0 0 0 0 0 0 0 0 0 0 0 0 0 0 0 0 0 0 0 0 0 0 0 0 0 0 0 0 0 0 0 0 0 0 0 0 0 0 0 0 0 0 0 0
113 GTA 0 0 0 0 258 417 416 141 42 0 30 0 0 0 0 0 0 0 0 0 0 0 0 0 54 90 58 34 75 11 151 180 0 0 0 0 0 0 0 0 68 28 91 81 4.99652e+06 315 487 362 0 0 0 0 0 0 0 0 0 0 0 0 80 0 10 0
114 AGT 0 0 0 0 0 0 0 0 94 106 231 4.98163e+06 0 0 0 0 0 0 0 0 236 146 62 27 186 23 150 0 31 164 82 258 0 0 0 0 2418 3177 469 2109 110 330 76 126 85 62 59 324 0 0 0 0 279 117 461 72 0 5025 0 710 326 0 239 0
115 ATA 265 0 133 0 0 0 0 0 0 0 72 168 4.99832e+06 318 0 79 0 0 0 0 0 0 0 0 23 91 5 156 0 0 0 0 0 0 0 0 0 0 0 0 0 0 0 0 0 0 0 0 0 0 0 0 72 74 41 183 0 0 0 0 0 0 0 0
116 ATG 0 0 0 0 0 0 0 0 66 0 30 0 0 0 4.99857e+06 0 0 0 0 0 0 0 0 0 327 31 204 300 0 0 0 0 0 0 0 0 0 0 0 0 0 0 0 0 185 107 74 104 0 0 0 0 0 0 0 0 0 0 0 0 0 0 0 0
117 GCT 0 0 0 0 137 32 47 84 288 52 260 371 0 0 0 0 0 0 0 0 0 0 0 0 84 185 55 144 0 0 0 0 0 0 0 0 167 12 509 4.99729e+06 0 0 0 0 0 0 0 0 0 0 0 0 26 45 121 88 0 0 0 0 0 0 0 0
118 GAT 0 0 0 0 0 0 0 0 0 101 0 46 0 0 0 0 0 0 0 0 0 0 0 0 0 0 0 0 0 0 0 0 0 697 0 4.998e+06 21 181 161 22 0 0 0 0 206 8 174 117 0 0 0 0 159 35 48 25 0 0 0 0 0 0 0 0
119 GCT 0 0 0 0 33 10 200 35 0 52 0 115 0 0 0 0 0 0 0 0 0 0 0 0 0 0 0 0 0 0 0 0 170 0 130 0 162 276 622 4.99776e+06 0 0 0 0 0 0 0 0 0 0 0 0 60 79 267 26 0 0 0 0 0 0 0 0
120 ATG 0 0 0 0 530 7 37 345 21 79 19 136 255 80 4.99445e+06 29 22 0 239 0 0 0 0 0 140 49 50 156 107 529 634 19 0 0 0 0 0 0 0 0 74 347 70 63 85 58 66 109 0 0 0 0 13 14 27 25 0 0 0 0 762 0 350 0
121 AGG 0 0 0 0 1 191 87 411 870 378 4.99427e+06 99 102 9 0 261 0 0 0 0 103 150 8 105 289 257 16 55 252 173 21 158 0 0 0 0 0 0 0 0 308 77 28 14 0 0 0 0 0 105 0 161 140 85 47 268 0 0 0 0 367 0 133 0
122 CGT 0 0 0 0 129 51 331 7 470 22 208 804 0 0 0 0 0 0 0 0 0 0 0 0 411 679 54 4.97735e+06 294 2329 1391 2672 0 0 0 0 76 404 107 74 124 272 19 96 62 115 145 151 0 0 0 0 238 448 47 466 0 0 416 0 5541 0 3999 0
123 TTA 0 0 0 0 0 0 0 0 390 13 21 56 0 0 0 0 0 0 0 0 0 0 0 0 128 157 81 480 7 264 287 127 0 0 0 0 0 0 0 0 62 164 7 41 390 227 151 50 0 0 0 0 0 33 13 169 0 0 0 0 4.99613e+06 0 550 0
124 CAC 0 0 0 0 75 97 302 116 159 23 235 51 0 0 0 0 271 4.9957e+06 47 476 71 127 249 298 183 147 6 0 113 8 40 72 0 322 0 240 0 0 0 0 0 0 0 0 0 0 0 0 0 0 0 0 73 45 188 130 0 0 0 0 27 0 109 0
125 ACA 0 119 0 488 4.99422e+06 47 355 64 126 477 12 323 0 0 0 0 0 0 0 0 9 98 337 151 12 191 324 347 0 0 0 0 0 0 0 0 172 438 20 331 59 115 66 6 0 0 0 0 0 0 0 0 344 214 153 378 0 0 0 0 0 0 0 0
126 CTA 0 0 0 0 0 0 0 0 46 0 25 0 0 0 0 0 0 0 0 0 723 132 1 65 128 78 86 6 4.99736e+06 64 142 286 0 0 0 0 0 0 0 0 0 0 0 0 54 198 148 184 0 0 0 0 0 0 0 0 0 0 0 0 12 0 259 0
127 GAT 0 0 0 0 0 0 0 0 0 174 0 269 0 0 0 0 97 0 176 0 0 0 0 0 0 0 0 0 0 0 0 0 0 714 0 4.99561e+06 0 0 0 0 0 0 0 0 0 0 0 0 0 85 0 279 962 320 688 625 0 0 0 0 0 0 0 0
128 CCA 0 0 0 0 17 38 202 97 64 183 64 1 0 0 0 0 0 0 0 0 4.9978e+06 386 129 215 99 18 69 58 118 15 19 110 0 0 0 0 0 0 0 0 0 0 0 0 0 0 0 0 0 0 0 0 20 93 3 91 0 0 0 0 22 0 67 0
129 GCA 0 0 0 0 0 0 0 0 109 57 180 118 0 0 0 0 0 0 0 0 42 182 37 56 73 124 36 207 103 178 132 26 0 0 0 0 4.99564e+06 349 251 486 0 0 0 0 0 0 0 0 0 310 0 12 97 0 936 248 0 0 0 0 0 0 10 0
130 ACG 195 8 131 225 591 195 4.99728e+06 53 0 271 0 25 0 0 0 0 0 0 0 0 0 0 0 0 0 0 0 0 76 48 231 232 0 0 0 0 0 0 0 0 0 0 0 0 0 0 0 0 0 0 0 0 11 33 123 2 0 0 0 0 218 0 57 0
131 TGC 0 0 0 0 64 84 166 36 111 34 74 3 0 0 0 0 0 0 0 0 0 0 0 0 23 12 44 11 39 99 21 55 0 0 0 0 0 0 0 0 0 0 0 0 0 0 0 0 0 0 0 0 146 43 43 64 0 4.99871e+06 0 93 4 0 20 0
132 CCA 0 0 0 0 94 239 112 211 163 0 140 60 0 0 0 0 0 0 0 0 4.99633e+06 282 484 195 34 0 30 213 45 113 154 54 0 0 0 0 275 109 68 63 0 0 0 0 0 0 0 0 0 0 0 0 99 101 47 179 0 0 0 0 79 0 26 0
133 TTC 0 0 0 0 0 0 0 0 0 0 0 0 0 0 0 0 0 0 0 0 0 0 0 0 0 0 0 0 19 86 2 76 0 0 0 0 0 0 0 0 0 0 0 0 0 0 0 0 0 0 0 0 0 0 0 0 0 0 0 0 178 4.99958e+06 18 36
134 GAT 0 0 0 0 0 0 0 0 0 0 0 0 0 0 0 0 176 0 549 0 0 0 0 0 0 0 0 0 0 0 0 0 0 602 0 4.99867e+06 0 0 0 0 0 0 0 0 0 0 0 0 0 0 0 0 0 0 0 0 0 0 0 0 0 0 0 0
135 CAC 0 0 0 0 28 197 94 46 0 0 0 0 0 0 0 0 0 4.99901e+06 0 213 4 231 44 130 0 0 0 0 0 0 0 0 0 0 0 0 0 0 0 0 0 0 0 0 0 0 0 0 0 0 0 0 0 0 0 0 0 0 0 0 0 0 0 0
136 CAA 0 0 0 0 363 25 43 468 42 6 256 90 0 0 0 0 4.99763e+06 0 480 0 0 0 0 0 26 9 10 46 0 0 0 0 0 0 0 0 0 0 0 0 0 0 0 0 0 0 0 0 0 0 0 0 265 41 161 38 0 0 0 0 0 0 0 0
137 GCG 213 0 130 0 215 11 73 367 830 53 2799 128 4155 190 811 6917 462 0 296 0 0 0 0 0 1216 1480 28 1531 429 1069 178 845 0 0 0 0 482 66 4.96076e+06 631 0 0 0 0 88 2017 385 335 0 861 0 6144 105 0 44 150 0 203 0 153 866 1551 673 60
138 AAA 4.99832e+06 0 229 0 0 0 0 0 164 9 204 100 0 0 0 0 0 0 0 0 0 0 0 0 14 207 165 80 0 0 0 0 0 0 0 0 75 169 32 87 0 0 0 0 0 0 0 0 0 0 0 0 24 23 38 58 0 0 0 0 0 0 0 0
139 CAC 0 274 0 272 0 0 0 0 129 68 279 25 0 0 0 0 439 4.99448e+06 135 216 95 42 141 217 93 29 48 164 69 156 55 162 0 132 0 334 193 254 18 196 0 0 0 0 222 98 16 57 0 0 0 0 3 186 121 18 0 0 0 0 96 262 56 152
140 CGA 0 0 0 0 0 0 0 0 248 48 21 138 0 0 0 0 0 0 0 0 0 0 0 0 4.99776e+06 26 61 71 84 52 66 137 0 0 0 0 0 0 0 0 34 181 0 296 0 0 0 0 0 0 0 0 31 80 69 308 0 0 0 0 178 0 111 0
141 ATA 0 0 0 0 156 5 33 180 50 67 62 12 4.99487e+06 669 0 432 0 0 0 0 0 0 0 0 47 177 8 39 98 131 24 88 0 0 0 0 0 0 0 0 0 0 0 0 869 435 481 401 0 0 0 0 0 24 115 53 0 53 0 250 100 0 67 0
142 GAA 299 0 41 0 0 0 0 0 0 0 0 0 0 0 0 0 0 0 0 0 96 34 1 130 0 0 0 0 0 0 0 0 4.99908e+06 0 28 0 0 0 0 0 34 80 87 86 0 0 0 0 0 0 0 0 0 0 0 0 0 0 0 0 0 0 0 0
143 CGA 0 0 0 0 1797 162 102 2659 109 200 26 136 196 24 0 132 0 579 0 117 217 174 77 74 4.98859e+06 270 276 313 568 42 387 61 0 0 0 0 144 85 11 34 105 75 71 178 156 134 437 297 0 0 0 0 232 103 84 265 0 0 0 0 249 0 48 0
144 GCA 0 0 0 0 0 0 0 0 0 0 0 88 114 53 0 89 0 0 0 0 0 0 0 0 0 0 0 0 0 0 0 0 0 0 0 0 4.99828e+06 201 621 224 0 0 0 0 0 0 0 0 0 0 0 0 133 47 47 100 0 0 0 0 0 0 0 0
145 AGA 0 0 0 0 0 0 0 0 4.99433e+06 21 145 50 0 0 0 0 0 139 0 515 0 0 0 0 428 278 499 808 528 194 322 89 0 0 0 0 28 95 161 44 130 38 62 132 0 0 0 0 0 0 0 0 198 8 124 41 0 0 0 0 286 248 9 53
146 ACT 414 76 2185 376 460 113 35 4.9658e+06 1007 187 373 267 735 113 0 184 908 861 802 615 70 22 198 16 283 786 1000 27 1665 481 1505 212 2116 157 1221 209 425 478 94 375 70 157 66 53 2862 975 708 4815 0 0 0 0 154 6 124 223 0 608 0 170 1723 0 435 0
147 CGC 0 0 0 0 0 0 0 0 479 63 333 281 0 0 0 0 0 0 0 0 0 0 0 0 107 4.99644e+06 82 124 122 0 132 456 0 0 0 0 0 0 0 0 117 114 272 179 0 0 0 0 0 0 0 0 24 49 389 40 0 0 0 0 70 0 130 0
148 ATG 0 0 0 0 0 0 0 0 0 0 0 0 267 32 4.99908e+06 179 0 0 0 0 0 0 0 0 0 0 0 0 0 0 0 0 0 0 0 0 0 0 0 0 0 0 0 0 413 25 7 1 0 0 0 0 0 0 0 0 0 0 0 0 0 0 0 0
149 GAG 1448 1508 1051 1260 0 0 0 0 10 73 382 10 1062 166 0 2138 876 577 313 76 0 0 0 0 42 240 206 143 612 648 784 2190 189 119 4.97647e+06 398 19 150 49 47 1010 207 41 1147 122 241 433 189 0 116 0 279 16 796 56 113 0 857 0 137 76 105 289 513
150 GCT 0 0 0 0 72 45 84 137 103 200 36 56 0 0 0 0 427 1363 351 427 31 160 69 11 46 21 311 26 0 0 0 0 219 0 104 0 105 604 932 4.99294e+06 0 0 0 0 0 228 95 85 0 0 0 0 140 108 384 77 0 0 0 0 0 0 0 0
151 GGA 0 733 0 57 0 0 0 0 40 34 291 53 0 0 0 0 0 0 0 0 0 0 0 0 226 330 87 59 0 0 0 0 715 0 407 0 0 0 0 0 4.99481e+06 278 580 194 352 79 40 130 0 0 0 0 50 18 131 57 0 136 0 109 0 0 0 0
152 CTA 0 0 0 0 0 0 0 0 20 24 72 68 0 0 405 0 0 0 0 0 0 0 0 0 28 31 52 111 4.99626e+06 387 1110 787 0 0 0 0 0 0 0 0 0 0 0 0 0 0 0 0 0 10 0 239 23 20 5 136 0 0 0 0 83 0 127 0
153 GTA 0 0 0 0 288 79 73 29 103 21 41 39 671 578 1219 600 0 0 0 0 758 3970 606 2264 128 31 12 151 565 907 2574 2632 0 0 0 0 0 0 0 0 104 89 52 93 4.97063e+06 564 446 7 0 0 0 0 56 34 82 44 0 441 0 23 2050 2987 1402 2558
154 GAT 0 0 0 0 0 0 0 0 38 0 525 0 0 0 0 0 0 0 0 0 0 0 0 0 17 201 157 19 15 161 15 55 0 113 0 4.99768e+06 0 0 0 0 204 125 65 121 23 239 128 57 0 0 0 0 0 0 0 0 0 0 0 0 16 0 23 0
155 CAA 0 0 0 0 3005 336 3673 4734 659 47 95 246 1910 2584 5429 3436 4.83629e+06 197 26 94 126 339 129 154 13 111 14 148 100 2540 244 78 3426 0 6147 0 201 104 34 176 357 180 1144 165 3375 21255 3781 1189 0 4549 0 5184 214 205 20 126 0 2343 75997 1699 82 633 317 342
156 GAT 0 0 0 0 0 0 0 0 41 10 28 134 0 0 0 0 0 0 0 0 0 0 0 0 13 14 135 87 1 111 11 108 0 8 0 4.99748e+06 146 45 227 303 0 0 0 0 0 0 0 0 0 639 0 107 18 18 56 63 0 0 0 0 69 0 129 0
157 GAT 0 0 0 0 0 0 0 0 0 0 0 0 0 0 0 0 0 0 0 0 0 0 0 0 0 0 0 0 0 0 0 0 0 76 0 4.999e+06 79 81 141 6 160 24 58 144 82 22 119 13 0 0 0 0 0 0 0 0 0 0 0 0 0 0 0 0
158 CTT 0 215 0 23 161 101 9 79 155 0 96 0 0 0 360 0 135 0 125 0 13 0 221 13 130 62 425 13 317 26 540 4.93771e+06 0 0 0 0 0 0 0 0 0 0 0 0 63 77 25 100 0 1945 0 7471 0 0 0 0 0 0 2828 0 4 5802 156 40601
159 GAC 0 0 0 0 172 14 106 208 115 0 26 0 0 0 0 0 0 0 0 0 0 0 0 0 333 9 160 176 0 0 0 0 120 4.99728e+06 288 24 0 0 0 0 2 35 122 138 0 0 0 0 0 667 0 10 0 0 0 0 0 0 0 0 0 0 0 0
160 GAG 0 184 0 170 0 0 0 0 60 142 277 104 0 0 0 0 2039 0 127 0 0 0 0 0 357 113 154 53 14 38 243 117 344 2239 4.98919e+06 2078 130 295 71 97 32 215 11 168 0 0 0 0 0 0 0 0 146 43 28 4 0 158 0 122 15 139 128 151
161 GAG 0 0 0 0 0 0 0 0 29 67 377 6 0 0 0 0 301 0 42 0 0 0 0 0 3 40 0 29 0 0 0 0 151 0 4.9984e+06 0 66 191 7 93 0 0 0 0 0 0 0 0 0 0 0 0 55 67 58 18 0 0 0 0 0 0 0 0
162 CAT 0 1802 0 6588 312 8 88 118 47 117 80 9 0 0 0 0 0 278 0 4.98706e+06 0 0 0 0 47 92 147 3 38 48 31 0 0 0 0 0 0 0 0 0 1278 53 396 1059 0 0 0 0 0 0 0 0 16 13 124 6 0 0 0 0 96 0 51 0
163 CAA 297 0 130 0 2938 1307 1327 289 164 67 689 52 1848 7523 7263 3746 4.91565e+06 113 45 252 130 191 181 27 458 133 190 153 706 10621 943 5596 84 0 257 0 923 2038 486 1141 7 104 100 234 4396 6595 2376 1018 0 3447 0 4688 400 47 354 192 0 2160 404 811 1669 1553 659 825
164 GGG 0 0 0 0 0 0 0 0 149 28 23 27 0 0 0 0 0 0 0 0 0 0 0 0 156 6 39 3 0 0 0 0 0 0 0 0 0 0 0 0 450 263 4.99694e+06 528 349 74 69 201 0 0 0 0 182 48 5 60 0 109 0 289 0 0 0 0
165 CTG 0 182 0 301 196 245 41 171 67 0 24 0 286 181 404 308 0 0 0 0 992 135 107 43 86 147 39 20 29 89 4.98648e+06 532 0 0 0 0 100 87 28 25 0 0 0 0 991 2016 618 784 0 253 0 250 0 0 0 0 0 287 0 246 1207 299 479 1229
166 GCG 199 0 384 0 122 154 162 1 111 29 152 93 18 170 0 235 0 0 0 0 0 0 0 0 0 23 3 4 402 490 181 29 139 0 372 0 88 40 4.99387e+06 406 0 0 0 0 30 334 45 122 0 0 0 0 136 315 15 34 0 0 0 0 678 0 417 0
167 CCC 32 0 241 0 451 124 46 160 20 13 103 45 1587 381 373 1953 232 0 202 0 652 4.97233e+06 153 144 170 103 84 0 980 897 4431 927 0 0 0 0 49 80 85 59 110 53 379 103 714 1113 1852 1062 0 76 0 344 51 47 42 121 0 50 0 372 4807 0 1601 0
168 GCG 574 0 5 0 92 940 498 194 19 285 115 771 119 698 0 136 0 51 0 290 0 0 0 0 86 272 472 16 321 128 224 56 8 0 356 0 190 272 4.98792e+06 661 0 0 0 0 72 41 188 64 0 0 0 0 452 1132 197 1051 0 0 554 0 129 99 17 240
169 GAA 0 0 0 0 0 0 0 0 0 69 0 121 0 0 0 0 72 0 194 0 55 126 33 34 0 0 0 0 30 72 25 34 4.99749e+06 0 388 0 0 0 0 0 22 100 179 260 196 128 9 121 0 0 0 0 36 36 44 1 0 0 0 0 108 0 16 0
170 CTC 0 0 0 0 0 0 0 0 0 0 0 0 0 0 0 0 0 0 0 0 34 539 51 237 0 0 0 0 170 4.99679e+06 775 244 0 0 0 0 0 0 0 0 0 0 0 0 0 0 0 0 0 0 0 0 0 0 0 0 0 758 0 90 19 0 294 0
171 TTT 0 0 0 0 0 0 0 0 43 91 863 43 0 0 0 0 0 0 0 0 76 31 83 102 101 410 23 33 939 94 299 215 0 0 0 0 0 0 0 0 28 52 313 181 62 68 306 39 0 0 0 0 146 55 86 105 0 0 0 0 166 8 180 4.99476e+06
172 GCT 0 0 0 0 0 0 0 0 714 0 311 0 0 0 0 0 318 0 68 0 0 0 0 0 541 7 186 484 0 0 0 0 340 0 286 0 31 85 182 4.99493e+06 0 0 0 0 350 88 323 752 0 0 0 0 0 0 0 0 0 0 0 0 0 0 0 0
173 AGG 0 0 0 0 0 0 0 0 774 62 4.9818e+06 289 0 0 4885 0 1085 0 754 0 0 0 0 0 35 423 923 435 198 1056 303 1344 365 0 24 0 24 63 231 155 120 25 49 50 171 66 97 537 0 0 0 0 348 33 104 460 0 0 0 0 1741 0 968 0
174 TTG 0 0 0 0 0 0 0 0 0 0 0 0 0 0 0 0 0 0 0 0 0 0 0 0 0 0 0 0 89 277 56 410 0 0 0 0 0 0 0 0 0 0 0 0 0 0 0 0 0 0 0 0 0 0 0 0 0 45 0 340 104 0 4.99868e+06 0
175 AAA 4.98543e+06 0 582 0 0 0 0 0 37 25 99 50 24 223 0 34 638 0 96 0 0 0 0 0 90 0 79 9 2256 845 1381 2613 0 0 0 0 0 0 0 0 139 117 23 166 501 1434 27 505 0 0 0 0 16 7 122 54 0 0 0 0 2279 0 99 0
176 GCT 0 0 0 0 0 0 0 0 64 4 14 68 0 0 0 0 0 0 0 0 0 0 0 0 276 219 206 241 97 52 38 87 0 0 0 0 422 435 192 4.99667e+06 0 0 0 0 0 0 0 0 0 0 0 0 81 221 83 268 0 0 0 0 51 0 208 0
177 CGG 0 2352 0 4953 10460 48743 4133 21207 146 4724 515 27386 7069 6239 6032 3225 1387 120 975 3851 162 114 50 134 410 373 4.63654e+06 868 10628 3792 8772 10379 1584 1737 11268 1029 1445 6064 8833 6127 3656 2768 17481 7451 2071 154 3113 1272 0 199 0 2775 7757 7713 22576 2913 0 5344 6930 12511 9729 14050 3826 1884
178 ATG 1265 0 300 0 529 1730 217 478 1714 38 80 68 385 135 4.95691e+06 250 86 1131 666 857 331 826 741 1741 403 462 1390 3295 1630 992 240 345 192 0 255 0 55 22 191 9 120 13 97 101 285 100 796 473 0 4462 0 2973 21 80 46 62 0 514 2568 1251 925 4442 36 679
179 CCC 0 0 0 0 40 277 106 77 593 311 549 39 297 344 0 628 238 0 285 0 220 4.99212e+06 795 714 455 196 85 277 70 394 63 38 0 0 0 0 0 0 0 0 0 0 0 0 0 0 0 0 0 0 0 0 72 354 90 25 0 0 0 0 123 0 127 0
180 GAC 0 0 0 0 311 11 140 157 499 59 267 87 828 134 0 108 0 0 0 0 287 25 9 36 263 33 130 39 22 100 106 166 345 4.99185e+06 12 632 236 236 139 184 211 130 2 68 0 0 0 0 0 0 0 0 36 13 202 20 0 0 346 0 8 708 108 700
181 GGT 0 0 0 0 149 114 32 23 319 123 106 807 0 0 0 0 0 0 0 0 0 0 0 0 244 114 220 218 36 95 17 16 0 0 0 0 62 267 168 47 12 160 58 4.99243e+06 194 912 20 640 0 47 0 518 113 178 32 279 0 908 0 230 9 0 82 0
182 GAA 0 0 0 0 59 55 195 235 0 96 0 11 0 0 0 0 0 0 0 0 0 0 0 0 0 0 0 0 0 0 0 0 4.9975e+06 0 422 0 83 20 67 135 38 114 186 242 34 53 165 27 0 0 0 0 3 49 134 73 0 0 0 0 0 0 0 0
183 GAT 0 0 0 0 0 0 0 0 101 0 221 0 0 0 0 0 0 0 0 0 0 0 0 0 0 26 332 51 0 0 0 0 0 36 0 4.99896e+06 0 0 0 0 66 33 87 82 0 0 0 0 0 0 0 0 0 0 0 0 0 0 0 0 0 0 0 0
184 TTG 0 0 0 0 0 0 0 0 19 0 202 0 0 0 0 0 98 0 771 0 64 81 12 309 59 151 49 60 3 368 129 418 0 0 0 0 0 0 0 0 0 0 0 0 0 0 0 0 0 0 0 0 0 0 0 0 0 0 0 0 149 0 4.99706e+06 0
185 GTG 0 0 0 0 0 0 0 0 139 41 51 172 0 0 0 0 0 0 0 0 0 0 0 0 55 146 52 26 44 79 24 51 0 0 0 0 139 92 381 15 0 0 0 0 179 464 4.99752e+06 35 0 0 0 0 4 68 4 31 0 0 0 0 175 0 8 0
186 GTA 0 0 0 0 0 0 0 0 0 0 0 0 0 0 0 0 0 0 0 0 15 24 181 72 0 0 0 0 79 158 123 26 0 0 0 0 53 189 124 281 0 0 0 0 4.99779e+06 131 145 466 0 0 0 0 0 0 0 0 0 0 0 0 66 0 78 0
187 ACT 0 0 0 0 29 398 65 4.99888e+06 0 92 0 74 0 0 0 0 0 0 0 0 0 0 0 0 0 0 0 0 0 0 0 0 0 0 0 0 0 0 0 0 0 0 0 0 0 0 0 0 0 0 0 0 52 130 12 267 0 0 0 0 0 0 0 0
188 CAT 0 0 0 0 0 0 0 0 127 0 6 0 0 0 0 0 339 119 168 4.99677e+06 66 102 76 226 28 80 156 174 42 159 279 135 0 0 0 0 0 0 0 0 0 0 0 0 0 0 0 0 0 52 0 580 0 0 0 0 0 214 0 30 27 0 48 0
189 GGG 0 0 0 0 0 0 0 0 0 187 0 354 0 0 0 0 0 0 0 0 0 0 0 0 0 0 0 0 72 159 11 28 0 0 0 0 0 0 0 0 149 73 4.99754e+06 387 269 25 137 136 0 0 0 0 314 85 9 17 0 0 0 0 43 0 9 0
190 GAT 0 0 0 0 0 0 0 0 0 0 0 0 0 0 0 0 0 0 0 0 0 0 0 0 0 0 0 0 0 0 0 0 31 493 272 4.99896e+06 0 0 0 0 34 18 32 165 0 0 0 0 0 0 0 0 0 0 0 0 0 0 0 0 0 0 0 0
191 GCC 0 0 0 0 0 0 0 0 32 146 37 83 0 0 0 0 0 3969 0 374 0 0 0 0 29 129 58 43 907 409 2 420 0 0 0 0 108 4.97032e+06 621 372 0 0 0 0 81 22 136 197 0 316 0 254 71 101 193 13 0 0 0 0 397 16682 173 3306
192 TGC 0 0 0 0 9182 2053 39496 18006 113 0 120 0 173 711 0 165 0 0 0 0 0 0 0 0 67 52 21 135 0 0 0 0 0 0 0 0 55 91 83 107 70 32 275 55 0 0 0 0 0 0 0 0 0 0 0 0 0 4.92876e+06 0 183 0 0 0 0
193 CTC 0 0 0 0 0 0 0 0 20 0 121 0 0 0 557 0 0 0 0 0 25 30 149 313 26 459 213 7 54 4.99555e+06 702 186 0 0 0 0 0 0 0 0 0 0 0 0 65 43 195 93 0 0 0 0 0 0 0 0 0 0 0 0 905 0 284 0
194 CCG 0 0 0 0 133 166 401 6 119 109 139 39 0 0 0 0 313 0 76 0 41 146 4.99644e+06 584 250 122 43 113 0 224 87 8 0 0 0 0 0 0 0 0 0 0 0 0 0 0 0 0 0 0 0 0 7 82 62 34 0 0 0 0 136 0 123 0
195 AAC 169 4.99803e+06 203 360 115 188 66 28 0 134 0 136 0 0 0 0 0 0 0 0 0 0 0 0 0 0 0 0 0 0 0 0 0 0 0 0 0 0 0 0 0 0 0 0 0 0 0 0 0 1 0 395 98 33 17 25 0 0 0 0 0 0 0 0
196 ATA 0 0 0 0 0 0 0 0 38 436 112 274 4.99423e+06 428 0 1786 0 0 0 0 0 0 0 0 210 357 193 70 13 83 13 21 0 0 0 0 0 0 0 0 0 0 0 0 45 65 97 90 0 0 0 0 549 53 302 294 0 0 0 0 227 0 11 0
197 ATG 59 0 202 0 91 69 34 77 129 0 2 0 0 0 4.99747e+06 0 515 0 551 0 0 0 0 0 56 2 43 4 88 20 13 49 0 171 0 250 0 0 0 0 0 0 0 0 0 0 0 0 0 0 0 0 0 0 0 0 0 0 0 0 85 0 17 0
198 GTG 0 0 0 0 0 0 0 0 58 0 47 0 0 0 0 0 0 0 0 0 0 0 0 0 59 130 62 26 30 94 88 23 0 0 0 0 234 53 49 28 41 44 123 63 777 206 4.99719e+06 377 0 0 0 0 0 0 0 0 0 0 0 0 43 0 151 0
199 GAA 0 0 0 0 0 0 0 0 107 257 47 104 0 0 0 0 0 188 0 79 0 0 0 0 75 17 118 192 0 0 0 0 4.99558e+06 0 118 0 128 21 24 660 9 483 63 84 0 0 0 0 0 0 0 0 94 688 17 186 0 172 0 492 0 0 0 0
200 AAC 0 4.99751e+06 0 542 55 528 88 2 0 62 0 75 0 0 0 0 0 0 0 0 0 0 0 0 0 0 0 0 37 10 428 1 0 0 0 0 0 0 0 0 0 0 0 0 120 115 54 100 0 0 0 0 76 28 47 46 0 0 0 0 47 0 32 0
201 GGC 0 0 0 0 16 27 93 186 71 132 205 91 0 0 0 0 0 0 0 0 0 0 0 0 111 158 24 183 0 0 0 0 0 50 0 214 0 0 0 0 1275 4.99536e+06 196 812 0 0 0 0 0 0 0 0 91 7 388 12 0 274 0 24 0 0 0 0
202 CGT 157 0 279 0 0 0 0 0 408 14 1000 52 0 0 0 0 0 0 0 0 0 0 0 0 120 198 584 4.99341e+06 37 24 637 120 0 0 0 0 0 0 0 0 0 0 0 0 0 0 0 0 0 0 0 0 135 261 617 116 0 282 0 195 328 0 1023 0
203 TTT 0 0 0 0 0 0 0 0 0 0 0 0 0 0 0 0 0 0 0 0 0 0 0 0 0 0 0 0 50 20 8 236 0 0 0 0 0 0 0 0 0 0 0 0 0 0 0 0 0 0 0 0 0 0 0 0 0 39 0 258 156 785 60 4.99839e+06
204 AGC 0 137 0 146 172 111 130 145 265 4.99544e+06 9 324 45 231 0 462 0 0 0 0 0 0 0 0 194 144 300 51 0 0 0 0 0 0 0 0 0 0 0 0 113 16 239 50 0 0 0 0 0 0 0 0 295 286 341 354 0 0 0 0 0 0 0 0
205 GGA 0 0 0 0 0 0 0 0 0 0 0 0 0 0 0 0 0 0 0 0 0 0 0 0 0 0 0 0 0 0 0 0 0 0 0 0 0 0 0 0 4.99841e+06 841 237 95 29 280 92 14 0 0 0 0 0 0 0 0 0 0 0 0 0 0 0 0
206 TTC 0 0 0 0 0 0 0 0 19 144 72 67 0 0 0 0 0 0 0 0 0 0 0 0 5 144 70 18 49 140 18 3 0 0 0 0 0 0 0 0 0 0 0 0 211 2 143 25 0 0 0 0 151 45 172 127 0 0 0 0 31 4.99801e+06 108 226
207 ATT 0 0 0 0 68 113 155 55 0 0 0 0 310 152 0 4.99886e+06 0 0 0 0 0 0 0 0 0 0 0 0 0 0 0 0 0 0 0 0 0 0 0 0 0 0 0 0 50 2 143 88 0 0 0 0 0 0 0 0 0 0 0 0 0 0 0 0
208 GAT 0 0 0 0 6 118 203 137 0 0 0 0 0 0 0 0 0 0 0 0 0 0 0 0 0 0 0 0 0 0 0 0 234 203 56 4.99766e+06 277 227 213 187 73 20 212 178 0 0 0 0 0 0 0 0 0 0 0 0 0 0 0 0 0 0 0 0
209 TGC 0 0 0 0 19 343 792 522 114 227 299 188 0 0 0 0 0 0 0 0 0 0 0 0 68 123 8 265 33 198 74 63 0 0 0 0 9 80 124 612 33 26 0 204 0 0 0 0 0 0 0 0 20 36 92 21 0 4.99475e+06 0 207 36 68 104 243
210 GGA 0 0 0 0 0 0 0 0 95 8 47 171 0 0 0 0 0 0 0 0 0 0 0 0 20 65 35 121 0 0 0 0 0 0 0 0 0 0 0 0 4.99683e+06 484 188 678 196 358 270 220 0 0 0 0 55 52 5 102 0 0 0 0 0 0 0 0
211 CGG 0 0 0 0 0 0 0 0 106 82 167 8 0 0 0 0 0 0 0 0 0 0 0 0 78 430 4.9967e+06 319 427 112 353 100 0 0 0 0 0 0 0 0 0 0 0 0 0 0 0 0 0 0 0 0 199 128 75 279 0 98 0 185 7 0 147 0
212 TTG 0 0 0 0 38 185 9 65 162 0 66 0 0 0 0 0 0 0 0 0 0 0 0 0 133 12 36 127 621 162 207 124 0 0 0 0 0 0 0 0 0 0 0 0 0 0 0 0 0 0 0 0 0 0 0 0 0 0 0 0 188 0 4.99786e+06 0
213 GGT 0 0 0 0 0 0 0 0 18 0 442 0 0 0 0 0 0 0 0 0 0 0 0 0 189 90 4 227 0 0 0 0 0 0 0 0 16 123 170 60 281 80 32 4.99732e+06 129 57 2 139 0 0 0 0 0 0 0 0 0 39 0 581 0 0 0 0
214 GTC 0 0 0 0 0 0 0 0 0 0 0 0 0 0 0 0 0 0 0 0 0 0 0 0 0 0 0 0 82 17 165 191 0 0 0 0 36 10 119 232 151 74 449 64 129 4.99796e+06 97 132 0 0 0 0 0 0 0 0 0 0 0 0 88 0 0 0
215 GCT 0 0 0 0 4 3 304 203 0 71 0 35 0 0 0 0 0 0 0 0 83 54 143 65 0 0 0 0 0 0 0 0 0 0 0 0 369 109 0 4.99761e+06 75 111 93 62 0 0 0 0 0 0 0 0 440 80 61 29 0 0 0 0 0 0 0 0
216 GAT 0 0 0 0 0 0 0 0 0 41 0 45 0 0 0 0 0 0 0 0 0 0 0 0 0 0 0 0 45 5 82 12 0 260 0 4.99762e+06 9 50 21 167 149 127 72 52 84 43 158 98 0 243 0 196 62 27 172 5 0 0 0 0 0 0 152 0
217 CGA 0 0 0 0 0 0 0 0 29 189 212 256 0 0 0 0 0 0 0 0 0 0 0 0 4.99771e+06 184 244 64 27 90 34 92 0 0 0 0 0 0 0 0 88 112 46 43 0 0 0 0 0 0 0 0 202 38 1 186 0 0 0 0 108 0 45 0
218 TAT 0 0 0 0 0 0 0 0 0 92 0 288 0 0 0 0 0 0 0 0 0 0 0 0 0 0 0 0 0 0 0 0 0 0 0 0 0 0 0 0 0 0 0 0 0 0 0 0 0 374 0 4.99889e+06 110 16 130 98 0 0 0 0 0 0 0 0
219 CAA 244 0 32 0 384 109 5 42 66 0 42 0 0 0 0 0 4.99588e+06 708 1493 14 30 311 0 3 202 142 258 32 0 0 0 0 0 0 0 0 0 0 0 0 0 0 0 0 0 0 0 0 0 0 0 0 0 0 0 0 0 0 0 0 0 0 0 0
220 GAT 0 0 0 0 0 0 0 0 0 0 0 0 0 0 0 0 0 0 0 0 0 0 0 0 0 0 0 0 0 0 0 0 0 303 0 4.99866e+06 66 177 3 247 125 91 132 192 0 0 0 0 0 0 0 0 0 0 0 0 0 0 0 0 0 0 0 0
221 ATA 0 0 0 0 0 314 185 444 0 83 0 289 4.96518e+06 408 0 223 0 0 0 0 0 0 0 0 0 0 0 0 8025 11206 1546 7080 0 0 0 0 0 0 0 0 67 15 30 177 0 159 130 9 0 0 0 0 82 204 946 67 0 0 0 0 2230 0 901 0
222 GCA 0 0 0 0 0 0 0 0 0 0 0 0 0 0 0 0 0 0 0 0 0 0 0 0 0 0 0 0 0 0 0 0 0 0 0 0 4.99857e+06 159 360 147 176 48 25 13 138 31 16 316 0 0 0 0 0 0 0 0 0 0 0 0 0 0 0 0
223 TTG 0 0 0 0 0 0 0 0 142 0 76 0 0 0 0 0 0 0 0 0 0 0 0 0 10 160 15 12 799 102 202 778 0 0 0 0 0 0 0 0 0 0 0 0 0 0 0 0 0 0 0 0 0 0 0 0 0 0 0 0 566 0 4.99714e+06 0
224 GCA 0 0 0 0 0 0 0 0 0 226 0 400 0 0 0 0 0 0 0 0 57 64 105 76 0 0 0 0 49 55 86 44 590 0 132 0 4.99639e+06 113 158 109 170 21 57 80 22 149 176 10 0 0 0 0 59 148 242 120 0 0 0 0 57 0 35 0
225 ACT 0 0 0 0 51 93 12 4.99816e+06 0 24 0 20 350 24 0 35 0 0 0 0 0 0 0 0 0 0 0 0 0 0 0 0 0 0 0 0 0 0 0 0 0 0 0 0 417 39 380 107 0 0 0 0 116 105 29 33 0 0 0 0 0 0 0 0
226 CGC 0 0 0 0 89 81 39 62 918 130 384 54 0 0 0 0 0 0 0 0 0 0 0 0 643 4.99484e+06 113 197 207 16 176 292 0 0 0 0 0 0 0 0 153 9 190 30 0 0 0 0 0 0 0 0 311 275 282 229 0 0 0 0 124 0 152 0
227 GAT 0 0 0 0 0 0 0 0 129 92 48 1105 0 0 0 0 0 187 0 248 0 0 0 0 129 146 33 40 0 0 0 0 109 357 145 4.99502e+06 0 0 0 0 0 0 0 0 202 210 128 190 0 0 0 0 17 403 0 440 0 437 0 181 0 0 0 0
228 ATC 0 0 0 0 232 125 9 147 33 610 186 162 99 4.99648e+06 0 411 0 0 0 0 0 0 0 0 101 39 4 114 18 38 207 4 0 0 0 0 0 0 0 0 0 0 0 0 118 49 168 62 0 0 0 0 91 201 17 30 0 0 0 0 193 0 53 0
229 GCC 0 0 0 0 43 72 65 94 43 47 152 136 0 0 0 0 0 0 0 0 193 48 114 33 24 25 50 46 0 0 0 0 310 0 321 0 181 4.99671e+06 323 319 0 0 0 0 105 64 171 14 0 0 0 0 54 17 142 87 0 0 0 0 0 0 0 0
230 GAA 0 0 0 0 588 917 61 1279 0 4044 0 122 0 0 0 0 0 1210 0 468 120 42 127 26 0 0 0 0 0 0 0 0 4.9795e+06 0 467 0 224 80 97 176 29 375 408 33 0 0 0 0 0 0 0 0 701 247 8057 606 0 0 0 0 0 0 0 0
231 GAG 439 0 577 0 0 0 0 0 1213 0 801 0 0 0 0 0 0 2317 0 3648 0 0 0 0 972 1361 487 296 0 0 0 0 22 0 4.95732e+06 0 219 8 291 230 116 34 55 61 25 474 307 15 0 8227 0 19836 0 0 0 0 0 0 250 0 0 251 0 151
232 CTT 0 0 0 0 0 0 0 0 97 88 83 33 0 0 0 0 0 0 0 0 71 256 95 368 18 17 64 237 24 735 236 4.99675e+06 0 0 0 0 0 0 0 0 0 0 0 0 146 98 75 43 0 0 0 0 10 9 79 105 0 0 0 0 40 0 225 0
233 GGT 0 0 0 0 0 0 0 0 116 25 7 33 0 0 0 0 0 0 0 0 0 0 0 0 36 81 4 0 0 0 0 0 0 0 0 0 0 0 0 0 133 431 143 4.99752e+06 218 48 303 107 0 0 0 0 50 157 162 0 0 90 0 338 0 0 0 0
234 GGT 3182 1268 1672 533 25 2352 190 416 75 190 299 103 558 207 954 335 779 367 1306 427 2751 6254 2350 1006 82 37 561 700 23 29 114 195 61 417 3152 447 3940 2428 6822 2923 283 1217 2 4.94138e+06 606 717 267 1413 0 370 0 124 49 364 612 1438 0 150 437 254 39 0 753 0
235 GAA 0 0 0 0 76 32 82 88 0 0 0 0 0 0 0 0 0 0 0 0 0 0 0 0 0 0 0 0 16 0 129 118 4.99866e+06 0 384 0 44 11 177 142 0 0 0 0 0 0 0 0 0 0 0 0 0 0 0 0 0 0 0 0 25 0 21 0
236 TGG 0 0 0 0 0 0 0 0 119 30 205 30 0 0 0 0 0 0 0 0 0 0 0 0 42 78 277 13 393 61 180 353 0 0 0 0 0 0 0 0 331 174 35 21 30 165 139 55 0 0 0 0 24 136 94 193 0 0 4.99654e+06 0 241 0 42 0
237 GCA 0 0 0 0 0 0 0 0 4 56 4 332 0 0 0 0 0 0 0 0 0 0 0 0 74 123 9 90 0 0 0 0 0 0 0 0 4.99744e+06 785 194 104 0 0 0 0 0 0 0 0 0 0 0 0 149 307 87 239 0 0 0 0 0 0 0 0
238 GAC 458 1273 2604 280 113 51 52 127 1537 552 800 1442 1327 2719 289 373 545 2080 1004 56 7 64 111 266 1075 862 2352 1121 318 609 258 377 2556 4.96532e+06 756 145 282 324 59 231 0 0 0 0 128 297 375 234 0 608 0 3 479 183 415 393 0 71 0 349 295 97 142 1154
239 AGA 0 0 0 0 158 16 38 214 4.9955e+06 62 96 23 0 0 0 0 0 0 0 0 183 124 10 17 588 5 931 80 153 15 118 213 0 0 0 0 0 0 0 0 97 147 77 18 0 0 0 0 0 0 0 0 45 165 110 56 0 195 0 113 142 0 292 0
240 TTT 109 0 176 0 0 0 0 0 0 73 0 46 0 0 0 0 0 0 0 0 0 0 0 0 0 0 0 0 0 0 0 0 0 0 0 0 0 0 0 0 0 0 0 0 256 109 64 135 0 0 0 0 37 0 61 49 0 9 0 318 0 978 0 4.99758e+06
241 TTA 0 0 0 0 0 0 0 0 78 77 252 67 0 0 0 0 0 0 0 0 91 300 144 83 404 60 366 247 26 286 338 403 0 0 0 0 0 0 0 0 0 0 0 0 0 0 0 0 0 0 0 0 189 0 15 8 0 0 0 0 4.99616e+06 0 404 0
242 GTT 301 155 2292 285 1539 208 1274 1681 923 103 140 91 0 0 967 0 73 1556 264 641 78 211 38 140 3388 922 372 1217 0 119 40 78 987 0 1944 0 464 6 1922 302 0 0 0 0 229 852 79 4.96796e+06 0 107 0 543 248 1313 1114 1279 0 0 533 0 107 523 192 198
243 CTG 0 0 0 0 0 0 0 0 2 0 23 0 0 0 0 0 57 0 280 0 115 196 37 2 56 121 296 260 80 383 4.99524e+06 526 525 0 369 0 125 122 48 200 0 0 0 0 102 109 138 29 0 0 0 0 0 0 0 0 0 0 0 0 101 0 458 0
244 TAT 0 0 0 0 0 0 0 0 0 0 0 0 0 0 0 0 0 0 0 0 0 0 0 0 0 0 0 0 43 426 59 27 0 0 0 0 0 0 0 0 0 0 0 0 0 0 0 0 0 135 0 4.99919e+06 0 0 0 0 0 0 0 0 1 0 123 0
245 GGT 0 0 0 0 0 0 0 0 532 10 27 16 0 0 0 0 0 0 0 0 0 0 0 0 2 74 194 174 35 27 109 63 0 0 0 0 16 120 182 248 1368 259 510 4.99447e+06 306 266 51 255 0 0 0 0 6 12 46 281 0 170 0 143 20 0 6 0
246 ATC 0 0 0 0 0 0 0 0 467 62 90 508 445 4.99478e+06 0 256 0 0 0 0 0 0 0 0 261 4 123 63 89 18 57 175 0 0 0 0 0 0 0 0 0 0 0 0 307 60 43 32 0 0 0 0 372 205 374 115 0 351 0 254 181 140 20 150
247 GCG 38 166 384 454 179 90 240 134 218 193 251 1562 0 0 0 0 108 0 134 0 378 16 0 195 148 221 74 117 124 4 12 222 0 216 0 16 26 61 4.99038e+06 279 87 15 185 52 0 0 0 0 0 0 0 0 1001 155 93 583 0 355 0 175 504 0 154 0
248 GCA 219 0 209 0 674 48 162 834 72 121 17 346 80 103 382 88 669 0 361 0 0 0 0 0 23 44 57 66 1543 494 175 534 122 226 198 485 4.98837e+06 204 202 224 63 57 44 75 42 171 88 31 0 0 0 0 93 209 17 72 0 0 0 0 1267 0 423 0
249 CCA 0 0 0 0 70 9 274 135 457 94 61 60 0 0 0 0 290 0 86 0 4.9949e+06 331 7 192 157 19 646 318 198 104 81 61 0 0 0 0 19 67 384 184 36 16 223 42 0 0 0 0 0 0 0 0 16 23 64 26 0 0 0 0 344 0 3 0
250 GAC 0 0 0 0 44 56 101 37 0 0 0 0 0 0 0 0 276 0 719 0 0 0 0 0 0 0 0 0 22 73 48 14 0 4.99741e+06 0 175 80 209 33 12 0 0 0 0 25 18 149 149 0 146 0 118 0 0 0 0 0 0 0 0 67 0 20 0
251 TCT 118 0 212 0 205 159 681 1280 123 420 352 124 150 5 468 442 2142 491 339 54 0 0 0 0 364 1069 1435 649 172 71 1739 1236 0 398 0 93 50 48 323 170 60 21 140 134 0 0 0 0 0 1570 0 220 59 484 114 4.97258e+06 0 0 6596 0 616 636 132 1060
252 CAG 0 219 0 83 0 0 0 0 96 1 131 57 0 0 0 0 57 126 4.99522e+06 449 0 0 0 0 31 125 129 45 8 4 33 57 0 1183 0 901 0 0 0 0 0 0 0 0 0 0 0 0 0 0 0 0 58 6 212 137 0 0 0 0 78 275 215 66
253 CGT 0 0 0 0 0 0 0 0 92 190 124 134 0 0 0 0 0 0 0 0 0 0 0 0 315 0 36 4.99743e+06 22 200 22 118 0 0 0 0 0 0 0 0 70 76 228 70 0 110 171 3 0 0 0 0 101 45 22 170 0 0 0 0 14 0 240 0
254 ATC 0 0 0 0 0 0 0 0 44 359 76 20 158 4.99771e+06 0 25 0 0 0 0 0 0 0 0 6 26 167 3 9 113 76 103 0 0 0 0 0 0 0 0 0 0 0 0 0 0 0 0 0 0 0 0 54 186 25 182 0 0 0 0 365 0 289 0
255 GCC 0 0 0 0 22 225 0 151 86 269 57 282 0 0 0 0 0 0 0 0 0 0 0 0 24 55 25 93 0 0 0 0 246 0 9 0 51 4.99558e+06 158 818 418 263 27 101 0 0 0 0 0 63 0 399 41 293 26 218 0 0 0 0 0 0 0 0
256 TTT 0 0 0 0 0 0 0 0 31 109 135 39 0 0 0 0 180 0 75 0 116 27 178 21 214 30 209 98 233 57 119 301 0 0 0 0 0 0 0 0 0 0 0 0 0 0 0 0 0 993 0 1657 154 151 94 163 0 0 5832 0 79 78 57 4.98857e+06
257 TAT 0 0 0 0 0 0 0 0 0 0 0 0 0 0 0 0 0 235 0 147 0 0 0 0 0 0 0 0 0 0 0 0 0 0 0 0 0 0 0 0 0 0 0 0 0 0 0 0 0 24 0 4.99959e+06 0 0 0 0 0 0 0 0 0 0 0 0
258 AGA 0 0 0 0 0 0 0 0 4.9971e+06 88 165 17 0 0 0 0 0 0 0 0 0 0 0 0 542 133 226 85 206 186 0 46 0 0 0 0 0 0 0 0 177 0 103 85 0 0 0 0 0 0 0 0 233 235 6 37 0 0 0 0 322 0 8 0
259 TTA 0 0 0 0 0 0 0 0 90 0 38 0 0 0 0 0 0 0 0 0 0 0 0 0 6 15 110 37 209 33 176 521 0 0 0 0 0 0 0 0 0 0 0 0 0 0 0 0 0 0 0 0 0 0 0 0 0 0 0 0 4.9983e+06 0 461 0
260 CTA 0 0 0 0 0 0 0 0 0 0 0 0 0 0 0 0 0 0 0 0 0 0 0 0 0 0 0 0 4.99843e+06 1078 73 64 0 0 0 0 0 0 0 0 0 0 0 0 0 0 0 0 0 0 0 0 0 0 0 0 0 0 0 0 13 0 339 0
261 GAC 0 0 0 0 0 0 0 0 0 73 0 16 0 0 0 0 0 0 0 0 0 0 0 0 0 0 0 0 0 0 0 0 0 4.99949e+06 0 4 0 0 0 0 0 0 0 0 0 0 0 0 0 231 0 9 16 20 113 30 0 0 0 0 0 0 0 0
262 GAG 268 0 71 0 0 0 0 0 104 29 24 22 0 0 0 0 0 0 0 0 0 0 0 0 16 164 55 7 0 0 0 0 184 0 4.9985e+06 0 0 0 0 0 0 0 0 0 93 21 93 76 0 0 0 0 138 78 16 45 0 0 0 0 0 0 0 0
263 TTC 0 0 0 0 0 0 0 0 0 174 0 41 22 242 0 59 0 0 0 0 0 0 0 0 0 0 0 0 3 9 84 62 0 0 0 0 0 0 0 0 0 0 0 0 0 0 0 0 0 0 0 0 77 64 70 53 0 0 0 0 130 4.99832e+06 33 552
264 TTC 0 0 0 0 0 0 0 0 0 22 0 103 0 0 0 0 0 0 0 0 0 0 0 0 0 0 0 0 130 7 42 77 0 0 0 0 0 0 0 0 0 0 0 0 47 61 192 202 0 112 0 216 145 69 37 28 0 83 0 187 73 4.99789e+06 75 201
