# POSITION WT AAA AAC AAG AAT ACA ACC ACG ACT AGA AGC AGG AGT ATA ATC ATG ATT CAA CAC CAG CAT CCA CCC CCG CCT CGA CGC CGG CGT CTA CTC CTG CTT GAA GAC GAG GAT GCA GCC GCG GCT GGA GGC GGG GGT GTA GTC GTG GTT TAA TAC TAG TAT TCA TCC TCG TCT TGA TGC TGG TGT TTA TTC TTG TTT
1 ATG 660 95 86 31 456 62 369 0 264 26 75 35 118 1451 1.98906e+06 189 0 286 0 40 27 179 106 42 84 37 109 135 124 53 97 167 220 308 262 119 387 497 826 23 162 283 212 3 76 120 60 51 0 137 0 398 85 69 129 117 0 377 0 181 215 40 16 164
2 ATT 173 175 220 361 136 64 54 177 12 87 22 9 27 109 0 1.99137e+06 130 623 583 13 15 60 3 28 39 93 2 67 23 57 17 25 0 78 0 24 42 735 113 90 35 2 54 18 264 631 377 883 0 536 0 173 8 66 54 58 0 0 330 0 3 285 49 319
3 GAG 83 131 372 78 766 158 256 1129 21 519 1272 26 71 52 0 139 856 995 667 424 21 251 82 6 264 299 587 425 741 109 15 174 161 162 1.98245e+06 204 0 0 0 0 66 60 71 154 23 5 33 64 0 82 0 329 682 20 111 570 0 0 103 0 677 1469 154 1357
4 CAA 313 177 932 445 55 48 107 472 37 47 0 58 52 120 0 131 1.99051e+06 0 66 0 38 279 176 201 15 289 42 241 123 1457 374 292 51 0 173 0 0 0 0 0 11 263 452 555 371 30 50 60 0 54 0 79 62 28 17 19 0 95 436 37 3 0 54 0
5 GAC 3426 2002 8973 4046 476 484 252 68 1 2100 1007 1151 2122 125 0 1133 674 275 728 25 827 763 2050 721 258 98 2 91 1107 2242 170 1225 246 1.94792e+06 1040 380 97 102 121 13 478 1109 3252 496 340 226 474 275 0 0 0 0 14 410 829 788 0 49 404 88 1310 196 442 275
6 GGC 3094 8647 9053 258 72 1917 158 1099 232 3169 290 27 1706 4342 1601 1771 57 0 66 0 9115 3889 1851 2461 625 423 49 139 15 147 304 74 3583 235 300 78 574 99 318 1630 125 1.92028e+06 162 89 361 367 718 954 0 980 0 268 4207 3166 73 425 0 0 1837 0 169 809 264 1278
7 CTT 176 0 407 0 0 0 0 0 104 11 78 257 0 0 0 0 0 98 0 3 37 68 105 78 121 16 257 10 2 51 281 1.99472e+06 393 0 327 0 50 52 109 8 132 58 63 237 172 78 140 3 0 0 0 0 32 92 96 219 0 142 0 553 108 0 59 0
8 CAT 0 219 0 302 0 0 0 0 54 45 153 14 0 0 632 0 0 268 0 1.98822e+06 1070 2100 1017 1370 91 24 125 22 349 228 202 5 513 21 558 273 0 0 0 0 74 286 79 190 13 118 9 167 0 0 0 0 48 24 64 33 0 27 0 191 120 0 687 0
9 GCA 182 365 60 239 56 8 36 8 0 38 36 53 395 1225 0 366 0 0 0 0 1011 160 88 269 12 105 23 27 23 170 91 35 100 0 205 0 1.99273e+06 60 113 49 109 146 259 355 174 206 19 5 0 0 0 0 36 52 87 50 0 0 0 0 106 0 56 0
10 GGA 0 0 0 0 85 0 5 138 0 10 0 21 0 0 0 0 0 0 0 0 70 10 25 11 0 0 0 0 49 30 37 55 0 0 0 0 0 0 0 0 1.99798e+06 49 159 16 64 30 257 371 0 0 0 0 6 45 138 35 0 209 0 51 37 0 4 0
11 TCT 35 0 82 0 329 389 337 357 1679 22 1789 206 1125 3750 15141 4080 276 4332 3857 1449 1075 995 1459 2154 5256 7201 8545 4176 11587 1605 13530 3707 229 777 326 390 20 11 45 68 149 327 42 89 291 1538 6 589 0 11687 0 4097 66 30 116 1.86185e+06 0 2827 121 3226 6414 1906 1431 804
12 CCC 0 0 0 0 96 45 23 107 28 5 16 34 0 0 0 0 0 0 0 0 187 1.99857e+06 3 32 12 38 14 3 34 55 40 23 0 88 0 48 107 106 24 33 0 0 0 0 8 31 57 21 0 0 0 0 18 9 28 34 0 0 0 0 6 0 13 0
13 GCT 201 0 285 0 142 182 213 275 70 341 135 236 0 0 0 0 241 150 44 25 10 47 37 9 199 365 2 28 10 28 56 69 19 1024 196 587 239 4 63 1.99312e+06 93 24 18 43 146 121 30 316 0 0 0 0 64 249 115 82 0 0 0 0 14 0 28 0
14 GCA 432 49 163 90 130 203 146 257 32 36 49 213 0 0 172 0 0 0 0 0 70 358 106 138 129 68 85 169 46 21 6 12 27 18 94 222 1.99467e+06 347 75 95 93 243 26 33 8 10 69 30 0 0 0 0 167 83 177 175 0 55 0 60 40 0 5 0
15 TGG 0 0 0 0 0 0 0 0 152 50 34 18 0 0 0 0 0 0 0 0 0 0 0 0 91 58 146 409 53 81 50 6 0 0 0 0 0 0 0 0 24 36 23 133 0 0 0 0 0 0 0 0 176 6 47 24 0 22 1.99806e+06 59 4 0 234 0
16 GTG 2126 234 364 113 156 444 250 360 1144 22 154 283 0 0 0 0 437 0 436 0 0 0 0 0 1436 51 36 1634 47 135 83 124 42 0 531 0 194 860 223 223 75 321 665 22 141 68 1.98478e+06 63 0 176 0 75 69 197 487 260 0 19 0 112 12 0 317 0
17 GAA 0 0 0 0 27 87 18 2 9 194 51 1 0 0 0 0 242 87 241 30 19 41 96 35 93 153 28 19 1 5 33 35 1.99682e+06 0 148 0 11 49 53 25 110 74 44 29 12 43 20 58 0 0 0 0 616 100 12 12 0 0 156 0 22 0 34 0
18 CGT 145 82 1092 18 0 0 0 0 50 139 100 157 0 0 0 0 0 0 0 0 13 130 2 48 252 71 240 1.99476e+06 31 80 67 125 487 64 125 138 28 31 5 58 167 152 225 168 13 36 20 92 0 0 0 0 62 41 83 34 0 180 0 109 74 0 9 0
19 TTG 0 0 0 0 0 0 0 0 37 0 52 0 0 0 160 0 0 0 0 0 0 0 0 0 23 8 72 20 286 144 94 148 0 0 0 0 0 0 0 0 0 0 0 0 0 0 0 0 0 0 0 0 0 0 0 0 0 0 0 0 189 0 1.99877e+06 0
20 TTC 33 0 118 0 245 70 174 1003 1334 64 1781 26 527 346 430 63 49 216 60 257 1 64 516 34 321 1448 70 1754 142 39 495 184 224 120 1020 162 44 303 532 299 17 11 17 48 132 249 75 30 0 102 0 37 20 59 77 129 0 252 0 207 120 1.98358e+06 123 144
21 GGA 0 60 0 95 0 0 0 0 73 44 16 99 0 0 0 0 0 0 0 0 0 0 0 0 17 15 25 9 7 21 25 1 0 67 0 75 0 0 0 0 1.99815e+06 18 269 67 11 44 179 13 0 0 0 0 27 72 237 173 0 0 0 0 78 0 13 0
22 TAT 0 0 0 0 0 0 0 0 0 51 0 20 0 0 0 0 0 0 0 0 0 0 0 0 0 0 0 0 11 84 2 25 0 69 0 64 13 26 25 64 0 0 0 0 0 0 0 0 0 38 0 1.9992e+06 17 93 26 12 0 0 0 0 55 0 102 0
23 GAT 0 19 0 199 38 159 69 257 89 21 71 72 36 113 0 88 28 49 65 83 0 0 0 0 94 100 66 15 79 1 22 6 0 17 0 1.99758e+06 0 0 0 0 32 59 11 65 0 0 0 0 0 108 0 29 41 14 54 32 0 0 0 0 17 0 100 0
24 TGG 0 0 0 0 34 3 43 29 17 38 26 22 0 0 0 0 0 0 0 0 0 0 0 0 209 4 103 111 33 37 60 130 0 0 0 0 0 0 0 0 69 27 31 29 0 0 0 0 0 0 0 0 35 30 27 2 0 46 1.99817e+06 316 148 0 168 0
25 GCA 23 0 123 0 37 90 12 48 44 266 1 18 25 1 0 84 87 0 85 0 0 0 0 0 83 11 14 12 28 19 4 37 7 160 265 65 1.99715e+06 22 29 20 17 26 25 56 168 85 374 210 0 0 0 0 99 4 32 20 0 0 0 0 17 0 0 0
26 CAA 0 0 0 0 31 40 31 5 43 9 88 14 9 101 0 13 1.9968e+06 166 184 173 4 35 86 34 545 246 0 118 204 56 37 232 175 0 19 0 0 0 0 0 0 0 0 0 0 0 0 0 0 0 0 0 49 0 81 84 0 0 0 0 211 0 81 0
27 CAA 0 6 0 94 102 24 34 18 38 49 28 0 43 647 0 3322 1.99399e+06 0 27 0 31 72 36 66 60 4 20 40 39 6 16 21 0 0 0 0 25 21 37 58 0 0 0 0 248 225 401 12 0 0 0 0 2 46 49 15 0 0 0 0 20 0 9 0
28 ACA 0 94 0 65 1.99645e+06 322 154 0 13 24 98 46 35 40 0 30 0 316 0 19 19 30 6 39 75 28 50 82 3 86 5 42 0 0 0 0 118 352 216 313 0 0 0 0 0 0 0 0 0 363 0 19 72 73 163 101 0 0 0 0 17 0 25 0
29 ATC 0 0 0 0 0 0 0 0 0 8 0 32 110 1.99858e+06 0 81 87 0 52 0 9 90 30 7 0 0 0 0 21 58 102 43 0 0 0 0 0 0 0 0 23 49 5 26 73 9 8 16 0 44 0 80 6 4 0 203 0 0 0 0 88 0 60 0
30 GGC 0 0 0 0 0 0 0 0 92 59 31 236 0 0 0 0 0 0 0 0 0 0 0 0 98 66 1 23 0 0 0 0 0 0 0 0 0 0 0 0 97 1.99854e+06 103 147 24 111 68 40 0 0 0 0 36 78 115 31 0 0 0 0 0 0 0 0
31 TGC 13931 0 1063 0 0 0 0 0 186 134 942 7 26 51 0 43 1508 34 2087 73 0 0 0 0 492 322 9 391 293 166 434 199 97 0 1 0 36 31 7 76 40 10 71 46 116 54 37 62 0 0 0 0 35 12 42 25 0 1.97628e+06 0 9 300 70 72 75
32 AGT 0 0 0 0 82 73 21 54 95 98 50 1.99836e+06 65 7 0 147 0 0 0 0 0 0 0 0 34 84 46 4 8 42 33 55 0 0 0 0 0 0 0 0 0 0 0 0 0 0 0 0 0 0 0 0 64 324 6 194 0 0 0 0 29 0 22 0
33 GAC 98 124 503 51 1915 2428 3021 1168 339 843 514 2678 119 57 0 52 78 1 38 118 168 787 315 360 347 348 86 65 136 204 255 25 26 1.97434e+06 97 92 50 111 199 14 626 670 248 55 8 52 40 78 0 27 0 64 1726 1034 1209 1562 0 44 0 98 173 0 115 0
34 GCC 0 0 0 0 0 0 0 0 38 82 25 59 0 0 0 0 134 0 41 0 0 0 0 0 187 2 1 67 0 0 0 0 102 0 11 0 0 1.99866e+06 125 35 18 51 30 18 0 0 0 0 0 0 0 0 5 91 223 0 0 0 0 0 0 0 0 0
35 GCC 0 541 0 174 1292 420 659 417 0 505 48 124 43 80 0 591 0 458 0 17 110 29 4 13 41 62 7 50 14 49 47 37 270 0 89 0 132 1.99062e+06 118 394 111 11 28 7 166 39 155 104 0 0 0 0 571 7 1006 51 0 0 0 0 6 174 7 105
36 GTA 0 0 0 0 0 0 0 0 42 0 74 0 0 0 0 0 0 0 0 0 0 0 0 0 12 6 0 48 25 162 45 2 0 0 0 0 0 0 0 0 4 5 189 35 1.999e+06 196 30 30 0 0 0 0 0 0 0 0 0 0 0 0 35 0 58 0
37 TTT 0 0 0 0 0 0 0 0 0 28 0 58 0 0 0 0 0 0 0 0 0 0 0 0 0 0 0 0 9 30 12 11 0 0 0 0 0 0 0 0 0 0 0 0 0 0 0 0 0 0 0 0 103 57 113 39 0 0 0 0 15 58 37 1.99943e+06
38 CGC 0 0 0 0 0 0 0 0 15 94 155 0 0 0 0 0 0 0 0 0 0 0 0 0 225 1.9986e+06 64 6 126 25 128 160 0 0 0 0 0 0 0 0 33 44 21 20 0 0 0 0 0 0 0 0 31 95 11 87 0 0 0 0 33 0 27 0
39 CTT 0 0 0 0 0 0 0 0 2 0 42 0 0 0 0 0 0 0 0 0 0 0 0 0 1 2 79 21 76 36 32 1.99887e+06 0 0 0 0 0 0 0 0 166 191 273 33 0 0 0 0 0 0 0 0 0 0 0 0 0 0 0 0 84 0 96 0
40 AGT 0 0 0 0 12 101 90 143 7 191 21 1.99748e+06 84 75 0 1 16 24 108 83 0 0 0 0 66 33 51 203 0 0 0 0 0 0 0 0 0 0 0 0 7 70 62 37 30 34 9 129 0 0 0 0 81 80 14 133 0 0 520 0 0 0 0 0
41 GCT 0 136 0 30 76 4 1 30 0 23 0 57 0 0 0 0 64 0 326 0 0 0 0 0 0 0 0 0 0 0 0 0 226 0 42 0 512 105 101 1.9968e+06 0 0 0 0 19 114 12 35 0 0 0 0 51 99 111 33 0 887 0 110 0 0 0 0
42 CAG 0 0 0 0 139 214 869 6 50 400 39 34 0 0 0 0 153 0 1.99376e+06 0 256 481 374 64 207 83 397 50 64 8 67 161 18 27 394 150 18 96 35 2 0 0 0 0 40 22 67 9 0 0 0 0 78 448 147 252 0 0 0 0 57 70 183 12
43 GGA 0 859 0 87 37 87 209 55 159 3784 76 651 0 0 0 0 0 184 0 169 0 0 0 0 200 59 122 23 3 31 10 14 0 0 0 0 15 4 21 81 1.98694e+06 40 63 99 80 15 27 59 0 0 0 0 683 2160 472 2163 0 0 0 0 31 64 90 75
44 AGG 334 0 36 0 0 0 0 0 31 0 1.99809e+06 0 0 0 0 0 0 0 0 0 46 36 16 12 5 181 289 54 91 7 95 33 0 0 0 0 16 44 9 22 127 92 199 86 0 0 0 0 0 0 0 0 0 0 0 0 0 0 0 0 8 0 37 0
45 CCG 154 223 83 73 29 43 62 14 169 33 196 11 0 0 0 0 120 0 231 0 156 27 1.99671e+06 160 203 66 228 170 37 5 11 29 47 0 142 0 7 25 72 31 22 31 18 39 0 0 0 0 0 142 0 7 62 8 1 49 0 0 0 0 15 0 38 0
46 GTG 0 236 0 8 284 661 278 356 10 325 39 246 0 0 0 0 0 0 0 0 75 247 83 65 3 31 74 3 47 28 53 11 0 107 0 95 1162 1349 1083 410 274 41 358 96 1 58 1.99051e+06 163 0 0 0 0 59 193 10 74 0 324 0 224 164 0 78 0
47 TTG 142 0 229 0 0 0 0 0 8 0 16 0 0 0 0 0 49 73 56 414 52 57 49 7 152 55 183 49 15 77 121 274 0 0 0 0 0 0 0 0 18 58 2 9 0 0 0 0 0 40 0 63 0 0 0 0 0 0 0 0 19 116 1.99738e+06 212
48 TTC 0 0 0 0 0 0 0 0 0 71 0 11 0 0 0 0 0 0 0 0 0 0 0 0 0 0 0 0 9 138 37 6 0 0 0 0 0 0 0 0 0 0 0 0 131 51 7 12 0 0 0 0 81 0 0 15 0 0 0 0 13 1.99934e+06 5 68
49 GTT 0 0 0 0 0 0 0 0 0 0 0 0 0 0 0 0 0 0 0 0 0 0 0 0 0 0 0 0 112 13 122 35 112 0 19 0 40 22 27 7 26 52 53 11 106 465 172 1.99849e+06 0 0 0 0 0 0 0 0 0 0 0 0 50 0 69 0
50 AAG 183 0 1.9991e+06 0 0 0 0 0 28 96 38 17 0 0 0 0 0 0 0 0 0 0 0 0 23 101 9 91 0 0 0 0 0 0 0 0 0 0 0 0 0 0 0 0 36 4 59 4 0 0 0 0 31 12 161 5 0 0 0 0 0 0 0 0
51 ACC 0 41 0 82 107 1.99837e+06 61 220 51 55 13 3 0 0 0 0 49 0 87 0 37 14 31 26 4 54 35 18 83 32 116 28 0 0 0 0 68 16 60 82 0 0 0 0 0 0 0 0 0 0 0 0 53 8 14 55 0 0 0 0 25 0 3 0
52 GAT 0 0 0 0 44 186 1534 1655 0 2872 0 147 332 851 143 836 277 0 225 0 0 0 0 0 0 0 0 0 2 77 147 36 68 20 76 1.97251e+06 2366 2732 4199 1013 205 39 48 74 162 398 121 36 0 0 0 0 733 121 693 2034 0 533 0 2399 12 0 41 0
53 TTG 961 71 1476 317 147 47 369 125 335 250 423 47 102 45 154 13 0 337 0 38 72 40 166 128 1441 36 78 353 50 47 132 26 160 85 225 131 345 518 160 736 19 46 22 39 1208 908 102 641 0 713 0 649 80 358 675 275 0 0 422 0 20 406 1.9831e+06 132
54 TCT 0 13 0 113 0 0 0 0 132 58 70 149 0 0 0 0 0 289 0 27 40 21 4 61 281 114 11 35 27 10 13 42 105 0 54 0 0 0 0 0 0 0 0 0 31 14 89 4 0 0 0 0 466 227 56 1.99736e+06 0 0 0 0 55 0 28 0
55 GGG 0 0 0 0 33 60 7 61 154 20 55 40 0 0 0 0 116 73 28 792 0 0 0 0 53 101 96 39 11 125 221 10 0 0 0 0 6 50 18 148 100 175 1.99636e+06 85 213 83 17 88 0 0 0 0 9 14 46 27 0 17 0 82 231 86 19 32
56 GCG 0 0 0 0 56 31 27 87 18 28 27 9 79 11 0 36 0 25 0 448 79 20 32 89 23 10 17 9 0 0 0 0 0 360 0 290 85 59 1.9977e+06 57 0 0 0 0 0 0 0 0 0 0 0 0 7 19 243 16 0 0 0 0 0 0 0 0
57 CTA 0 0 0 0 0 0 0 0 165 0 88 0 0 0 0 0 0 93 0 60 64 78 11 18 214 31 26 271 1.99823e+06 79 180 60 0 0 0 0 0 0 0 0 0 0 0 0 0 0 0 0 0 0 0 0 0 0 0 0 0 0 0 0 233 0 97 0
58 AAC 290 1.99768e+06 11 170 7 59 72 17 20 4 100 7 0 0 0 0 0 52 0 55 0 0 0 0 54 12 148 117 7 23 19 4 57 0 54 0 28 57 181 67 1 18 72 86 5 132 42 7 0 0 0 0 27 44 58 25 0 0 0 0 3 0 113 0
59 GAG 0 0 0 0 0 0 0 0 11 86 40 70 0 0 0 0 0 0 0 0 0 0 0 0 23 16 4 9 19 78 49 1 218 0 1.99912e+06 183 0 0 0 0 0 0 0 0 0 0 0 0 0 0 0 0 19 1 5 15 0 0 0 0 10 0 18 0
60 CTG 0 0 0 0 0 0 0 0 15 67 58 57 50 95 92 40 0 0 0 0 62 43 80 9 9 96 80 6 119 9 1.99819e+06 117 0 193 0 74 34 0 35 101 0 0 0 0 8 23 0 70 0 0 0 0 60 14 37 21 0 0 0 0 7 0 31 0
61 CAA 271 0 27 0 19 141 10 10 108 70 187 9 0 0 0 0 1.99611e+06 390 87 73 5 2 88 21 37 23 66 83 14 5 22 85 261 438 68 198 50 146 10 55 64 6 2 61 97 41 33 2 0 45 0 161 39 10 0 43 0 0 0 0 23 60 60 67
62 GAT 0 0 0 0 154 24 37 17 0 15 0 58 0 0 0 0 0 0 0 0 0 0 0 0 0 0 0 0 3 10 131 2 62 10 1059 1.99793e+06 0 0 0 0 0 0 0 0 93 19 28 74 0 0 0 0 11 5 2 20 0 27 0 96 40 0 76 0
63 GAG 112 0 32 0 0 0 0 0 56 48 20 40 0 0 0 0 57 0 97 0 18 58 20 6 107 58 46 29 20 28 265 18 23 65 1.99788e+06 168 7 31 45 21 73 2 175 64 0 0 0 0 0 0 0 0 0 42 30 40 0 0 0 0 85 0 110 0
64 GCG 29 0 110 0 0 0 0 0 48 1 30 44 0 0 0 0 0 0 0 0 0 0 0 0 29 16 16 3 0 0 0 0 70 0 48 0 34 12 1.99881e+06 85 0 0 0 0 0 0 0 0 0 0 0 0 35 447 25 111 0 0 0 0 0 0 0 0
65 GCC 0 0 0 0 0 0 0 0 25 3 7 59 0 0 0 0 0 0 0 0 27 6 52 34 42 5 9 41 0 0 0 0 16 0 141 0 36 1.99672e+06 192 22 0 0 0 0 660 539 340 534 0 0 0 0 124 1 120 12 0 174 0 54 0 0 0 0
66 CGA 0 0 0 0 0 0 0 0 52 130 4 81 0 0 0 0 0 0 0 0 0 0 0 0 1.99895e+06 96 68 130 36 16 26 2 0 0 0 0 0 0 0 0 23 1 25 51 0 0 0 0 0 0 0 0 127 31 26 23 0 0 0 0 25 0 78 0
67 CTT 0 0 0 0 0 0 0 0 72 20 36 87 0 0 0 0 0 85 0 166 271 297 62 2 51 13 2 14 44 49 19 1.99844e+06 0 0 0 0 0 0 0 0 0 0 0 0 0 0 0 0 0 0 0 0 29 62 35 94 0 0 0 0 32 0 16 0
68 TCG 312 11 135 84 119 56 135 9 494 4 472 27 2 137 0 63 543 0 116 0 0 0 0 0 305 834 15 744 38 5 32 19 0 0 0 0 88 37 128 156 7 93 51 110 0 0 0 0 0 111 0 14 300 9 1.99396e+06 216 0 0 0 0 0 0 12 0
69 TGG 0 0 0 0 14 11 54 3 0 42 0 64 0 0 0 0 0 0 0 0 0 0 0 0 0 0 0 0 40 3 80 14 0 0 0 0 15 24 20 51 56 95 10 195 0 0 0 0 0 44 0 94 18 10 46 3 0 0 1.99876e+06 0 122 0 112 0
70 CTG 0 0 0 0 0 0 0 0 63 21 121 56 0 0 136 0 0 0 0 0 43 33 106 17 65 19 12 27 11 15 1.99853e+06 232 0 0 0 0 0 0 0 0 0 0 0 0 56 2 185 17 0 0 0 0 14 2 0 16 0 0 0 0 1 0 198 0
71 GCC 0 0 0 0 0 0 0 0 36 133 113 151 0 0 0 0 0 0 0 0 59 71 18 90 59 37 64 0 0 0 0 0 0 0 0 0 69 1.99745e+06 120 411 73 214 24 42 99 23 12 23 0 0 0 0 54 320 58 59 0 106 0 11 0 0 0 0
72 ACA 0 0 0 0 1.99846e+06 115 337 265 0 153 0 65 0 0 0 0 0 0 0 0 80 11 11 10 0 0 0 0 0 0 0 0 0 0 0 0 0 0 0 0 34 21 85 34 0 0 0 0 0 0 0 0 49 100 5 32 0 123 0 8 0 0 0 0
73 ACA 0 0 0 0 1.99911e+06 19 527 113 0 0 0 0 0 0 0 0 0 0 0 0 0 0 0 0 0 0 0 0 0 0 0 0 0 0 0 0 0 0 0 0 0 0 0 0 0 0 0 0 0 50 0 72 33 43 4 25 0 0 0 0 0 0 0 0
74 GGG 0 0 0 0 0 0 0 0 0 0 0 0 0 0 0 0 0 0 0 0 0 0 0 0 0 0 0 0 0 0 0 0 0 0 0 0 44 29 10 31 174 238 1.99897e+06 502 0 0 0 0 0 0 0 0 0 0 0 0 0 0 0 0 0 0 0 0
75 GTT 0 0 0 0 97 14 19 15 0 0 0 0 0 0 0 0 48 0 99 0 0 0 0 0 0 0 0 0 49 18 70 44 0 0 0 0 18 20 29 32 0 0 0 0 174 164 65 1.99884e+06 0 0 0 0 0 0 0 0 0 0 0 0 111 0 72 0
76 CCG 0 0 0 0 84 39 12 32 73 34 62 62 0 0 0 0 49 71 211 51 31 0 1.99774e+06 134 209 20 25 73 107 22 149 39 0 0 0 0 0 0 0 0 4 6 48 52 0 0 0 0 0 0 0 0 34 44 143 212 0 0 0 0 77 0 51 0
77 TGC 0 0 0 0 36 45 8 27 14 15 53 11 0 0 0 0 0 0 0 0 0 0 0 0 24 0 23 1 13 1 7 42 0 0 0 0 0 0 0 0 34 116 49 6 125 68 93 15 0 0 0 0 33 18 74 25 0 1.99851e+06 0 357 47 0 108 0
78 GCA 0 0 0 0 21 43 174 9 28 14 16 22 0 0 0 0 0 0 0 0 0 0 0 0 147 30 150 12 1 11 11 2 0 0 0 0 1.99877e+06 20 82 213 0 0 0 0 0 0 0 0 0 0 0 0 21 80 38 4 0 0 0 0 59 0 21 0
79 GCG 104 86 716 351 77 48 154 0 193 113 207 50 868 381 0 524 168 243 114 58 32 10 119 71 423 199 185 127 0 0 0 0 73 0 92 0 74 21 1.99287e+06 115 283 168 74 91 30 12 5 76 0 0 0 0 18 59 88 230 0 0 0 0 0 0 0 0
80 GTT 0 0 0 0 0 0 0 0 143 0 44 0 0 0 0 0 0 0 0 0 0 0 0 0 45 93 48 13 11 34 28 51 0 0 0 0 0 0 0 0 0 0 0 0 353 123 26 1.99874e+06 0 0 0 0 0 0 0 0 0 56 0 25 32 0 131 0
81 TTA 0 0 0 0 55 17 0 116 3 0 2 0 148 60 0 95 0 0 0 0 56 69 12 32 58 41 42 74 169 246 29 68 329 0 26 0 40 43 23 22 72 2 35 54 0 0 0 0 0 0 0 0 0 0 0 0 0 0 0 0 1.99768e+06 0 286 0
82 GAT 0 0 0 0 0 0 0 0 0 0 0 0 0 0 0 0 0 0 0 0 0 0 0 0 0 0 0 0 0 0 0 0 0 48 0 1.99967e+06 0 0 0 0 0 0 0 0 0 0 0 0 0 94 0 190 0 0 0 0 0 0 0 0 0 0 0 0
83 GTT 0 0 0 0 0 0 0 0 118 91 243 140 27 43 0 96 0 0 0 0 0 0 0 0 53 122 64 276 62 72 207 6 0 0 0 0 20 21 287 7 127 134 93 34 83 62 103 1.98921e+06 0 0 0 0 117 73 112 6 0 0 0 0 91 1880 92 5829
84 GTA 0 0 0 0 51 24 75 11 0 64 0 58 40 48 0 44 170 0 51 0 0 0 0 0 0 0 0 0 16 23 11 14 0 0 0 0 153 58 4 65 0 0 0 0 1.9984e+06 57 13 207 0 0 0 0 96 14 28 28 0 84 0 50 25 0 19 0
85 ACG 0 0 0 0 69 262 1.99872e+06 7 0 13 0 81 30 34 0 90 0 0 0 0 0 0 0 0 0 0 0 0 0 0 0 0 0 0 0 0 17 59 72 58 0 0 0 0 39 27 63 5 0 0 0 0 47 81 38 46 0 53 0 88 0 0 0 0
86 GAG 0 0 0 0 0 0 0 0 0 0 0 0 0 0 0 0 0 0 0 0 0 0 0 0 0 0 0 0 20 21 49 3 136 0 1.99923e+06 0 41 1 53 47 1 36 44 134 7 64 25 13 0 0 0 0 0 0 0 0 0 0 0 0 0 0 77 0
87 GCG 22 0 186 0 0 0 0 0 9 135 9 35 7 63 281 46 0 91 0 3 81 151 11 28 38 3 61 18 99 9 41 20 0 0 0 0 37 50 1.99775e+06 293 0 0 0 0 3 24 79 38 0 0 0 0 29 42 78 68 0 0 0 0 44 0 21 0
88 GGC 0 33 0 92 0 0 0 0 40 16 6 78 0 0 0 0 0 0 0 0 0 0 0 0 27 42 0 22 13 32 12 13 0 138 0 24 0 0 0 0 65 1.99864e+06 3 181 32 8 11 78 0 0 0 0 53 63 173 52 0 0 0 0 26 0 32 0
89 AGG 0 0 0 0 8 54 40 11 46 30 1.99825e+06 13 0 0 0 0 0 95 0 111 0 0 0 0 93 291 412 19 0 0 0 0 0 0 0 0 0 0 0 0 92 82 29 47 0 0 0 0 0 0 0 0 1 168 14 94 0 0 0 0 0 0 0 0
90 GAT 0 0 0 0 18 71 19 18 35 55 22 78 0 0 0 0 0 0 0 0 0 0 0 0 7 22 41 23 0 0 0 0 0 255 0 1.99892e+06 23 92 33 11 20 29 86 58 0 0 0 0 0 0 0 0 27 14 24 0 0 0 0 0 0 0 0 0
91 TGG 0 0 0 0 0 0 0 0 5 123 30 106 0 0 0 0 157 0 7 0 0 0 0 0 30 41 53 25 17 25 91 58 0 0 0 0 0 0 0 0 158 74 84 46 0 0 0 0 0 0 0 0 24 3 36 2 0 45 1.99853e+06 167 16 0 43 0
92 CTA 0 0 0 0 0 0 0 0 0 0 0 0 0 0 0 0 0 0 0 0 57 28 20 59 0 0 0 0 1.99894e+06 236 3 128 0 0 0 0 35 27 25 29 0 0 0 0 0 0 0 0 0 0 0 0 0 0 0 0 0 52 0 74 243 0 42 0
93 TTA 0 0 0 0 0 0 0 0 2 8 77 17 0 0 0 0 0 0 0 0 36 109 62 47 61 22 20 27 40 298 103 133 0 0 0 0 0 0 0 0 0 0 0 0 20 13 54 92 0 0 0 0 23 22 12 13 0 0 0 0 1.99856e+06 78 30 25
94 TTA 0 0 0 0 80 54 116 175 21 0 95 0 0 0 0 0 0 0 0 0 66 40 25 63 64 14 25 34 172 67 133 27 0 0 0 0 0 0 0 0 0 0 0 0 0 0 0 0 0 0 0 0 0 0 0 0 0 0 0 0 1.99871e+06 0 16 0
95 GGT 0 0 0 0 0 0 0 0 69 35 179 22 0 0 0 0 0 0 0 0 0 0 0 0 111 42 27 21 5 31 12 55 0 0 0 0 0 0 0 0 226 78 45 1.99833e+06 99 82 110 76 0 0 0 0 16 87 21 8 0 6 0 121 84 0 3 0
96 GAG 165 0 78 0 0 0 0 0 20 0 14 0 0 0 0 0 55 0 101 0 0 0 0 0 29 1 29 7 4 37 6 41 208 0 1.99864e+06 0 199 0 26 27 94 1 155 12 0 0 0 0 0 0 0 0 0 0 0 0 0 0 0 0 30 0 16 0
97 GTT 0 0 0 0 24 3 29 47 132 0 24 0 0 0 0 0 0 0 0 0 0 0 0 0 16 213 26 62 85 61 6 69 0 0 0 0 0 0 0 0 49 73 4 19 115 51 39 1.99875e+06 0 0 0 0 0 0 0 0 0 0 0 0 105 0 2 0
98 CCG 0 0 0 0 33 82 17 15 13 16 70 65 0 0 0 0 58 0 72 0 32 38 1.99854e+06 49 77 24 138 192 33 17 17 67 0 0 0 0 0 0 0 0 29 29 37 49 0 0 0 0 0 0 0 0 8 14 21 6 0 0 0 0 63 0 74 0
99 GGG 0 0 0 0 0 0 0 0 44 10 0 54 0 0 0 0 0 0 0 0 0 0 0 0 5 49 48 87 0 0 0 0 0 0 0 0 8 19 89 8 182 264 1.99853e+06 176 0 39 40 18 0 0 0 0 11 92 18 73 0 92 0 48 0 0 0 0
100 CAA 156 0 28 0 22 32 62 43 31 13 14 37 0 0 0 0 1.99859e+06 0 9 0 81 42 44 113 7 49 25 60 3 37 59 31 104 0 89 0 0 0 0 0 0 0 0 0 0 0 0 0 0 0 0 0 10 37 7 11 0 0 0 0 145 0 13 0
101 GAC 0 0 0 0 0 0 0 0 0 126 0 42 0 0 0 0 0 0 0 0 0 0 0 0 0 0 0 0 0 0 0 0 0 1.99875e+06 0 222 21 11 104 181 40 8 5 53 29 94 145 14 0 0 0 0 97 30 13 15 0 0 0 0 0 0 0 0
102 TTG 0 0 0 0 0 0 0 0 4 0 184 0 0 0 0 0 0 0 0 0 5 3 112 43 137 70 60 79 48 22 93 232 0 0 0 0 67 9 90 68 0 0 0 0 0 0 0 0 0 0 0 0 0 0 0 0 0 0 0 0 476 0 1.9982e+06 0
103 CTT 0 0 0 0 0 0 0 0 15 26 20 2 0 0 0 0 0 0 0 0 9 32 62 6 24 5 8 58 22 367 137 1.99904e+06 0 0 0 0 0 0 0 0 0 0 0 0 0 0 0 0 0 0 0 0 63 31 25 27 0 0 0 0 22 0 4 0
104 AGT 0 0 0 0 168 247 20 63 50 94 49 1.99813e+06 19 14 0 107 0 0 0 0 0 0 0 0 173 0 28 41 8 5 5 39 0 0 0 0 0 0 0 0 142 82 29 77 33 0 10 59 0 0 0 0 12 69 128 28 0 0 0 0 41 0 32 0
105 TCC 0 0 0 0 0 0 0 0 30 123 35 4 0 0 0 0 0 0 0 0 0 0 0 0 84 30 44 35 14 6 15 12 0 0 0 0 0 0 0 0 290 9 50 41 0 0 0 0 0 0 0 0 115 1.99852e+06 277 81 0 0 0 0 24 0 157 0
106 CAC 0 0 0 0 0 0 0 0 38 121 49 147 0 0 0 0 141 1.99671e+06 310 50 72 153 491 88 128 23 48 18 0 0 0 0 64 108 379 143 23 9 15 94 47 50 135 30 0 0 0 0 0 0 0 0 23 49 23 119 0 64 0 34 0 0 0 0
107 CTG 0 0 0 0 0 0 0 0 0 0 0 0 0 0 0 0 0 0 0 0 0 8 191 13 0 0 0 0 172 49 1.99843e+06 256 0 0 0 0 0 0 0 0 0 0 0 0 14 37 43 26 0 0 0 0 0 0 0 0 0 0 0 0 660 0 98 0
108 GCC 0 0 0 0 0 0 0 0 0 144 0 26 0 0 0 0 0 0 0 0 963 198 107 131 0 0 0 0 0 0 0 0 75 0 79 0 93 1.99703e+06 24 126 132 51 32 44 57 53 30 161 0 0 0 0 44 78 10 308 0 0 0 0 0 0 0 0
109 CCG 0 0 0 0 9 132 4 7 21 16 20 38 0 0 0 0 107 0 10 0 0 184 1.99871e+06 140 18 33 6 7 125 1 29 50 0 0 0 0 0 0 0 0 0 0 0 0 186 27 16 2 0 0 0 0 2 12 36 23 0 0 0 0 6 0 20 0
110 GCG 0 0 0 0 0 0 0 0 0 68 0 43 0 0 0 0 0 0 0 0 3 54 33 55 0 0 0 0 23 65 0 63 0 0 0 0 25 15 1.99894e+06 104 0 0 0 0 0 0 0 0 0 0 0 0 14 27 118 130 0 26 0 120 41 0 29 0
111 GAG 0 0 0 0 46 32 2 74 41 0 12 0 0 0 0 0 0 0 0 0 0 0 0 0 11 6 20 19 16 43 47 100 126 0 1.9991e+06 0 0 0 0 0 64 17 28 68 0 0 0 0 0 0 0 0 0 0 0 0 0 0 0 0 87 0 39 0
112 AAA 1.99985e+06 0 38 0 0 0 0 0 0 0 0 0 8 43 0 64 0 0 0 0 0 0 0 0 0 0 0 0 0 0 0 0 0 0 0 0 0 0 0 0 0 0 0 0 0 0 0 0 0 0 0 0 0 0 0 0 0 0 0 0 0 0 0 0
113 GTA 0 0 0 0 110 163 144 53 14 0 9 0 0 0 0 0 0 0 0 0 0 0 0 0 38 44 23 13 34 3 68 85 0 0 0 0 0 0 0 0 29 9 49 36 1.99857e+06 136 200 134 0 0 0 0 0 0 0 0 0 0 0 0 34 0 1 0
114 AGT 0 0 0 0 0 0 0 0 49 32 82 1.99275e+06 0 0 0 0 0 0 0 0 106 68 19 18 56 7 46 2 15 78 22 88 0 0 0 0 924 1242 194 855 42 130 33 55 31 16 21 148 0 0 0 0 122 46 197 27 0 1978 0 300 109 0 88 0
115 ATA 94 0 46 0 0 0 0 0 0 0 37 63 1.99938e+06 122 0 32 0 0 0 0 0 0 0 0 10 20 2 59 0 0 0 0 0 0 0 0 0 0 0 0 0 0 0 0 0 0 0 0 0 0 0 0 28 22 14 75 0 0 0 0 0 0 0 0
116 ATG 0 0 0 0 0 0 0 0 28 0 17 0 0 0 1.99938e+06 0 0 0 0 0 0 0 0 0 151 13 84 128 0 0 0 0 0 0 0 0 0 0 0 0 0 0 0 0 59 54 36 54 0 0 0 0 0 0 0 0 0 0 0 0 0 0 0 0
117 GCT 0 0 0 0 57 15 17 36 110 18 102 136 0 0 0 0 0 0 0 0 0 0 0 0 33 58 22 71 0 0 0 0 0 0 0 0 81 4 191 1.99892e+06 0 0 0 0 0 0 0 0 0 0 0 0 14 25 58 33 0 0 0 0 0 0 0 0
118 GAT 0 0 0 0 0 0 0 0 0 41 0 15 0 0 0 0 0 0 0 0 0 0 0 0 0 0 0 0 0 0 0 0 0 285 0 1.99921e+06 13 60 68 9 0 0 0 0 77 1 61 52 0 0 0 0 63 15 21 7 0 0 0 0 0 0 0 0
119 GCT 0 0 0 0 5 3 94 9 0 27 0 56 0 0 0 0 0 0 0 0 0 0 0 0 0 0 0 0 0 0 0 0 58 0 62 0 68 94 257 1.99909e+06 0 0 0 0 0 0 0 0 0 0 0 0 25 35 104 9 0 0 0 0 0 0 0 0
120 ATG 0 0 0 0 229 3 10 173 6 36 4 59 95 31 1.99775e+06 12 9 0 112 0 0 0 0 0 60 27 25 45 28 216 232 2 0 0 0 0 0 0 0 0 21 128 27 34 42 20 19 43 0 0 0 0 4 11 10 6 0 0 0 0 324 0 145 0
121 AGG 0 0 0 0 2 56 32 177 365 164 1.99768e+06 31 54 4 0 114 0 0 0 0 39 42 3 49 105 106 8 20 115 66 12 65 0 0 0 0 0 0 0 0 118 25 14 8 0 0 0 0 0 41 0 62 73 34 21 105 0 0 0 0 148 0 44 0
122 CGT 0 0 0 0 39 20 113 3 187 15 78 301 0 0 0 0 0 0 0 0 0 0 0 0 162 272 22 1.99104e+06 137 839 552 1093 0 0 0 0 46 158 36 35 44 126 6 62 49 39 41 57 0 0 0 0 98 194 15 180 0 0 152 0 2178 0 1610 0
123 TTA 0 0 0 0 0 0 0 0 144 0 13 26 0 0 0 0 0 0 0 0 0 0 0 0 40 69 39 199 3 101 107 47 0 0 0 0 0 0 0 0 28 93 5 7 166 88 57 27 0 0 0 0 3 11 8 51 0 0 0 0 1.99843e+06 0 237 0
124 CAC 0 0 0 0 39 31 140 45 67 8 90 16 0 0 0 0 109 1.99828e+06 18 197 52 40 110 114 78 65 4 0 26 2 20 32 0 108 0 92 0 0 0 0 0 0 0 0 0 0 0 0 0 0 0 0 27 22 85 40 0 0 0 0 6 0 36 0
125 ACA 0 35 0 191 1.99763e+06 27 141 20 58 195 4 164 0 0 0 0 0 0 0 0 1 50 103 52 4 111 126 129 0 0 0 0 0 0 0 0 63 189 5 132 22 56 21 7 0 0 0 0 0 0 0 0 169 74 68 152 0 0 0 0 0 0 0 0
126 CTA 0 0 0 0 0 0 0 0 17 0 3 0 0 0 0 0 0 0 0 0 283 59 1 27 47 28 31 2 1.99895e+06 31 75 110 0 0 0 0 0 0 0 0 0 0 0 0 24 83 64 62 0 0 0 0 0 0 0 0 0 0 0 0 4 0 100 0
127 GAT 0 0 0 0 0 0 0 0 0 58 0 99 0 0 0 0 35 0 76 0 0 0 0 0 0 0 0 0 0 0 0 0 0 283 0 1.99836e+06 0 0 0 0 0 0 0 0 0 0 0 0 0 40 0 92 375 107 268 211 0 0 0 0 0 0 0 0
128 CCA 0 0 0 0 13 17 77 38 28 63 19 2 0 0 0 0 0 0 0 0 1.99907e+06 181 67 92 40 1 28 20 37 18 11 43 0 0 0 0 0 0 0 0 0 0 0 0 0 0 0 0 0 0 0 0 16 35 3 32 0 0 0 0 10 0 41 0
129 GCA 0 0 0 0 0 0 0 0 41 19 42 45 0 0 0 0 0 0 0 0 17 79 14 25 30 49 20 92 40 56 54 11 0 0 0 0 1.99824e+06 169 89 220 0 0 0 0 0 0 0 0 0 131 0 7 38 0 368 108 0 0 0 0 0 0 1 0
130 ACG 82 10 58 72 241 83 1.99891e+06 21 0 96 0 8 0 0 0 0 0 0 0 0 0 0 0 0 0 0 0 0 29 26 90 101 0 0 0 0 0 0 0 0 0 0 0 0 0 0 0 0 0 0 0 0 2 14 42 1 0 0 0 0 80 0 30 0
131 TGC 0 0 0 0 20 50 56 26 37 10 32 2 0 0 0 0 0 0 0 0 0 0 0 0 12 5 17 12 11 50 12 21 0 0 0 0 0 0 0 0 0 0 0 0 0 0 0 0 0 0 0 0 57 23 22 29 0 1.99943e+06 0 47 2 0 13 0
132 CCA 0 0 0 0 37 98 55 77 92 0 60 24 0 0 0 0 0 0 0 0 1.99851e+06 111 191 84 9 0 3 84 16 41 55 25 0 0 0 0 124 46 30 23 0 0 0 0 0 0 0 0 0 0 0 0 35 47 17 68 0 0 0 0 29 0 12 0
133 TTC 0 0 0 0 0 0 0 0 0 0 0 0 0 0 0 0 0 0 0 0 0 0 0 0 0 0 0 0 6 44 1 24 0 0 0 0 0 0 0 0 0 0 0 0 0 0 0 0 0 0 0 0 0 0 0 0 0 0 0 0 70 1.99983e+06 8 15
134 GAT 0 0 0 0 0 0 0 0 0 0 0 0 0 0 0 0 68 0 261 0 0 0 0 0 0 0 0 0 0 0 0 0 0 240 0 1.99943e+06 0 0 0 0 0 0 0 0 0 0 0 0 0 0 0 0 0 0 0 0 0 0 0 0 0 0 0 0
135 CAC 0 0 0 0 7 67 48 10 0 0 0 0 0 0 0 0 0 1.9996e+06 0 97 2 82 23 60 0 0 0 0 0 0 0 0 0 0 0 0 0 0 0 0 0 0 0 0 0 0 0 0 0 0 0 0 0 0 0 0 0 0 0 0 0 0 0 0
136 CAA 0 0 0 0 139 15 16 179 11 0 117 24 0 0 0 0 1.99907e+06 0 188 0 0 0 0 0 8 3 2 16 0 0 0 0 0 0 0 0 0 0 0 0 0 0 0 0 0 0 0 0 0 0 0 0 103 14 80 15 0 0 0 0 0 0 0 0
137 GCG 77 0 50 0 75 5 40 120 331 19 1134 63 1532 72 290 2726 176 0 112 0 0 0 0 0 534 594 11 552 172 410 75 388 0 0 0 0 194 26 1.98444e+06 248 0 0 0 0 32 787 159 118 0 376 0 2535 44 3 22 44 0 74 0 64 351 626 286 17
138 AAA 1.99932e+06 0 94 0 0 0 0 0 75 2 80 45 0 0 0 0 0 0 0 0 0 0 0 0 4 76 72 33 0 0 0 0 0 0 0 0 21 67 23 29 0 0 0 0 0 0 0 0 0 0 0 0 10 7 13 25 0 0 0 0 0 0 0 0
139 CAC 0 85 0 100 0 0 0 0 37 27 108 10 0 0 0 0 194 1.99787e+06 52 92 26 18 61 78 48 12 21 58 31 66 18 53 0 61 0 130 93 89 6 68 0 0 0 0 77 30 6 22 0 0 0 0 1 83 47 6 0 0 0 0 44 97 16 56
140 CGA 0 0 0 0 0 0 0 0 102 24 8 51 0 0 0 0 0 0 0 0 0 0 0 0 1.9991e+06 7 24 20 45 18 30 67 0 0 0 0 0 0 0 0 16 70 0 121 0 0 0 0 0 0 0 0 5 31 30 123 0 0 0 0 66 0 43 0
141 ATA 0 0 0 0 51 2 10 83 22 30 19 5 1.99792e+06 272 0 179 0 0 0 0 0 0 0 0 18 83 2 9 46 50 6 26 0 0 0 0 0 0 0 0 0 0 0 0 370 150 202 146 0 0 0 0 0 13 58 17 0 26 0 102 53 0 26 0
142 GAA 116 0 22 0 0 0 0 0 0 0 0 0 0 0 0 0 0 0 0 0 44 17 1 58 0 0 0 0 0 0 0 0 1.99962e+06 0 11 0 0 0 0 0 13 42 34 25 0 0 0 0 0 0 0 0 0 0 0 0 0 0 0 0 0 0 0 0
143 CGA 0 0 0 0 717 52 36 1043 34 82 13 53 61 14 0 52 0 204 0 45 83 81 42 24 1.99542e+06 84 136 113 235 8 181 21 0 0 0 0 71 43 2 11 44 21 36 88 70 37 201 133 0 0 0 0 86 39 33 131 0 0 0 0 105 0 18 0
144 GCA 0 0 0 0 0 0 0 0 0 0 0 44 55 29 0 29 0 0 0 0 0 0 0 0 0 0 0 0 0 0 0 0 0 0 0 0 1.99926e+06 70 262 101 0 0 0 0 0 0 0 0 0 0 0 0 57 17 28 53 0 0 0 0 0 0 0 0
145 AGA 0 0 0 0 0 0 0 0 1.99775e+06 14 56 18 0 0 0 0 0 42 0 210 0 0 0 0 163 110 186 328 199 97 144 31 0 0 0 0 12 48 60 13 51 13 20 41 0 0 0 0 0 0 0 0 91 2 45 16 0 0 0 0 108 112 4 14
146 ACT 172 26 901 131 172 25 14 1.98644e+06 401 65 143 113 260 57 0 70 361 352 324 264 33 5 73 7 126 306 326 10 633 206 627 100 881 69 497 73 191 169 30 131 34 63 27 12 1073 423 255 1900 0 0 0 0 72 1 52 78 0 244 0 58 754 0 167 0
147 CGC 0 0 0 0 0 0 0 0 161 28 137 93 0 0 0 0 0 0 0 0 0 0 0 0 34 1.99864e+06 21 48 49 0 52 171 0 0 0 0 0 0 0 0 40 46 102 74 0 0 0 0 0 0 0 0 10 18 185 15 0 0 0 0 27 0 54 0
148 ATG 0 0 0 0 0 0 0 0 0 0 0 0 104 15 1.99963e+06 68 0 0 0 0 0 0 0 0 0 0 0 0 0 0 0 0 0 0 0 0 0 0 0 0 0 0 0 0 162 11 4 3 0 0 0 0 0 0 0 0 0 0 0 0 0 0 0 0
149 GAG 584 544 408 531 0 0 0 0 7 25 157 6 456 86 0 789 361 225 141 21 0 0 0 0 11 85 81 44 237 246 325 872 72 46 1.99068e+06 141 2 64 15 24 407 67 18 464 55 110 170 83 0 52 0 110 5 325 35 36 0 343 0 55 38 34 110 202
150 GCT 0 0 0 0 22 24 27 41 42 67 11 25 0 0 0 0 164 508 133 176 8 70 27 3 18 10 136 10 0 0 0 0 86 0 38 0 44 251 398 1.99723e+06 0 0 0 0 0 88 32 36 0 0 0 0 68 42 136 33 0 0 0 0 0 0 0 0
151 GGA 0 302 0 16 0 0 0 0 10 14 127 14 0 0 0 0 0 0 0 0 0 0 0 0 89 126 46 34 0 0 0 0 320 0 184 0 0 0 0 0 1.99782e+06 100 264 75 144 30 16 54 0 0 0 0 16 13 51 27 0 63 0 47 0 0 0 0
152 CTA 0 0 0 0 0 0 0 0 14 16 28 34 0 0 155 0 0 0 0 0 0 0 0 0 16 11 22 33 1.99852e+06 153 435 291 0 0 0 0 0 0 0 0 0 0 0 0 0 0 0 0 0 2 0 104 11 12 2 62 0 0 0 0 22 0 62 0
153 GTA 0 0 0 0 112 25 25 16 42 8 10 18 255 227 475 226 0 0 0 0 298 1618 229 941 41 11 3 42 200 338 1001 1092 0 0 0 0 0 0 0 0 36 25 15 41 1.9884e+06 219 176 3 0 0 0 0 18 13 26 14 0 171 0 8 845 1227 518 994
154 GAT 0 0 0 0 0 0 0 0 13 0 227 0 0 0 0 0 0 0 0 0 0 0 0 0 3 96 65 9 6 56 1 33 0 58 0 1.99901e+06 0 0 0 0 100 54 31 44 6 86 61 28 0 0 0 0 0 0 0 0 0 0 0 0 6 0 4 0
155 CAA 0 0 0 0 1239 132 1534 1878 241 22 35 72 799 986 2198 1388 1.93452e+06 79 12 36 36 136 46 59 6 49 4 59 38 1005 119 27 1442 0 2510 0 96 38 19 72 118 64 405 62 1338 8576 1449 427 0 1775 0 2167 70 87 6 50 0 882 30342 687 33 277 139 112
156 GAT 0 0 0 0 0 0 0 0 16 9 15 58 0 0 0 0 0 0 0 0 0 0 0 0 4 1 61 28 0 41 1 33 0 4 0 1.99903e+06 51 16 82 129 0 0 0 0 0 0 0 0 0 253 0 43 8 6 16 27 0 0 0 0 27 0 42 0
157 GAT 0 0 0 0 0 0 0 0 0 0 0 0 0 0 0 0 0 0 0 0 0 0 0 0 0 0 0 0 0 0 0 0 0 34 0 1.99961e+06 24 35 54 2 69 7 15 52 41 10 45 6 0 0 0 0 0 0 0 0 0 0 0 0 0 0 0 0
158 CTT 0 91 0 6 56 51 4 31 43 0 42 0 0 0 163 0 41 0 53 0 4 0 95 9 60 24 154 6 126 10 236 1.97507e+06 0 0 0 0 0 0 0 0 0 0 0 0 30 38 7 47 0 793 0 2925 0 0 0 0 0 0 1092 0 2 2397 54 16243
159 GAC 0 0 0 0 85 5 36 70 50 0 6 0 0 0 0 0 0 0 0 0 0 0 0 0 130 4 67 85 0 0 0 0 44 1.9989e+06 128 7 0 0 0 0 0 13 42 58 0 0 0 0 0 262 0 7 0 0 0 0 0 0 0 0 0 0 0 0
160 GAG 0 59 0 59 0 0 0 0 24 49 125 47 0 0 0 0 847 0 53 0 0 0 0 0 164 39 79 23 4 13 81 48 122 851 1.99576e+06 820 55 107 21 34 11 87 4 71 0 0 0 0 0 0 0 0 49 16 15 2 0 58 0 70 6 38 43 43
161 GAG 0 0 0 0 0 0 0 0 16 24 116 5 0 0 0 0 123 0 18 0 0 0 0 0 2 10 0 9 0 0 0 0 58 0 1.99942e+06 0 17 69 3 26 0 0 0 0 0 0 0 0 0 0 0 0 23 32 18 9 0 0 0 0 0 0 0 0
162 CAT 0 752 0 2608 107 3 23 57 13 54 32 7 0 0 0 0 0 111 0 1.99489e+06 0 0 0 0 10 21 70 2 19 16 11 0 0 0 0 0 0 0 0 0 481 22 159 421 0 0 0 0 0 0 0 0 6 6 33 2 0 0 0 0 39 0 23 0
163 CAA 135 0 68 0 1176 556 510 102 65 32 287 13 696 3028 2849 1506 1.96602e+06 50 19 101 39 63 65 14 161 52 97 76 277 4255 381 2332 53 0 95 0 410 855 191 474 2 35 47 97 1746 2530 887 420 0 1448 0 1957 169 20 128 91 0 898 152 350 673 589 275 380
164 GGG 0 0 0 0 0 0 0 0 56 8 9 10 0 0 0 0 0 0 0 0 0 0 0 0 61 5 12 2 0 0 0 0 0 0 0 0 0 0 0 0 162 109 1.99880e+06 203 138 27 30 92 0 0 0 0 75 17 0 25 0 48 0 106 0 0 0 0
165 CTG 0 79 0 104 86 89 20 63 29 0 10 0 121 91 156 120 0 0 0 0 401 56 45 21 46 64 10 7 14 43 1.99465e+06 214 0 0 0 0 33 35 10 11 0 0 0 0 393 774 236 296 0 87 0 101 0 0 0 0 0 120 0 117 478 117 202 453
166 GCG 84 0 149 0 47 68 72 1 43 20 73 39 10 73 0 91 0 0 0 0 0 0 0 0 0 14 6 0 144 206 74 17 55 0 161 0 29 23 1.99743e+06 161 0 0 0 0 14 113 28 49 0 0 0 0 54 134 5 16 0 0 0 0 292 0 201 0
167 CCC 14 0 89 0 173 57 25 79 15 3 35 12 677 153 141 764 109 0 93 0 253 1.98868e+06 79 55 49 44 24 0 416 356 1811 389 0 0 0 0 17 31 31 23 66 16 150 39 278 426 738 445 0 30 0 147 27 18 20 43 0 27 0 158 1992 0 683 0
168 GCG 242 0 3 0 37 352 208 64 2 85 54 312 52 257 0 61 0 20 0 107 0 0 0 0 39 118 178 6 119 60 91 22 4 0 167 0 97 111 1.99510e+06 279 0 0 0 0 31 20 83 28 0 0 0 0 215 440 82 387 0 0 243 0 60 47 11 101
169 GAA 0 0 0 0 0 0 0 0 0 14 0 48 0 0 0 0 32 0 73 0 27 65 15 14 0 0 0 0 12 33 17 18 1.99899e+06 0 155 0 0 0 0 0 6 42 69 106 86 51 5 39 0 0 0 0 10 12 11 0 0 0 0 0 43 0 5 0
170 CTC 0 0 0 0 0 0 0 0 0 0 0 0 0 0 0 0 0 0 0 0 16 199 24 96 0 0 0 0 64 1.99871e+06 307 102 0 0 0 0 0 0 0 0 0 0 0 0 0 0 0 0 0 0 0 0 0 0 0 0 0 320 0 43 7 0 111 0
171 TTT 0 0 0 0 0 0 0 0 20 43 341 22 0 0 0 0 0 0 0 0 30 13 28 49 31 173 8 8 396 36 119 78 0 0 0 0 0 0 0 0 11 27 98 83 9 29 119 7 0 0 0 0 65 36 40 45 0 0 0 0 85 11 83 1.99786e+06
172 GCT 0 0 0 0 0 0 0 0 297 0 108 0 0 0 0 0 120 0 27 0 0 0 0 0 228 4 64 195 0 0 0 0 108 0 140 0 16 39 77 1.99794e+06 0 0 0 0 152 33 134 315 0 0 0 0 0 0 0 0 0 0 0 0 0 0 0 0
173 AGG 0 0 0 0 0 0 0 0 308 31 1.99282e+06 123 0 0 1954 0 424 0 287 0 0 0 0 0 16 167 342 183 75 421 136 541 143 0 6 0 8 37 76 59 49 12 19 23 72 23 43 209 0 0 0 0 128 17 37 170 0 0 0 0 683 0 359 0
174 TTG 0 0 0 0 0 0 0 0 0 0 0 0 0 0 0 0 0 0 0 0 0 0 0 0 0 0 0 0 37 108 21 158 0 0 0 0 0 0 0 0 0 0 0 0 0 0 0 0 0 0 0 0 0 0 0 0 0 16 0 154 36 0 1.99947e+06 0
175 AAA 1.99409e+06 0 240 0 0 0 0 0 8 4 29 18 11 94 0 17 244 0 44 0 0 0 0 0 44 0 26 8 890 337 605 1077 0 0 0 0 0 0 0 0 57 49 8 62 168 603 15 222 0 0 0 0 13 3 49 32 0 0 0 0 889 0 40 0
176 GCT 0 0 0 0 0 0 0 0 43 0 2 23 0 0 0 0 0 0 0 0 0 0 0 0 101 85 91 84 45 19 17 36 0 0 0 0 197 147 81 1.99861e+06 0 0 0 0 0 0 0 0 0 0 0 0 45 101 34 121 0 0 0 0 20 0 100 0
177 CGG 0 999 0 2102 4396 19239 1679 8626 50 1872 193 10950 2820 2488 2366 1275 535 68 377 1480 66 58 14 49 179 133 1.85463e+06 382 4310 1515 3531 4127 608 704 4389 367 536 2470 3516 2397 1465 1083 7053 2971 864 47 1235 513 0 89 0 1148 3090 2985 9115 1191 0 2222 2699 4961 4034 5494 1433 812
178 ATG 481 0 139 0 217 675 68 186 646 20 31 29 162 55 1.98304e+06 88 36 477 294 300 118 320 289 674 162 210 543 1289 612 387 118 135 73 0 86 0 21 3 70 7 54 5 33 38 108 28 295 178 0 1833 0 1228 6 32 26 28 0 182 990 472 370 1729 16 289
179 CCC 0 0 0 0 14 112 51 17 246 125 201 9 140 162 0 279 82 0 117 0 80 1.99686e+06 301 314 167 58 38 83 22 162 31 19 0 0 0 0 0 0 0 0 0 0 0 0 0 0 0 0 0 0 0 0 26 146 30 5 0 0 0 0 55 0 51 0
180 GAC 0 0 0 0 127 7 53 72 174 31 90 38 303 58 0 49 0 0 0 0 118 3 7 16 103 23 52 16 7 34 40 65 159 1.99677e+06 2 238 100 92 43 73 86 53 3 14 0 0 0 0 0 0 0 0 21 6 61 9 0 0 141 0 4 305 44 288
181 GGT 0 0 0 0 74 45 6 5 108 51 38 292 0 0 0 0 0 0 0 0 0 0 0 0 99 51 96 87 15 39 7 7 0 0 0 0 27 86 59 24 4 73 28 1.99700e+06 60 382 6 270 0 18 0 200 35 80 17 113 0 378 0 76 7 0 32 0
182 GAA 0 0 0 0 37 24 77 105 0 26 0 7 0 0 0 0 0 0 0 0 0 0 0 0 0 0 0 0 0 0 0 0 1.999e+06 0 141 0 47 9 26 44 8 58 93 88 12 15 55 8 0 0 0 0 0 30 64 27 0 0 0 0 0 0 0 0
183 GAT 0 0 0 0 0 0 0 0 42 0 60 0 0 0 0 0 0 0 0 0 0 0 0 0 0 16 121 21 0 0 0 0 0 18 0 1.9996e+06 0 0 0 0 27 16 45 33 0 0 0 0 0 0 0 0 0 0 0 0 0 0 0 0 0 0 0 0
184 TTG 0 0 0 0 0 0 0 0 12 0 89 0 0 0 0 0 42 0 319 0 25 24 2 129 22 68 27 37 0 127 56 144 0 0 0 0 0 0 0 0 0 0 0 0 0 0 0 0 0 0 0 0 0 0 0 0 0 0 0 0 51 0 1.99883e+06 0
185 GTG 0 0 0 0 0 0 0 0 58 13 12 70 0 0 0 0 0 0 0 0 0 0 0 0 18 63 22 11 26 30 11 21 0 0 0 0 43 38 129 1 0 0 0 0 80 185 1.99902e+06 16 0 0 0 0 3 28 2 11 0 0 0 0 87 0 7 0
186 GTA 0 0 0 0 0 0 0 0 0 0 0 0 0 0 0 0 0 0 0 0 5 9 70 22 0 0 0 0 31 68 49 13 0 0 0 0 22 82 51 94 0 0 0 0 1.99913e+06 48 52 185 0 0 0 0 0 0 0 0 0 0 0 0 38 0 27 0
187 ACT 0 0 0 0 7 184 24 1.99956e+06 0 22 0 30 0 0 0 0 0 0 0 0 0 0 0 0 0 0 0 0 0 0 0 0 0 0 0 0 0 0 0 0 0 0 0 0 0 0 0 0 0 0 0 0 19 51 5 93 0 0 0 0 0 0 0 0
188 CAT 0 0 0 0 0 0 0 0 48 0 2 0 0 0 0 0 131 51 65 1.9986e+06 27 32 32 97 13 34 88 79 35 60 114 66 0 0 0 0 0 0 0 0 0 0 0 0 0 0 0 0 0 24 0 246 0 0 0 0 0 107 0 15 10 0 20 0
189 GGG 0 0 0 0 0 0 0 0 0 79 0 143 0 0 0 0 0 0 0 0 0 0 0 0 0 0 0 0 26 46 10 9 0 0 0 0 0 0 0 0 55 35 1.99908e+06 134 98 7 49 59 0 0 0 0 110 32 8 5 0 0 0 0 14 0 1 0
190 GAT 0 0 0 0 0 0 0 0 0 0 0 0 0 0 0 0 0 0 0 0 0 0 0 0 0 0 0 0 0 0 0 0 15 175 104 1.99962e+06 0 0 0 0 10 8 13 52 0 0 0 0 0 0 0 0 0 0 0 0 0 0 0 0 0 0 0 0
191 GCC 0 0 0 0 0 0 0 0 13 52 19 26 0 0 0 0 0 1674 0 147 0 0 0 0 16 36 15 17 369 161 3 160 0 0 0 0 33 1.98796e+06 216 125 0 0 0 0 19 11 60 91 0 141 0 110 32 35 85 10 0 0 0 0 162 6770 71 1366
192 TGC 0 0 0 0 3782 883 15700 7133 35 0 60 0 71 294 0 67 0 0 0 0 0 0 0 0 35 26 4 51 0 0 0 0 0 0 0 0 30 24 32 41 24 9 126 20 0 0 0 0 0 0 0 0 0 0 0 0 0 1.9715e+06 0 56 0 0 0 0
193 CTC 0 0 0 0 0 0 0 0 12 0 52 0 0 0 223 0 0 0 0 0 9 7 60 94 8 197 76 1 16 1.99832e+06 251 68 0 0 0 0 0 0 0 0 0 0 0 0 31 19 78 29 0 0 0 0 0 0 0 0 0 0 0 0 335 0 114 0
194 CCG 0 0 0 0 41 52 167 1 47 39 61 10 0 0 0 0 135 0 31 0 10 58 1.99859e+06 222 108 54 23 41 0 75 47 4 0 0 0 0 0 0 0 0 0 0 0 0 0 0 0 0 0 0 0 0 5 41 22 5 0 0 0 0 56 0 56 0
195 AAC 69 1.99917e+06 97 152 47 77 17 8 0 62 0 43 0 0 0 0 0 0 0 0 0 0 0 0 0 0 0 0 0 0 0 0 0 0 0 0 0 0 0 0 0 0 0 0 0 0 0 0 0 1 0 174 52 18 4 6 0 0 0 0 0 0 0 0
196 ATA 0 0 0 0 0 0 0 0 12 182 40 104 1.99778e+06 174 0 673 0 0 0 0 0 0 0 0 75 148 74 24 5 29 8 7 0 0 0 0 0 0 0 0 0 0 0 0 17 20 38 33 0 0 0 0 206 25 142 97 0 0 0 0 79 0 8 0
197 ATG 10 0 91 0 40 32 12 32 54 0 0 0 0 0 1.99895e+06 0 207 0 232 0 0 0 0 0 32 2 23 2 34 12 0 21 0 79 0 97 0 0 0 0 0 0 0 0 0 0 0 0 0 0 0 0 0 0 0 0 0 0 0 0 27 0 8 0
198 GTG 0 0 0 0 0 0 0 0 20 0 27 0 0 0 0 0 0 0 0 0 0 0 0 0 29 64 24 10 16 35 29 8 0 0 0 0 100 25 13 9 10 17 38 28 310 70 1.99889e+06 151 0 0 0 0 0 0 0 0 0 0 0 0 18 0 56 0
199 GAA 0 0 0 0 0 0 0 0 40 105 14 35 0 0 0 0 0 60 0 31 0 0 0 0 26 8 43 66 0 0 0 0 1.99828e+06 0 47 0 64 8 8 244 5 158 18 31 0 0 0 0 0 0 0 0 41 284 7 90 0 71 0 212 0 0 0 0
200 AAC 0 1.99906e+06 0 211 17 200 38 0 0 25 0 25 0 0 0 0 0 0 0 0 0 0 0 0 0 0 0 0 7 4 143 1 0 0 0 0 0 0 0 0 0 0 0 0 47 41 30 29 0 0 0 0 35 11 21 20 0 0 0 0 21 0 19 0
201 GGC 0 0 0 0 4 12 35 61 31 48 92 33 0 0 0 0 0 0 0 0 0 0 0 0 45 41 10 69 0 0 0 0 0 14 0 73 0 0 0 0 506 1.99821e+06 76 331 0 0 0 0 0 0 0 0 32 1 154 3 0 110 0 8 0 0 0 0
202 CGT 65 0 100 0 0 0 0 0 160 8 424 26 0 0 0 0 0 0 0 0 0 0 0 0 54 70 262 1.99732e+06 17 10 250 56 0 0 0 0 0 0 0 0 0 0 0 0 0 0 0 0 0 0 0 0 42 104 235 39 0 113 0 77 142 0 426 0
203 TTT 0 0 0 0 0 0 0 0 0 0 0 0 0 0 0 0 0 0 0 0 0 0 0 0 0 0 0 0 20 13 7 91 0 0 0 0 0 0 0 0 0 0 0 0 0 0 0 0 0 0 0 0 0 0 0 0 0 28 0 101 51 273 25 1.99939e+06
204 AGC 0 55 0 72 53 37 64 61 104 1.99825e+06 2 137 15 70 0 185 0 0 0 0 0 0 0 0 85 56 109 14 0 0 0 0 0 0 0 0 0 0 0 0 41 3 71 23 0 0 0 0 0 0 0 0 115 130 117 133 0 0 0 0 0 0 0 0
205 GGA 0 0 0 0 0 0 0 0 0 0 0 0 0 0 0 0 0 0 0 0 0 0 0 0 0 0 0 0 0 0 0 0 0 0 0 0 0 0 0 0 1.99934e+06 334 111 37 18 100 44 11 0 0 0 0 0 0 0 0 0 0 0 0 0 0 0 0
206 TTC 0 0 0 0 0 0 0 0 15 59 33 34 0 0 0 0 0 0 0 0 0 0 0 0 0 55 23 12 33 70 11 3 0 0 0 0 0 0 0 0 0 0 0 0 71 1 67 13 0 0 0 0 55 19 68 44 0 0 0 0 10 1.99917e+06 57 77
207 ATT 0 0 0 0 27 41 57 23 0 0 0 0 126 54 0 1.99956e+06 0 0 0 0 0 0 0 0 0 0 0 0 0 0 0 0 0 0 0 0 0 0 0 0 0 0 0 0 11 1 57 41 0 0 0 0 0 0 0 0 0 0 0 0 0 0 0 0
208 GAT 0 0 0 0 1 31 99 43 0 0 0 0 0 0 0 0 0 0 0 0 0 0 0 0 0 0 0 0 0 0 0 0 98 74 24 1.99907e+06 129 82 74 66 30 14 97 67 0 0 0 0 0 0 0 0 0 0 0 0 0 0 0 0 0 0 0 0
209 TGC 0 0 0 0 10 165 321 211 50 85 105 84 0 0 0 0 0 0 0 0 0 0 0 0 36 46 4 122 8 85 42 30 0 0 0 0 5 33 39 267 15 12 0 86 0 0 0 0 0 0 0 0 10 13 43 12 0 1.99784e+06 0 49 10 23 55 88
210 GGA 0 0 0 0 0 0 0 0 33 3 21 64 0 0 0 0 0 0 0 0 0 0 0 0 12 28 25 37 0 0 0 0 0 0 0 0 0 0 0 0 1.99879e+06 178 70 247 75 129 112 101 0 0 0 0 14 21 2 37 0 0 0 0 0 0 0 0
211 CGG 0 0 0 0 0 0 0 0 58 48 65 2 0 0 0 0 0 0 0 0 0 0 0 0 29 175 1.99868e+06 132 157 42 142 34 0 0 0 0 0 0 0 0 0 0 0 0 0 0 0 0 0 0 0 0 90 46 26 87 0 47 0 73 5 0 63 0
212 TTG 0 0 0 0 10 75 1 32 55 0 26 0 0 0 0 0 0 0 0 0 0 0 0 0 47 6 9 47 227 61 86 52 0 0 0 0 0 0 0 0 0 0 0 0 0 0 0 0 0 0 0 0 0 0 0 0 0 0 0 0 83 0 1.99918e+06 0
213 GGT 0 0 0 0 0 0 0 0 10 0 157 0 0 0 0 0 0 0 0 0 0 0 0 0 88 45 2 95 0 0 0 0 0 0 0 0 0 46 57 25 148 38 13 1.99896e+06 50 17 1 45 0 0 0 0 0 0 0 0 0 15 0 193 0 0 0 0
214 GTC 0 0 0 0 0 0 0 0 0 0 0 0 0 0 0 0 0 0 0 0 0 0 0 0 0 0 0 0 27 11 69 81 0 0 0 0 24 8 35 90 49 26 186 29 52 1.99916e+06 41 72 0 0 0 0 0 0 0 0 0 0 0 0 38 0 0 0
215 GCT 0 0 0 0 1 3 112 69 0 30 0 9 0 0 0 0 0 0 0 0 34 26 39 27 0 0 0 0 0 0 0 0 0 0 0 0 138 45 0 1.99905e+06 25 38 38 32 0 0 0 0 0 0 0 0 215 34 19 12 0 0 0 0 0 0 0 0
216 GAT 0 0 0 0 0 0 0 0 0 19 0 14 0 0 0 0 0 0 0 0 0 0 0 0 0 0 0 0 9 2 39 3 0 84 0 1.99904e+06 5 25 5 95 62 58 35 14 41 9 56 44 0 105 0 60 25 10 73 3 0 0 0 0 0 0 62 0
217 CGA 0 0 0 0 0 0 0 0 8 77 85 92 0 0 0 0 0 0 0 0 0 0 0 0 1.99907e+06 94 120 29 12 33 20 27 0 0 0 0 0 0 0 0 38 37 16 9 0 0 0 0 0 0 0 0 85 16 3 59 0 0 0 0 50 0 18 0
218 TAT 0 0 0 0 0 0 0 0 0 29 0 141 0 0 0 0 0 0 0 0 0 0 0 0 0 0 0 0 0 0 0 0 0 0 0 0 0 0 0 0 0 0 0 0 0 0 0 0 0 149 0 1.99951e+06 54 17 48 56 0 0 0 0 0 0 0 0
219 CAA 99 0 13 0 122 46 3 19 23 0 10 0 0 0 0 0 1.99844e+06 251 591 5 15 125 0 2 74 57 97 4 0 0 0 0 0 0 0 0 0 0 0 0 0 0 0 0 0 0 0 0 0 0 0 0 0 0 0 0 0 0 0 0 0 0 0 0
220 GAT 0 0 0 0 0 0 0 0 0 0 0 0 0 0 0 0 0 0 0 0 0 0 0 0 0 0 0 0 0 0 0 0 0 118 0 1.99947e+06 21 69 1 90 51 42 61 77 0 0 0 0 0 0 0 0 0 0 0 0 0 0 0 0 0 0 0 0
221 ATA 0 0 0 0 0 126 65 175 0 21 0 103 1.9862e+06 197 0 80 0 0 0 0 0 0 0 0 0 0 0 0 3219 4428 621 2772 0 0 0 0 0 0 0 0 20 7 11 80 0 75 75 4 0 0 0 0 38 77 345 29 0 0 0 0 875 0 353 0
222 GCA 0 0 0 0 0 0 0 0 0 0 0 0 0 0 0 0 0 0 0 0 0 0 0 0 0 0 0 0 0 0 0 0 0 0 0 0 1.99939e+06 55 170 55 64 29 11 9 52 11 6 148 0 0 0 0 0 0 0 0 0 0 0 0 0 0 0 0
223 TTG 0 0 0 0 0 0 0 0 60 0 23 0 0 0 0 0 0 0 0 0 0 0 0 0 6 71 7 4 316 44 69 290 0 0 0 0 0 0 0 0 0 0 0 0 0 0 0 0 0 0 0 0 0 0 0 0 0 0 0 0 214 0 1.9989e+06 0
224 GCA 0 0 0 0 0 0 0 0 0 103 0 169 0 0 0 0 0 0 0 0 18 26 33 32 0 0 0 0 20 21 43 14 258 0 55 0 1.99846e+06 29 77 58 83 8 15 44 24 47 66 4 0 0 0 0 36 69 86 65 0 0 0 0 18 0 15 0
225 ACT 0 0 0 0 13 38 3 1.99928e+06 0 10 0 2 141 6 0 12 0 0 0 0 0 0 0 0 0 0 0 0 0 0 0 0 0 0 0 0 0 0 0 0 0 0 0 0 181 9 150 42 0 0 0 0 28 46 20 17 0 0 0 0 0 0 0 0
226 CGC 0 0 0 0 38 28 12 17 361 63 150 25 0 0 0 0 0 0 0 0 0 0 0 0 246 1.99802e+06 48 67 69 9 68 101 0 0 0 0 0 0 0 0 60 3 90 16 0 0 0 0 0 0 0 0 100 98 86 95 0 0 0 0 57 0 69 0
227 GAT 0 0 0 0 0 0 0 0 55 42 19 460 0 0 0 0 0 48 0 102 0 0 0 0 50 61 14 12 0 0 0 0 51 143 45 1.99801e+06 0 0 0 0 0 0 0 0 86 71 46 82 0 0 0 0 5 174 0 186 0 178 0 64 0 0 0 0
228 ATC 0 0 0 0 113 42 3 48 16 256 84 58 47 1.99858e+06 0 150 0 0 0 0 0 0 0 0 47 12 2 33 5 16 70 0 0 0 0 0 0 0 0 0 0 0 0 0 45 23 67 25 0 0 0 0 45 90 17 9 0 0 0 0 69 0 25 0
229 GCC 0 0 0 0 21 27 24 30 17 15 66 60 0 0 0 0 0 0 0 0 59 21 37 13 5 7 17 11 0 0 0 0 116 0 134 0 77 1.99871e+06 131 134 0 0 0 0 46 22 64 3 0 0 0 0 31 6 67 27 0 0 0 0 0 0 0 0
230 GAA 0 0 0 0 252 368 33 519 0 1657 0 55 0 0 0 0 0 492 0 209 33 20 61 11 0 0 0 0 0 0 0 0 1.99192e+06 0 161 0 95 37 33 80 10 116 147 8 0 0 0 0 0 0 0 0 254 100 3105 229 0 0 0 0 0 0 0 0
231 GAG 171 0 238 0 0 0 0 0 509 0 321 0 0 0 0 0 0 894 0 1479 0 0 0 0 402 524 219 139 0 0 0 0 7 0 1.983e+06 0 96 8 136 80 56 16 19 13 18 191 106 13 0 3158 0 7914 0 0 0 0 0 0 105 0 0 90 0 78
232 CTT 0 0 0 0 0 0 0 0 46 36 31 16 0 0 0 0 0 0 0 0 32 94 38 169 11 7 31 97 10 282 105 1.99866e+06 0 0 0 0 0 0 0 0 0 0 0 0 45 36 29 22 0 0 0 0 8 0 33 43 0 0 0 0 18 0 102 0
233 GGT 0 0 0 0 0 0 0 0 45 15 1 15 0 0 0 0 0 0 0 0 0 0 0 0 10 44 4 1 0 0 0 0 0 0 0 0 0 0 0 0 64 182 54 1.99896e+06 79 20 133 44 0 0 0 0 15 61 61 0 0 41 0 153 0 0 0 0
234 GGT 1335 515 682 231 8 902 87 170 29 79 108 49 241 73 375 151 326 127 452 161 1072 2435 889 385 23 20 233 254 9 10 39 67 24 164 1198 197 1606 990 2659 1141 114 475 1 1.9769e+06 239 286 130 538 0 156 0 59 11 139 240 571 0 54 159 92 16 0 307 0
235 GAA 0 0 0 0 18 9 57 36 0 0 0 0 0 0 0 0 0 0 0 0 0 0 0 0 0 0 0 0 8 0 49 53 1.99946e+06 0 163 0 22 3 80 34 0 0 0 0 0 0 0 0 0 0 0 0 0 0 0 0 0 0 0 0 9 0 4 0
236 TGG 0 0 0 0 0 0 0 0 50 5 78 11 0 0 0 0 0 0 0 0 0 0 0 0 10 27 107 2 154 17 82 146 0 0 0 0 0 0 0 0 151 78 15 12 4 67 46 9 0 0 0 0 7 48 26 83 0 0 1.99865e+06 0 108 0 11 0
237 GCA 0 0 0 0 0 0 0 0 1 28 2 159 0 0 0 0 0 0 0 0 0 0 0 0 24 49 5 39 0 0 0 0 0 0 0 0 1.99893e+06 325 70 46 0 0 0 0 0 0 0 0 0 0 0 0 67 133 27 96 0 0 0 0 0 0 0 0
238 GAC 215 520 998 101 49 24 22 40 604 214 324 555 535 1111 126 155 243 909 418 29 3 22 35 116 417 367 971 431 137 285 110 161 1014 1.98594e+06 295 54 97 148 26 80 0 0 0 0 54 119 138 90 0 231 0 2 221 65 201 168 0 25 0 131 133 34 68 424
239 AGA 0 0 0 0 74 8 21 90 1.9981e+06 34 44 12 0 0 0 0 0 0 0 0 84 57 6 11 234 2 393 34 51 7 45 70 0 0 0 0 0 0 0 0 36 62 26 7 0 0 0 0 0 0 0 0 19 61 45 22 0 91 0 46 62 0 144 0
240 TTT 50 0 92 0 0 0 0 0 0 31 0 22 0 0 0 0 0 0 0 0 0 0 0 0 0 0 0 0 0 0 0 0 0 0 0 0 0 0 0 0 0 0 0 0 125 29 25 53 0 0 0 0 29 0 24 16 0 2 0 111 0 410 0 1.99898e+06
241 TTA 0 0 0 0 0 0 0 0 34 25 100 21 0 0 0 0 0 0 0 0 36 111 52 33 160 15 142 95 9 131 124 159 0 0 0 0 0 0 0 0 0 0 0 0 0 0 0 0 0 0 0 0 77 1 13 3 0 0 0 0 1.99847e+06 0 185 0
242 GTT 143 53 861 102 579 82 496 690 404 39 51 39 0 0 389 0 26 650 109 279 14 81 12 76 1373 367 162 493 0 40 22 43 344 0 744 0 162 1 757 120 0 0 0 0 104 332 46 1.98719e+06 0 41 0 212 107 543 409 535 0 0 221 0 50 249 85 77
243 CTG 0 0 0 0 0 0 0 0 0 0 9 0 0 0 0 0 35 0 102 0 47 66 12 2 29 71 110 92 48 144 1.99811e+06 213 200 0 144 0 64 40 18 66 0 0 0 0 42 57 48 15 0 0 0 0 0 0 0 0 0 0 0 0 35 0 183 0
244 TAT 0 0 0 0 0 0 0 0 0 0 0 0 0 0 0 0 0 0 0 0 0 0 0 0 0 0 0 0 12 152 15 8 0 0 0 0 0 0 0 0 0 0 0 0 0 0 0 0 0 64 0 1.99971e+06 0 0 0 0 0 0 0 0 1 0 42 0
245 GGT 0 0 0 0 0 0 0 0 211 10 6 8 0 0 0 0 0 0 0 0 0 0 0 0 1 35 84 66 18 17 41 31 0 0 0 0 6 43 78 86 636 122 198 1.99768e+06 136 126 21 66 0 0 0 0 3 4 15 124 0 59 0 65 6 0 3 0
246 ATC 0 0 0 0 0 0 0 0 183 26 30 213 144 1.99799e+06 0 88 0 0 0 0 0 0 0 0 85 2 47 21 33 8 34 63 0 0 0 0 0 0 0 0 0 0 0 0 135 21 16 19 0 0 0 0 150 93 152 46 0 109 0 106 72 52 4 54
247 GCG 12 58 169 199 64 53 107 57 97 86 123 614 0 0 0 0 50 0 49 0 152 12 0 64 63 59 14 49 40 2 10 82 0 109 0 8 7 27 1.9961e+06 112 50 8 71 19 0 0 0 0 0 0 0 0 418 63 28 252 0 143 0 58 188 0 53 0
248 GCA 93 0 74 0 289 24 66 326 34 46 10 160 25 32 148 33 265 0 153 0 0 0 0 0 21 12 28 28 635 177 83 212 67 89 80 165 1.9953e+06 75 62 97 27 23 11 36 15 71 23 8 0 0 0 0 59 85 5 30 0 0 0 0 493 0 201 0
249 CCA 0 0 0 0 42 1 110 54 198 35 21 28 0 0 0 0 100 0 34 0 1.99794e+06 129 1 74 62 16 267 134 68 40 32 22 0 0 0 0 6 34 142 68 17 14 96 10 0 0 0 0 0 0 0 0 8 8 18 20 0 0 0 0 152 0 0 0
250 GAC 0 0 0 0 25 20 41 16 0 0 0 0 0 0 0 0 105 0 263 0 0 0 0 0 0 0 0 0 7 22 22 2 0 1.99898e+06 0 73 30 75 6 6 0 0 0 0 9 11 65 63 0 60 0 61 0 0 0 0 0 0 0 0 24 0 16 0
251 TCT 43 0 90 0 80 54 292 523 48 164 124 51 46 3 208 152 858 209 131 18 0 0 0 0 147 471 537 288 77 35 700 534 0 138 0 37 25 24 117 62 27 14 60 63 0 0 0 0 0 607 0 64 25 191 50 1.98904e+06 0 0 2605 0 282 221 46 420
252 CAG 0 71 0 34 0 0 0 0 21 0 47 28 0 0 0 0 18 55 1.99808e+06 208 0 0 0 0 14 47 47 16 2 5 10 18 0 475 0 358 0 0 0 0 0 0 0 0 0 0 0 0 0 0 0 0 24 2 93 55 0 0 0 0 30 121 94 29
253 CGT 0 0 0 0 0 0 0 0 35 73 53 58 0 0 0 0 0 0 0 0 0 0 0 0 121 0 8 1.99902e+06 8 82 13 41 0 0 0 0 0 0 0 0 25 27 83 24 0 39 86 0 0 0 0 0 33 11 6 63 0 0 0 0 6 0 84 0
254 ATC 0 0 0 0 0 0 0 0 18 134 26 8 68 1.99911e+06 0 13 0 0 0 0 0 0 0 0 2 12 60 1 1 38 37 50 0 0 0 0 0 0 0 0 0 0 0 0 0 0 0 0 0 0 0 0 25 74 17 61 0 0 0 0 151 0 94 0
255 GCC 0 0 0 0 7 72 0 73 37 93 14 111 0 0 0 0 0 0 0 0 0 0 0 0 5 20 12 32 0 0 0 0 118 0 6 0 21 1.99831e+06 72 284 171 110 14 37 0 0 0 0 0 24 0 135 11 117 9 88 0 0 0 0 0 0 0 0
256 TTT 0 0 0 0 0 0 0 0 15 50 56 11 0 0 0 0 90 0 23 0 44 8 80 14 76 9 103 43 94 23 41 133 0 0 0 0 0 0 0 0 0 0 0 0 0 0 0 0 0 433 0 668 61 53 22 68 0 0 2412 0 30 20 13 1.99531e+06
257 TAT 0 0 0 0 0 0 0 0 0 0 0 0 0 0 0 0 0 86 0 47 0 0 0 0 0 0 0 0 0 0 0 0 0 0 0 0 0 0 0 0 0 0 0 0 0 0 0 0 0 15 0 1.99985e+06 0 0 0 0 0 0 0 0 0 0 0 0
258 AGA 0 0 0 0 0 0 0 0 1.99882e+06 36 58 4 0 0 0 0 0 0 0 0 0 0 0 0 227 59 89 32 88 79 0 11 0 0 0 0 0 0 0 0 68 0 35 44 0 0 0 0 0 0 0 0 99 104 2 17 0 0 0 0 126 0 7 0
259 TTA 0 0 0 0 0 0 0 0 39 0 11 0 0 0 0 0 0 0 0 0 0 0 0 0 0 11 40 14 90 9 85 204 0 0 0 0 0 0 0 0 0 0 0 0 0 0 0 0 0 0 0 0 0 0 0 0 0 0 0 0 1.99931e+06 0 183 0
260 CTA 0 0 0 0 0 0 0 0 0 0 0 0 0 0 0 0 0 0 0 0 0 0 0 0 0 0 0 0 1.99937e+06 432 28 22 0 0 0 0 0 0 0 0 0 0 0 0 0 0 0 0 0 0 0 0 0 0 0 0 0 0 0 0 7 0 137 0
261 GAC 0 0 0 0 0 0 0 0 0 30 0 7 0 0 0 0 0 0 0 0 0 0 0 0 0 0 0 0 0 0 0 0 0 1.99981e+06 0 4 0 0 0 0 0 0 0 0 0 0 0 0 0 80 0 8 5 9 35 10 0 0 0 0 0 0 0 0
262 GAG 111 0 22 0 0 0 0 0 43 8 8 14 0 0 0 0 0 0 0 0 0 0 0 0 7 54 13 3 0 0 0 0 73 0 1.9994e+06 0 0 0 0 0 0 0 0 0 42 18 43 30 0 0 0 0 64 28 6 12 0 0 0 0 0 0 0 0
263 TTC 0 0 0 0 0 0 0 0 0 68 0 16 6 89 0 28 0 0 0 0 0 0 0 0 0 0 0 0 1 5 18 23 0 0 0 0 0 0 0 0 0 0 0 0 0 0 0 0 0 0 0 0 30 24 23 21 0 0 0 0 54 1.99938e+06 11 207
264 TTC 0 0 0 0 0 0 0 0 0 11 0 43 0 0 0 0 0 0 0 0 0 0 0 0 0 0 0 0 49 1 18 27 0 0 0 0 0 0 0 0 0 0 0 0 21 29 85 87 0 44 0 89 55 25 22 6 0 36 0 72 22 1.99914e+06 36 78
