# POSITION WT AAA AAC AAG AAT ACA ACC ACG ACT AGA AGC AGG AGT ATA ATC ATG ATT CAA CAC CAG CAT CCA CCC CCG CCT CGA CGC CGG CGT CTA CTC CTG CTT GAA GAC GAG GAT GCA GCC GCG GCT GGA GGC GGG GGT GTA GTC GTG GTT TAA TAC TAG TAT TCA TCC TCG TCT TGA TGC TGG TGT TTA TTC TTG TTT
1 ATG 278 52 36 20 216 21 196 0 133 11 36 14 53 771 994672 101 0 121 0 22 17 81 56 17 37 10 53 58 46 34 35 89 91 152 146 60 191 265 385 9 75 146 81 0 34 49 29 31 0 73 0 193 36 30 66 48 0 185 0 93 130 23 7 86
2 ATT 82 69 121 210 74 27 20 90 2 46 9 5 15 67 0 995570 71 307 293 6 9 34 3 10 12 56 5 40 16 36 6 10 0 18 0 11 21 383 49 39 15 1 25 8 124 332 200 441 0 307 0 69 4 32 26 49 0 0 202 0 3 122 24 174
3 GAG 35 64 190 34 381 85 141 567 18 276 635 16 44 34 0 61 434 516 303 226 15 128 48 4 143 156 290 205 365 58 6 83 86 74 991106 102 0 0 0 0 35 25 42 68 7 4 15 44 0 54 0 146 349 9 66 301 0 0 46 0 340 755 73 692
4 CAA 142 79 451 253 25 17 56 239 26 23 0 24 28 68 0 71 995265 0 29 0 23 150 82 93 8 148 28 125 46 693 203 156 22 0 86 0 0 0 0 0 5 127 199 282 205 10 30 33 0 29 0 36 38 12 5 13 0 51 221 19 0 0 26 0
5 GAC 1748 1025 4462 2050 234 278 108 44 3 1089 504 536 1027 66 0 562 341 126 342 11 400 421 1043 352 127 65 0 55 539 1122 87 630 125 973886 494 187 57 51 93 7 271 519 1602 270 141 111 240 128 0 0 0 0 2 211 430 413 0 18 216 44 661 82 197 147
6 GGC 1428 4303 4508 129 37 1024 78 588 99 1604 152 5 909 2211 767 921 21 0 38 0 4477 2033 905 1237 292 229 34 81 14 93 144 43 1799 112 124 48 312 51 170 794 50 960118 76 37 180 180 328 438 0 476 0 143 2092 1570 34 193 0 0 976 0 82 432 155 626
7 CTT 82 0 205 0 0 0 0 0 40 4 58 141 0 0 0 0 0 46 0 2 7 30 54 35 56 10 144 8 3 33 137 997321 171 0 165 0 34 36 46 6 61 24 40 101 87 40 65 2 0 0 0 0 18 50 38 103 0 68 0 331 53 0 45 0
8 CAT 0 103 0 151 0 0 0 0 22 9 101 10 0 0 273 0 0 126 0 994330 513 1041 502 650 55 8 44 11 166 92 85 6 237 11 304 132 0 0 0 0 35 131 46 95 8 65 7 79 0 0 0 0 24 11 29 18 0 9 0 85 61 0 315 0
9 GCA 82 193 25 128 36 4 27 0 0 24 24 16 217 647 0 174 0 0 0 0 468 73 52 131 7 55 13 25 6 94 40 18 47 0 98 0 996344 33 46 24 61 68 121 180 99 92 10 2 0 0 0 0 18 24 46 25 0 0 0 0 58 0 25 0
10 GGA 0 0 0 0 51 0 9 65 0 9 0 14 0 0 0 0 0 0 0 0 33 4 19 11 0 0 0 0 34 5 19 19 0 0 0 0 0 0 0 0 998986 33 66 13 27 7 133 179 0 0 0 0 3 27 64 19 0 101 0 28 20 0 2 0
11 TCT 22 0 52 0 178 196 140 192 795 14 953 115 565 1838 7463 2003 139 2192 1884 753 557 498 707 1008 2653 3739 4314 2032 5826 765 6800 1971 106 417 167 174 6 7 18 27 62 139 27 45 132 746 2 284 0 5806 0 2082 34 19 71 930910 0 1390 51 1633 3171 1030 693 387
12 CCC 0 0 0 0 53 20 10 62 18 2 6 10 0 0 0 0 0 0 0 0 95 999260 8 11 9 27 10 6 18 24 16 10 0 47 0 27 58 55 13 21 0 0 0 0 2 14 21 6 0 0 0 0 10 9 15 16 0 0 0 0 5 0 6 0
13 GCT 131 0 136 0 70 76 91 105 42 164 66 106 0 0 0 0 104 68 16 19 5 23 20 7 115 173 2 10 7 12 28 28 7 486 92 291 129 2 34 996667 51 6 13 24 76 63 14 172 0 0 0 0 40 102 60 35 0 0 0 0 5 0 7 0
14 GCA 214 42 91 42 70 99 89 128 21 15 31 116 0 0 105 0 0 0 0 0 44 160 48 71 64 39 51 89 22 8 2 6 12 18 49 94 997221 180 35 50 45 123 20 18 5 10 38 36 0 0 0 0 85 37 74 90 0 20 0 43 27 0 3 0
15 TGG 0 0 0 0 0 0 0 0 71 21 17 9 0 0 0 0 0 0 0 0 0 0 0 0 53 28 76 184 21 51 29 1 0 0 0 0 0 0 0 0 13 12 16 79 0 0 0 0 0 0 0 0 72 3 30 5 0 15 999038 38 1 0 117 0
16 GTG 1060 101 180 71 94 201 134 171 547 9 81 133 0 0 0 0 217 0 234 0 0 0 0 0 689 25 12 791 18 64 34 56 17 0 273 0 102 472 81 120 38 165 325 8 58 26 992528 44 0 82 0 50 54 92 209 112 0 14 0 55 5 0 148 0
17 GAA 0 0 0 0 14 33 6 2 7 92 28 2 0 0 0 0 110 45 146 19 5 16 53 12 43 72 15 13 3 6 15 12 998453 0 76 0 4 21 24 11 53 38 27 8 6 21 10 19 0 0 0 0 293 51 3 11 0 0 76 0 8 0 18 0
18 CGT 81 43 556 12 0 0 0 0 23 65 40 86 0 0 0 0 0 0 0 0 5 81 4 16 119 36 124 997370 13 40 41 53 260 29 68 65 7 14 2 47 83 68 105 84 3 24 8 39 0 0 0 0 27 21 42 18 0 86 0 59 31 0 2 0
19 TTG 0 0 0 0 0 0 0 0 22 0 27 0 0 0 77 0 0 0 0 0 0 0 0 0 26 1 39 24 122 100 66 90 0 0 0 0 0 0 0 0 0 0 0 0 0 0 0 0 0 0 0 0 0 0 0 0 0 0 0 0 100 0 999306 0
20 TTC 14 0 72 0 144 34 118 513 681 16 911 26 265 160 225 29 19 127 24 129 1 25 242 12 169 795 38 906 64 24 212 89 129 73 485 73 22 160 255 119 8 13 11 36 63 115 36 9 0 47 0 11 16 36 29 51 0 126 0 82 58 991720 64 69
21 GGA 0 30 0 46 0 0 0 0 34 20 11 54 0 0 0 0 0 0 0 0 0 0 0 0 11 4 11 9 3 12 13 1 0 37 0 26 0 0 0 0 999124 6 99 36 4 23 86 8 0 0 0 0 3 40 130 84 0 0 0 0 29 0 6 0
22 TAT 0 0 0 0 0 0 0 0 0 13 0 16 0 0 0 0 0 0 0 0 0 0 0 0 0 0 0 0 11 37 0 16 0 28 0 36 10 6 15 17 0 0 0 0 0 0 0 0 0 22 0 999624 20 27 10 8 0 0 0 0 29 0 55 0
23 GAT 0 10 0 93 23 85 48 121 46 16 30 32 9 51 0 48 12 32 42 42 0 0 0 0 60 61 29 5 45 1 17 7 0 7 0 998759 0 0 0 0 11 31 9 33 0 0 0 0 0 52 0 23 24 6 24 16 0 0 0 0 4 0 36 0
24 TGG 0 0 0 0 19 2 17 23 11 15 16 13 0 0 0 0 0 0 0 0 0 0 0 0 115 5 58 63 9 20 31 65 0 0 0 0 0 0 0 0 31 14 24 16 0 0 0 0 0 0 0 0 13 15 19 1 0 9 999061 157 71 0 87 0
25 GCA 12 0 65 0 21 57 4 33 18 136 0 12 8 1 0 43 32 0 48 0 0 0 0 0 40 6 5 8 18 9 1 23 3 57 138 25 998532 12 15 11 9 22 21 30 102 37 200 104 0 0 0 0 44 7 12 12 0 0 0 0 6 0 1 0
26 CAA 0 0 0 0 12 19 20 2 25 3 56 13 2 41 0 6 998432 74 92 78 5 20 42 19 265 123 0 64 104 34 9 119 83 0 5 0 0 0 0 0 0 0 0 0 0 0 0 0 0 0 0 0 21 0 35 47 0 0 0 0 100 0 30 0
27 CAA 0 2 0 48 54 12 24 8 16 15 14 0 24 290 0 1641 997062 0 20 0 22 43 20 31 26 4 3 15 21 5 3 8 0 0 0 0 11 7 9 21 0 0 0 0 150 107 190 7 0 0 0 0 3 22 19 4 0 0 0 0 12 0 7 0
28 ACA 0 31 0 25 998316 153 67 1 6 13 35 26 16 16 0 28 0 164 0 8 13 14 3 34 24 4 39 28 0 44 4 12 0 0 0 0 57 155 131 156 0 0 0 0 0 0 0 0 0 150 0 8 43 30 79 45 0 0 0 0 10 0 12 0
29 ATC 0 0 0 0 0 0 0 0 0 5 0 14 53 999257 0 39 45 0 36 0 5 32 11 6 0 0 0 0 6 34 69 18 0 0 0 0 0 0 0 0 11 21 7 10 25 2 6 15 0 29 0 32 2 4 0 117 0 0 0 0 45 0 44 0
30 GGC 0 0 0 0 0 0 0 0 37 34 12 83 0 0 0 0 0 0 0 0 0 0 0 0 64 46 1 11 0 0 0 0 0 0 0 0 0 0 0 0 42 999277 62 88 17 49 34 25 0 0 0 0 20 35 48 15 0 0 0 0 0 0 0 0
31 TGC 6911 0 518 0 0 0 0 0 94 84 456 6 12 28 0 20 744 22 1063 38 0 0 0 0 288 160 4 205 146 101 239 121 54 0 1 0 17 6 2 37 26 2 25 22 48 32 9 33 0 0 0 0 22 12 27 12 0 988086 0 10 145 26 47 39
32 AGT 0 0 0 0 43 31 10 23 54 39 31 999160 36 6 0 86 0 0 0 0 0 0 0 0 27 40 18 3 4 15 13 24 0 0 0 0 0 0 0 0 0 0 0 0 0 0 0 0 0 0 0 0 33 158 6 107 0 0 0 0 16 0 17 0
33 GAC 40 57 251 37 968 1234 1367 639 154 417 266 1291 70 26 0 19 37 2 17 62 94 457 146 173 196 157 43 39 59 106 126 11 10 987283 44 52 23 60 85 11 300 343 130 28 4 22 10 47 0 18 0 49 838 500 603 763 0 22 0 49 92 0 53 0
34 GCC 0 0 0 0 0 0 0 0 20 38 14 34 0 0 0 0 78 0 18 0 0 0 0 0 90 0 5 27 0 0 0 0 42 0 10 0 0 999341 45 9 11 28 18 11 0 0 0 0 0 0 0 0 0 54 107 0 0 0 0 0 0 0 0 0
35 GCC 0 290 0 96 661 231 306 223 0 239 20 78 25 32 0 297 0 223 0 11 74 17 1 2 26 34 2 34 8 23 26 23 121 0 62 0 59 995265 41 170 55 2 13 0 85 25 86 43 0 0 0 0 290 8 493 22 0 0 0 0 0 98 4 56
36 GTA 0 0 0 0 0 0 0 0 13 0 32 0 0 0 0 0 0 0 0 0 0 0 0 0 5 1 0 17 14 62 28 1 0 0 0 0 0 0 0 0 2 3 113 16 999536 85 20 18 0 0 0 0 0 0 0 0 0 0 0 0 14 0 20 0
37 TTT 0 0 0 0 0 0 0 0 0 11 0 28 0 0 0 0 0 0 0 0 0 0 0 0 0 0 0 0 4 14 11 5 0 0 0 0 0 0 0 0 0 0 0 0 0 0 0 0 0 0 0 0 60 22 69 29 0 0 0 0 8 21 19 999699
38 CGC 0 0 0 0 0 0 0 0 0 46 79 0 0 0 0 0 0 0 0 0 0 0 0 0 107 999303 43 10 65 8 64 71 0 0 0 0 0 0 0 0 10 21 13 8 0 0 0 0 0 0 0 0 22 49 9 42 0 0 0 0 14 0 16 0
39 CTT 0 0 0 0 0 0 0 0 1 0 15 0 0 0 0 0 0 0 0 0 0 0 0 0 0 0 33 18 47 17 20 999418 0 0 0 0 0 0 0 0 86 116 122 16 0 0 0 0 0 0 0 0 0 0 0 0 0 0 0 0 44 0 47 0
40 AGT 0 0 0 0 7 51 47 57 2 82 14 998688 33 36 0 1 9 13 60 40 0 0 0 0 51 22 29 102 0 0 0 0 0 0 0 0 0 0 0 0 7 33 33 20 15 15 8 84 0 0 0 0 40 36 5 58 0 0 302 0 0 0 0 0
41 GCT 0 67 0 9 46 0 3 17 0 7 0 36 0 0 0 0 38 0 162 0 0 0 0 0 0 0 0 0 0 0 0 0 109 0 14 0 260 44 46 998456 0 0 0 0 2 52 3 13 0 0 0 0 29 55 46 23 0 432 0 31 0 0 0 0
42 CAG 0 0 0 0 68 110 414 4 20 187 16 19 0 0 0 0 63 0 996921 0 113 221 181 31 120 32 211 30 27 8 33 77 15 14 202 71 6 48 18 4 0 0 0 0 27 11 32 4 0 0 0 0 39 238 65 121 0 0 0 0 25 35 112 7
43 GGA 0 458 0 40 20 32 91 22 82 1862 30 325 0 0 0 0 0 96 0 89 0 0 0 0 91 32 59 9 2 12 2 8 0 0 0 0 7 3 14 45 993527 23 25 45 37 5 8 20 0 0 0 0 359 1047 228 1110 0 0 0 0 8 40 40 47
44 AGG 158 0 16 0 0 0 0 0 18 0 999090 0 0 0 0 0 0 0 0 0 28 14 8 13 5 106 133 28 32 1 40 14 0 0 0 0 10 16 4 13 52 49 101 38 0 0 0 0 0 0 0 0 0 0 0 0 0 0 0 0 2 0 11 0
45 CCG 86 115 31 35 14 16 25 5 67 9 107 7 0 0 0 0 49 0 97 0 62 14 998442 63 110 39 131 68 20 1 8 10 20 0 82 0 3 12 25 11 14 20 6 15 0 0 0 0 0 74 0 4 32 7 0 14 0 0 0 0 13 0 17 0
46 GTG 0 137 0 5 176 306 122 190 6 147 18 131 0 0 0 0 0 0 0 0 39 137 35 27 4 10 33 0 23 17 31 3 0 56 0 55 562 704 520 229 123 17 175 54 2 26 995283 66 0 0 0 0 32 92 2 38 0 134 0 106 80 0 47 0
47 TTG 89 0 115 0 0 0 0 0 3 0 9 0 0 0 0 0 17 28 31 205 28 28 36 5 80 32 95 20 14 50 60 170 0 0 0 0 0 0 0 0 13 41 0 12 0 0 0 0 0 17 0 29 0 0 0 0 0 0 0 0 11 62 998605 95
48 TTC 0 0 0 0 0 0 0 0 0 24 0 5 0 0 0 0 0 0 0 0 0 0 0 0 0 0 0 0 8 67 26 3 0 0 0 0 0 0 0 0 0 0 0 0 64 22 7 6 0 0 0 0 31 0 0 21 0 0 0 0 8 999668 1 39
49 GTT 0 0 0 0 0 0 0 0 0 0 0 0 0 0 0 0 0 0 0 0 0 0 0 0 0 0 0 0 66 4 72 15 49 0 6 0 15 20 11 3 7 24 25 5 61 257 83 999209 0 0 0 0 0 0 0 0 0 0 0 0 25 0 43 0
50 AAG 102 0 999500 0 0 0 0 0 7 37 16 8 0 0 0 0 0 0 0 0 0 0 0 0 9 75 14 61 0 0 0 0 0 0 0 0 0 0 0 0 0 0 0 0 39 1 25 6 0 0 0 0 16 9 73 2 0 0 0 0 0 0 0 0
51 ACC 0 23 0 32 65 999108 29 121 32 26 12 3 0 0 0 0 22 0 43 0 19 8 11 18 8 35 14 10 55 14 64 19 0 0 0 0 39 10 38 40 0 0 0 0 0 0 0 0 0 0 0 0 28 4 9 26 0 0 0 0 12 0 3 0
52 GAT 0 0 0 0 28 85 808 901 0 1397 0 79 159 408 76 444 142 0 103 0 0 0 0 0 0 0 0 0 2 33 68 21 30 23 40 986057 1129 1404 2227 499 95 22 17 38 90 234 55 22 0 0 0 0 384 58 326 981 0 258 0 1239 3 0 15 0
53 TTG 454 36 718 168 85 29 167 76 207 125 249 18 43 21 72 4 0 179 0 20 28 17 102 48 766 17 48 178 33 24 70 24 102 36 117 67 156 278 85 380 11 9 11 16 606 426 44 297 0 387 0 281 39 175 329 148 0 0 240 0 12 215 991426 81
54 TCT 0 7 0 53 0 0 0 0 59 47 40 93 0 0 0 0 0 128 0 15 27 12 4 29 148 62 4 29 6 6 9 24 74 0 25 0 0 0 0 0 0 0 0 0 24 7 31 1 0 0 0 0 243 112 27 998614 0 0 0 0 22 0 18 0
55 GGG 0 0 0 0 19 27 6 41 91 6 26 17 0 0 0 0 46 39 19 413 0 0 0 0 28 44 58 15 3 61 121 5 0 0 0 0 6 29 12 61 52 75 998114 61 149 43 5 46 0 0 0 0 5 7 25 19 0 5 0 43 96 44 6 12
56 GCG 0 0 0 0 23 8 9 47 6 15 14 3 30 5 0 19 0 8 0 217 41 10 19 55 10 2 5 5 0 0 0 0 0 148 0 160 45 38 998849 35 0 0 0 0 0 0 0 0 0 0 0 0 6 17 141 10 0 0 0 0 0 0 0 0
57 CTA 0 0 0 0 0 0 0 0 79 0 34 0 0 0 0 0 0 43 0 25 33 32 6 11 114 21 13 154 999093 40 98 32 0 0 0 0 0 0 0 0 0 0 0 0 0 0 0 0 0 0 0 0 0 0 0 0 0 0 0 0 121 0 51 0
58 AAC 165 998831 4 73 4 37 31 11 6 2 51 1 0 0 0 0 0 35 0 33 0 0 0 0 26 9 66 66 6 12 9 1 28 0 15 0 22 27 91 37 4 20 33 44 1 64 28 0 0 0 0 0 12 20 20 14 0 0 0 0 5 0 36 0
59 GAG 0 0 0 0 0 0 0 0 4 49 12 39 0 0 0 0 0 0 0 0 0 0 0 0 9 12 0 7 14 41 40 1 95 0 999581 68 0 0 0 0 0 0 0 0 0 0 0 0 0 0 0 0 3 0 2 8 0 0 0 0 5 0 10 0
60 CTG 0 0 0 0 0 0 0 0 13 40 30 34 33 34 54 9 0 0 0 0 28 20 32 5 8 42 38 2 50 3 999073 73 0 87 0 45 22 0 20 57 0 0 0 0 9 15 0 36 0 0 0 0 29 9 19 11 0 0 0 0 8 0 12 0
61 CAA 126 0 13 0 10 52 4 3 48 26 98 6 0 0 0 0 997987 184 36 43 3 6 58 8 23 11 39 44 6 1 12 45 149 245 49 103 23 65 8 31 32 7 4 32 46 22 15 1 0 20 0 85 26 9 0 21 0 0 0 0 17 19 37 42
62 GAT 0 0 0 0 70 13 25 10 0 9 0 42 0 0 0 0 0 0 0 0 0 0 0 0 0 0 0 0 1 6 62 0 34 2 503 998998 0 0 0 0 0 0 0 0 44 10 7 33 0 0 0 0 4 1 2 6 0 11 0 53 15 0 39 0
63 GAG 40 0 18 0 0 0 0 0 30 22 11 26 0 0 0 0 35 0 48 0 5 24 8 4 51 31 18 10 17 25 120 7 8 30 998926 63 2 22 36 15 31 3 109 32 0 0 0 0 0 0 0 0 0 24 8 18 0 0 0 0 54 0 69 0
64 GCG 6 0 62 0 0 0 0 0 23 2 23 19 0 0 0 0 0 0 0 0 0 0 0 0 12 12 11 7 0 0 0 0 32 0 33 0 13 7 999386 34 0 0 0 0 0 0 0 0 0 0 0 0 28 227 8 55 0 0 0 0 0 0 0 0
65 GCC 0 0 0 0 0 0 0 0 10 3 2 27 0 0 0 0 0 0 0 0 8 3 28 23 11 2 8 27 0 0 0 0 24 0 84 0 22 998373 81 14 0 0 0 0 296 242 178 299 0 0 0 0 53 1 75 3 0 79 0 24 0 0 0 0
66 CGA 0 0 0 0 0 0 0 0 25 58 5 38 0 0 0 0 0 0 0 0 0 0 0 0 999494 56 29 60 13 4 15 1 0 0 0 0 0 0 0 0 13 1 21 22 0 0 0 0 0 0 0 0 64 13 22 13 0 0 0 0 4 0 29 0
67 CTT 0 0 0 0 0 0 0 0 27 10 9 35 0 0 0 0 0 39 0 83 115 136 32 2 24 3 3 6 19 32 8 999286 0 0 0 0 0 0 0 0 0 0 0 0 0 0 0 0 0 0 0 0 11 40 14 35 0 0 0 0 22 0 9 0
68 TCG 156 6 73 44 52 24 66 12 241 3 264 19 2 69 0 34 264 0 53 0 0 0 0 0 159 454 9 369 25 1 17 10 0 0 0 0 41 20 61 68 1 45 24 56 0 0 0 0 0 55 0 11 148 5 996919 115 0 0 0 0 0 0 5 0
69 TGG 0 0 0 0 13 6 34 0 0 17 0 30 0 0 0 0 0 0 0 0 0 0 0 0 0 0 0 0 24 1 43 7 0 0 0 0 7 12 10 28 39 58 9 106 0 0 0 0 0 18 0 41 4 3 31 3 0 0 999339 0 72 0 45 0
70 CTG 0 0 0 0 0 0 0 0 30 12 67 36 0 0 44 0 0 0 0 0 13 12 56 14 43 12 7 20 8 7 999261 103 0 0 0 0 0 0 0 0 0 0 0 0 36 6 79 7 0 0 0 0 7 5 0 10 0 0 0 0 1 0 104 0
71 GCC 0 0 0 0 0 0 0 0 22 58 58 80 0 0 0 0 0 0 0 0 32 42 9 64 16 14 23 0 0 0 0 0 0 0 0 0 26 998745 49 197 31 125 17 28 40 7 5 12 0 0 0 0 28 169 18 29 0 50 0 6 0 0 0 0
72 ACA 0 0 0 0 999258 44 159 134 0 75 0 28 0 0 0 0 0 0 0 0 42 2 11 5 0 0 0 0 0 0 0 0 0 0 0 0 0 0 0 0 15 9 45 17 0 0 0 0 0 0 0 0 27 46 2 23 0 55 0 3 0 0 0 0
73 ACA 0 0 0 0 999564 13 270 60 0 0 0 0 0 0 0 0 0 0 0 0 0 0 0 0 0 0 0 0 0 0 0 0 0 0 0 0 0 0 0 0 0 0 0 0 0 0 0 0 0 24 0 22 16 17 1 13 0 0 0 0 0 0 0 0
74 GGG 0 0 0 0 0 0 0 0 0 0 0 0 0 0 0 0 0 0 0 0 0 0 0 0 0 0 0 0 0 0 0 0 0 0 0 0 30 15 5 16 88 101 999464 281 0 0 0 0 0 0 0 0 0 0 0 0 0 0 0 0 0 0 0 0
75 GTT 0 0 0 0 40 7 12 6 0 0 0 0 0 0 0 0 24 0 51 0 0 0 0 0 0 0 0 0 20 8 43 23 0 0 0 0 6 10 13 15 0 0 0 0 96 72 27 999443 0 0 0 0 0 0 0 0 0 0 0 0 58 0 26 0
76 CCG 0 0 0 0 47 19 6 25 30 23 30 38 0 0 0 0 30 29 96 17 18 0 998879 61 130 12 15 28 58 14 45 15 0 0 0 0 0 0 0 0 0 7 17 24 0 0 0 0 0 0 0 0 17 9 86 110 0 0 0 0 33 0 32 0
77 TGC 0 0 0 0 19 21 4 8 11 13 28 4 0 0 0 0 0 0 0 0 0 0 0 0 9 0 7 2 1 1 3 20 0 0 0 0 0 0 0 0 17 71 24 2 51 32 61 4 0 0 0 0 14 9 38 14 0 999241 0 194 20 0 57 0
78 GCA 0 0 0 0 8 21 81 5 13 11 14 13 0 0 0 0 0 0 0 0 0 0 0 0 75 14 72 4 1 11 7 1 0 0 0 0 999373 12 35 93 0 0 0 0 0 0 0 0 0 0 0 0 11 45 23 4 0 0 0 0 39 0 14 0
79 GCG 67 38 354 198 41 27 85 0 86 52 104 24 438 164 0 241 115 121 49 32 32 6 59 40 231 86 98 52 0 0 0 0 32 0 40 0 32 4 996476 56 140 72 29 43 5 9 4 29 0 0 0 0 10 25 44 110 0 0 0 0 0 0 0 0
80 GTT 0 0 0 0 0 0 0 0 86 0 22 0 0 0 0 0 0 0 0 0 0 0 0 0 19 40 19 3 3 15 15 23 0 0 0 0 0 0 0 0 0 0 0 0 165 79 16 999373 0 0 0 0 0 0 0 0 0 26 0 15 12 0 69 0
81 TTA 0 0 0 0 26 3 0 63 2 0 2 0 77 31 0 49 0 0 0 0 22 36 8 14 35 26 16 32 75 124 13 36 120 0 21 0 10 17 12 15 20 2 16 26 0 0 0 0 0 0 0 0 0 0 0 0 0 0 0 0 998906 0 145 0
82 GAT 0 0 0 0 0 0 0 0 0 0 0 0 0 0 0 0 0 0 0 0 0 0 0 0 0 0 0 0 0 0 0 0 0 35 0 999820 0 0 0 0 0 0 0 0 0 0 0 0 0 42 0 103 0 0 0 0 0 0 0 0 0 0 0 0
83 GTT 0 0 0 0 0 0 0 0 51 65 116 56 12 19 0 56 0 0 0 0 0 0 0 0 25 60 20 157 28 42 99 4 0 0 0 0 8 8 152 5 83 60 35 15 50 32 44 994567 0 0 0 0 66 41 44 10 0 0 0 0 58 930 58 2924
84 GTA 0 0 0 0 27 5 27 8 0 19 0 29 11 15 0 22 94 0 38 0 0 0 0 0 0 0 0 0 9 10 10 7 0 0 0 0 74 31 2 31 0 0 0 0 999196 25 7 109 0 0 0 0 50 13 28 9 0 41 0 30 13 0 10 0
85 ACG 0 0 0 0 30 110 999412 1 0 4 0 42 10 11 0 45 0 0 0 0 0 0 0 0 0 0 0 0 0 0 0 0 0 0 0 0 12 28 33 26 0 0 0 0 17 6 27 1 0 0 0 0 30 34 18 20 0 33 0 50 0 0 0 0
86 GAG 0 0 0 0 0 0 0 0 0 0 0 0 0 0 0 0 0 0 0 0 0 0 0 0 0 0 0 0 13 6 23 2 51 0 999634 0 19 1 28 19 1 24 27 70 1 31 14 3 0 0 0 0 0 0 0 0 0 0 0 0 0 0 33 0
87 GCG 14 0 77 0 0 0 0 0 4 72 3 22 3 28 139 27 0 58 0 4 44 88 8 9 19 2 30 8 61 5 23 13 0 0 0 0 21 25 998834 137 0 0 0 0 3 17 28 24 0 0 0 0 18 21 41 42 0 0 0 0 17 0 11 0
88 GGC 0 27 0 42 0 0 0 0 26 4 1 32 0 0 0 0 0 0 0 0 0 0 0 0 10 26 0 6 12 14 9 7 0 61 0 14 0 0 0 0 34 999339 0 87 24 3 4 42 0 0 0 0 20 34 81 25 0 0 0 0 3 0 13 0
89 AGG 0 0 0 0 4 25 15 10 18 11 999173 4 0 0 0 0 0 35 0 55 0 0 0 0 31 146 202 13 0 0 0 0 0 0 0 0 0 0 0 0 42 38 20 25 0 0 0 0 0 0 0 0 2 87 7 37 0 0 0 0 0 0 0 0
90 GAT 0 0 0 0 7 30 12 13 28 21 11 48 0 0 0 0 0 0 0 0 0 0 0 0 4 9 21 7 0 0 0 0 0 128 0 999453 17 52 14 8 6 17 44 22 0 0 0 0 0 0 0 0 14 9 5 0 0 0 0 0 0 0 0 0
91 TGG 0 0 0 0 0 0 0 0 2 60 14 51 0 0 0 0 87 0 4 0 0 0 0 0 13 18 33 16 7 24 48 29 0 0 0 0 0 0 0 0 69 36 42 24 0 0 0 0 0 0 0 0 13 0 14 2 0 27 999259 87 4 0 17 0
92 CTA 0 0 0 0 0 0 0 0 0 0 0 0 0 0 0 0 0 0 0 0 38 24 9 39 0 0 0 0 999424 127 2 56 0 0 0 0 18 14 6 25 0 0 0 0 0 0 0 0 0 0 0 0 0 0 0 0 0 22 0 27 152 0 17 0
93 TTA 0 0 0 0 0 0 0 0 3 3 34 6 0 0 0 0 0 0 0 0 15 57 38 28 40 14 5 11 24 129 54 72 0 0 0 0 0 0 0 0 0 0 0 0 13 12 21 42 0 0 0 0 20 10 6 10 0 0 0 0 999276 34 12 11
94 TTA 0 0 0 0 49 20 54 79 12 0 46 0 0 0 0 0 0 0 0 0 30 21 12 26 25 8 9 14 103 46 78 7 0 0 0 0 0 0 0 0 0 0 0 0 0 0 0 0 0 0 0 0 0 0 0 0 0 0 0 0 999359 0 2 0
95 GGT 0 0 0 0 0 0 0 0 30 8 97 5 0 0 0 0 0 0 0 0 0 0 0 0 43 15 15 12 5 18 10 27 0 0 0 0 0 0 0 0 122 37 23 999190 50 51 53 34 0 0 0 0 8 36 10 7 0 3 0 47 43 0 1 0
96 GAG 58 0 38 0 0 0 0 0 7 0 6 0 0 0 0 0 29 0 51 0 0 0 0 0 12 1 21 1 0 28 3 29 98 0 999335 0 88 1 9 14 49 1 77 12 0 0 0 0 0 0 0 0 0 0 0 0 0 0 0 0 25 0 7 0
97 GTT 0 0 0 0 13 2 12 17 57 0 11 0 0 0 0 0 0 0 0 0 0 0 0 0 6 90 6 37 36 26 0 35 0 0 0 0 0 0 0 0 26 32 0 8 68 17 21 999431 0 0 0 0 0 0 0 0 0 0 0 0 45 0 4 0
98 CCG 0 0 0 0 11 47 7 10 9 7 35 30 0 0 0 0 23 0 25 0 16 28 999291 27 35 14 68 97 16 5 17 29 0 0 0 0 0 0 0 0 9 9 16 25 0 0 0 0 0 0 0 0 2 8 6 1 0 0 0 0 39 0 38 0
99 GGG 0 0 0 0 0 0 0 0 15 6 0 30 0 0 0 0 0 0 0 0 0 0 0 0 3 14 32 40 0 0 0 0 0 0 0 0 3 12 40 2 78 114 999332 71 0 26 17 10 0 0 0 0 6 48 13 37 0 36 0 15 0 0 0 0
100 CAA 91 0 14 0 16 18 23 31 19 11 5 14 0 0 0 0 999251 0 9 0 38 18 22 68 2 27 15 28 1 29 30 15 50 0 44 0 0 0 0 0 0 0 0 0 0 0 0 0 0 0 0 0 1 16 4 10 0 0 0 0 70 0 10 0
101 GAC 0 0 0 0 0 0 0 0 0 71 0 24 0 0 0 0 0 0 0 0 0 0 0 0 0 0 0 0 0 0 0 0 0 999367 0 104 19 10 58 107 24 5 0 26 8 49 57 1 0 0 0 0 44 10 9 7 0 0 0 0 0 0 0 0
102 TTG 0 0 0 0 0 0 0 0 1 0 95 0 0 0 0 0 0 0 0 0 13 2 51 19 82 26 35 32 28 12 40 137 0 0 0 0 42 4 38 42 0 0 0 0 0 0 0 0 0 0 0 0 0 0 0 0 0 0 0 0 246 0 999055 0
103 CTT 0 0 0 0 0 0 0 0 9 5 8 1 0 0 0 0 0 0 0 0 5 7 36 8 7 0 3 22 10 160 71 999562 0 0 0 0 0 0 0 0 0 0 0 0 0 0 0 0 0 0 0 0 32 10 14 15 0 0 0 0 14 0 1 0
104 AGT 0 0 0 0 83 138 4 34 26 51 21 999119 9 6 0 59 0 0 0 0 0 0 0 0 73 0 19 23 1 0 1 16 0 0 0 0 0 0 0 0 60 37 10 31 12 1 3 25 0 0 0 0 4 34 58 9 0 0 0 0 17 0 16 0
105 TCC 0 0 0 0 0 0 0 0 9 58 19 1 0 0 0 0 0 0 0 0 0 0 0 0 46 18 21 20 11 8 13 13 0 0 0 0 0 0 0 0 159 3 29 24 0 0 0 0 0 0 0 0 70 999195 160 50 0 0 0 0 15 0 58 0
106 CAC 0 0 0 0 0 0 0 0 22 56 26 74 0 0 0 0 57 998406 150 13 38 63 238 60 69 6 23 11 0 0 0 0 22 44 183 66 7 5 9 50 29 23 80 6 0 0 0 0 0 0 0 0 5 35 11 56 0 43 0 14 0 0 0 0
107 CTG 0 0 0 0 0 0 0 0 0 0 0 0 0 0 0 0 0 0 0 0 0 8 80 2 0 0 0 0 87 31 999261 117 0 0 0 0 0 0 0 0 0 0 0 0 7 19 23 16 0 0 0 0 0 0 0 0 0 0 0 0 320 0 29 0
108 GCC 0 0 0 0 0 0 0 0 0 76 0 17 0 0 0 0 0 0 0 0 453 96 43 56 0 0 0 0 0 0 0 0 42 0 37 0 42 998587 5 70 81 34 19 18 14 9 8 69 0 0 0 0 18 38 4 164 0 0 0 0 0 0 0 0
109 CCG 0 0 0 0 4 47 0 0 12 6 8 19 0 0 0 0 42 0 5 0 0 89 999367 68 7 8 0 8 83 1 9 37 0 0 0 0 0 0 0 0 0 0 0 0 94 15 7 0 0 0 0 0 4 7 22 12 0 0 0 0 4 0 15 0
110 GCG 0 0 0 0 0 0 0 0 0 37 0 15 0 0 0 0 0 0 0 0 0 25 14 32 0 0 0 0 13 36 0 31 0 0 0 0 12 2 999452 59 0 0 0 0 0 0 0 0 0 0 0 0 4 15 63 68 0 18 0 63 32 0 9 0
111 GAG 0 0 0 0 20 22 2 30 19 0 6 0 0 0 0 0 0 0 0 0 0 0 0 0 10 6 17 12 10 30 19 48 59 0 999556 0 0 0 0 0 28 12 13 35 0 0 0 0 0 0 0 0 0 0 0 0 0 0 0 0 27 0 19 0
112 AAA 999925 0 24 0 0 0 0 0 0 0 0 0 5 25 0 21 0 0 0 0 0 0 0 0 0 0 0 0 0 0 0 0 0 0 0 0 0 0 0 0 0 0 0 0 0 0 0 0 0 0 0 0 0 0 0 0 0 0 0 0 0 0 0 0
113 GTA 0 0 0 0 46 83 82 26 7 0 9 0 0 0 0 0 0 0 0 0 0 0 0 0 13 22 14 6 12 2 35 43 0 0 0 0 0 0 0 0 13 3 15 15 999299 61 114 63 0 0 0 0 0 0 0 0 0 0 0 0 16 0 1 0
114 AGT 0 0 0 0 0 0 0 0 9 20 45 996255 0 0 0 0 0 0 0 0 59 23 12 8 34 11 33 0 9 50 16 51 0 0 0 0 457 644 81 403 25 82 18 40 11 14 6 51 0 0 0 0 58 17 88 15 0 1093 0 151 68 0 43 0
115 ATA 44 0 21 0 0 0 0 0 0 0 15 30 999690 71 0 15 0 0 0 0 0 0 0 0 5 18 3 26 0 0 0 0 0 0 0 0 0 0 0 0 0 0 0 0 0 0 0 0 0 0 0 0 15 13 6 28 0 0 0 0 0 0 0 0
116 ATG 0 0 0 0 0 0 0 0 20 0 3 0 0 0 999692 0 0 0 0 0 0 0 0 0 56 8 41 61 0 0 0 0 0 0 0 0 0 0 0 0 0 0 0 0 48 26 24 21 0 0 0 0 0 0 0 0 0 0 0 0 0 0 0 0
117 GCT 0 0 0 0 21 5 8 16 52 8 42 68 0 0 0 0 0 0 0 0 0 0 0 0 17 23 13 25 0 0 0 0 0 0 0 0 30 1 106 999502 0 0 0 0 0 0 0 0 0 0 0 0 4 8 35 16 0 0 0 0 0 0 0 0
118 GAT 0 0 0 0 0 0 0 0 0 21 0 4 0 0 0 0 0 0 0 0 0 0 0 0 0 0 0 0 0 0 0 0 0 142 0 999596 5 41 34 3 0 0 0 0 42 0 41 23 0 0 0 0 28 6 11 3 0 0 0 0 0 0 0 0
119 GCT 0 0 0 0 4 2 54 3 0 12 0 20 0 0 0 0 0 0 0 0 0 0 0 0 0 0 0 0 0 0 0 0 24 0 29 0 39 57 122 999537 0 0 0 0 0 0 0 0 0 0 0 0 7 17 68 5 0 0 0 0 0 0 0 0
120 ATG 0 0 0 0 122 1 4 70 3 18 6 15 49 19 998893 5 8 0 47 0 0 0 0 0 37 12 8 27 17 121 109 3 0 0 0 0 0 0 0 0 18 67 11 12 18 10 8 19 0 0 0 0 6 5 3 0 0 0 0 0 167 0 62 0
121 AGG 0 0 0 0 0 29 16 79 177 94 998864 17 25 1 0 51 0 0 0 0 14 34 1 30 53 34 2 5 55 37 8 34 0 0 0 0 0 0 0 0 70 7 5 2 0 0 0 0 0 18 0 35 39 20 6 51 0 0 0 0 69 0 18 0
122 CGT 0 0 0 0 29 11 76 0 99 4 41 151 0 0 0 0 0 0 0 0 0 0 0 0 77 140 10 995576 55 450 262 488 0 0 0 0 29 93 21 17 25 48 3 29 15 14 35 26 0 0 0 0 47 93 11 74 0 0 74 0 1107 0 770 0
123 TTA 0 0 0 0 0 0 0 0 82 0 4 11 0 0 0 0 0 0 0 0 0 0 0 0 25 29 16 106 0 58 59 25 0 0 0 0 0 0 0 0 19 51 3 4 97 47 29 12 0 0 0 0 1 4 1 28 0 0 0 0 999177 0 112 0
124 CAC 0 0 0 0 17 25 58 28 36 9 48 6 0 0 0 0 54 999103 18 91 23 20 56 64 41 24 2 0 19 0 11 12 0 65 0 52 0 0 0 0 0 0 0 0 0 0 0 0 0 0 0 0 15 9 48 21 0 0 0 0 5 0 20 0
125 ACA 0 15 0 120 998834 2 77 14 35 94 6 66 0 0 0 0 0 0 0 0 0 27 65 19 4 45 61 75 0 0 0 0 0 0 0 0 42 84 3 64 14 26 14 0 0 0 0 0 0 0 0 0 68 40 28 58 0 0 0 0 0 0 0 0
126 CTA 0 0 0 0 0 0 0 0 7 0 4 0 0 0 0 0 0 0 0 0 142 31 0 9 23 15 12 1 999480 18 46 44 0 0 0 0 0 0 0 0 0 0 0 0 7 41 38 30 0 0 0 0 0 0 0 0 0 0 0 0 4 0 48 0
127 GAT 0 0 0 0 0 0 0 0 0 34 0 42 0 0 0 0 16 0 40 0 0 0 0 0 0 0 0 0 0 0 0 0 0 128 0 999162 0 0 0 0 0 0 0 0 0 0 0 0 0 13 0 42 199 70 145 109 0 0 0 0 0 0 0 0
128 CCA 0 0 0 0 3 10 37 26 8 29 12 0 0 0 0 0 0 0 0 0 999524 87 29 43 29 5 18 6 26 7 8 21 0 0 0 0 0 0 0 0 0 0 0 0 0 0 0 0 0 0 0 0 6 13 2 20 0 0 0 0 4 0 27 0
129 GCA 0 0 0 0 0 0 0 0 25 11 39 20 0 0 0 0 0 0 0 0 6 46 8 10 13 21 4 34 21 36 37 6 0 0 0 0 999108 69 40 113 0 0 0 0 0 0 0 0 0 68 0 6 18 0 197 42 0 0 0 0 0 0 2 0
130 ACG 36 2 37 46 114 28 999467 11 0 54 0 5 0 0 0 0 0 0 0 0 0 0 0 0 0 0 0 0 13 8 64 44 0 0 0 0 0 0 0 0 0 0 0 0 0 0 0 0 0 0 0 0 0 2 19 0 0 0 0 0 39 0 11 0
131 TGC 0 0 0 0 12 19 31 11 21 10 21 1 0 0 0 0 0 0 0 0 0 0 0 0 4 1 5 1 8 24 9 21 0 0 0 0 0 0 0 0 0 0 0 0 0 0 0 0 0 0 0 0 20 13 7 16 0 999723 0 21 0 0 1 0
132 CCA 0 0 0 0 16 55 17 39 38 0 31 10 0 0 0 0 0 0 0 0 999223 52 93 50 9 0 7 41 8 15 39 9 0 0 0 0 66 27 15 14 0 0 0 0 0 0 0 0 0 0 0 0 28 34 8 34 0 0 0 0 17 0 5 0
133 TTC 0 0 0 0 0 0 0 0 0 0 0 0 0 0 0 0 0 0 0 0 0 0 0 0 0 0 0 0 5 15 0 10 0 0 0 0 0 0 0 0 0 0 0 0 0 0 0 0 0 0 0 0 0 0 0 0 0 0 0 0 33 999920 5 12
134 GAT 0 0 0 0 0 0 0 0 0 0 0 0 0 0 0 0 29 0 135 0 0 0 0 0 0 0 0 0 0 0 0 0 0 103 0 999733 0 0 0 0 0 0 0 0 0 0 0 0 0 0 0 0 0 0 0 0 0 0 0 0 0 0 0 0
135 CAC 0 0 0 0 5 41 23 13 0 0 0 0 0 0 0 0 0 999793 0 52 2 41 4 26 0 0 0 0 0 0 0 0 0 0 0 0 0 0 0 0 0 0 0 0 0 0 0 0 0 0 0 0 0 0 0 0 0 0 0 0 0 0 0 0
136 CAA 0 0 0 0 68 7 5 83 4 1 32 18 0 0 0 0 999550 0 106 0 0 0 0 0 7 2 1 10 0 0 0 0 0 0 0 0 0 0 0 0 0 0 0 0 0 0 0 0 0 0 0 0 51 11 33 11 0 0 0 0 0 0 0 0
137 GCG 51 0 27 0 39 1 17 64 179 7 577 25 809 30 154 1408 95 0 50 0 0 0 0 0 247 280 7 279 94 228 29 193 0 0 0 0 108 19 992042 121 0 0 0 0 20 449 84 48 0 197 0 1236 18 1 6 24 0 39 0 34 176 337 141 10
138 AAA 999661 0 54 0 0 0 0 0 30 3 39 18 0 0 0 0 0 0 0 0 0 0 0 0 1 30 40 22 0 0 0 0 0 0 0 0 14 33 13 15 0 0 0 0 0 0 0 0 0 0 0 0 2 4 6 15 0 0 0 0 0 0 0 0
139 CAC 0 54 0 49 0 0 0 0 23 14 67 5 0 0 0 0 104 998823 28 46 13 5 38 38 15 4 14 25 19 50 9 34 0 43 0 54 45 51 12 44 0 0 0 0 42 20 4 8 0 0 0 0 0 53 21 8 0 0 0 0 12 54 17 35
140 CGA 0 0 0 0 0 0 0 0 46 5 9 25 0 0 0 0 0 0 0 0 0 0 0 0 999580 2 8 11 15 11 13 34 0 0 0 0 0 0 0 0 8 33 0 48 0 0 0 0 0 0 0 0 2 19 11 62 0 0 0 0 33 0 25 0
141 ATA 0 0 0 0 34 0 5 35 18 13 9 1 998979 140 0 91 0 0 0 0 0 0 0 0 11 31 0 5 19 30 1 12 0 0 0 0 0 0 0 0 0 0 0 0 170 78 100 90 0 0 0 0 0 4 30 12 0 6 0 37 27 0 12 0
142 GAA 61 0 7 0 0 0 0 0 0 0 0 0 0 0 0 0 0 0 0 0 15 9 1 33 0 0 0 0 0 0 0 0 999812 0 2 0 0 0 0 0 8 11 27 14 0 0 0 0 0 0 0 0 0 0 0 0 0 0 0 0 0 0 0 0
143 CGA 0 0 0 0 355 44 22 508 23 41 5 32 32 5 0 38 0 116 0 21 36 33 15 13 997698 43 71 58 110 11 75 12 0 0 0 0 39 17 1 3 23 23 20 48 39 21 97 57 0 0 0 0 36 18 16 65 0 0 0 0 53 0 7 0
144 GCA 0 0 0 0 0 0 0 0 0 0 0 15 23 19 0 19 0 0 0 0 0 0 0 0 0 0 0 0 0 0 0 0 0 0 0 0 999659 34 122 44 0 0 0 0 0 0 0 0 0 0 0 0 25 9 9 22 0 0 0 0 0 0 0 0
145 AGA 0 0 0 0 0 0 0 0 998879 5 21 8 0 0 0 0 0 26 0 98 0 0 0 0 79 54 113 165 108 56 64 23 0 0 0 0 7 14 28 6 22 14 8 18 0 0 0 0 0 0 0 0 48 1 20 4 0 0 0 0 64 33 4 10
146 ACT 82 17 418 74 89 24 4 993241 193 30 69 65 150 19 0 38 185 173 155 133 13 4 40 0 66 140 190 2 364 96 299 51 437 29 249 35 74 105 10 72 22 40 14 18 529 189 132 977 0 0 0 0 40 0 24 32 0 100 0 41 324 0 83 0
147 CGC 0 0 0 0 0 0 0 0 96 9 72 69 0 0 0 0 0 0 0 0 0 0 0 0 17 999281 14 22 33 0 17 83 0 0 0 0 0 0 0 0 30 23 55 41 0 0 0 0 0 0 0 0 4 8 88 7 0 0 0 0 14 0 17 0
148 ATG 0 0 0 0 0 0 0 0 0 0 0 0 54 7 999812 37 0 0 0 0 0 0 0 0 0 0 0 0 0 0 0 0 0 0 0 0 0 0 0 0 0 0 0 0 80 5 3 2 0 0 0 0 0 0 0 0 0 0 0 0 0 0 0 0
149 GAG 295 308 211 263 0 0 0 0 0 19 81 4 207 33 0 423 161 115 72 10 0 0 0 0 7 39 39 29 117 127 155 451 37 18 995283 82 1 34 8 9 201 42 8 236 17 65 92 44 0 28 0 59 1 139 6 16 0 182 0 31 21 21 53 100
150 GCT 0 0 0 0 6 7 11 20 22 48 7 10 0 0 0 0 72 252 63 90 8 45 18 3 18 5 76 6 0 0 0 0 37 0 22 0 20 104 178 998638 0 0 0 0 0 42 13 20 0 0 0 0 21 18 75 25 0 0 0 0 0 0 0 0
151 GGA 0 157 0 13 0 0 0 0 5 6 73 12 0 0 0 0 0 0 0 0 0 0 0 0 43 76 12 18 0 0 0 0 155 0 74 0 0 0 0 0 998902 71 115 28 73 9 6 32 0 0 0 0 16 5 34 12 0 30 0 23 0 0 0 0
152 CTA 0 0 0 0 0 0 0 0 5 4 13 15 0 0 67 0 0 0 0 0 0 0 0 0 10 1 6 16 999264 87 217 153 0 0 0 0 0 0 0 0 0 0 0 0 0 0 0 0 0 2 0 64 3 8 1 29 0 0 0 0 12 0 23 0
153 GTA 0 0 0 0 61 19 14 10 18 6 6 8 124 124 245 117 0 0 0 0 149 799 127 454 23 6 2 26 119 173 518 533 0 0 0 0 0 0 0 0 20 17 11 19 994121 106 100 2 0 0 0 0 2 7 11 11 0 83 0 6 414 598 259 532
154 GAT 0 0 0 0 0 0 0 0 8 0 86 0 0 0 0 0 0 0 0 0 0 0 0 0 5 39 27 3 2 32 0 8 0 26 0 999552 0 0 0 0 48 33 4 21 2 53 36 9 0 0 0 0 0 0 0 0 0 0 0 0 3 0 3 0
155 CAA 0 0 0 0 610 70 777 949 148 9 17 54 392 502 1057 671 967346 48 4 25 21 82 24 26 2 11 1 36 21 545 52 11 693 0 1290 0 45 19 3 36 72 39 227 35 640 4177 792 220 0 865 0 1111 30 50 4 29 0 435 15051 357 21 136 53 59
156 GAT 0 0 0 0 0 0 0 0 7 0 7 27 0 0 0 0 0 0 0 0 0 0 0 0 7 1 25 18 1 13 0 16 0 2 0 999463 28 9 50 82 0 0 0 0 0 0 0 0 0 137 0 18 3 3 17 23 0 0 0 0 16 0 27 0
157 GAT 0 0 0 0 0 0 0 0 0 0 0 0 0 0 0 0 0 0 0 0 0 0 0 0 0 0 0 0 0 0 0 0 0 25 0 999777 26 14 28 1 33 2 9 39 21 2 23 0 0 0 0 0 0 0 0 0 0 0 0 0 0 0 0 0
158 CTT 0 48 0 7 33 23 3 15 30 0 22 0 0 0 65 0 34 0 32 0 3 0 43 0 32 16 80 0 73 4 129 987485 0 0 0 0 0 0 0 0 0 0 0 0 17 13 5 18 0 362 0 1450 0 0 0 0 0 0 571 0 0 1235 26 8126
159 GAC 0 0 0 0 27 0 20 36 18 0 0 0 0 0 0 0 0 0 0 0 0 0 0 0 56 3 29 37 0 0 0 0 17 999491 67 4 0 0 0 0 0 7 22 27 0 0 0 0 0 137 0 2 0 0 0 0 0 0 0 0 0 0 0 0
160 GAG 0 26 0 42 0 0 0 0 9 30 57 21 0 0 0 0 404 0 32 0 0 0 0 0 80 30 38 14 5 10 36 23 77 410 997840 459 28 56 14 12 9 32 0 34 0 0 0 0 0 0 0 0 19 8 5 3 0 28 0 23 3 29 28 26
161 GAG 0 0 0 0 0 0 0 0 5 13 74 1 0 0 0 0 56 0 10 0 0 0 0 0 1 6 0 2 0 0 0 0 29 0 999714 0 12 27 5 12 0 0 0 0 0 0 0 0 0 0 0 0 8 8 12 5 0 0 0 0 0 0 0 0
162 CAT 0 371 0 1297 62 3 10 29 12 22 19 2 0 0 0 0 0 54 0 997422 0 0 0 0 10 26 32 0 5 13 6 0 0 0 0 0 0 0 0 0 249 12 80 201 0 0 0 0 0 0 0 0 2 6 26 0 0 0 0 0 19 0 10 0
163 CAA 72 0 11 0 580 279 257 41 33 12 124 8 376 1523 1451 704 983090 20 12 46 20 40 35 10 107 26 42 34 146 2098 204 1060 17 0 40 0 200 393 103 238 1 17 25 35 843 1324 530 208 0 689 0 994 59 7 67 31 0 456 96 163 354 321 146 182
164 GGG 0 0 0 0 0 0 0 0 20 3 6 9 0 0 0 0 0 0 0 0 0 0 0 0 34 6 9 0 0 0 0 0 0 0 0 0 0 0 0 0 90 66 999377 107 74 11 13 37 0 0 0 0 37 16 0 7 0 29 0 49 0 0 0 0
165 CTG 0 31 0 61 44 56 15 41 10 0 2 0 67 45 68 55 0 0 0 0 201 41 20 12 17 28 9 2 6 23 997274 121 0 0 0 0 13 20 5 3 0 0 0 0 211 390 148 135 0 48 0 52 0 0 0 0 0 58 0 38 237 49 104 240
166 GCG 45 0 83 0 21 35 31 0 27 5 34 14 5 34 0 47 0 0 0 0 0 0 0 0 0 3 1 0 59 88 41 8 18 0 73 0 10 16 998770 80 0 0 0 0 2 89 11 21 0 0 0 0 15 73 6 13 0 0 0 0 140 0 82 0
167 CCC 8 0 50 0 98 33 4 30 3 2 17 11 294 80 52 401 59 0 39 0 129 994434 30 29 32 19 14 0 210 169 924 202 0 0 0 0 7 24 24 15 20 15 77 25 138 222 362 215 0 21 0 50 11 9 10 18 0 12 0 78 930 0 344 0
168 GCG 125 0 1 0 21 205 116 44 3 56 21 134 31 127 0 34 0 9 0 55 0 0 0 0 19 56 84 1 52 37 41 11 0 0 63 0 48 64 997500 119 0 0 0 0 17 10 40 18 0 0 0 0 111 234 38 223 0 0 133 0 28 23 2 46
169 GAA 0 0 0 0 0 0 0 0 0 6 0 32 0 0 0 0 14 0 44 0 10 23 4 7 0 0 0 0 12 12 6 4 999470 0 75 0 0 0 0 0 9 23 46 59 43 28 2 28 0 0 0 0 7 5 7 0 0 0 0 0 23 0 1 0
170 CTC 0 0 0 0 0 0 0 0 0 0 0 0 0 0 0 0 0 0 0 0 3 107 13 48 0 0 0 0 25 999360 162 55 0 0 0 0 0 0 0 0 0 0 0 0 0 0 0 0 0 0 0 0 0 0 0 0 0 159 0 20 5 0 43 0
171 TTT 0 0 0 0 0 0 0 0 11 20 175 5 0 0 0 0 0 0 0 0 9 4 24 23 32 83 10 9 210 18 67 42 0 0 0 0 0 0 0 0 8 11 48 35 10 6 76 7 0 0 0 0 27 10 17 29 0 0 0 0 34 2 34 998904
172 GCT 0 0 0 0 0 0 0 0 135 0 49 0 0 0 0 0 67 0 15 0 0 0 0 0 121 1 45 116 0 0 0 0 66 0 62 0 10 27 43 998939 0 0 0 0 70 12 57 165 0 0 0 0 0 0 0 0 0 0 0 0 0 0 0 0
173 AGG 0 0 0 0 0 0 0 0 148 17 996301 48 0 0 1028 0 208 0 153 0 0 0 0 0 1 89 183 86 39 220 48 279 84 0 5 0 1 17 44 39 23 7 7 10 30 12 24 113 0 0 0 0 74 4 20 87 0 0 0 0 351 0 200 0
174 TTG 0 0 0 0 0 0 0 0 0 0 0 0 0 0 0 0 0 0 0 0 0 0 0 0 0 0 0 0 15 55 14 89 0 0 0 0 0 0 0 0 0 0 0 0 0 0 0 0 0 0 0 0 0 0 0 0 0 8 0 71 29 0 999719 0
175 AAA 997072 0 101 0 0 0 0 0 4 1 22 11 7 44 0 11 127 0 21 0 0 0 0 0 18 0 12 4 459 174 308 490 0 0 0 0 0 0 0 0 28 21 8 34 99 297 10 101 0 0 0 0 2 0 19 10 0 0 0 0 461 0 24 0
176 GCT 0 0 0 0 0 0 0 0 14 0 2 16 0 0 0 0 0 0 0 0 0 0 0 0 58 37 43 42 14 7 6 13 0 0 0 0 104 76 48 999335 0 0 0 0 0 0 0 0 0 0 0 0 17 38 25 53 0 0 0 0 12 0 40 0
177 CGG 0 485 0 1072 2074 9697 826 4145 40 968 122 5454 1435 1251 1211 648 256 31 194 758 43 20 18 22 85 73 927220 194 2149 783 1692 2048 321 333 2308 216 303 1148 1773 1205 766 563 3475 1584 409 30 679 265 0 44 0 542 1542 1463 4513 568 0 1079 1431 2559 1971 2860 688 348
178 ATG 278 0 58 0 114 359 38 84 327 9 10 15 74 25 991470 42 16 223 136 161 69 143 114 295 96 95 278 649 253 212 62 71 42 0 65 0 8 4 44 1 23 2 18 25 56 21 153 114 0 881 0 569 10 13 5 9 0 108 551 239 184 893 6 180
179 CCC 0 0 0 0 5 60 24 12 126 65 102 11 60 82 0 117 43 0 57 0 34 998482 155 144 86 41 16 45 5 67 10 4 0 0 0 0 0 0 0 0 0 0 0 0 0 0 0 0 0 0 0 0 8 65 21 5 0 0 0 0 26 0 22 0
180 GAC 0 0 0 0 69 0 27 35 102 12 43 11 172 19 0 18 0 0 0 0 38 2 3 8 47 11 23 11 3 23 16 22 80 998390 3 135 54 42 25 30 53 19 0 15 0 0 0 0 0 0 0 0 5 3 37 6 0 0 79 0 2 141 29 137
181 GGT 0 0 0 0 22 24 7 4 56 22 27 153 0 0 0 0 0 0 0 0 0 0 0 0 62 29 46 42 8 13 3 3 0 0 0 0 11 41 29 7 2 27 11 998501 33 174 5 135 0 16 0 119 17 33 2 60 0 189 0 50 1 0 16 0
182 GAA 0 0 0 0 16 13 40 41 0 14 0 2 0 0 0 0 0 0 0 0 0 0 0 0 0 0 0 0 0 0 0 0 999518 0 75 0 20 3 12 33 11 20 42 33 5 7 38 2 0 0 0 0 0 14 33 8 0 0 0 0 0 0 0 0
183 GAT 0 0 0 0 0 0 0 0 23 0 36 0 0 0 0 0 0 0 0 0 0 0 0 0 0 4 59 9 0 0 0 0 0 3 0 999793 0 0 0 0 13 6 29 25 0 0 0 0 0 0 0 0 0 0 0 0 0 0 0 0 0 0 0 0
184 TTG 0 0 0 0 0 0 0 0 6 0 31 0 0 0 0 0 20 0 164 0 16 17 4 78 8 24 10 13 1 71 23 82 0 0 0 0 0 0 0 0 0 0 0 0 0 0 0 0 0 0 0 0 0 0 0 0 0 0 0 0 19 0 999413 0
185 GTG 0 0 0 0 0 0 0 0 36 5 6 31 0 0 0 0 0 0 0 0 0 0 0 0 13 36 9 10 9 21 8 8 0 0 0 0 19 18 70 5 0 0 0 0 33 88 999506 8 0 0 0 0 2 12 0 5 0 0 0 0 40 0 2 0
186 GTA 0 0 0 0 0 0 0 0 0 0 0 0 0 0 0 0 0 0 0 0 4 7 29 11 0 0 0 0 22 25 24 9 0 0 0 0 10 38 30 57 0 0 0 0 999546 32 25 109 0 0 0 0 0 0 0 0 0 0 0 0 10 0 12 0
187 ACT 0 0 0 0 8 92 5 999766 0 22 0 17 0 0 0 0 0 0 0 0 0 0 0 0 0 0 0 0 0 0 0 0 0 0 0 0 0 0 0 0 0 0 0 0 0 0 0 0 0 0 0 0 8 27 6 49 0 0 0 0 0 0 0 0
188 CAT 0 0 0 0 0 0 0 0 29 0 0 0 0 0 0 0 60 16 27 999351 8 20 17 47 3 14 41 31 11 34 60 29 0 0 0 0 0 0 0 0 0 0 0 0 0 0 0 0 0 15 0 124 0 0 0 0 0 43 0 8 4 0 8 0
189 GGG 0 0 0 0 0 0 0 0 0 34 0 67 0 0 0 0 0 0 0 0 0 0 0 0 0 0 0 0 12 32 3 3 0 0 0 0 0 0 0 0 29 13 999528 88 53 6 22 30 0 0 0 0 46 20 2 4 0 0 0 0 6 0 2 0
190 GAT 0 0 0 0 0 0 0 0 0 0 0 0 0 0 0 0 0 0 0 0 0 0 0 0 0 0 0 0 0 0 0 0 10 82 51 999811 0 0 0 0 1 8 8 29 0 0 0 0 0 0 0 0 0 0 0 0 0 0 0 0 0 0 0 0
191 GCC 0 0 0 0 0 0 0 0 8 21 6 20 0 0 0 0 0 790 0 60 0 0 0 0 8 17 12 14 201 80 0 68 0 0 0 0 23 994019 103 82 0 0 0 0 10 4 28 49 0 72 0 45 10 19 49 5 0 0 0 0 98 3394 29 656
192 TGC 0 0 0 0 1856 429 7926 3484 17 0 21 0 36 143 0 33 0 0 0 0 0 0 0 0 19 10 6 25 0 0 0 0 0 0 0 0 13 22 10 17 13 5 69 8 0 0 0 0 0 0 0 0 0 0 0 0 0 985796 0 42 0 0 0 0
193 CTC 0 0 0 0 0 0 0 0 2 0 26 0 0 0 103 0 0 0 0 0 2 7 33 53 5 99 37 2 7 999127 133 41 0 0 0 0 0 0 0 0 0 0 0 0 14 13 44 24 0 0 0 0 0 0 0 0 0 0 0 0 176 0 52 0
194 CCG 0 0 0 0 26 26 71 0 27 27 32 7 0 0 0 0 62 0 16 0 5 39 999299 109 47 31 4 20 0 37 20 3 0 0 0 0 0 0 0 0 0 0 0 0 0 0 0 0 0 0 0 0 2 19 15 4 0 0 0 0 29 0 23 0
195 AAC 33 999602 28 61 27 31 13 6 0 38 0 24 0 0 0 0 0 0 0 0 0 0 0 0 0 0 0 0 0 0 0 0 0 0 0 0 0 0 0 0 0 0 0 0 0 0 0 0 0 1 0 94 23 11 5 3 0 0 0 0 0 0 0 0
196 ATA 0 0 0 0 0 0 0 0 6 85 27 51 998897 86 0 320 0 0 0 0 0 0 0 0 52 77 37 9 1 15 3 6 0 0 0 0 0 0 0 0 0 0 0 0 6 7 20 16 0 0 0 0 110 13 63 53 0 0 0 0 38 0 2 0
197 ATG 9 0 46 0 20 15 9 14 33 0 0 0 0 0 999491 0 95 0 114 0 0 0 0 0 21 0 11 0 21 5 2 6 0 34 0 35 0 0 0 0 0 0 0 0 0 0 0 0 0 0 0 0 0 0 0 0 0 0 0 0 16 0 3 0
198 GTG 0 0 0 0 0 0 0 0 9 0 14 0 0 0 0 0 0 0 0 0 0 0 0 0 12 38 13 4 6 11 10 5 0 0 0 0 52 10 7 4 7 13 14 13 152 45 999445 87 0 0 0 0 0 0 0 0 0 0 0 0 11 0 18 0
199 GAA 0 0 0 0 0 0 0 0 24 37 6 28 0 0 0 0 0 32 0 13 0 0 0 0 12 9 22 29 0 0 0 0 999157 0 20 0 20 3 2 139 0 78 8 23 0 0 0 0 0 0 0 0 16 141 4 30 0 45 0 102 0 0 0 0
200 AAC 0 999467 0 121 16 110 14 1 0 13 0 15 0 0 0 0 0 0 0 0 0 0 0 0 0 0 0 0 2 3 101 2 0 0 0 0 0 0 0 0 0 0 0 0 22 26 14 19 0 0 0 0 14 6 13 8 0 0 0 0 7 0 6 0
201 GGC 0 0 0 0 5 5 8 43 13 13 39 17 0 0 0 0 0 0 0 0 0 0 0 0 17 28 5 40 0 0 0 0 0 13 0 34 0 0 0 0 273 999082 41 164 0 0 0 0 0 0 0 0 18 1 88 6 0 42 0 5 0 0 0 0
202 CGT 41 0 56 0 0 0 0 0 89 2 222 10 0 0 0 0 0 0 0 0 0 0 0 0 18 45 122 998639 11 1 149 17 0 0 0 0 0 0 0 0 0 0 0 0 0 0 0 0 0 0 0 0 19 64 121 22 0 55 0 47 56 0 194 0
203 TTT 0 0 0 0 0 0 0 0 0 0 0 0 0 0 0 0 0 0 0 0 0 0 0 0 0 0 0 0 13 7 0 51 0 0 0 0 0 0 0 0 0 0 0 0 0 0 0 0 0 0 0 0 0 0 0 0 0 4 0 49 34 152 8 999682
204 AGC 0 30 0 40 27 22 29 31 48 999068 1 70 10 33 0 89 0 0 0 0 0 0 0 0 39 24 61 9 0 0 0 0 0 0 0 0 0 0 0 0 19 4 43 6 0 0 0 0 0 0 0 0 74 62 91 70 0 0 0 0 0 0 0 0
205 GGA 0 0 0 0 0 0 0 0 0 0 0 0 0 0 0 0 0 0 0 0 0 0 0 0 0 0 0 0 0 0 0 0 0 0 0 0 0 0 0 0 999633 181 68 25 7 65 18 3 0 0 0 0 0 0 0 0 0 0 0 0 0 0 0 0
206 TTC 0 0 0 0 0 0 0 0 5 29 13 13 0 0 0 0 0 0 0 0 0 0 0 0 1 25 13 6 10 36 1 2 0 0 0 0 0 0 0 0 0 0 0 0 50 0 35 7 0 0 0 0 26 11 33 27 0 0 0 0 2 999586 26 43
207 ATT 0 0 0 0 15 16 29 13 0 0 0 0 73 35 0 999769 0 0 0 0 0 0 0 0 0 0 0 0 0 0 0 0 0 0 0 0 0 0 0 0 0 0 0 0 13 0 27 10 0 0 0 0 0 0 0 0 0 0 0 0 0 0 0 0
208 GAT 0 0 0 0 0 23 45 21 0 0 0 0 0 0 0 0 0 0 0 0 0 0 0 0 0 0 0 0 0 0 0 0 53 30 10 999545 55 46 38 39 12 3 46 34 0 0 0 0 0 0 0 0 0 0 0 0 0 0 0 0 0 0 0 0
209 TGC 0 0 0 0 5 65 146 90 24 39 50 52 0 0 0 0 0 0 0 0 0 0 0 0 21 29 5 55 7 31 16 15 0 0 0 0 4 19 23 138 7 6 0 43 0 0 0 0 0 0 0 0 6 7 14 5 0 998977 0 23 4 12 16 46
210 GGA 0 0 0 0 0 0 0 0 21 0 5 44 0 0 0 0 0 0 0 0 0 0 0 0 0 10 9 17 0 0 0 0 0 0 0 0 0 0 0 0 999357 96 33 130 47 82 56 61 0 0 0 0 12 6 0 14 0 0 0 0 0 0 0 0
211 CGG 0 0 0 0 0 0 0 0 21 21 40 2 0 0 0 0 0 0 0 0 0 0 0 0 18 72 999360 51 89 20 82 19 0 0 0 0 0 0 0 0 0 0 0 0 0 0 0 0 0 0 0 0 35 26 11 33 0 26 0 51 1 0 22 0
212 TTG 0 0 0 0 4 40 1 14 32 0 12 0 0 0 0 0 0 0 0 0 0 0 0 0 16 2 4 26 113 27 38 26 0 0 0 0 0 0 0 0 0 0 0 0 0 0 0 0 0 0 0 0 0 0 0 0 0 0 0 0 32 0 999613 0
213 GGT 0 0 0 0 0 0 0 0 6 0 101 0 0 0 0 0 0 0 0 0 0 0 0 0 60 17 4 59 0 0 0 0 0 0 0 0 3 26 35 7 61 16 6 999422 23 10 0 24 0 0 0 0 0 0 0 0 0 10 0 110 0 0 0 0
214 GTC 0 0 0 0 0 0 0 0 0 0 0 0 0 0 0 0 0 0 0 0 0 0 0 0 0 0 0 0 22 4 43 32 0 0 0 0 5 2 21 43 42 8 84 12 24 999584 17 38 0 0 0 0 0 0 0 0 0 0 0 0 19 0 0 0
215 GCT 0 0 0 0 0 1 57 36 0 6 0 12 0 0 0 0 0 0 0 0 22 7 30 18 0 0 0 0 0 0 0 0 0 0 0 0 65 21 0 999539 14 16 14 9 0 0 0 0 0 0 0 0 97 15 13 8 0 0 0 0 0 0 0 0
216 GAT 0 0 0 0 0 0 0 0 0 7 0 8 0 0 0 0 0 0 0 0 0 0 0 0 0 0 0 0 10 0 23 3 0 50 0 999530 1 7 4 33 27 24 19 16 12 8 35 15 0 39 0 36 11 6 36 2 0 0 0 0 0 0 38 0
217 CGA 0 0 0 0 0 0 0 0 3 33 36 52 0 0 0 0 0 0 0 0 0 0 0 0 999514 38 57 10 6 15 11 26 0 0 0 0 0 0 0 0 24 22 7 16 0 0 0 0 0 0 0 0 46 9 1 39 0 0 0 0 28 0 7 0
218 TAT 0 0 0 0 0 0 0 0 0 18 0 59 0 0 0 0 0 0 0 0 0 0 0 0 0 0 0 0 0 0 0 0 0 0 0 0 0 0 0 0 0 0 0 0 0 0 0 0 0 66 0 999782 20 5 26 24 0 0 0 0 0 0 0 0
219 CAA 62 0 6 0 67 26 1 8 16 0 5 0 0 0 0 0 999186 114 311 2 7 64 0 0 34 31 51 9 0 0 0 0 0 0 0 0 0 0 0 0 0 0 0 0 0 0 0 0 0 0 0 0 0 0 0 0 0 0 0 0 0 0 0 0
220 GAT 0 0 0 0 0 0 0 0 0 0 0 0 0 0 0 0 0 0 0 0 0 0 0 0 0 0 0 0 0 0 0 0 0 53 0 999745 18 32 1 36 31 20 24 40 0 0 0 0 0 0 0 0 0 0 0 0 0 0 0 0 0 0 0 0
221 ATA 0 0 0 0 0 55 28 86 0 14 0 41 993112 94 0 47 0 0 0 0 0 0 0 0 0 0 0 0 1619 2178 291 1458 0 0 0 0 0 0 0 0 14 5 4 50 0 29 27 1 0 0 0 0 26 33 177 13 0 0 0 0 405 0 193 0
222 GCA 0 0 0 0 0 0 0 0 0 0 0 0 0 0 0 0 0 0 0 0 0 0 0 0 0 0 0 0 0 0 0 0 0 0 0 0 999713 34 72 23 37 9 5 4 21 4 7 71 0 0 0 0 0 0 0 0 0 0 0 0 0 0 0 0
223 TTG 0 0 0 0 0 0 0 0 33 0 14 0 0 0 0 0 0 0 0 0 0 0 0 0 2 27 5 1 148 20 34 179 0 0 0 0 0 0 0 0 0 0 0 0 0 0 0 0 0 0 0 0 0 0 0 0 0 0 0 0 131 0 999406 0
224 GCA 0 0 0 0 0 0 0 0 0 42 0 78 0 0 0 0 0 0 0 0 9 15 25 12 0 0 0 0 5 11 25 13 135 0 30 0 999245 17 46 25 33 0 9 16 8 35 39 0 0 0 0 0 10 12 53 32 0 0 0 0 11 0 9 0
225 ACT 0 0 0 0 10 12 2 999665 0 5 0 3 65 6 0 7 0 0 0 0 0 0 0 0 0 0 0 0 0 0 0 0 0 0 0 0 0 0 0 0 0 0 0 0 72 6 66 24 0 0 0 0 15 24 13 5 0 0 0 0 0 0 0 0
226 CGC 0 0 0 0 19 11 4 18 191 25 81 10 0 0 0 0 0 0 0 0 0 0 0 0 131 998972 24 38 38 3 24 56 0 0 0 0 0 0 0 0 28 3 39 11 0 0 0 0 0 0 0 0 51 48 54 56 0 0 0 0 31 0 34 0
227 GAT 0 0 0 0 0 0 0 0 25 17 13 229 0 0 0 0 0 32 0 49 0 0 0 0 32 38 9 3 0 0 0 0 28 60 32 999021 0 0 0 0 0 0 0 0 40 48 21 45 0 0 0 0 6 67 0 81 0 74 0 30 0 0 0 0
228 ATC 0 0 0 0 43 23 4 32 6 131 34 34 18 999293 0 70 0 0 0 0 0 0 0 0 22 10 3 26 2 7 48 1 0 0 0 0 0 0 0 0 0 0 0 0 17 13 37 13 0 0 0 0 22 39 4 7 0 0 0 0 29 0 12 0
229 GCC 0 0 0 0 9 13 13 22 8 4 31 23 0 0 0 0 0 0 0 0 35 8 17 4 1 8 17 8 0 0 0 0 60 0 63 0 32 999367 61 66 0 0 0 0 25 9 32 5 0 0 0 0 12 2 29 16 0 0 0 0 0 0 0 0
230 GAA 0 0 0 0 129 163 17 267 0 843 0 32 0 0 0 0 0 237 0 101 19 6 34 9 0 0 0 0 0 0 0 0 995875 0 80 0 33 22 26 33 8 63 58 4 0 0 0 0 0 0 0 0 138 63 1596 144 0 0 0 0 0 0 0 0
231 GAG 79 0 123 0 0 0 0 0 243 0 155 0 0 0 0 0 0 471 0 781 0 0 0 0 208 298 113 46 0 0 0 0 4 0 991573 0 37 3 77 37 26 5 14 10 3 80 60 4 0 1624 0 3816 0 0 0 0 0 0 54 0 0 34 0 22
232 CTT 0 0 0 0 0 0 0 0 18 14 15 9 0 0 0 0 0 0 0 0 12 47 15 74 1 2 8 58 3 157 53 999366 0 0 0 0 0 0 0 0 0 0 0 0 24 12 16 9 0 0 0 0 0 1 17 19 0 0 0 0 8 0 42 0
233 GGT 0 0 0 0 0 0 0 0 19 5 0 5 0 0 0 0 0 0 0 0 0 0 0 0 8 26 2 2 0 0 0 0 0 0 0 0 0 0 0 0 30 91 34 999506 37 9 56 26 0 0 0 0 7 35 27 0 0 12 0 63 0 0 0 0
234 GGT 686 268 354 123 3 484 44 98 15 37 45 22 113 34 190 67 145 56 225 97 553 1243 457 199 14 13 80 143 5 5 32 37 9 78 628 96 775 518 1357 614 59 244 0 988201 126 145 46 303 0 77 0 19 14 66 113 277 0 43 97 52 9 0 147 0
235 GAA 0 0 0 0 16 2 14 12 0 0 0 0 0 0 0 0 0 0 0 0 0 0 0 0 0 0 0 0 4 0 21 24 999736 0 81 0 11 2 44 21 0 0 0 0 0 0 0 0 0 0 0 0 0 0 0 0 0 0 0 0 7 0 5 0
236 TGG 0 0 0 0 0 0 0 0 20 6 49 4 0 0 0 0 0 0 0 0 0 0 0 0 6 18 52 2 77 8 53 71 0 0 0 0 0 0 0 0 70 30 8 4 8 40 22 6 0 0 0 0 4 28 17 35 0 0 999294 0 66 0 2 0
237 GCA 0 0 0 0 0 0 0 0 0 12 3 72 0 0 0 0 0 0 0 0 0 0 0 0 16 17 5 10 0 0 0 0 0 0 0 0 999480 164 33 25 0 0 0 0 0 0 0 0 0 0 0 0 26 77 21 39 0 0 0 0 0 0 0 0
238 GAC 110 226 516 51 21 12 6 28 298 117 171 307 257 521 60 78 126 444 213 9 1 14 22 51 213 185 467 222 61 108 51 88 533 992984 150 26 51 85 13 45 0 0 0 0 20 73 65 49 0 108 0 0 109 34 89 102 0 12 0 57 70 18 19 234
239 AGA 0 0 0 0 33 4 13 44 999099 9 16 4 0 0 0 0 0 0 0 0 50 22 3 4 113 2 172 17 30 4 30 47 0 0 0 0 0 0 0 0 18 31 21 1 0 0 0 0 0 0 0 0 8 27 25 5 0 45 0 35 19 0 49 0
240 TTT 20 0 48 0 0 0 0 0 0 15 0 7 0 0 0 0 0 0 0 0 0 0 0 0 0 0 0 0 0 0 0 0 0 0 0 0 0 0 0 0 0 0 0 0 51 20 8 21 0 0 0 0 13 0 8 15 0 5 0 55 0 207 0 999507
241 TTA 0 0 0 0 0 0 0 0 17 13 52 19 0 0 0 0 0 0 0 0 21 53 38 27 49 18 60 43 9 53 68 70 0 0 0 0 0 0 0 0 0 0 0 0 0 0 0 0 0 0 0 0 30 0 2 0 0 0 0 0 999285 0 73 0
242 GTT 71 23 474 46 326 43 254 319 169 25 18 16 0 0 211 0 10 321 59 126 11 47 13 32 681 192 79 225 0 27 9 18 210 0 389 0 108 0 407 72 0 0 0 0 53 163 20 993543 0 25 0 105 52 262 218 227 0 0 98 0 19 103 45 36
243 CTG 0 0 0 0 0 0 0 0 0 0 4 0 0 0 0 0 15 0 45 0 26 34 7 0 15 30 62 50 20 79 999039 106 112 0 77 0 25 29 10 26 0 0 0 0 19 20 39 6 0 0 0 0 0 0 0 0 0 0 0 0 28 0 77 0
244 TAT 0 0 0 0 0 0 0 0 0 0 0 0 0 0 0 0 0 0 0 0 0 0 0 0 0 0 0 0 9 83 13 7 0 0 0 0 0 0 0 0 0 0 0 0 0 0 0 0 0 23 0 999844 0 0 0 0 0 0 0 0 1 0 20 0
245 GGT 0 0 0 0 0 0 0 0 121 1 4 1 0 0 0 0 0 0 0 0 0 0 0 0 0 21 42 36 7 6 15 22 0 0 0 0 3 18 39 42 270 61 91 998878 59 54 11 51 0 0 0 0 3 3 14 74 0 26 0 24 3 0 0 0
246 ATC 0 0 0 0 0 0 0 0 108 7 23 91 84 998970 0 60 0 0 0 0 0 0 0 0 40 0 28 5 26 3 15 27 0 0 0 0 0 0 0 0 0 0 0 0 60 12 8 6 0 0 0 0 88 46 79 11 0 50 0 51 43 33 4 22
247 GCG 6 47 85 97 30 17 49 33 40 33 49 312 0 0 0 0 25 0 37 0 82 3 0 36 34 37 11 33 24 1 3 45 0 47 0 4 2 18 998033 62 18 3 39 9 0 0 0 0 0 0 0 0 207 25 13 132 0 57 0 36 98 0 28 0
248 GCA 56 0 38 0 144 9 46 178 15 29 2 87 14 24 67 18 114 0 80 0 0 0 0 0 11 8 14 16 271 95 32 85 27 37 46 115 997687 45 26 47 13 17 9 15 6 29 17 6 0 0 0 0 14 36 1 18 0 0 0 0 249 0 87 0
249 CCA 0 0 0 0 18 0 65 27 86 19 13 18 0 0 0 0 50 0 17 0 998927 67 4 35 31 4 127 68 39 18 10 19 0 0 0 0 3 11 96 46 8 6 49 16 0 0 0 0 0 0 0 0 6 7 16 7 0 0 0 0 67 0 0 0
250 GAC 0 0 0 0 12 4 23 8 0 0 0 0 0 0 0 0 45 0 129 0 0 0 0 0 0 0 0 0 5 12 12 1 0 999518 0 35 20 31 5 1 0 0 0 0 5 4 27 33 0 29 0 24 0 0 0 0 0 0 0 0 11 0 6 0
251 TCT 18 0 43 0 44 31 136 250 21 93 70 21 32 1 100 82 439 102 60 12 0 0 0 0 73 223 277 118 34 24 377 242 0 75 0 17 9 9 67 34 15 5 32 23 0 0 0 0 0 287 0 54 7 88 19 994509 0 0 1316 0 129 148 23 211
252 CAG 0 26 0 22 0 0 0 0 15 0 27 15 0 0 0 0 9 21 999038 96 0 0 0 0 3 26 28 11 4 0 5 10 0 244 0 194 0 0 0 0 0 0 0 0 0 0 0 0 0 0 0 0 18 0 43 19 0 0 0 0 13 52 48 13
253 CGT 0 0 0 0 0 0 0 0 13 38 27 24 0 0 0 0 0 0 0 0 0 0 0 0 63 0 4 999473 3 27 5 28 0 0 0 0 0 0 0 0 20 17 52 8 0 37 37 1 0 0 0 0 12 7 2 46 0 0 0 0 4 0 52 0
254 ATC 0 0 0 0 0 0 0 0 8 59 14 5 28 999591 0 4 0 0 0 0 0 0 0 0 2 4 32 0 3 21 12 19 0 0 0 0 0 0 0 0 0 0 0 0 0 0 0 0 0 0 0 0 9 34 4 38 0 0 0 0 56 0 57 0
255 GCC 0 0 0 0 7 45 0 26 19 53 7 56 0 0 0 0 0 0 0 0 0 0 0 0 6 18 4 19 0 0 0 0 62 0 1 0 11 999146 42 139 66 51 8 21 0 0 0 0 0 10 0 73 10 48 6 46 0 0 0 0 0 0 0 0
256 TTT 0 0 0 0 0 0 0 0 11 30 26 9 0 0 0 0 48 0 15 0 24 1 31 5 31 4 41 26 43 17 32 48 0 0 0 0 0 0 0 0 0 0 0 0 0 0 0 0 0 199 0 351 29 33 16 39 0 0 1148 0 20 8 9 997706
257 TAT 0 0 0 0 0 0 0 0 0 0 0 0 0 0 0 0 0 41 0 28 0 0 0 0 0 0 0 0 0 0 0 0 0 0 0 0 0 0 0 0 0 0 0 0 0 0 0 0 0 8 0 999923 0 0 0 0 0 0 0 0 0 0 0 0
258 AGA 0 0 0 0 0 0 0 0 999396 18 37 4 0 0 0 0 0 0 0 0 0 0 0 0 111 37 49 23 38 35 0 16 0 0 0 0 0 0 0 0 34 0 17 18 0 0 0 0 0 0 0 0 49 38 0 7 0 0 0 0 71 0 2 0
259 TTA 0 0 0 0 0 0 0 0 20 0 8 0 0 0 0 0 0 0 0 0 0 0 0 0 0 4 17 3 47 5 28 102 0 0 0 0 0 0 0 0 0 0 0 0 0 0 0 0 0 0 0 0 0 0 0 0 0 0 0 0 999655 0 111 0
260 CTA 0 0 0 0 0 0 0 0 0 0 0 0 0 0 0 0 0 0 0 0 0 0 0 0 0 0 0 0 999696 206 19 13 0 0 0 0 0 0 0 0 0 0 0 0 0 0 0 0 0 0 0 0 0 0 0 0 0 0 0 0 1 0 65 0
261 GAC 0 0 0 0 0 0 0 0 0 12 0 2 0 0 0 0 0 0 0 0 0 0 0 0 0 0 0 0 0 0 0 0 0 999910 0 0 0 0 0 0 0 0 0 0 0 0 0 0 0 38 0 1 9 4 20 4 0 0 0 0 0 0 0 0
262 GAG 55 0 11 0 0 0 0 0 15 4 6 3 0 0 0 0 0 0 0 0 0 0 0 0 2 31 10 3 0 0 0 0 34 0 999735 0 0 0 0 0 0 0 0 0 10 2 13 16 0 0 0 0 20 15 3 12 0 0 0 0 0 0 0 0
263 TTC 0 0 0 0 0 0 0 0 0 47 0 5 4 33 0 12 0 0 0 0 0 0 0 0 0 0 0 0 0 5 14 6 0 0 0 0 0 0 0 0 0 0 0 0 0 0 0 0 0 0 0 0 12 17 13 10 0 0 0 0 24 999688 8 102
264 TTC 0 0 0 0 0 0 0 0 0 2 0 21 0 0 0 0 0 0 0 0 0 0 0 0 0 0 0 0 23 1 11 15 0 0 0 0 0 0 0 0 0 0 0 0 10 18 48 36 0 20 0 47 39 12 12 6 0 12 0 41 12 999557 18 39
