# POSITION WT AAA AAC AAG AAT ACA ACC ACG ACT AGA AGC AGG AGT ATA ATC ATG ATT CAA CAC CAG CAT CCA CCC CCG CCT CGA CGC CGG CGT CTA CTC CTG CTT GAA GAC GAG GAT GCA GCC GCG GCT GGA GGC GGG GGT GTA GTC GTG GTT TAA TAC TAG TAT TCA TCC TCG TCT TGA TGC TGG TGT TTA TTC TTG TTT
1 ATG 1573 207 184 84 1186 116 997 0 607 89 165 90 259 3537 4.97282e+06 470 97 629 84 110 81 439 326 74 168 79 251 312 333 147 194 457 509 766 612 267 931 1318 2078 56 375 763 436 4 245 305 123 129 0 426 0 952 184 163 251 299 0 1057 48 451 570 87 32 401
2 ATT 535 389 581 1022 347 137 130 433 33 202 43 25 77 301 139 4.97686e+06 340 1670 1526 27 34 175 23 78 76 277 20 182 54 151 60 64 20 175 91 91 122 2042 288 246 89 5 180 59 674 1643 911 2209 0 1382 0 424 34 141 102 180 0 108 910 109 18 781 138 814
3 GAG 214 348 986 201 1876 429 659 2733 58 1254 3398 86 185 134 4 326 2122 2522 1772 1047 70 587 230 21 775 838 1455 1061 1863 278 35 430 333 410 4.95489e+06 523 68 130 28 7 171 169 178 356 43 25 52 183 0 258 0 718 1714 38 344 1454 0 158 247 61 1707 3743 384 3612
4 CAA 724 459 2446 1177 134 84 258 1247 110 123 1 185 95 305 41 378 4.97548e+06 10 143 208 101 684 383 418 30 749 106 600 339 3501 882 810 120 31 487 190 60 44 56 0 24 707 958 1304 931 67 124 156 0 125 0 187 189 84 28 68 0 263 1090 112 12 67 137 167
5 GAC 7913 5085 21544 10273 1153 1334 738 205 11 5056 2505 2735 5484 317 24 2765 1744 669 1766 79 1953 2022 5348 1668 621 283 12 254 2755 5672 413 3191 630 4.87122e+06 2427 906 287 260 367 30 1263 2809 7828 1277 852 531 1230 669 0 52 0 63 29 990 1840 1908 0 117 1041 232 3411 422 1061 658
6 GGC 7672 20157 23087 666 188 5116 431 2745 514 7785 734 71 4233 10499 3895 4458 114 84 156 168 21302 9355 4437 5708 1493 1164 145 365 53 393 727 197 8820 587 749 202 1435 240 716 3913 302 4.80539e+06 503 187 812 875 1673 2297 0 2381 0 657 10116 7724 186 1076 0 150 4698 0 486 2132 621 2958
7 CTT 434 30 985 75 6 22 92 17 178 26 238 699 50 23 243 38 44 258 76 10 76 110 254 218 271 35 689 45 8 155 676 4.98578e+06 1055 32 836 63 136 118 247 15 311 145 215 566 361 221 375 7 0 38 0 13 87 212 210 554 0 325 57 1365 288 41 174 74
8 CAT 8 544 154 710 95 55 84 13 153 116 467 55 9 187 1497 35 56 646 129 4.96951e+06 2782 5235 2546 3195 242 42 370 71 911 545 493 22 1303 59 1354 647 1 29 75 21 152 682 225 460 32 296 33 342 0 167 0 47 129 59 146 78 0 44 130 422 317 20 1704 49
9 GCA 388 939 113 684 137 28 108 12 0 111 111 104 939 3000 81 884 20 100 102 123 2491 400 214 646 42 254 59 98 38 437 204 80 225 143 416 8 4.98125e+06 149 256 124 294 403 666 947 454 483 55 10 0 45 0 86 84 119 193 107 0 0 9 0 294 97 119 20
10 GGA 59 31 52 53 231 0 42 348 44 14 7 32 12 19 148 17 106 0 33 30 189 24 105 35 57 27 70 41 150 67 83 124 8 66 5 52 35 159 12 12 4.99362e+06 164 389 32 166 63 665 912 0 5 0 32 22 132 326 55 0 474 19 136 111 19 15 44
11 TCT 85 156 193 76 889 908 840 963 3963 55 4424 621 2862 9374 36543 10018 735 10839 9078 3693 2744 2442 3473 5197 12765 18041 21563 10060 29774 3983 34331 9529 514 2035 800 966 61 40 110 155 338 820 92 211 719 3975 23 1423 0 28032 0 9998 156 87 276 4.6565e+06 0 6953 313 8303 16425 5013 3366 2084
12 CCC 53 101 22 84 240 115 51 282 68 19 22 93 121 2 17 2 28 30 86 12 445 4.99539e+06 28 79 47 109 19 17 68 128 96 77 19 229 92 147 225 288 57 85 2 19 34 3 17 88 151 32 0 16 0 36 55 26 64 67 0 65 58 48 21 68 32 4
13 GCT 524 23 676 43 354 497 510 615 184 863 376 600 25 38 82 168 545 429 81 69 27 120 108 14 530 891 11 75 38 53 126 166 48 2525 518 1557 633 9 140 4.9819e+06 255 51 61 80 360 264 72 872 0 119 0 14 176 567 274 230 0 171 107 23 38 5 47 21
14 GCA 1071 118 380 274 369 495 382 596 75 89 160 471 13 30 492 122 240 59 26 88 174 871 299 329 316 138 239 364 96 35 15 25 61 83 215 614 4.98588e+06 802 187 245 244 584 84 103 23 59 167 119 0 41 0 61 326 162 451 447 0 162 21 179 117 74 12 22
15 TGG 27 13 44 43 11 52 121 16 375 164 90 47 34 74 7 25 11 48 122 3 41 13 15 7 201 138 395 945 111 201 139 11 90 1 24 0 7 29 12 33 69 67 52 375 21 51 125 19 0 8 0 4 424 20 108 38 0 54 4.99405e+06 234 7 8 504 26
16 GTG 5636 510 868 324 416 1117 662 916 2797 97 358 745 83 88 65 16 1055 173 1200 48 114 26 34 9 3598 153 115 4181 95 324 204 353 93 36 1269 182 495 2293 549 657 161 869 1608 44 344 143 4.96032e+06 206 0 371 0 220 177 520 1131 592 0 58 83 254 35 136 772 5
17 GAA 14 22 48 15 67 223 64 4 25 513 178 4 10 124 24 9 580 212 675 82 48 101 255 58 258 425 62 64 11 18 78 56 4.99117e+06 38 416 48 32 119 153 91 290 157 108 48 38 104 45 131 0 29 0 88 1662 206 54 32 0 8 391 30 31 15 83 53
18 CGT 354 225 2691 46 8 99 9 3 98 386 248 468 46 82 15 14 64 29 176 133 39 396 10 91 569 168 575 4.98586e+06 60 180 170 303 1165 160 325 323 50 83 17 159 398 352 554 388 30 102 65 214 0 147 0 5 142 111 200 68 0 455 229 244 178 151 13 54
19 TTG 43 1 58 20 37 24 45 29 91 6 172 0 34 0 393 5 111 13 28 31 69 74 7 5 87 12 159 60 759 385 273 377 25 8 112 23 4 151 24 44 69 3 35 35 10 52 49 57 0 12 0 27 4 6 13 16 0 4 0 8 453 35 4.9953e+06 12
20 TTC 68 61 285 14 650 178 476 2524 3317 132 4431 88 1320 880 968 146 114 581 139 636 15 130 1234 102 839 3637 173 4272 298 90 1196 463 644 310 2441 441 123 689 1292 749 49 39 39 141 319 582 218 67 0 243 0 73 44 160 184 316 0 576 53 538 256 4.95931e+06 278 365
21 GGA 156 168 68 236 18 2 58 55 175 132 62 281 0 49 40 43 29 50 15 12 17 84 6 25 38 30 38 33 30 54 67 3 25 151 68 133 59 69 85 31 4.99392e+06 42 643 196 18 126 425 33 0 162 0 16 36 164 594 384 0 162 91 24 162 34 35 36
22 TAT 38 34 8 113 9 37 9 22 2 79 8 53 42 44 0 24 110 65 57 128 80 22 38 6 53 25 12 61 44 170 4 50 71 167 147 148 28 47 90 138 14 9 0 68 43 48 41 35 0 82 0 4.99633e+06 63 201 75 38 0 50 36 0 138 92 265 85
23 GAT 139 42 12 486 101 419 189 627 204 65 145 182 92 240 80 260 69 103 194 178 24 61 27 67 315 270 177 31 187 2 51 24 209 33 39 4.99277e+06 31 34 20 37 73 165 34 162 33 17 21 37 0 303 0 64 134 21 170 114 0 69 61 3 61 28 195 0
24 TGG 0 93 7 131 75 11 97 88 49 70 52 57 26 45 14 6 66 29 7 27 0 51 0 3 567 7 264 265 85 105 139 318 47 22 0 153 34 3 40 74 149 60 102 54 34 103 4 4 0 8 0 31 68 66 68 2 0 111 4.99432e+06 844 334 17 440 53
25 GCA 68 26 304 13 117 240 24 174 83 640 2 55 58 5 50 250 208 10 210 3 29 52 25 31 209 18 39 48 64 32 5 110 24 396 716 134 4.99186e+06 54 83 49 32 93 72 181 486 177 1062 533 0 154 0 6 260 24 56 84 0 75 5 118 54 8 1 4
26 CAA 11 132 69 80 96 77 97 21 136 23 263 36 26 222 25 44 4.99056e+06 341 451 459 19 98 180 90 1471 599 0 308 564 194 83 606 410 44 38 18 28 16 21 23 29 83 40 0 64 124 8 6 0 42 0 28 127 0 188 235 0 35 61 6 585 104 172 89
27 CAA 53 18 139 266 230 59 82 35 97 99 93 0 97 1569 173 8306 4.9837e+06 52 70 11 100 210 90 149 166 26 43 85 108 23 22 54 127 73 0 116 49 35 66 88 55 94 25 6 730 608 1008 31 0 0 0 67 8 114 84 37 0 65 22 153 47 4 28 35
28 ACA 53 206 5 139 4.99033e+06 826 386 4 28 83 208 143 81 94 29 79 8 817 54 27 41 65 14 116 193 72 152 183 12 217 11 59 121 74 35 48 274 924 616 764 28 51 0 0 4 28 24 53 0 926 0 50 175 167 386 227 0 21 2 29 38 68 83 50
29 ATC 10 39 46 65 159 13 20 6 31 24 6 70 244 4.99527e+06 224 215 194 2 156 0 27 228 77 35 6 7 19 43 52 140 253 79 21 2 157 15 17 2 14 2 66 118 42 65 164 22 32 40 0 111 0 185 21 9 0 546 0 44 31 12 221 54 152 75
30 GGC 53 8 52 0 62 13 25 21 233 148 86 514 9 36 0 88 6 87 33 82 95 73 14 9 254 169 6 57 47 56 11 55 13 0 43 96 52 40 10 27 253 4.99473e+06 271 334 80 283 157 96 0 15 0 34 94 166 275 78 0 21 35 155 30 25 2 180
31 TGC 34869 124 2557 61 26 29 29 70 435 323 2310 51 75 126 29 86 3636 110 5596 165 88 0 5 43 1259 776 35 1035 690 401 997 575 252 14 6 46 71 65 16 222 87 17 182 79 195 122 86 166 0 57 0 28 72 47 122 69 0 4.94002e+06 145 20 689 162 168 166
32 AGT 63 136 1 37 159 182 54 171 201 243 116 4.99461e+06 146 18 42 412 17 11 61 0 0 171 12 37 117 197 113 15 16 80 71 117 41 15 16 12 12 1 62 10 25 108 26 2 60 100 6 31 0 29 0 22 166 840 19 492 0 14 35 33 64 11 72 51
33 GAC 234 287 1246 116 4711 6149 7196 3218 831 2089 1276 6387 371 155 14 96 217 4 119 249 418 2073 752 910 976 850 233 216 376 534 595 56 75 4.93584e+06 249 266 122 279 478 44 1595 1776 679 138 11 120 83 211 0 66 0 194 4228 2568 2970 3819 0 113 41 268 464 53 266 31
34 GCC 10 67 23 0 27 30 68 34 91 199 77 160 71 53 63 95 421 118 69 53 70 72 20 65 426 4 6 127 22 19 27 38 271 6 21 84 0 4.99516e+06 272 80 41 131 64 62 93 15 23 28 0 0 0 19 3 234 542 0 0 61 26 20 1 41 54 27
35 GCC 25 1318 1 454 3197 1057 1629 1028 0 1195 112 300 138 218 192 1476 7 1108 39 57 292 80 13 27 109 151 14 151 48 112 140 89 576 48 232 33 332 4.9763e+06 226 936 253 26 95 7 456 115 410 289 0 0 0 64 1328 31 2459 95 0 29 66 21 8 482 14 293
36 GTA 183 47 6 4 59 51 34 23 75 37 177 14 62 9 125 49 40 15 13 98 89 0 5 19 17 13 0 126 88 342 144 6 1 12 0 7 73 23 51 80 8 5 516 60 4.9962e+06 450 70 73 0 3 0 1 16 22 8 2 0 10 69 29 69 8 121 43
37 TTT 135 18 14 126 19 7 0 30 32 107 33 115 45 11 18 35 15 11 0 21 18 10 122 77 72 11 26 6 19 50 58 34 18 31 68 9 44 35 3 4 35 0 12 7 38 5 40 117 0 138 0 28 246 125 283 89 0 11 66 15 25 124 92 4.997e+06
38 CGC 78 99 35 14 17 93 3 8 31 268 368 1 52 9 29 0 22 101 11 149 20 94 25 10 515 4.99495e+06 179 26 267 63 368 338 63 0 47 33 6 2 29 37 72 86 78 64 12 4 95 39 0 2 0 16 83 202 33 195 0 156 109 37 72 12 81 94
39 CTT 58 0 49 4 5 0 2 32 5 21 123 9 46 76 34 64 26 59 12 0 45 42 13 91 4 9 184 59 193 91 100 4.99564e+06 15 33 16 44 8 19 20 11 436 504 668 91 47 10 2 6 0 70 0 29 16 8 52 77 0 125 30 12 203 82 232 43
40 AGT 16 81 36 92 41 242 240 340 12 446 65 4.99273e+06 185 149 31 6 48 67 291 229 11 49 90 11 139 95 99 432 67 3 5 19 77 0 33 73 23 56 3 40 25 206 110 93 68 73 9 321 0 65 0 31 222 213 55 339 0 2 1352 21 12 49 14 45
41 GCT 8 322 20 70 192 7 20 64 14 70 9 163 87 24 7 16 185 26 805 67 55 27 103 17 8 14 19 45 20 28 5 8 584 23 99 0 1205 274 192 4.99151e+06 10 3 0 54 37 256 8 93 0 21 0 23 135 252 255 108 0 2054 9 243 0 4 8 12
42 CAG 74 8 75 17 346 575 2225 10 105 991 127 95 20 14 44 24 353 3 4.98318e+06 111 669 1117 996 155 504 258 1097 159 137 28 162 404 50 93 1001 337 49 210 127 8 65 26 0 101 142 61 172 43 0 4 0 20 213 1183 397 660 0 22 30 14 166 218 469 34
43 GGA 24 2150 41 230 98 155 516 120 348 9224 191 1591 1 33 4 94 36 507 18 423 31 80 41 7 442 136 287 59 11 75 33 29 45 65 39 8 33 18 58 215 4.96740e+06 100 157 243 189 37 46 125 0 43 0 6 1655 5357 1134 5175 0 5 78 73 62 192 212 190
44 AGG 850 16 98 45 8 39 0 54 77 4 4.99399e+06 9 23 36 12 43 144 5 6 4 147 93 39 56 21 485 736 127 214 14 199 109 3 26 31 145 49 151 19 43 279 244 512 219 19 38 19 55 0 2 0 77 0 18 6 20 0 75 18 0 10 30 99 94
45 CCG 381 579 219 209 92 79 149 38 344 65 490 46 59 0 89 11 275 69 565 112 342 38 4.99154e+06 360 458 154 536 382 96 12 34 51 104 15 331 35 19 61 151 70 57 95 48 88 17 37 8 42 0 360 0 23 166 30 1 107 0 49 0 12 57 0 130 14
46 GTG 2 573 8 19 812 1633 579 979 12 775 107 621 26 33 83 60 40 36 40 19 207 667 203 159 15 52 180 4 99 100 156 27 74 252 54 230 2865 3433 2613 994 681 81 849 247 9 146 4.9757e+06 352 0 121 0 6 154 397 30 181 0 857 52 608 443 16 198 28
47 TTG 371 10 568 7 37 15 0 68 14 42 28 0 17 31 134 9 106 141 160 1046 144 138 152 18 361 143 489 124 51 249 304 758 10 75 12 13 15 5 22 23 46 191 12 42 13 34 7 219 0 110 0 182 21 3 4 3 0 45 63 116 59 273 4.99212e+06 524
48 TTC 7 22 0 118 59 30 4 56 0 201 44 33 6 165 71 22 48 7 26 27 207 13 6 8 4 6 33 11 25 341 111 32 0 20 53 16 11 17 7 14 58 8 42 55 286 131 20 37 0 106 0 60 179 7 0 65 0 7 21 8 53 4.99682e+06 10 145
49 GTT 36 2 31 35 47 14 41 19 0 16 8 0 31 6 34 53 5 24 37 4 2 90 11 20 9 1 47 16 303 17 364 118 280 27 42 24 105 84 85 14 37 139 125 32 315 1229 450 4.99482e+06 0 74 0 120 8 0 36 4 0 74 47 0 144 8 221 15
50 AAG 496 81 4.99552e+06 106 85 37 13 12 64 240 85 61 17 49 25 81 77 43 101 132 52 32 38 3 46 314 27 235 20 5 36 70 18 32 73 10 55 0 62 60 26 102 3 82 133 15 113 15 0 224 0 16 76 18 322 8 0 35 12 61 5 176 10 35
51 ACC 62 94 1 168 271 4.9948e+06 160 491 139 132 56 15 78 50 15 107 115 9 228 0 115 41 50 63 31 119 89 26 232 82 317 48 3 82 59 95 178 31 193 232 45 65 11 64 70 26 17 9 0 5 0 42 134 31 35 150 0 4 48 2 80 32 6 48
52 GAT 3 71 6 158 140 483 3984 4456 21 7318 8 380 845 2029 372 2043 681 138 612 15 107 67 31 25 10 109 13 59 10 179 349 88 182 61 172 4.92871e+06 5953 6905 10928 2600 497 83 125 162 451 1149 324 87 0 54 0 134 1843 320 1689 5134 0 1324 9 6125 25 10 115 21
53 TTG 2273 207 3681 781 361 132 935 325 920 571 1078 103 209 130 381 37 209 777 27 81 152 91 454 317 3680 94 229 875 94 139 326 83 412 222 544 307 835 1294 368 1743 47 100 61 109 3075 2346 270 1652 0 1901 0 1561 235 955 1658 725 0 43 1125 191 58 1160 4.95687e+06 379
54 TCT 7 32 10 278 5 50 15 4 335 152 236 456 31 122 91 86 55 666 23 72 103 40 21 118 652 305 22 107 46 31 32 116 303 36 132 51 105 0 13 139 14 41 43 99 98 57 195 11 0 7 0 15 1226 559 130 4.992e+06 0 24 16 74 140 9 93 53
55 GGG 24 86 94 28 82 125 14 165 403 35 145 86 6 62 6 43 279 163 86 1944 17 27 35 8 146 243 243 72 31 306 544 22 39 84 44 38 17 114 53 292 248 467 4.99028e+06 242 560 213 38 207 0 23 0 77 28 27 134 50 0 56 41 215 521 183 63 75
56 GCG 45 36 26 37 126 60 50 228 36 62 57 25 153 26 51 109 23 67 129 1130 188 37 83 220 58 35 40 23 9 36 15 28 150 870 86 815 207 161 4.993e+06 137 11 25 179 6 7 0 17 34 0 0 0 28 23 40 650 44 0 14 10 31 53 110 3 40
57 CTA 6 180 39 39 34 63 0 69 467 71 214 25 17 10 27 0 8 233 58 149 181 225 28 63 508 98 71 747 4.99352e+06 186 552 209 55 12 19 41 22 104 12 51 65 30 16 24 80 26 23 20 0 37 0 17 21 26 7 24 0 29 13 22 642 212 223 32
58 AAC 769 4.99328e+06 28 408 18 157 197 52 57 13 250 3 8 8 81 23 8 146 152 164 134 39 12 51 148 33 402 304 24 61 47 6 146 39 133 85 59 130 431 155 5 64 121 197 12 337 121 11 0 52 0 77 44 90 166 44 0 16 44 0 16 18 250 53
59 GAG 93 37 59 48 79 78 70 0 20 236 58 174 6 3 53 90 76 60 181 26 26 0 192 28 58 48 14 19 67 201 146 20 539 0 4.99605e+06 412 54 39 46 27 8 11 38 32 19 3 29 18 0 7 0 95 36 4 27 38 0 28 53 16 19 17 30 39
60 CTG 11 36 14 60 44 22 15 21 36 183 138 144 118 198 293 70 60 187 29 26 164 97 239 34 24 242 172 27 279 17 4.99416e+06 339 8 442 31 179 109 0 95 273 52 114 7 11 15 65 2 182 0 71 0 51 159 56 94 63 0 1 66 132 24 58 69 72
61 CAA 637 52 64 137 50 327 19 30 265 169 439 25 48 18 72 83 4.9894e+06 1045 222 197 8 12 246 70 109 59 164 201 24 8 53 203 671 1204 212 567 116 365 32 143 138 26 12 201 231 118 77 9 0 134 0 454 109 16 0 92 0 26 27 62 60 97 142 199
62 GAT 17 97 48 49 405 55 105 50 41 42 22 171 45 6 15 24 13 72 22 11 33 64 16 96 27 21 44 9 10 10 355 2 165 21 2763 4.99347e+06 5 34 22 14 88 2 59 17 193 33 45 199 0 27 0 39 25 16 0 35 0 78 43 274 100 24 175 41
63 GAG 249 73 85 31 106 5 34 4 105 73 55 116 39 37 12 47 126 66 228 88 31 121 66 35 257 159 90 55 72 79 605 41 53 126 4.99378e+06 379 18 105 147 72 177 10 500 135 39 45 24 44 0 22 0 28 0 135 88 72 0 96 27 35 252 34 345 19
64 GCG 51 8 317 26 7 6 65 1 116 10 115 114 51 20 16 33 15 57 53 6 45 53 13 9 62 43 43 31 6 14 32 8 191 25 112 81 99 31 4.99548e+06 205 32 149 51 8 52 3 75 53 0 3 0 3 126 1135 57 347 0 138 17 35 15 18 11 5
65 GCC 33 57 6 59 53 3 9 35 51 8 18 188 3 17 47 29 18 1 39 10 45 30 139 111 98 15 12 117 25 12 5 13 54 24 354 30 86 4.99109e+06 470 62 21 17 49 13 1465 1242 795 1389 0 35 0 20 310 4 312 28 0 384 161 133 94 8 5 42
66 CGA 57 6 9 135 18 26 101 8 126 286 23 201 22 51 3 19 75 40 75 193 101 28 104 4 4.99571e+06 236 153 324 80 32 86 2 11 56 30 8 39 5 14 0 48 6 86 123 27 96 48 8 0 8 0 39 300 59 67 65 0 71 7 127 61 53 208 0
67 CTT 63 58 7 95 37 22 42 1 148 44 78 227 5 133 49 57 1 231 11 404 633 666 174 7 113 30 18 33 123 131 48 4.99486e+06 8 49 22 23 27 11 22 16 32 50 3 81 45 6 23 130 0 2 0 92 77 132 86 213 0 23 3 64 111 14 45 41
68 TCG 819 25 338 231 300 109 389 31 1302 18 1303 107 3 342 178 175 1338 9 283 36 57 54 44 10 862 2374 47 2033 107 18 75 55 78 63 75 72 218 110 362 365 22 234 112 238 8 0 129 92 0 339 0 34 763 23 4.98274e+06 567 0 75 41 12 0 55 38 63
69 TGG 8 21 20 1 57 26 137 22 12 79 52 147 36 31 15 25 18 24 99 57 3 2 49 25 14 30 65 0 111 14 187 40 75 30 20 144 24 68 54 120 195 266 26 535 24 55 37 33 0 106 0 285 33 28 128 6 0 23 4.99556e+06 42 324 49 272 13
70 CTG 72 13 20 24 10 7 21 3 131 41 282 106 18 17 291 15 4 101 18 13 87 84 262 48 173 41 36 74 36 42 4.99522e+06 669 14 78 18 15 20 8 47 40 41 23 12 39 146 14 467 30 0 45 0 6 43 15 0 41 0 117 62 88 2 30 502 62
71 GCC 184 52 12 90 7 47 35 13 115 316 284 379 14 6 11 6 6 3 241 3 135 191 35 233 98 84 172 0 7 55 47 2 67 55 99 6 148 4.99248e+06 293 927 172 500 91 96 232 45 39 68 0 64 0 4 175 904 144 142 0 266 11 12 5 29 10 32
72 ACA 27 17 17 167 4.99455e+06 326 839 650 18 459 15 131 38 4 15 29 15 193 42 6 225 25 37 39 5 0 8 118 77 11 4 58 66 32 27 90 38 25 96 32 48 52 160 88 16 10 3 26 0 26 0 7 113 318 15 103 0 309 6 13 3 38 6 67
73 ACA 10 44 34 24 4.99625e+06 35 1366 308 4 0 5 0 51 80 10 43 126 1 49 46 42 40 17 3 15 9 7 10 0 2 6 0 67 7 24 19 99 65 39 41 36 18 14 11 58 52 16 3 0 92 0 168 60 145 6 50 0 53 106 2 26 38 32 13
74 GGG 16 8 4 24 63 18 31 82 5 11 17 34 7 9 28 1 5 7 1 8 24 27 12 2 3 15 0 0 20 15 36 1 16 47 16 26 124 65 27 75 435 576 4.99608e+06 1361 38 65 53 34 0 10 0 6 16 47 0 15 0 43 21 75 29 76 87 0
75 GTT 2 25 0 23 180 38 53 27 4 6 60 29 6 89 63 99 154 4 218 6 8 27 4 4 55 6 11 47 109 31 173 91 5 60 23 22 43 44 66 85 43 22 0 34 485 369 155 4.99611e+06 0 0 0 0 23 18 65 30 0 103 0 99 274 0 152 14
76 CCG 22 3 0 18 230 103 21 88 145 90 151 212 4 27 0 11 107 182 468 148 79 0 4.99386e+06 303 519 57 85 159 274 75 328 113 24 21 23 39 16 44 10 6 6 22 130 132 5 8 5 62 0 0 0 22 71 80 401 563 0 6 40 52 157 32 140 6
77 TGC 17 3 10 13 67 114 15 57 39 43 133 43 37 20 4 80 0 28 4 32 73 47 13 7 39 0 54 9 28 14 34 88 15 47 93 81 0 0 15 85 83 297 125 19 244 175 219 40 0 16 0 9 103 43 208 52 0 4.99557e+06 8 927 115 9 238 3
78 GCA 0 12 23 4 58 104 381 24 58 44 49 52 7 15 26 0 52 17 70 41 13 8 47 11 391 106 400 31 2 21 39 4 58 24 24 95 4.99585e+06 42 178 452 9 22 18 100 130 45 66 0 0 3 0 31 51 228 104 13 0 42 8 9 160 54 61 10
79 GCG 297 226 1796 828 248 164 421 0 449 277 515 116 2197 920 2 1307 435 596 267 136 104 19 238 195 1172 493 483 288 25 40 8 58 162 15 217 81 190 46 4.98178e+06 239 704 427 161 191 60 35 6 200 0 23 0 27 48 117 216 544 0 28 12 31 14 35 69 1
80 GTT 23 47 18 29 40 14 5 11 397 26 103 18 45 33 55 147 11 12 24 51 5 35 10 3 91 170 126 32 17 114 87 100 20 18 0 20 70 33 31 110 114 34 45 28 916 334 78 4.99537e+06 0 3 0 0 15 25 4 72 0 196 32 80 82 13 338 16
81 TTA 70 39 162 207 136 46 0 262 15 0 14 36 373 132 92 222 99 89 145 41 140 196 44 73 167 140 88 204 450 644 68 168 793 10 72 23 87 98 59 93 130 4 77 134 13 28 34 79 0 151 0 68 69 6 78 44 0 57 28 0 4.9923e+06 23 769 111
82 GAT 31 12 5 50 80 17 40 89 38 37 46 30 53 32 20 4 10 52 26 36 44 48 1 9 7 38 50 39 38 13 15 0 27 129 17 4.99735e+06 31 27 38 17 69 33 36 46 41 16 34 6 0 180 0 513 82 0 85 21 0 47 43 27 9 2 52 9
83 GTT 135 17 43 25 42 63 81 25 330 250 605 319 56 116 197 253 97 44 87 42 6 2 3 61 161 263 129 762 128 233 597 19 60 8 46 86 49 53 714 18 295 272 222 88 175 134 243 4.97178e+06 0 96 0 38 319 178 221 38 0 95 27 69 243 4550 279 14415
84 GTA 35 57 15 35 128 30 173 22 63 144 19 136 90 86 33 72 471 93 138 4 112 0 28 40 31 17 20 36 42 49 27 34 63 68 13 11 342 123 11 143 33 10 14 18 4.99511e+06 118 62 546 0 63 0 30 226 31 99 74 0 216 25 137 56 32 35 11
85 ACG 4 45 16 124 136 577 4.99557e+06 14 45 30 18 185 72 97 54 228 25 10 2 54 30 35 30 67 33 28 35 54 55 11 38 29 13 47 15 34 38 137 162 140 6 51 2 4 102 92 167 15 0 72 0 13 127 191 89 123 0 138 57 233 44 60 43 35
86 GAG 33 113 39 132 21 45 19 13 0 23 48 0 45 56 79 3 5 6 7 0 50 27 132 3 67 12 20 12 43 41 123 12 322 124 4.99632e+06 49 108 5 130 142 3 123 130 368 13 158 58 10 0 46 0 15 37 56 8 96 0 9 33 33 0 69 213 93
87 GCG 94 53 487 126 154 6 22 72 11 325 19 126 9 168 730 134 39 222 34 14 238 379 13 76 70 8 163 49 248 25 125 46 126 13 4 44 89 157 4.99307e+06 770 6 13 69 120 6 53 135 107 0 25 0 14 85 102 195 178 0 28 52 19 72 75 56 34
88 GGC 33 69 45 215 16 42 29 18 103 55 7 154 11 15 33 3 0 11 24 32 1 30 4 32 69 127 4 39 24 92 53 38 96 269 56 65 38 33 51 110 170 4.99577e+06 7 426 95 11 34 162 0 59 0 46 85 130 403 167 0 64 13 106 50 3 55 0
89 AGG 69 9 91 116 21 141 81 24 122 83 4.99378e+06 37 1 23 8 3 15 239 100 312 53 44 71 33 185 748 1017 35 15 49 18 9 95 0 76 24 54 8 22 14 202 228 116 151 3 19 115 33 0 114 0 11 11 510 44 200 0 166 4 81 65 51 7 28
90 GAT 23 118 1 25 35 180 56 74 100 111 49 155 5 0 11 44 39 74 41 20 32 51 11 48 23 50 106 43 15 0 27 31 7 642 70 4.99601e+06 38 241 101 31 29 87 251 150 29 39 42 2 0 91 0 51 60 36 48 0 0 49 98 99 41 7 40 15
91 TGG 37 68 88 0 49 4 54 21 8 288 56 326 0 41 9 71 381 39 25 42 4 64 0 12 53 115 163 59 38 69 241 132 19 5 0 28 67 92 25 47 353 186 199 114 14 68 35 2 0 51 0 14 75 8 95 11 0 98 4.99511e+06 423 49 96 118 40
92 CTA 38 66 6 67 26 17 20 0 82 9 8 22 69 37 53 56 126 46 35 4 161 84 51 146 33 31 15 16 4.99579e+06 611 2 298 18 7 47 21 98 34 46 85 54 38 8 21 31 58 8 16 0 33 0 64 22 91 0 4 0 123 23 154 667 68 120 12
93 TTA 17 54 6 25 83 80 57 22 21 24 153 73 32 16 192 45 12 5 14 24 64 307 177 155 175 60 68 74 78 729 265 335 96 0 32 10 13 8 0 29 42 173 17 2 57 27 122 213 0 17 0 0 103 59 23 36 0 20 46 69 4.99502e+06 186 86 56
94 TTA 19 1 1 11 193 125 241 445 73 15 239 77 38 8 165 24 53 10 20 4 176 84 49 173 131 30 82 73 452 201 361 55 8 19 18 3 12 12 24 3 2 2 0 4 42 53 30 45 0 24 0 19 0 4 30 31 0 18 62 37 4.9958e+06 22 29 15
95 GGT 33 16 147 36 24 46 12 45 200 68 457 58 23 110 38 3 19 7 17 65 10 77 36 27 248 105 107 61 12 76 46 126 13 62 40 51 27 0 0 4 517 204 123 4.99483e+06 210 222 225 147 0 7 0 72 44 183 55 21 0 13 45 270 192 16 5 44
96 GAG 402 0 205 15 11 27 43 8 40 49 30 11 19 29 0 33 142 23 205 42 26 2 36 0 57 3 81 25 10 120 21 102 478 22 4.99579e+06 0 483 4 50 88 195 11 423 33 50 70 40 59 0 28 0 11 101 15 13 8 0 47 9 0 83 31 34 8
97 GTT 35 6 13 40 59 9 64 126 340 0 47 34 12 0 9 26 44 14 0 68 81 99 63 1 27 505 64 176 204 104 13 159 77 91 13 68 37 25 32 78 131 148 14 43 333 111 109 4.99575e+06 0 28 0 20 23 15 21 19 0 25 23 60 225 0 6 36
98 CCG 3 5 0 32 68 215 37 33 56 47 190 158 9 4 87 23 157 0 129 8 76 115 4.99558e+06 118 197 69 310 544 76 43 60 148 24 32 0 45 79 14 12 20 47 45 89 92 82 32 44 15 0 22 0 17 30 43 52 2 0 25 50 146 135 0 190 14
99 GGG 6 33 42 10 18 18 0 8 119 19 0 119 62 108 21 16 53 8 17 20 18 48 0 3 12 124 162 225 30 12 35 20 7 63 0 81 28 44 236 13 430 662 4.99527e+06 475 0 134 111 88 0 2 0 20 40 235 63 176 0 205 2 88 0 35 37 66
100 CAA 437 32 58 28 62 95 127 130 95 44 30 94 33 8 73 9 4.99568e+06 81 28 81 187 98 76 311 7 163 53 120 6 83 141 73 279 31 212 15 22 22 46 0 21 42 22 10 19 15 7 0 0 13 0 32 9 86 7 28 0 72 19 21 327 28 30 23
101 GAC 4 44 27 112 8 15 26 40 12 332 4 130 20 1 80 0 60 164 83 76 2 33 1 33 7 48 58 45 55 13 12 35 11 4.99538e+06 2 561 69 25 214 460 90 33 5 125 89 273 293 38 0 104 0 70 242 77 44 48 0 56 3 9 53 9 22 15
102 TTG 78 45 58 31 47 22 2 30 7 6 451 14 61 11 227 115 107 15 3 32 15 2 322 119 358 115 167 166 141 43 218 590 41 128 26 57 185 32 255 217 0 34 22 26 76 54 31 19 0 28 0 62 37 75 51 28 0 70 89 16 1229 72 4.9934e+06 21
103 CTT 29 8 23 5 12 10 29 0 21 34 61 3 18 32 62 36 15 66 2 58 21 69 184 12 50 10 17 110 52 923 342 4.99656e+06 13 26 0 68 18 6 54 14 2 20 22 19 17 28 19 95 0 35 0 0 212 89 83 83 0 57 34 20 60 15 18 4
104 AGT 17 92 25 16 409 599 33 194 121 287 109 4.99416e+06 62 40 90 262 49 9 138 21 0 129 30 77 406 0 71 96 20 8 9 92 0 11 13 70 27 18 43 73 307 186 55 196 74 2 17 144 0 87 0 60 30 157 331 49 0 49 11 45 87 59 87 46
105 TCC 4 127 45 7 14 13 14 24 63 357 87 7 48 6 38 49 48 46 32 53 0 36 21 0 220 87 97 80 35 42 49 44 43 72 55 142 0 0 85 56 719 21 143 73 26 30 51 25 0 5 0 12 306 4.9949e+06 763 195 0 4 48 3 59 24 338 9
106 CAC 30 21 14 158 58 24 22 42 90 307 122 326 25 75 80 47 348 4.99078e+06 733 110 184 308 1110 258 300 44 158 38 34 4 10 12 155 258 963 367 37 29 39 229 126 92 381 57 16 32 45 18 0 28 0 158 25 106 71 305 0 169 79 74 69 5 28 162
107 CTG 21 52 14 4 55 32 6 0 50 1 0 17 78 10 62 34 74 8 126 49 5 23 467 30 25 64 35 12 429 155 4.99484e+06 623 31 104 22 26 9 21 11 18 32 22 26 14 32 109 130 74 0 3 0 21 15 20 11 57 0 35 0 0 1548 35 164 12
108 GCC 92 30 16 0 78 41 18 34 2 354 54 83 62 1 27 76 22 39 43 2 2379 486 237 308 52 0 11 5 1 60 9 7 171 0 135 39 187 4.99178e+06 48 304 341 137 67 88 113 91 55 396 0 41 0 6 113 185 12 738 0 64 84 26 0 53 71 30
109 CCG 0 12 64 20 26 314 10 16 58 39 66 124 0 3 27 40 249 7 34 4 3 404 4.99582e+06 406 48 76 12 23 355 1 80 185 0 6 37 67 100 48 30 46 3 37 0 12 505 85 35 5 0 17 0 18 15 22 70 72 0 26 24 11 24 30 46 84
110 GCG 182 0 7 37 144 8 6 4 33 188 55 65 4 6 6 31 88 46 16 19 8 120 94 158 22 6 18 2 58 164 0 138 125 7 65 241 97 32 4.99576e+06 282 3 51 1 3 26 132 22 27 0 13 0 28 43 78 296 319 0 66 9 277 119 76 38 35
111 GAG 25 17 1 6 103 98 3 167 106 0 31 39 15 89 22 76 24 20 67 85 79 21 31 17 42 12 63 52 25 121 135 195 292 26 4.99635e+06 172 11 4 13 17 155 57 61 156 28 16 93 45 0 15 0 0 121 29 19 41 0 28 33 91 193 7 129 13
112 AAA 4.99782e+06 5 155 114 20 49 34 53 22 45 0 22 25 108 6 119 5 7 24 12 52 42 12 27 58 6 80 16 48 20 33 36 76 11 120 32 37 1 9 14 13 46 28 22 3 4 42 16 0 94 0 44 0 52 0 51 0 56 15 31 22 14 25 47
113 GTA 24 4 27 9 246 374 380 140 44 28 46 6 6 16 83 4 35 13 18 15 13 24 3 69 56 103 46 35 72 13 155 189 16 47 8 8 81 22 64 52 60 21 68 87 4.99542e+06 349 514 355 0 24 0 75 40 44 27 22 0 83 10 40 85 35 5 45
114 AGT 66 188 37 43 49 65 58 30 81 106 213 4.97999e+06 43 62 38 110 58 15 28 8 271 138 51 29 148 32 146 3 43 215 77 248 52 72 70 23 2522 3357 458 2219 124 313 86 121 73 62 47 325 0 77 0 49 273 117 446 72 0 5003 3 753 306 52 233 5
115 ATA 261 0 131 35 47 83 40 23 0 0 75 147 4.99708e+06 307 10 71 49 12 5 84 25 26 13 43 21 63 9 133 74 12 15 22 57 59 1 87 19 42 5 12 18 47 9 15 33 28 37 119 0 2 0 8 76 52 35 150 0 17 4 6 92 22 10 17
116 ATG 17 28 7 33 57 27 26 12 45 6 30 33 46 122 4.99729e+06 38 81 6 30 18 51 21 18 24 330 33 198 311 31 28 34 1 6 33 13 9 7 17 30 10 1 7 8 9 171 134 89 109 0 37 0 35 7 10 19 65 0 35 24 17 6 43 3 13
117 GCT 17 27 38 30 106 31 49 81 245 33 264 333 32 35 25 55 143 13 117 4 9 52 11 17 56 163 48 144 55 6 13 13 67 0 37 45 195 3 516 4.99595e+06 1 65 13 54 26 23 103 58 0 16 0 106 15 62 170 71 0 38 24 5 13 49 12 0
118 GAT 13 3 23 11 14 76 22 8 27 106 51 28 64 38 14 46 100 87 67 48 4 36 27 28 11 16 38 15 70 27 1 13 42 716 110 4.99616e+06 32 177 175 16 48 73 14 4 211 2 165 107 0 162 0 54 167 48 55 22 0 148 10 38 43 2 2 63
119 GCT 19 43 25 9 19 3 198 42 7 41 31 146 8 9 37 46 30 16 4 18 45 116 37 0 0 67 4 71 16 48 16 4 156 11 168 22 150 271 623 4.99656e+06 42 36 36 1 10 62 10 17 0 6 0 0 64 84 272 26 0 32 21 31 2 4 47 61
120 ATG 31 50 7 36 550 9 36 352 11 77 14 129 242 61 4.99342e+06 37 32 47 235 4 11 31 27 34 141 61 74 121 89 529 616 24 67 56 94 100 13 14 19 22 77 326 59 72 102 49 57 128 0 0 0 115 7 19 31 15 0 50 127 6 782 88 306 60
121 AGG 10 16 69 0 0 184 63 449 896 399 4.99313e+06 86 117 9 4 281 11 16 83 83 90 144 20 110 268 268 28 46 266 163 17 156 44 63 36 0 12 74 67 97 300 61 22 33 46 120 30 35 0 116 0 166 147 87 42 296 0 0 15 6 385 37 116 65
122 CGT 29 116 31 44 142 54 342 3 462 25 220 772 21 22 92 20 9 58 82 122 0 10 18 115 472 724 58 4.97586e+06 313 2452 1388 2617 96 22 89 132 82 390 97 83 95 299 9 112 74 135 141 127 0 28 0 27 272 512 46 519 0 11 380 22 5487 9 4000 11
123 TTA 11 5 29 9 46 50 47 99 417 13 17 57 5 19 117 110 9 25 52 88 41 107 20 27 131 162 77 489 7 271 285 133 52 201 55 46 0 96 0 33 67 192 7 40 410 228 145 67 0 49 0 61 0 36 18 145 0 86 75 29 4.99429e+06 39 546 16
124 CAC 130 76 8 104 69 93 290 99 164 16 255 51 39 62 25 25 253 4.99446e+06 42 451 90 110 239 275 175 156 10 0 94 6 51 61 0 301 115 242 20 31 188 12 18 46 97 31 9 30 43 21 0 15 0 44 69 37 183 93 0 8 4 61 27 86 117 74
125 ACA 3 115 13 529 4.99268e+06 47 432 44 154 471 16 359 4 106 13 7 0 0 22 33 10 116 306 161 12 226 356 329 0 65 6 20 6 4 7 203 164 482 10 325 86 129 100 23 40 26 31 10 0 38 0 68 378 210 160 386 0 72 125 47 100 11 42 61
126 CTA 5 38 3 58 6 34 48 8 46 12 21 0 11 11 100 0 82 23 0 13 686 137 5 54 126 77 79 13 4.99621e+06 71 178 297 0 10 61 65 11 11 32 25 31 16 22 20 52 213 132 183 0 100 0 5 22 35 10 59 0 97 0 27 10 39 240 22
127 GAT 9 106 74 3 153 4 16 19 23 170 0 300 15 81 10 18 95 0 181 12 21 112 29 33 69 52 27 35 11 6 38 72 60 695 88 4.99374e+06 5 48 32 53 39 70 13 60 29 36 52 65 0 79 0 247 976 308 696 592 0 62 17 16 57 0 6 70
128 CCA 12 19 66 25 27 42 202 94 63 135 45 4 38 21 21 96 32 2 110 7 4.99663e+06 418 114 227 100 18 58 47 94 13 28 97 23 19 25 145 73 50 0 58 42 48 18 25 8 0 17 14 0 0 0 78 34 66 5 92 0 0 50 29 19 0 102 52
129 GCA 48 119 43 0 1 42 98 36 111 61 154 97 73 27 54 27 46 56 13 41 52 175 34 87 61 123 30 246 97 182 154 26 77 44 129 27 4.994e+06 403 241 495 117 23 25 63 80 3 25 32 0 314 0 23 86 0 931 251 0 8 19 14 0 76 10 75
130 ACG 165 7 138 252 609 237 4.99588e+06 51 28 292 74 23 2 47 251 12 42 0 6 0 8 109 65 21 102 0 16 4 73 53 239 229 55 16 32 8 37 14 2 22 53 29 34 28 61 17 28 4 0 43 0 28 8 25 96 1 0 6 18 4 211 13 61 8
131 TGC 10 18 14 48 57 106 144 50 108 37 74 10 23 0 50 33 35 52 56 5 46 18 0 2 26 13 42 23 38 98 23 67 36 73 77 39 36 30 21 69 90 17 84 4 66 12 4 18 0 7 0 180 143 45 48 71 0 4.99721e+06 13 107 1 96 24 50
132 CCA 36 53 53 160 89 256 104 223 226 0 159 72 13 13 5 12 189 16 6 25 4.99519e+06 278 509 207 33 0 22 219 48 123 116 64 5 27 7 54 302 113 57 58 29 17 3 63 34 9 21 5 0 34 0 19 108 120 38 185 0 10 22 4 59 15 26 41
133 TTC 50 46 8 1 52 20 73 60 14 25 5 29 33 16 9 63 6 10 11 4 2 35 8 10 8 0 23 34 19 69 3 60 12 16 3 24 61 0 25 36 3 0 8 12 74 17 18 20 0 8 0 37 28 11 0 21 0 29 101 63 168 4.99834e+06 23 33
134 GAT 60 2 4 163 67 45 26 13 5 6 17 31 23 32 5 29 149 65 624 55 63 52 50 33 73 22 24 18 66 8 0 56 41 609 29 4.99662e+06 79 36 22 0 58 78 5 2 45 20 18 45 0 51 0 3 24 14 22 8 0 0 145 14 15 67 1 45
135 CAC 33 89 41 114 26 202 121 57 40 29 31 30 63 1 9 28 190 4.99749e+06 0 209 7 215 30 128 45 3 54 16 0 7 23 41 23 39 4 36 41 23 54 2 12 89 4 5 29 14 20 0 0 1 0 72 0 28 22 0 0 5 0 24 23 18 16 26
136 CAA 73 26 121 49 309 26 29 439 40 4 253 89 60 50 118 38 4.99595e+06 109 474 76 38 11 17 53 31 17 4 43 3 21 67 42 64 40 110 5 47 34 4 23 19 16 4 48 2 44 48 58 0 41 0 19 256 33 172 27 0 18 19 47 2 28 12 76
137 GCG 226 11 143 16 219 9 106 359 899 61 2797 116 4230 177 787 7219 522 31 330 36 9 31 63 36 1312 1647 25 1553 454 1058 176 906 172 13 39 42 501 59 4.95854e+06 582 17 30 30 145 79 1996 393 304 0 889 0 6465 128 5 48 153 0 202 167 167 878 1654 689 52
138 AAA 4.99713e+06 18 230 59 16 44 38 12 170 7 227 118 3 4 24 0 3 18 138 14 39 34 0 15 15 217 149 115 9 17 13 9 37 17 74 8 74 173 49 92 6 16 20 1 12 1 35 18 0 160 0 34 25 14 54 66 0 25 44 3 13 0 4 16
139 CAC 5 229 219 246 37 32 29 58 109 69 285 23 24 4 24 39 458 4.99379e+06 168 249 77 36 120 220 78 22 68 168 95 126 50 149 0 142 67 331 211 226 22 190 5 18 44 36 184 66 10 55 0 53 0 0 5 202 107 25 0 65 55 22 91 272 44 150
140 CGA 5 64 62 15 3 2 0 240 231 45 25 106 54 4 32 0 7 84 9 0 36 26 36 51 4.99681e+06 21 56 43 66 64 82 126 16 6 34 2 15 7 4 27 49 169 0 317 0 5 38 18 0 31 0 0 32 81 66 306 0 4 36 17 167 26 107 18
141 ATA 22 51 7 100 128 5 28 198 42 76 50 3 4.9936e+06 693 78 420 160 6 11 172 14 0 18 19 59 144 5 23 89 159 15 84 2 104 0 43 18 32 0 66 42 44 87 23 873 402 492 409 0 22 0 53 0 20 113 55 0 58 4 244 94 23 88 110
142 GAA 261 22 33 0 62 0 40 20 29 22 70 14 81 83 109 52 37 15 21 21 90 30 3 126 0 5 20 17 14 15 6 54 4.99783e+06 22 21 54 4 8 5 6 32 104 99 69 26 46 49 36 0 45 0 34 15 5 16 4 0 5 21 52 0 8 2 14
143 CGA 15 0 0 47 1882 166 92 2738 75 208 31 115 165 13 174 142 50 540 21 119 208 142 87 60 4.98779e+06 264 282 308 530 27 441 54 6 12 59 6 154 82 6 43 104 90 81 198 153 136 481 302 0 0 0 5 226 100 83 315 0 10 111 131 201 74 42 3
144 GCA 126 4 22 151 47 42 37 2 0 0 47 91 115 76 14 74 0 13 98 0 16 69 26 57 4 11 2 16 25 12 0 9 130 9 66 10 4.99664e+06 157 600 218 13 32 54 10 16 37 93 25 0 33 0 52 136 42 57 125 0 36 29 46 0 110 1 18
145 AGA 93 52 2 81 10 15 27 26 4.99343e+06 22 127 58 6 29 29 7 8 113 12 502 53 17 30 79 383 279 502 777 547 214 307 92 10 7 33 14 26 121 135 41 127 39 67 129 5 68 42 8 0 20 0 15 218 5 120 39 0 91 14 82 282 246 10 55
146 ACT 422 80 2135 376 423 113 27 4.96616e+06 1012 157 390 270 625 115 45 173 861 912 829 551 42 18 175 14 295 738 972 38 1607 515 1559 210 2130 160 1243 169 444 497 60 387 75 161 78 36 2721 981 685 4692 0 6 0 81 142 3 97 211 0 589 4 186 1797 69 423 10
147 CGC 29 6 66 14 27 12 15 20 468 57 345 280 2 33 29 31 31 33 106 108 31 21 15 102 84 4.99512e+06 53 132 116 0 133 421 27 9 16 21 30 5 26 60 114 94 236 157 20 84 1 80 0 67 0 120 13 53 380 38 0 83 8 72 47 25 119 53
148 ATG 55 57 36 21 0 115 4 24 14 23 5 22 214 27 4.9976e+06 179 59 63 69 39 0 3 18 9 12 33 7 22 0 59 26 19 41 32 19 51 19 44 8 4 57 20 24 15 449 18 6 7 0 15 0 62 4 23 10 13 0 22 0 8 48 1 39 112
149 GAG 1470 1548 989 1306 28 3 43 50 11 60 406 20 1013 184 94 1948 777 600 344 71 4 10 32 0 41 265 182 145 588 672 771 2286 162 118 4.9763e+06 392 16 150 38 49 1056 179 35 1112 114 274 422 181 0 131 0 290 21 739 67 93 0 914 13 168 74 110 295 525
150 GCT 166 26 28 20 55 41 71 101 85 192 33 77 11 62 75 2 400 1258 312 425 14 181 79 13 54 18 331 35 4 8 57 15 218 39 127 31 104 588 890 4.99197e+06 33 8 78 77 0 208 94 84 0 89 0 26 152 94 393 97 0 76 28 97 5 95 0 53
151 GGA 28 769 28 74 37 59 2 8 24 24 319 53 7 30 50 28 29 61 8 61 44 62 21 37 228 323 100 81 48 28 43 13 765 42 444 103 68 8 82 68 4.99339e+06 278 593 176 334 90 40 119 0 46 0 41 51 13 110 66 0 161 34 104 14 29 3 4
152 CTA 57 8 185 115 12 38 24 6 37 20 73 69 9 20 365 8 47 9 27 19 151 30 10 8 32 27 55 109 4.99447e+06 434 1089 700 21 121 102 16 22 91 31 78 16 122 31 0 41 63 94 52 0 12 0 252 26 30 5 149 0 45 17 9 76 0 113 98
153 GTA 2 53 0 99 288 95 67 48 94 25 29 29 666 579 1153 610 7 11 99 70 690 4096 635 2347 134 21 3 150 580 886 2654 2656 37 8 35 4 189 20 24 21 108 90 48 96 4.96972e+06 561 445 11 0 88 0 65 56 31 74 51 0 471 52 19 2055 2976 1304 2469
154 GAT 9 59 34 40 26 18 23 40 38 40 517 14 3 68 4 19 14 37 48 38 74 23 13 103 12 199 164 24 23 168 5 81 74 144 16 4.99634e+06 40 23 12 13 194 124 77 101 21 232 160 65 0 36 0 31 38 3 96 16 0 18 24 23 21 25 23 32
155 CAA 178 33 64 64 3067 305 3724 4614 674 44 96 233 1930 2528 5219 3246 4.83876e+06 198 20 79 121 360 111 144 19 110 23 154 90 2460 209 60 3252 2 6073 91 200 89 35 207 280 175 1106 172 3252 20728 3641 1114 0 4463 0 5328 209 220 15 138 0 2123 75082 1718 85 631 323 315
156 GAT 4 154 128 6 11 72 67 51 37 10 21 107 16 4 14 7 133 69 89 54 74 10 29 0 13 15 138 80 1 102 10 91 5 7 49 4.99622e+06 139 60 236 270 42 1 10 25 38 22 2 11 0 646 0 109 10 23 43 62 0 116 33 29 50 7 109 4
157 GAT 18 60 13 58 0 32 18 52 0 0 17 51 8 8 24 8 16 16 6 7 0 0 13 10 6 21 17 20 34 52 18 4 55 97 7 4.99765e+06 79 62 125 5 174 11 50 131 69 25 144 12 0 52 0 212 49 89 19 0 0 84 54 66 17 0 49 10
158 CTT 29 228 35 23 172 93 15 85 161 23 112 2 36 32 370 27 127 61 118 121 11 0 240 12 142 83 470 7 328 28 573 4.93466e+06 47 0 66 0 39 13 46 12 73 80 47 28 64 80 24 90 0 2004 0 7707 37 14 53 17 0 89 2974 32 6 5918 159 41859
159 GAC 76 82 17 120 201 4 92 221 117 136 17 2 46 2 34 3 60 28 124 46 36 11 8 1 329 17 146 172 11 64 10 11 131 4.99578e+06 300 24 25 11 27 36 2 31 88 146 3 200 27 19 0 707 0 14 5 26 16 22 0 14 4 1 28 34 3 29
160 GAG 99 172 131 172 46 11 90 4 63 142 299 97 10 16 7 18 1989 91 101 49 69 24 39 116 357 110 162 49 11 41 219 123 347 2192 4.98825e+06 2098 118 291 69 79 24 182 8 159 36 9 55 32 0 38 0 167 137 49 35 11 0 161 19 118 21 125 108 132
161 GAG 85 39 70 49 17 13 29 38 30 56 371 12 79 0 27 90 327 8 32 59 54 30 108 2 8 34 0 28 11 24 8 49 135 4 4.99691e+06 53 45 158 8 79 10 86 16 159 1 25 0 31 0 14 0 19 37 60 60 23 0 68 33 66 25 9 38 41
162 CAT 61 1748 2 6575 285 3 78 109 48 118 73 21 66 17 40 8 2 277 90 4.9861e+06 44 9 22 12 51 73 161 8 41 45 32 0 14 208 3 2 48 19 101 54 1192 54 372 1053 5 47 39 37 0 6 0 53 18 12 138 3 0 11 31 75 89 52 38 4
163 CAA 323 72 127 4 2954 1294 1307 255 140 56 678 56 1849 7253 6898 3686 4.91735e+06 117 46 249 128 175 196 35 442 130 234 185 689 10167 918 5400 96 97 233 61 972 2027 477 1154 12 111 115 209 4266 6198 2195 1012 0 3642 0 4813 354 46 340 197 0 2133 389 828 1610 1563 607 827
164 GGG 13 19 21 14 16 73 5 50 161 28 22 27 3 5 29 15 52 27 12 14 40 53 65 48 167 8 37 3 5 2 27 5 21 2 49 98 72 21 9 14 403 278 4.99583e+06 560 346 63 74 217 0 58 0 60 197 48 2 51 0 115 4 300 12 20 0 8
165 CTG 7 179 25 319 170 218 52 158 45 51 23 34 267 190 334 281 21 35 176 38 1009 154 110 63 97 136 33 18 39 112 4.98598e+06 585 30 46 38 60 95 91 27 24 0 10 0 38 970 1976 591 706 0 277 0 271 31 35 0 3 0 263 45 223 1201 286 498 1202
166 GCG 191 66 434 60 118 184 152 2 108 37 156 90 30 152 5 234 91 68 8 64 29 128 16 15 0 18 6 3 392 498 174 44 163 157 398 43 66 45 4.99236e+06 403 29 0 30 126 15 393 57 100 0 9 0 77 130 339 18 34 0 60 35 158 659 78 441 0
167 CCC 36 92 246 35 442 142 32 167 38 13 100 49 1545 403 357 1858 282 3 182 0 672 4.97177e+06 148 154 123 114 66 0 1045 888 4486 963 56 57 156 43 43 91 103 70 101 43 382 101 694 1161 1787 1078 0 86 0 331 53 40 53 104 0 47 7 367 4834 1 1614 49
168 GCG 581 51 6 13 89 986 433 195 20 247 131 792 125 697 64 150 88 66 6 317 84 106 42 4 104 325 447 20 331 151 233 54 10 16 348 5 199 271 4.98686e+06 681 67 84 57 14 63 58 196 88 0 51 0 24 434 1071 200 1086 0 3 602 14 150 110 21 257
169 GAA 58 76 17 24 4 28 50 123 8 49 81 121 29 11 15 9 74 7 202 31 56 136 32 43 32 20 46 19 30 77 25 28 4.9964e+06 9 400 170 32 9 20 0 21 106 176 263 207 142 9 130 0 6 0 9 40 31 39 5 0 49 0 27 112 7 12 9
170 CTC 18 19 5 0 7 36 6 4 42 0 10 4 18 19 203 52 37 8 58 54 29 510 34 213 28 76 22 39 190 4.99535e+06 753 243 39 41 7 74 30 67 0 12 12 39 37 35 34 74 16 41 0 0 0 4 45 5 21 18 0 765 4 73 19 5 311 88
171 TTT 21 25 12 11 2 91 21 36 33 88 829 45 8 19 68 45 30 5 82 39 55 39 79 100 87 453 20 31 904 94 304 229 62 57 15 76 38 0 1 32 21 44 228 164 44 58 332 32 0 9 0 6 141 67 96 98 0 11 52 15 157 8 181 4.99405e+06
172 GCT 10 5 208 80 31 58 106 12 764 17 279 28 12 13 50 38 305 46 76 69 3 98 7 6 587 11 196 454 4 79 28 11 338 110 278 127 38 79 178 4.99321e+06 18 59 0 2 367 79 314 729 0 0 0 15 1 74 0 44 0 13 57 5 28 53 67 26
173 AGG 61 51 11 7 7 32 3 39 773 83 4.981e+06 275 17 17 4962 6 1086 77 755 40 44 4 97 29 42 409 852 403 208 1061 292 1396 357 17 24 0 28 62 247 146 137 28 46 47 162 67 99 531 0 8 0 98 353 39 125 474 0 87 118 18 1631 1 909 6
174 TTG 0 2 27 32 5 41 23 7 0 7 5 44 5 35 235 5 22 9 37 48 26 15 45 41 53 108 27 17 115 303 52 414 22 0 15 86 19 31 9 11 17 47 44 94 11 25 4 34 0 19 0 9 13 98 19 0 0 39 77 372 96 27 4.99693e+06 31
175 AAA 4.98372e+06 38 577 0 111 19 22 27 32 18 87 46 19 222 64 47 651 13 107 25 7 147 82 2 79 0 80 15 2388 827 1470 2776 45 77 67 10 19 11 4 26 131 126 18 174 471 1511 36 521 0 139 0 6 26 5 138 67 0 12 13 86 2327 68 119 33
176 GCT 22 192 54 18 123 35 0 10 87 3 13 72 16 115 4 28 210 56 18 79 68 0 62 17 258 250 191 220 111 51 44 94 46 175 16 62 424 435 177 4.99467e+06 47 38 76 74 11 114 19 49 0 54 0 25 98 202 95 230 0 34 14 0 42 37 218 0
177 CGG 119 2383 6 5106 10977 49727 4340 21574 169 4867 526 27665 7025 6302 5853 3292 1409 158 933 3795 171 130 56 118 405 357 4.62911e+06 920 11045 3825 8930 10536 1705 1690 11595 1011 1471 6371 9096 6391 3910 2817 18646 7887 2032 141 3051 1294 0 200 0 3002 7953 7512 22983 2961 0 5180 6847 12333 9990 14425 3714 1962
178 ATG 1270 34 311 35 559 1799 213 475 1729 57 71 88 427 146 4.9564e+06 227 97 1164 695 815 346 757 656 1588 448 515 1345 3257 1551 952 266 365 201 26 254 10 47 22 178 9 148 9 101 104 284 113 812 491 0 4551 0 3067 26 101 40 63 0 507 2599 1217 971 4607 50 737
179 CCC 5 27 91 2 38 271 100 52 527 277 537 65 312 377 16 609 236 0 322 46 198 4.99113e+06 767 717 469 190 92 271 60 408 80 49 22 22 20 26 7 73 155 1 15 35 16 2 44 105 12 72 0 49 0 3 75 345 79 21 0 34 40 20 156 47 126 34
180 GAC 3 43 84 186 325 7 130 181 478 60 268 72 835 153 5 117 32 53 62 92 254 21 12 51 296 57 130 42 16 95 82 139 362 4.99079e+06 18 609 178 228 145 189 181 111 2 57 68 35 58 87 0 29 0 160 23 14 190 21 0 23 348 4 13 760 145 770
181 GGT 61 9 3 2 127 124 35 21 326 118 114 764 15 30 2 40 77 2 5 50 60 27 6 32 251 128 235 243 29 123 13 25 88 6 17 28 45 248 126 45 10 132 61 4.99176e+06 215 949 21 638 0 52 0 538 98 188 33 256 0 939 13 231 16 67 81 5
182 GAA 14 51 13 195 58 64 167 229 60 82 3 5 107 32 6 5 29 35 157 38 1 20 6 57 5 96 1 45 41 17 4 16 4.99618e+06 55 422 23 86 27 63 154 38 121 215 233 26 43 197 34 0 13 0 9 2 51 131 71 0 46 12 11 45 21 6 5
183 GAT 9 23 38 10 28 29 46 59 94 9 218 7 91 10 4 94 11 11 22 52 0 11 8 14 0 24 331 52 74 0 7 5 3 33 11 4.99768e+06 36 2 6 85 79 38 111 98 93 41 46 3 0 19 0 63 41 4 27 0 0 39 3 11 29 5 5 0
184 TTG 32 215 32 33 52 0 11 16 27 6 198 53 0 14 60 5 82 0 786 6 63 92 13 322 55 169 53 66 0 330 134 423 88 31 35 21 8 0 29 13 80 25 26 3 21 7 77 12 0 79 0 49 45 2 19 51 0 26 13 17 168 35 4.99567e+06 5
185 GTG 1 5 4 2 17 33 20 21 151 39 49 154 15 83 8 68 0 40 24 42 3 13 0 53 41 174 53 24 36 74 45 72 11 44 5 10 125 90 351 6 10 20 31 7 163 468 4.99684e+06 47 0 2 0 23 8 51 5 32 0 6 22 47 187 1 15 7
186 GTA 13 42 31 35 28 8 6 6 25 19 20 6 33 11 45 121 25 2 77 3 15 19 151 67 32 14 0 12 80 185 106 51 15 20 25 24 66 206 136 298 71 15 19 122 4.99667e+06 114 118 495 0 0 0 18 12 4 18 69 0 22 2 8 79 0 68 2
187 ACT 21 55 52 6 29 383 56 4.99765e+06 6 93 49 60 13 57 0 24 5 22 17 117 0 24 26 6 20 36 17 8 5 2 28 0 20 39 4 2 10 72 27 31 5 0 44 40 17 49 69 22 0 50 0 27 39 138 13 225 0 22 7 23 24 24 24 43
188 CAT 1 19 18 109 18 8 9 16 106 13 11 30 60 82 25 6 332 123 144 4.99581e+06 53 96 98 217 25 63 186 167 41 147 290 146 0 113 28 87 14 26 36 4 18 12 6 24 15 22 2 60 0 55 0 536 21 39 59 3 0 220 14 27 30 10 42 7
189 GGG 4 75 15 2 8 81 28 13 13 182 4 387 103 19 1 25 24 22 17 7 19 66 23 0 0 23 115 0 72 127 8 26 3 16 6 27 28 37 1 115 120 71 4.9966e+06 332 267 34 106 127 0 3 0 12 302 86 17 24 0 27 13 0 47 19 11 37
190 GAT 14 13 27 53 45 33 25 1 41 5 50 0 4 25 10 0 18 84 34 20 9 7 32 24 28 65 44 11 41 17 6 60 41 473 252 4.99755e+06 16 76 0 14 22 27 29 189 14 23 62 23 0 63 0 4 7 92 0 22 0 63 23 13 27 13 14 2
191 GCC 34 7 19 125 69 23 17 27 33 124 36 59 13 58 71 42 17 3955 14 335 12 93 49 57 48 102 42 48 910 378 2 406 54 20 42 53 99 4.96994e+06 637 383 63 24 45 66 65 28 121 184 0 312 0 240 84 101 207 14 0 0 23 33 410 16124 183 3216
192 TGC 46 14 78 68 9142 2069 39202 17661 88 7 107 104 145 735 2 174 229 0 2 9 18 8 0 54 77 54 22 124 53 71 12 1 42 151 7 39 66 94 74 98 88 21 296 46 2 54 89 66 0 107 0 56 10 4 42 16 0 4.92769e+06 4 150 8 18 67 221
193 CTC 6 10 9 5 7 11 54 20 24 37 112 14 16 1 517 10 209 33 2 31 15 26 149 274 30 419 158 14 56 4.99472e+06 690 181 16 28 17 28 25 15 100 2 4 14 20 25 55 41 225 88 0 35 0 4 23 10 39 0 0 10 62 14 903 19 299 16
194 CCG 4 29 8 20 112 162 422 5 84 119 136 37 35 28 19 108 328 7 92 16 39 143 4.99571e+06 553 208 144 44 95 0 216 86 15 4 2 3 99 103 43 34 4 38 9 3 29 30 18 3 16 0 13 0 5 6 70 64 18 0 35 9 11 145 10 129 22
195 AAC 164 4.99692e+06 217 334 99 161 62 31 32 144 25 140 23 0 2 20 5 9 27 25 28 4 14 28 45 53 24 47 5 65 0 5 11 99 5 93 39 5 45 12 4 4 36 8 6 14 105 4 0 3 0 414 114 31 18 23 0 17 6 24 50 44 4 1
196 ATA 9 75 14 50 32 35 14 20 38 456 125 299 4.9932e+06 383 71 1697 139 21 60 5 15 31 13 20 205 372 215 61 10 75 18 29 4 25 18 65 1 37 0 1 19 13 60 58 50 47 96 76 0 47 0 30 551 53 300 280 0 38 32 27 200 0 11 52
197 ATG 47 1 188 0 86 74 33 77 121 1 2 3 7 88 4.99648e+06 124 524 100 533 10 9 9 9 9 47 2 49 6 82 20 12 67 9 186 39 251 31 28 42 0 4 17 10 19 33 71 128 1 0 16 0 2 3 18 4 0 0 36 46 77 64 28 12 9
198 GTG 40 2 10 11 13 12 23 45 69 32 70 5 10 81 47 19 59 42 40 36 0 33 4 15 69 117 61 32 21 72 59 13 117 37 0 24 233 48 41 23 33 35 98 65 726 209 4.99625e+06 423 0 40 0 3 51 8 0 66 0 6 0 50 33 45 151 26
199 GAA 95 14 102 118 9 47 14 0 120 269 39 110 18 24 47 36 74 171 93 88 22 32 63 23 56 19 109 185 26 8 53 20 4.99383e+06 144 122 69 130 15 30 654 11 485 57 84 66 8 17 130 0 161 0 0 82 675 13 211 0 157 64 499 11 58 42 75
200 AAC 59 4.99608e+06 34 526 44 543 113 3 44 63 41 81 72 6 4 9 0 115 8 134 3 3 14 60 15 15 8 52 43 15 462 2 86 84 15 39 0 69 37 11 5 16 1 11 122 136 57 104 0 9 0 60 83 34 61 50 0 12 5 9 62 61 27 61
201 GGC 4 6 30 45 9 32 96 202 86 115 210 75 11 17 13 76 32 21 1 6 0 15 4 20 111 126 26 216 11 21 29 67 0 40 26 207 101 11 41 65 1229 4.99443e+06 191 799 63 32 21 0 0 19 0 8 91 6 415 9 0 269 79 25 4 52 30 0
202 CGT 166 49 273 5 101 22 8 17 396 21 944 50 0 76 11 41 25 52 5 6 78 4 23 37 125 218 588 4.99246e+06 51 21 659 118 4 15 74 13 2 5 0 1 47 156 9 35 2 0 37 19 0 53 0 2 105 261 591 96 0 274 3 175 342 14 1012 7
203 TTT 4 4 3 16 35 10 12 12 8 27 0 10 0 7 5 25 18 15 26 8 9 12 4 63 56 43 55 6 50 21 4 220 13 11 78 25 15 60 66 44 31 11 28 3 12 58 95 53 0 8 0 6 15 7 43 7 0 38 41 231 122 783 66 4.99724e+06
204 AGC 20 118 47 146 126 82 148 137 266 4.99456e+06 5 335 42 208 17 421 78 10 6 42 68 138 24 22 201 107 280 47 10 5 6 57 16 24 33 79 11 43 7 42 94 9 208 61 17 2 54 10 0 17 0 5 292 301 319 325 0 122 38 18 7 18 24 29
205 GGA 0 15 34 35 9 12 34 20 9 15 79 14 98 5 0 21 37 33 154 0 8 10 5 33 12 15 9 32 2 13 49 31 44 0 20 16 7 14 3 16 4.99714e+06 824 247 98 28 253 69 27 0 1 0 36 51 22 65 0 0 84 11 29 0 28 18 11
206 TTC 7 9 0 4 5 7 12 6 27 162 69 65 6 44 37 17 31 18 0 49 0 5 9 12 5 114 50 10 72 138 10 3 10 10 24 6 15 38 0 0 68 28 19 0 223 3 138 27 0 6 0 53 150 44 164 122 0 2 6 200 27 4.99724e+06 128 251
207 ATT 35 24 18 52 89 105 143 63 9 52 3 16 302 133 20 4.99718e+06 25 63 107 88 21 5 57 8 11 36 29 57 25 32 70 0 14 19 19 36 25 4 74 64 3 43 28 4 41 2 181 94 0 38 0 15 15 82 0 23 0 84 2 49 29 46 12 75
208 GAT 30 147 17 15 9 99 236 132 3 4 7 53 14 80 10 13 27 35 0 35 16 116 17 18 15 47 40 4 32 24 0 55 222 229 53 4.99615e+06 335 207 194 174 82 20 204 163 16 9 47 44 0 2 0 140 6 61 17 28 0 0 62 29 9 9 119 21
209 TGC 0 48 24 1 21 346 813 532 93 246 226 218 8 101 86 30 7 26 10 2 18 30 150 33 78 112 10 287 29 172 70 66 35 37 67 9 5 67 120 567 45 34 0 212 46 22 10 0 0 3 0 135 25 32 101 25 0 4.99392e+06 3 184 35 73 104 191
210 GGA 72 5 3 4 7 44 33 41 84 8 40 202 8 101 12 16 43 35 37 41 19 19 3 3 22 56 40 101 3 11 17 46 82 130 9 14 12 28 20 98 4.99562e+06 452 197 633 194 295 274 254 0 75 0 19 53 49 13 87 0 31 15 19 24 0 1 129
211 CGG 48 45 0 7 2 15 77 13 90 90 143 9 33 5 23 25 32 28 4 30 71 98 0 19 71 452 4.99558e+06 338 397 118 365 99 11 15 6 8 24 18 21 15 20 15 47 75 44 26 29 24 0 12 0 35 211 119 79 257 0 121 19 199 7 14 145 61
212 TTG 11 7 3 22 37 191 3 84 158 15 49 21 19 0 49 119 4 6 75 32 128 74 16 24 111 14 27 132 580 175 215 136 17 23 7 21 58 24 19 1 5 6 39 98 6 33 33 121 0 42 0 0 64 34 14 35 0 21 28 0 182 13 4.99651e+06 11
213 GGT 13 9 0 17 0 8 0 58 16 7 417 29 9 0 0 7 3 5 32 13 73 31 59 12 179 83 7 252 0 40 51 109 8 84 0 55 10 103 156 67 307 107 28 4.99636e+06 147 59 4 139 0 26 0 37 47 59 19 19 0 43 11 520 0 33 3 11
214 GTC 30 0 28 2 3 29 7 24 9 22 13 47 18 202 222 19 24 1 11 32 2 31 15 30 5 104 7 10 74 16 175 191 26 6 52 0 36 12 96 244 132 65 467 60 130 4.99668e+06 84 142 0 13 0 9 38 51 11 34 0 19 2 40 95 49 0 8
215 GCT 9 89 0 83 1 3 287 178 61 58 15 34 76 6 0 11 11 29 35 30 82 49 137 74 36 8 31 12 7 24 30 76 89 8 51 11 382 110 0 4.99646e+06 80 105 76 67 21 109 14 24 0 8 0 10 486 65 62 27 0 67 39 0 1 17 11 15
216 GAT 23 42 55 116 46 20 21 129 7 39 61 44 3 20 5 7 10 10 26 19 57 28 79 35 11 8 2 6 44 7 105 17 14 248 54 4.99666e+06 15 52 19 170 134 128 88 56 96 32 159 90 0 279 0 178 45 37 165 2 0 0 6 29 0 1 134 3
217 CGA 10 5 43 1 107 53 25 24 24 182 212 269 21 4 26 43 43 4 9 135 6 40 37 7 4.99625e+06 210 273 59 36 79 36 86 110 89 46 23 60 14 3 59 95 126 40 40 40 30 73 7 0 4 0 0 174 43 5 183 0 40 6 32 134 67 43 54
218 TAT 31 21 18 7 13 22 173 0 12 75 23 278 15 42 57 27 174 0 14 33 170 26 58 0 21 8 49 12 16 42 36 29 43 187 19 37 8 170 5 17 3 11 95 53 17 33 27 43 0 323 0 4.99674e+06 114 14 145 121 0 23 4 41 18 4 118 62
219 CAA 257 18 32 4 362 122 5 28 67 49 13 11 118 121 86 49 4.99485e+06 644 1486 13 47 322 0 3 178 135 259 33 47 1 22 20 81 8 26 11 9 57 4 0 49 19 7 6 19 3 11 68 0 14 0 19 4 0 24 7 0 21 28 0 0 34 65 0
220 GAT 34 0 35 12 18 0 25 40 7 21 4 126 23 35 31 55 23 83 33 15 29 46 14 8 23 65 77 51 0 13 7 30 14 285 5 4.99696e+06 62 154 0 247 145 91 150 178 4 62 4 75 0 22 0 44 3 43 9 0 0 237 0 23 27 102 54 20
221 ATA 20 41 18 181 0 289 190 380 32 67 0 269 4.9655e+06 405 41 218 98 80 45 22 23 40 31 5 67 17 33 27 7500 10652 1454 6741 63 26 115 32 37 39 31 33 61 14 28 177 0 140 157 6 0 5 0 24 83 229 928 71 0 67 11 91 2040 30 821 152
222 GCA 0 16 2 6 58 23 22 48 17 21 35 70 14 138 0 34 17 36 7 3 4 22 0 11 6 3 65 79 0 5 8 10 15 147 3 80 4.99695e+06 134 387 160 194 55 33 20 137 25 20 354 0 121 0 6 10 79 7 8 0 71 22 166 2 0 9 4
223 TTG 16 13 0 1 21 6 18 19 157 13 87 17 14 44 29 75 53 42 41 4 26 38 6 17 17 154 12 11 752 100 197 812 10 10 23 15 34 47 12 0 7 16 33 0 11 96 12 69 0 30 0 7 11 11 2 8 0 13 8 14 565 7 4.99611e+06 11
224 GCA 42 13 51 72 23 14 42 39 2 239 5 387 25 12 21 68 1 43 12 6 47 58 74 66 25 20 64 23 30 56 79 44 639 74 150 40 4.99537e+06 104 187 113 172 26 57 97 42 129 186 11 0 23 0 8 40 161 243 112 0 40 23 75 48 32 43 48
225 ACT 35 237 3 0 33 85 16 4.99643e+06 18 30 22 18 348 18 23 36 7 34 46 16 24 3 0 47 0 0 25 23 41 13 0 6 24 11 25 201 119 46 15 49 8 70 63 31 417 42 373 112 0 37 0 54 106 106 38 32 0 88 48 88 10 35 23 88
226 CGC 21 18 10 33 103 79 47 66 829 131 362 56 11 31 0 5 30 10 103 107 95 27 102 41 592 4.99376e+06 116 177 194 21 179 276 1 26 98 23 12 11 32 6 169 11 202 31 51 32 19 28 0 51 0 35 300 297 269 247 0 89 7 4 149 0 162 2
227 GAT 6 15 8 19 37 59 14 34 142 95 51 1104 66 3 6 15 135 169 73 244 14 95 5 0 132 151 31 36 20 0 16 48 153 370 113 4.9939e+06 74 1 81 19 14 1 14 12 197 219 113 207 0 89 0 0 14 418 0 424 0 408 7 165 1 18 80 46
228 ATC 90 61 22 78 233 117 12 153 43 611 195 152 116 4.9953e+06 33 396 120 30 7 6 22 88 3 0 89 39 7 114 17 59 178 5 122 66 64 12 2 32 32 116 36 14 6 4 96 38 159 81 0 37 0 27 77 191 32 36 0 3 35 12 169 24 69 15
229 GCC 33 6 6 15 31 59 70 94 44 45 164 176 38 18 9 12 8 13 125 35 194 50 106 28 23 27 45 43 14 18 4 27 301 54 343 11 189 4.9958e+06 297 322 33 107 0 13 122 68 175 21 0 68 0 9 50 14 165 80 0 31 27 36 1 9 34 42
230 GAA 162 6 34 19 616 892 74 1298 44 3893 0 150 39 11 79 5 38 1219 94 431 111 62 138 25 51 12 10 38 26 41 53 38 4.97868e+06 20 438 72 205 74 80 205 22 381 385 33 3 42 2 8 0 17 0 41 678 251 7826 587 0 11 118 60 1 2 52 0
231 GAG 398 38 633 63 27 0 11 12 1244 14 854 6 120 57 86 70 5 2243 94 3715 6 39 35 4 1087 1435 499 299 5 45 9 28 17 8 4.95469e+06 52 204 19 342 202 122 37 64 53 22 507 289 20 0 8424 0 20755 92 81 36 0 0 25 243 17 12 250 84 150
232 CTT 20 4 1 1 25 45 3 10 84 61 92 25 16 35 10 12 29 0 58 8 70 258 99 389 16 15 77 200 22 685 261 4.99605e+06 27 32 4 31 42 5 28 5 9 4 65 30 141 102 78 31 0 64 0 14 8 4 82 86 0 40 25 4 40 94 212 14
233 GGT 16 1 12 15 9 0 50 72 105 32 7 39 37 65 37 64 0 6 17 3 14 9 22 15 33 91 1 2 53 77 63 5 23 40 4 10 24 46 22 34 151 386 133 4.9964e+06 194 46 347 102 0 167 0 15 59 147 150 0 0 115 10 316 38 39 2 9
234 GGT 3421 1305 1720 615 17 2424 201 425 66 199 288 119 589 171 906 361 741 350 1219 437 2784 6257 2217 962 70 42 562 617 27 32 127 188 66 431 3151 425 3914 2294 6588 2989 252 1308 6 4.94154e+06 600 748 289 1400 0 344 0 131 50 343 590 1422 0 134 401 232 35 92 743 28
235 GAA 121 33 101 87 47 26 99 78 13 41 36 20 34 6 57 6 68 7 12 31 47 13 20 6 10 24 7 1 15 0 98 137 4.9973e+06 42 368 49 44 13 188 136 105 19 16 46 42 18 9 16 0 39 0 20 2 26 8 68 0 14 12 8 21 18 29 25
236 TGG 26 3 2 28 27 10 10 0 118 22 181 36 14 21 16 23 104 32 43 34 25 57 24 14 32 85 275 2 384 64 176 333 7 1 41 53 31 6 9 14 364 173 39 20 38 151 123 42 0 19 0 11 11 100 77 205 0 147 4.99572e+06 49 261 0 36 29
237 GCA 19 2 4 19 91 6 53 82 3 57 5 357 35 22 14 0 90 25 16 47 0 30 0 7 79 110 9 94 0 56 42 31 18 25 78 2 4.99613e+06 832 170 115 33 34 2 13 55 2 67 60 0 9 0 77 152 294 86 195 0 38 10 29 9 26 24 13
238 GAC 449 1288 2398 289 97 57 44 125 1496 553 755 1388 1263 2641 258 387 578 1992 1009 62 8 52 95 245 1048 905 2243 994 379 605 267 362 2522 4.9661e+06 733 121 272 336 74 207 68 37 23 19 137 305 327 210 0 605 0 2 477 187 465 352 0 74 106 327 314 79 137 1057
239 AGA 16 15 11 24 168 22 24 164 4.99488e+06 70 92 23 22 25 6 22 27 45 16 55 222 120 9 13 565 12 883 77 121 20 124 207 26 13 53 4 76 25 20 76 72 142 84 15 12 12 1 30 0 3 0 73 46 194 118 37 0 181 12 118 133 11 309 2
240 TTT 118 15 241 35 41 17 17 101 24 72 65 54 16 14 46 22 22 2 35 22 54 59 87 19 3 31 12 91 11 29 20 0 0 3 44 165 48 0 0 45 63 10 4 44 265 117 51 137 0 9 0 36 48 0 70 53 0 10 8 291 43 933 3 4.99610e+06
241 TTA 13 0 16 88 10 23 19 7 68 63 263 73 17 44 25 65 22 23 63 17 84 264 143 88 353 54 333 243 33 326 365 388 5 28 4 28 25 8 21 29 27 25 5 25 36 25 43 0 0 58 0 33 185 1 27 7 0 23 4 65 4.99524e+06 13 409 13
242 GTT 345 153 2066 232 1433 234 1216 1664 923 103 142 105 7 27 944 43 76 1669 259 669 52 212 51 188 3249 884 373 1228 0 112 48 89 988 144 1905 1 438 2 1876 299 26 4 67 4 208 871 84 4.9679e+06 0 81 0 523 266 1312 1132 1293 0 20 514 130 98 572 241 201
243 CTG 35 6 6 71 40 52 9 15 0 27 22 42 23 8 87 8 80 25 273 9 112 186 47 2 78 171 299 273 109 389 4.99388e+06 508 531 0 400 75 111 128 48 211 0 88 51 44 94 103 151 31 0 4 0 49 30 11 33 78 0 19 69 124 97 60 446 18
244 TAT 71 19 35 57 1 82 22 12 5 15 0 25 0 34 113 39 31 11 33 56 65 5 6 0 53 0 45 0 36 457 57 30 12 9 77 6 61 36 11 26 48 14 13 4 14 12 42 6 0 133 0 4.99747e+06 45 0 3 16 0 58 86 93 4 149 120 18
245 GGT 19 10 5 6 2 9 37 33 508 16 22 18 26 46 27 38 76 2 44 0 2 23 58 23 3 86 226 166 50 30 119 76 7 21 28 64 7 83 164 220 1441 303 530 4.99378e+06 326 234 48 208 0 8 0 10 6 20 50 272 0 162 19 139 17 5 8 17
246 ATC 16 12 80 8 61 25 20 77 437 51 76 501 385 4.99365e+06 0 242 12 16 99 60 17 20 107 13 238 6 138 46 93 26 72 143 57 77 11 41 50 4 40 20 1 67 55 46 333 56 29 52 0 23 0 180 373 219 339 103 0 342 0 248 169 148 24 147
247 GCG 51 168 374 472 164 103 246 130 184 151 237 1593 14 0 67 53 115 50 138 68 404 20 0 162 159 193 62 107 132 4 34 218 78 224 59 11 25 52 4.98931e+06 292 94 11 194 57 60 113 53 6 0 39 0 82 1044 125 99 631 0 416 7 163 549 45 146 142
248 GCA 251 41 174 17 655 66 154 820 66 129 25 387 63 81 369 97 675 65 372 74 31 136 80 9 41 30 64 67 1541 520 177 547 97 223 236 518 4.98749e+06 192 161 222 67 64 53 69 57 164 91 30 0 88 0 1 119 200 11 107 0 47 41 0 1226 165 427 14
249 CCA 3 65 2 11 75 2 269 131 468 80 56 58 25 0 30 37 283 75 82 39 4.99405e+06 360 7 205 150 23 590 329 184 102 79 74 9 25 17 21 24 58 389 207 46 31 230 51 90 9 53 15 0 58 0 25 17 24 56 33 0 39 0 121 334 31 8 33
250 GAC 4 79 7 13 58 54 117 42 29 40 51 14 105 12 14 5 295 34 696 51 22 2 29 5 28 53 18 25 24 67 70 12 52 4.99598e+06 29 180 78 188 32 14 15 47 60 22 27 12 150 163 0 180 0 135 69 60 10 26 0 59 1 82 53 26 29 146
251 TCT 112 122 201 33 210 148 647 1239 93 415 336 122 124 3 491 441 2163 412 316 59 15 25 79 0 352 1128 1307 633 170 78 1684 1159 71 353 81 96 40 53 307 136 60 28 131 138 36 11 26 9 0 1505 0 222 52 468 134 4.97279e+06 0 74 6532 27 556 563 147 1033
252 CAG 68 204 90 88 37 38 0 63 79 3 119 65 13 149 11 15 60 138 4.99361e+06 489 109 51 44 57 25 135 134 57 7 6 22 41 169 1295 33 983 53 14 4 8 5 16 0 14 45 30 31 7 0 24 0 60 48 1 213 131 0 88 8 23 73 296 246 58
253 CGT 55 5 6 8 7 0 3 11 86 176 126 141 54 11 183 70 44 7 0 54 16 31 36 68 349 0 28 4.99636e+06 19 170 34 135 4 72 2 31 16 37 53 59 67 79 237 56 0 127 195 2 0 21 0 18 88 37 18 145 0 38 29 18 16 33 193 11
254 ATC 56 57 43 6 25 13 6 63 50 350 68 23 123 4.99626e+06 24 29 110 22 131 12 12 37 3 31 4 27 149 2 7 99 80 98 98 41 120 0 58 37 14 71 6 16 31 3 0 22 75 140 0 4 0 13 38 162 35 178 0 0 22 13 374 79 281 53
255 GCC 10 56 37 19 30 222 0 174 63 257 47 326 43 0 53 33 0 3 26 15 13 0 52 65 32 49 25 87 58 0 14 10 255 105 15 106 43 4.99442e+06 205 790 426 249 24 118 41 0 60 49 0 67 0 393 27 267 19 219 0 68 44 58 31 68 7 10
256 TTT 64 7 0 122 20 64 12 8 40 122 134 40 3 132 155 25 174 105 81 35 104 21 186 23 200 30 247 88 234 62 132 320 19 28 108 18 62 0 84 21 42 5 29 10 31 36 53 1 0 1039 0 1731 147 131 56 140 0 112 5832 6 64 79 34 4.98709e+06
257 TAT 8 0 15 8 2 0 0 35 2 28 0 11 11 26 56 12 11 222 61 144 93 19 5 77 2 18 11 0 19 26 2 13 2 37 9 35 23 5 18 23 14 0 6 0 41 114 20 37 0 30 0 4.99829e+06 20 19 24 20 0 83 10 70 46 0 37 30
258 AGA 31 35 104 3 15 7 6 12 4.99588e+06 76 162 7 12 0 41 13 30 80 132 99 14 17 17 57 490 151 246 105 208 154 0 62 54 10 35 29 41 13 0 42 155 0 82 97 7 0 5 16 0 10 0 19 293 264 8 34 0 4 30 81 339 0 16 45
259 TTA 0 0 31 69 41 7 4 11 105 68 36 45 6 58 132 2 2 9 48 36 15 50 102 0 6 19 97 28 229 31 184 509 5 6 25 49 1 38 19 17 5 14 33 10 6 46 32 46 0 37 0 19 1 12 21 10 0 108 8 31 4.99695e+06 15 456 0
260 CTA 5 4 25 33 0 29 17 8 18 13 38 81 14 25 131 9 50 3 55 14 20 15 0 17 27 67 8 37 4.99705e+06 1129 59 65 0 80 13 10 6 21 0 22 6 83 8 0 3 51 11 44 0 4 0 24 24 0 20 17 0 6 74 14 18 1 350 22
261 GAC 30 0 84 21 3 48 0 118 67 67 32 11 20 60 10 3 121 39 30 107 27 2 2 21 95 6 47 11 31 5 3 0 35 4.99794e+06 5 6 18 2 16 4 43 67 31 32 12 27 142 12 0 218 0 11 27 16 104 22 0 2 34 14 3 20 5 9
262 GAG 263 70 75 46 31 9 5 6 92 21 26 28 45 6 18 13 95 11 44 78 26 48 22 3 11 163 45 4 0 4 21 20 164 50 4.99729e+06 40 2 74 10 40 39 6 178 0 71 28 79 78 0 23 0 45 116 86 10 50 0 69 3 20 23 32 21 4
263 TTC 1 15 44 26 52 29 92 33 25 171 0 37 17 232 0 51 62 0 48 24 17 25 17 6 12 31 11 9 3 11 79 38 1 18 25 1 10 21 38 35 5 37 6 21 45 16 4 8 0 30 0 27 79 75 59 54 0 22 43 38 119 4.99739e+06 32 527
264 TTC 44 39 70 27 20 7 0 8 5 23 0 97 5 20 5 11 125 64 2 61 31 20 14 0 22 37 18 6 132 8 43 92 36 8 20 9 4 21 2 9 35 46 55 28 54 61 149 210 0 105 0 229 147 48 38 24 0 99 0 190 71 4.99695e+06 90 202
