# POSITION WT AAA AAC AAG AAT ACA ACC ACG ACT AGA AGC AGG AGT ATA ATC ATG ATT CAA CAC CAG CAT CCA CCC CCG CCT CGA CGC CGG CGT CTA CTC CTG CTT GAA GAC GAG GAT GCA GCC GCG GCT GGA GGC GGG GGT GTA GTC GTG GTT TAA TAC TAG TAT TCA TCC TCG TCT TGA TGC TGG TGT TTA TTC TTG TTT
1 ATG 50 13 7 3 55 5 39 0 25 5 5 6 11 131 198882 20 6 35 0 9 2 26 12 6 7 4 8 15 15 9 9 20 24 32 25 10 30 54 80 2 13 26 23 0 15 14 4 4 0 16 0 49 7 3 18 8 0 37 2 17 26 3 1 17
2 ATT 22 24 30 59 10 3 5 22 1 10 1 2 1 6 6 199053 9 73 68 1 1 10 1 5 1 11 0 10 0 4 2 2 0 4 2 2 9 75 8 4 0 0 6 3 30 69 30 99 0 61 0 14 2 6 5 6 0 0 40 3 0 29 8 32
3 GAG 10 21 29 8 76 21 30 104 4 59 116 3 8 9 0 19 83 99 76 37 5 26 10 1 36 21 42 40 75 17 0 20 12 16 198215 21 4 7 1 0 4 3 7 17 1 2 1 3 0 2 0 33 82 2 10 66 0 7 8 3 74 155 15 124
4 CAA 35 21 101 55 4 0 9 38 3 5 0 5 4 7 1 13 199046 0 3 7 2 36 12 18 0 26 5 23 9 123 34 46 4 0 13 9 1 4 3 0 1 22 38 65 35 1 4 5 0 4 0 12 10 4 1 0 0 7 39 3 0 5 8 11
5 GAC 321 194 928 426 47 43 25 10 0 226 97 127 189 5 2 117 81 30 78 5 82 77 221 62 27 10 1 9 96 250 12 136 27 194714 77 38 9 7 17 3 66 121 308 43 32 25 51 28 0 2 0 1 3 46 80 84 0 7 39 11 146 14 38 29
6 GGC 321 845 903 28 5 192 13 110 18 308 34 2 153 433 141 206 7 5 5 3 851 402 186 264 51 34 9 21 2 18 25 4 334 17 30 12 63 13 20 168 10 192142 21 2 37 39 59 89 0 106 0 24 385 334 8 39 0 3 166 0 28 99 29 124
7 CTT 25 1 34 2 1 2 2 2 8 1 10 31 1 1 8 3 2 13 3 1 4 3 11 6 12 2 27 1 0 10 27 199407 45 0 37 2 6 6 9 1 19 5 5 16 15 14 15 0 0 2 0 1 2 8 13 23 0 20 2 55 10 1 4 3
8 CAT 1 24 7 31 7 2 4 1 8 4 13 6 1 3 48 1 3 23 11 198774 118 198 110 119 10 2 14 2 42 25 22 0 52 1 56 34 0 1 3 1 4 20 8 10 2 17 1 11 0 9 0 4 6 2 1 4 0 1 7 26 10 0 74 1
9 GCA 13 33 5 29 2 0 6 4 0 3 2 2 40 136 5 36 1 3 3 15 86 19 14 25 4 10 1 6 2 10 8 4 11 8 13 0 199263 6 8 2 7 20 24 30 13 22 2 0 0 4 0 3 1 3 8 6 0 0 0 0 10 2 6 1
10 GGA 2 0 2 1 13 0 0 18 3 1 0 2 0 1 6 0 2 0 1 0 8 1 3 1 1 4 1 1 12 3 2 3 0 3 1 1 0 6 0 1 199769 9 18 1 6 2 21 22 0 2 0 2 1 3 11 2 0 12 1 6 4 2 0 2
11 TCT 1 6 9 4 32 31 38 46 131 5 179 24 123 395 1397 399 25 446 356 155 125 110 148 238 493 694 880 387 1172 156 1394 364 19 78 34 41 1 1 4 9 13 45 6 2 33 159 0 48 0 1117 0 380 6 6 7 186356 0 273 10 327 633 209 136 84
12 CCC 0 5 0 1 10 8 2 15 3 1 0 2 2 0 0 0 1 1 2 0 19 199820 1 2 0 3 2 1 6 3 4 0 0 6 7 10 10 12 3 6 0 1 0 0 0 2 6 0 0 0 0 0 6 1 3 2 0 2 3 3 0 1 1 1
13 GCT 23 0 26 0 21 14 33 29 3 31 21 19 1 3 4 9 23 15 3 2 0 2 4 0 13 38 3 2 2 4 4 5 0 98 13 81 36 2 8 199272 8 0 4 3 12 11 2 33 0 6 0 0 8 17 8 6 0 4 3 3 3 0 2 0
14 GCA 44 1 17 11 10 20 14 26 7 2 5 24 1 3 19 1 14 4 0 2 8 32 6 11 10 7 10 13 4 1 2 0 2 1 11 22 199462 27 4 8 4 22 2 4 0 3 7 3 0 2 0 4 12 4 23 18 0 9 1 8 5 2 1 0
15 TGG 2 0 2 6 2 1 2 1 16 8 2 5 5 4 0 1 0 0 4 0 0 0 1 1 8 6 16 32 4 9 6 0 2 0 0 0 0 0 0 0 1 4 1 13 0 4 5 2 0 0 0 0 21 0 4 0 0 2 199773 5 0 0 19 0
16 GTG 232 27 38 13 19 51 22 32 125 4 11 24 5 8 5 1 39 8 50 1 4 1 0 1 166 4 3 166 5 10 8 14 5 0 50 11 18 69 23 35 10 41 67 0 9 11 198368 10 0 12 0 5 6 20 47 24 0 5 6 14 1 8 27 1
17 GAA 1 1 0 0 3 8 0 1 2 24 9 0 1 5 1 0 22 10 26 0 2 1 13 4 14 9 3 1 1 1 1 2 199660 1 15 2 0 4 4 1 18 9 1 1 0 3 3 5 0 3 0 3 74 3 2 2 0 1 14 0 0 1 3 1
18 CGT 18 10 126 2 1 4 0 0 4 14 9 11 4 0 0 0 0 2 6 2 1 15 0 1 20 7 26 199404 4 13 10 17 41 7 13 14 2 6 0 5 16 18 27 17 0 5 1 15 0 2 0 0 7 4 10 5 0 15 13 14 8 2 1 1
19 TTG 4 0 6 1 1 1 1 0 1 0 7 0 1 0 13 0 5 0 1 3 5 2 0 0 1 0 5 3 29 10 8 16 0 0 5 2 1 9 2 1 0 1 1 2 0 2 3 4 0 0 0 0 0 0 0 0 0 0 0 1 14 2 199826 0
20 TTC 4 4 13 1 21 9 23 107 113 2 176 4 46 32 40 7 3 21 11 23 0 3 38 3 33 135 6 179 11 6 40 21 24 9 97 12 4 34 66 24 1 0 1 15 18 28 7 3 0 6 0 7 1 6 9 12 0 15 2 17 7 198404 15 21
21 GGA 2 4 3 10 0 0 1 4 7 2 2 14 0 2 2 1 0 0 0 1 0 3 2 1 2 1 1 0 0 2 3 0 0 4 2 4 6 3 5 3 199757 4 26 5 1 5 21 3 0 7 0 1 1 6 18 21 0 11 4 0 7 3 1 1
22 TAT 2 2 1 3 0 0 0 0 0 4 0 2 0 0 0 1 2 2 3 4 3 0 2 0 4 2 1 0 2 7 0 1 3 7 5 5 3 3 4 2 1 0 0 3 0 2 2 3 0 5 0 199866 7 7 1 2 0 2 0 0 6 2 8 3
23 GAT 7 1 0 16 2 19 6 22 15 6 6 9 3 17 3 7 1 1 9 6 1 5 0 5 13 12 8 1 10 0 2 1 9 0 1 199709 0 2 0 2 4 6 1 7 1 1 1 1 0 15 0 1 3 1 2 5 0 5 3 0 3 0 3 0
24 TGG 0 1 0 4 3 0 3 3 0 2 3 1 0 3 0 0 3 1 1 1 0 1 0 0 34 0 11 17 5 5 6 13 3 1 0 7 1 1 0 1 11 3 2 3 2 3 0 0 0 0 0 2 5 4 2 0 0 5 199755 28 14 0 21 5
25 GCA 2 0 16 0 5 10 1 4 8 23 0 2 1 0 5 10 15 0 7 1 0 2 3 0 3 0 2 3 4 1 0 6 1 15 24 7 199704 1 1 1 2 8 1 4 17 5 33 21 0 4 0 0 13 0 1 0 0 0 0 3 0 0 0 0
26 CAA 1 3 3 4 2 4 2 1 10 0 12 4 0 6 2 0 199585 16 24 13 0 5 9 6 67 23 0 11 18 11 2 26 27 2 4 1 0 0 0 2 2 4 2 0 6 5 1 0 0 3 0 2 4 0 6 8 0 1 6 2 25 4 9 4
27 CAA 2 0 4 8 14 1 6 2 1 5 4 0 5 62 11 351 199342 1 5 0 2 8 3 6 5 1 2 6 0 1 1 5 8 3 0 2 1 2 1 8 1 3 0 1 25 21 33 2 0 0 0 2 0 7 3 1 0 2 1 6 2 0 1 0
28 ACA 0 13 0 3 199598 41 10 0 1 3 12 10 3 1 1 6 2 21 2 0 1 4 0 5 8 1 8 13 0 8 2 3 7 3 0 3 7 50 24 31 1 1 0 0 0 0 3 6 0 32 0 1 3 6 15 13 0 1 0 2 3 1 6 1
29 ATC 0 2 2 2 3 0 1 1 1 1 1 1 10 199825 13 7 9 0 5 0 0 7 3 2 0 1 3 0 1 3 8 6 1 0 7 0 0 1 0 0 5 6 1 3 8 1 0 2 0 4 0 7 1 2 0 13 0 2 0 1 12 0 4 1
30 GGC 1 0 3 0 4 1 2 0 8 8 4 22 1 2 0 8 0 4 2 7 7 2 0 0 8 3 0 1 2 1 0 3 0 0 3 2 3 0 1 2 7 199787 12 16 1 10 6 6 0 0 0 1 1 11 12 1 0 0 0 6 0 4 0 4
31 TGC 1404 6 102 0 1 0 1 2 13 17 97 0 2 7 1 2 158 5 215 9 3 0 0 4 50 28 3 38 25 21 56 21 10 1 2 1 4 2 0 8 2 0 7 4 5 2 2 7 0 1 0 0 5 0 6 1 0 197593 1 0 33 6 3 3
32 AGT 0 5 0 2 8 9 0 12 14 4 4 199766 5 0 3 26 1 0 5 0 0 10 0 1 7 8 3 1 0 6 3 4 3 1 1 1 1 0 2 1 0 5 2 0 0 2 2 2 0 0 0 2 1 30 0 25 0 3 1 0 4 0 2 2
33 GAC 9 13 49 4 178 273 305 113 35 88 57 265 14 2 0 7 11 0 6 10 9 77 25 33 37 46 17 9 16 22 19 1 4 197396 9 10 7 11 12 2 66 68 29 5 0 7 5 6 0 3 0 10 158 123 119 146 0 6 1 12 22 4 9 0
34 GCC 0 4 2 0 0 0 2 0 3 11 2 2 1 2 6 2 19 5 3 3 2 2 3 2 18 0 0 6 0 1 1 2 15 1 0 4 0 199802 11 5 3 8 1 3 2 1 2 1 0 0 0 2 0 6 20 0 0 4 0 1 0 1 3 0
35 GCC 0 41 0 10 109 34 49 43 0 39 2 11 3 11 9 64 0 39 5 1 19 8 0 0 5 4 0 4 2 4 2 1 19 2 5 1 19 199146 8 34 8 1 4 0 16 5 23 9 0 0 0 2 42 2 92 5 0 0 2 0 0 25 0 11
36 GTA 7 5 0 0 3 2 0 3 4 1 8 1 2 0 9 3 2 1 0 3 3 0 0 1 1 0 0 7 3 9 11 0 0 1 1 0 4 2 4 3 0 0 23 4 199823 19 5 1 0 0 0 0 0 1 1 0 0 1 1 0 4 0 12 1
37 TTT 4 0 1 4 1 1 0 1 2 2 1 8 1 2 1 1 0 1 0 0 0 0 5 1 2 1 1 0 1 2 1 0 0 2 0 0 5 4 0 0 3 1 0 0 2 1 1 2 0 8 0 0 7 2 13 1 0 1 0 0 0 4 6 199892
38 CGC 1 3 2 0 0 1 0 0 1 9 9 0 1 0 1 0 0 3 0 6 0 3 0 0 23 199838 0 0 10 1 13 16 1 0 2 0 0 0 0 3 1 6 4 4 0 0 2 0 0 0 0 0 3 11 1 12 0 3 0 0 1 1 3 1
39 CTT 0 0 1 1 0 0 1 0 0 0 7 0 4 1 0 1 4 3 0 0 1 2 1 2 0 0 7 5 8 5 1 199833 0 1 0 1 0 0 3 1 15 14 23 5 1 1 2 0 0 3 0 0 0 0 3 6 0 7 0 0 5 6 15 0
40 AGT 1 1 1 5 0 9 13 14 0 20 1 199710 9 4 1 0 3 1 13 10 1 2 4 2 7 1 7 19 1 0 0 1 6 0 0 3 2 2 1 1 2 9 6 2 5 1 0 13 0 2 0 1 7 6 1 14 0 0 51 2 0 2 0 0
41 GCT 0 8 1 5 7 0 0 5 0 0 0 4 2 0 0 0 4 1 28 2 2 1 7 1 0 0 0 1 2 3 1 1 24 1 0 0 60 13 11 199677 0 0 0 2 2 15 0 3 0 1 0 1 5 6 6 1 0 75 0 10 0 0 0 1
42 CAG 2 1 1 0 19 18 92 0 6 40 2 3 2 1 1 1 12 0 199341 4 25 47 49 8 21 10 43 3 5 1 8 26 1 1 34 12 1 5 8 0 3 1 0 4 4 1 8 1 0 0 0 1 8 44 16 23 0 3 0 0 4 10 14 1
43 GGA 1 81 0 8 3 8 26 1 13 357 9 70 0 0 1 5 0 13 0 14 2 4 1 3 19 7 8 1 0 1 0 2 1 5 2 0 2 0 2 10 198707 3 8 9 10 3 1 4 0 3 0 0 60 228 43 211 0 1 3 1 4 8 7 6
44 AGG 32 0 2 3 0 2 0 1 1 0 199777 0 1 4 1 2 3 0 0 1 6 7 1 0 0 16 31 5 6 1 6 6 1 1 0 7 0 6 3 3 16 9 15 9 1 1 0 0 0 0 0 2 0 1 0 1 0 3 0 0 0 1 2 3
45 CCG 15 17 9 7 0 2 5 2 11 2 19 0 2 0 5 0 5 0 26 3 24 3 199684 10 20 4 20 14 5 0 4 4 1 0 10 2 1 1 6 4 3 4 0 2 0 1 0 1 0 20 0 2 7 3 0 3 0 0 0 0 2 0 3 2
46 GTG 0 16 0 2 23 68 21 36 2 37 3 27 2 0 6 1 0 0 2 1 6 21 8 4 4 0 11 0 5 2 7 0 6 10 2 10 135 155 107 46 29 3 37 10 0 1 199008 10 0 4 0 0 3 17 3 11 0 23 2 25 19 1 7 1
47 TTG 8 0 13 0 3 0 0 3 2 0 1 0 2 3 11 0 4 7 4 40 1 3 4 0 10 5 22 2 3 6 13 33 0 5 0 0 0 0 3 0 3 13 0 2 0 0 0 7 0 4 0 4 0 0 1 0 0 2 1 6 3 18 199709 16
48 TTC 0 1 0 6 1 0 1 1 0 7 3 1 0 2 5 0 1 1 0 2 3 2 0 0 0 0 0 1 1 12 7 1 0 0 1 1 0 0 0 0 3 0 1 4 15 4 0 1 0 3 0 0 7 0 0 2 0 0 1 0 2 199891 0 5
49 GTT 2 1 0 1 3 0 1 0 0 2 0 0 3 1 1 1 0 0 1 0 0 5 0 0 0 0 2 0 11 0 16 7 10 0 6 0 6 2 2 1 3 4 5 2 10 60 16 199786 0 9 0 3 0 0 1 0 0 0 1 0 3 0 12 0
50 AAG 24 5 199827 2 2 2 0 0 1 7 3 5 1 1 3 4 2 2 4 3 2 0 0 0 1 9 0 6 0 0 2 4 0 0 2 0 1 0 1 5 1 2 0 3 6 0 6 0 0 15 0 0 4 2 15 0 0 5 0 4 1 5 0 0
51 ACC 2 4 0 3 10 199796 3 23 2 4 3 0 3 2 1 11 6 0 10 0 4 0 1 4 1 7 4 1 12 5 10 3 0 5 1 6 7 3 4 7 0 2 1 2 0 0 0 0 0 0 0 0 9 0 6 1 0 1 1 0 8 0 0 1
52 GAT 0 6 0 7 9 18 144 190 1 273 0 10 29 85 9 82 42 3 29 0 2 1 0 1 0 4 1 6 0 7 11 3 7 2 9 197183 244 262 408 103 22 5 7 10 30 58 11 5 0 5 0 0 69 13 57 217 0 45 1 245 1 2 6 0
53 TTG 86 6 148 33 15 3 40 14 25 27 51 0 7 6 6 0 3 36 0 3 5 1 16 13 157 3 9 38 4 6 9 2 20 8 22 11 33 66 13 72 1 3 3 6 139 105 11 58 0 77 0 56 17 38 67 22 0 1 51 7 2 40 198268 11
54 TCT 0 2 1 22 0 0 0 0 14 5 10 19 0 4 2 8 1 24 2 6 6 1 3 3 17 14 0 6 2 0 1 7 20 1 2 2 2 0 0 7 1 1 2 3 0 1 5 0 0 1 0 1 57 14 3 199678 0 0 0 3 10 0 3 3
55 GGG 0 1 3 0 3 8 0 6 11 2 6 6 0 3 0 2 8 11 10 76 1 3 1 0 3 16 8 1 3 12 28 1 1 1 1 1 0 3 1 19 7 12 199614 9 29 6 2 4 0 2 0 9 1 0 5 4 0 0 2 2 21 4 3 4
56 GCG 1 4 2 4 7 4 5 4 1 0 5 1 6 0 3 4 2 1 1 43 9 2 7 7 2 0 0 0 1 0 1 0 11 38 6 29 7 7 199705 7 0 2 6 0 0 0 0 3 0 0 0 1 0 3 35 1 0 0 3 1 2 4 0 2
57 CTA 0 5 1 2 1 0 0 4 16 1 4 1 2 0 1 0 0 14 2 8 4 9 2 4 14 3 2 33 199763 5 20 8 0 0 0 2 2 4 0 1 7 1 0 0 6 2 0 2 0 1 0 1 1 0 1 1 0 2 2 0 21 4 9 1
58 AAC 31 199732 1 14 1 6 7 3 1 1 8 0 0 0 2 2 2 1 2 5 4 1 1 1 3 2 16 11 1 2 1 1 10 2 6 3 2 3 21 11 1 1 7 9 0 14 4 0 0 3 0 6 3 6 10 3 0 0 2 0 1 1 5 3
59 GAG 3 1 4 3 7 2 7 0 1 9 3 6 0 0 2 2 2 2 7 0 0 0 8 0 2 3 0 1 0 9 7 1 23 0 199838 19 1 0 2 1 2 0 2 0 0 0 3 0 0 0 0 7 1 0 1 3 0 1 3 1 0 0 0 0
60 CTG 0 0 2 3 1 0 1 1 2 17 4 3 4 7 5 5 1 9 2 1 4 4 8 2 0 8 8 0 11 0 199778 9 0 17 2 12 7 0 5 5 2 8 0 0 2 4 0 4 0 1 0 0 10 3 3 3 0 0 0 6 1 2 1 2
61 CAA 33 3 4 4 1 16 0 0 14 6 13 5 2 0 3 3 199584 44 5 12 1 0 6 3 0 1 11 12 1 0 1 9 32 40 6 17 4 7 4 5 11 1 0 6 15 6 2 1 0 2 0 21 4 1 0 0 0 1 0 4 0 6 3 4
62 GAT 1 6 3 1 18 2 7 2 4 3 0 10 2 0 0 2 0 1 2 0 2 1 0 2 0 2 2 1 1 0 17 0 6 4 110 199725 0 1 0 1 5 0 1 0 12 1 9 0 0 1 0 1 0 2 0 2 0 3 3 7 3 1 9 1
63 GAG 12 3 1 1 3 0 2 0 1 4 2 5 2 1 0 3 5 1 8 4 0 7 6 1 11 6 3 2 4 4 29 6 1 6 199751 15 0 2 4 1 5 0 25 7 2 7 1 1 0 0 0 1 0 6 2 4 0 5 0 0 4 2 11 0
64 GCG 2 0 16 3 2 1 2 0 5 2 5 3 4 0 1 1 0 0 2 0 3 4 2 0 2 2 0 5 0 0 0 0 8 0 2 4 4 0 199807 9 1 5 0 0 0 1 5 3 0 0 0 0 3 47 2 17 0 10 1 2 1 1 0 0
65 GCC 3 3 0 3 4 0 0 0 2 1 0 5 0 1 1 1 0 0 1 0 0 0 3 5 4 1 1 0 1 0 0 0 2 1 14 0 1 199674 21 2 2 1 2 1 61 34 28 52 0 2 0 0 14 0 14 1 0 16 4 9 3 0 0 1
66 CGA 5 1 1 5 0 2 5 0 5 16 0 3 0 1 0 1 4 1 4 8 2 1 3 0 199832 12 4 12 7 2 3 0 1 2 0 2 4 0 0 0 3 0 3 3 3 3 0 0 0 1 0 0 11 0 4 4 0 1 0 6 1 3 5 0
67 CTT 1 3 4 7 0 0 3 0 6 0 1 9 0 2 3 1 0 14 0 18 19 23 4 0 5 3 0 1 7 3 2 199805 1 2 1 1 2 1 0 1 0 0 1 0 3 0 0 2 0 0 0 5 5 7 2 7 0 1 0 3 7 1 2 1
68 TCG 36 1 10 5 11 3 13 2 53 3 56 4 0 15 12 8 57 1 7 2 3 0 4 1 30 94 1 71 3 1 1 3 2 1 2 3 5 5 8 13 1 11 1 18 0 0 5 6 0 17 0 1 42 0 199321 14 0 3 3 1 0 4 2 0
69 TGG 0 0 0 1 2 1 8 1 1 3 3 6 1 0 0 2 2 0 3 1 0 2 5 0 0 0 4 0 3 1 8 2 0 1 1 5 1 5 5 3 14 10 0 15 1 3 0 0 0 6 0 9 2 0 3 1 0 0 199831 0 13 3 8 0
70 CTG 6 1 0 1 0 0 0 0 7 2 9 6 1 0 12 2 0 3 0 0 7 4 11 3 11 1 1 4 2 0 199792 32 0 4 0 1 2 0 1 2 2 0 0 3 6 0 20 1 0 1 0 1 0 0 0 0 0 6 2 3 0 4 20 3
71 GCC 3 3 1 1 0 2 3 0 4 12 14 12 2 0 1 0 0 0 6 0 4 4 5 10 4 3 3 0 0 2 1 0 1 4 5 0 6 199717 13 39 5 23 2 0 6 1 2 3 0 0 0 0 8 36 9 2 0 11 1 0 0 3 0 3
72 ACA 2 0 2 6 199801 10 26 21 1 22 2 6 1 0 2 0 0 9 2 0 6 0 2 3 1 0 0 3 5 0 0 2 0 0 0 2 3 2 5 2 1 0 6 1 0 1 0 1 0 0 0 1 5 9 0 4 0 15 0 1 0 5 0 1
73 ACA 1 2 0 2 199849 1 55 10 0 0 1 0 6 4 0 0 5 0 2 0 3 1 0 0 0 0 0 1 0 0 0 0 4 0 0 0 5 1 0 1 2 0 0 2 1 3 0 0 0 4 0 6 4 5 0 3 0 2 6 0 2 2 1 3
74 GGG 0 1 0 0 1 1 3 1 0 0 0 1 0 1 1 0 1 0 1 0 0 2 1 0 0 1 0 0 2 0 1 0 0 0 0 1 6 1 2 2 26 24 199843 55 0 1 2 2 0 1 0 0 1 1 0 0 0 4 0 1 1 3 4 0
75 GTT 0 2 0 1 6 1 3 1 0 1 3 1 0 6 1 4 6 0 11 0 0 0 0 0 0 0 0 1 3 1 9 1 0 1 2 0 4 5 4 4 0 3 0 2 19 14 12 199844 0 0 0 0 0 0 0 1 0 7 0 3 9 0 4 0
76 CCG 0 0 0 0 9 4 2 2 5 3 8 4 0 2 0 0 6 7 16 9 2 0 199765 15 18 0 5 10 11 1 9 2 0 2 0 2 2 0 2 0 1 2 4 3 1 0 0 2 0 0 0 1 4 3 14 19 0 1 4 1 9 2 6 0
77 TGC 1 0 0 1 1 2 0 2 0 5 3 2 1 1 1 2 0 2 1 1 2 0 1 0 2 0 1 2 0 0 0 4 0 1 5 5 0 0 0 2 5 14 8 1 10 9 11 0 0 0 0 0 4 2 7 0 0 199821 0 44 1 0 10 2
78 GCA 0 0 1 0 4 4 14 1 3 2 1 4 1 0 0 0 3 2 2 4 2 0 1 0 22 6 16 0 0 0 2 1 4 0 1 4 199822 6 4 9 0 2 1 6 4 6 6 0 0 0 0 2 2 8 4 0 0 5 0 0 6 1 1 0
79 GCG 12 4 82 22 6 9 14 0 20 13 26 6 75 37 0 50 22 23 8 6 5 0 7 8 30 20 19 12 2 0 1 3 4 1 6 2 6 2 199302 9 30 19 6 7 2 3 1 6 0 0 0 0 2 7 12 20 0 3 1 3 0 1 3 0
80 GTT 1 3 1 1 2 0 0 1 18 0 3 1 0 2 1 6 0 2 2 2 2 1 0 0 5 3 6 2 1 3 4 1 0 0 0 0 3 1 2 2 6 1 1 0 33 16 3 199819 0 1 0 0 0 1 0 5 0 9 1 7 4 1 10 0
81 TTA 4 3 8 8 8 1 0 15 1 0 0 0 15 4 9 9 5 6 6 2 6 7 1 5 6 6 5 7 20 26 3 4 35 0 2 1 2 2 1 2 7 4 2 3 1 1 0 2 0 5 0 2 3 0 1 1 0 1 4 0 199685 0 29 4
82 GAT 2 1 0 5 2 3 4 6 1 1 1 4 0 1 0 0 0 1 2 1 2 1 0 0 0 2 3 0 1 0 0 0 2 7 3 199889 0 2 0 2 3 0 2 0 2 0 1 1 0 7 0 21 3 0 4 1 0 1 2 2 1 0 0 0
83 GTT 5 1 1 0 4 2 7 2 6 9 38 10 2 6 10 9 3 3 5 3 1 0 0 1 4 16 11 32 2 11 28 0 2 1 3 3 1 5 19 1 18 14 7 2 8 2 13 198869 0 4 0 2 13 2 7 0 0 3 1 4 6 182 11 565
84 GTA 1 0 0 1 4 1 9 0 2 4 1 4 4 1 1 3 19 3 4 0 3 0 2 1 0 0 3 0 3 3 1 1 2 3 0 1 17 4 0 5 0 0 0 0 199799 2 3 26 0 5 0 2 10 2 4 1 0 12 1 11 5 3 2 1
85 ACG 0 1 1 3 2 18 199861 1 0 1 0 1 1 3 3 4 0 0 0 1 3 1 4 1 0 2 2 1 2 0 1 0 0 1 0 2 1 7 12 6 0 3 0 0 3 1 7 1 0 3 0 1 3 6 1 3 0 3 5 6 3 0 1 3
86 GAG 0 2 1 9 2 0 1 0 0 1 1 0 0 3 2 0 1 0 0 0 1 0 10 0 4 1 2 1 1 2 3 0 13 5 199838 4 1 0 5 11 0 6 5 18 1 7 3 0 0 1 0 3 0 3 0 3 0 2 1 6 0 2 10 4
87 GCG 5 2 14 5 5 0 1 3 1 10 1 4 0 4 23 3 2 11 1 1 13 13 1 0 7 0 4 4 6 1 6 2 2 0 0 4 3 8 199744 28 0 1 3 4 0 3 4 8 0 0 0 0 3 4 9 7 0 0 1 2 3 2 1 3
88 GGC 1 6 3 4 0 0 0 0 7 0 1 9 1 0 0 0 0 0 1 0 1 1 0 0 1 5 0 0 3 3 2 2 8 9 0 1 2 1 2 5 7 199833 0 15 5 1 0 5 0 7 0 0 6 5 21 4 0 2 0 3 4 0 3 0
89 AGG 2 1 5 3 1 9 4 0 2 4 199760 1 0 0 1 0 2 6 4 14 1 1 2 1 7 31 42 1 1 1 0 0 3 0 2 1 3 0 1 1 12 3 3 7 0 0 5 2 0 3 0 1 0 19 3 8 0 7 0 2 4 3 0 0
90 GAT 0 2 0 1 1 7 2 4 2 2 2 1 0 0 1 0 2 4 1 5 2 1 0 4 1 2 0 1 0 0 3 1 0 29 5 199847 4 10 3 1 1 3 15 3 0 4 0 0 0 4 0 2 2 0 2 0 0 2 3 3 1 0 4 0
91 TGG 1 3 0 0 4 0 3 0 1 9 5 9 0 1 0 2 15 2 0 0 0 1 0 0 1 4 3 0 2 4 6 5 1 0 0 0 2 4 2 0 15 5 4 4 0 2 0 0 0 4 0 1 6 0 2 0 0 7 199836 13 0 8 2 1
92 CTA 2 5 0 3 0 0 0 0 2 0 0 4 2 1 0 1 9 5 1 1 3 3 0 3 5 0 0 0 199836 26 0 19 0 1 2 1 5 2 0 1 2 3 0 2 0 3 0 1 0 2 0 2 4 4 0 0 0 6 1 3 19 2 3 0
93 TTA 0 2 0 0 2 3 2 2 0 0 8 2 1 0 8 4 0 1 1 1 2 12 7 7 2 3 3 5 5 28 7 17 3 0 0 0 1 0 0 5 0 8 0 0 1 1 8 13 0 0 0 0 4 2 2 1 0 0 1 3 199793 12 3 4
94 TTA 1 0 0 1 4 5 12 12 0 0 11 1 1 0 5 1 2 1 2 0 8 3 5 5 7 2 5 2 18 4 14 1 1 2 1 0 1 0 1 0 0 0 0 0 2 2 1 2 0 0 0 2 0 3 1 1 0 1 4 4 199834 3 0 1
95 GGT 3 0 4 1 2 2 0 4 5 2 20 3 2 4 0 0 1 0 1 4 1 3 0 1 10 2 4 1 0 4 4 7 0 1 1 1 0 0 0 0 19 10 7 199810 7 6 6 4 0 0 0 3 3 10 4 3 0 0 0 4 5 0 0 1
96 GAG 13 0 10 0 1 2 2 1 0 3 1 0 2 1 0 0 7 1 8 1 2 0 2 0 2 0 5 3 2 1 0 7 24 3 199824 0 19 0 1 2 8 0 12 1 4 2 2 0 0 1 0 0 6 0 2 0 0 5 1 0 2 2 2 0
97 GTT 2 1 0 0 4 0 2 6 8 0 3 3 0 0 0 1 3 0 0 3 2 4 1 0 1 30 2 5 6 9 0 5 2 3 0 4 2 2 0 3 3 7 0 2 11 5 5 199830 0 4 0 0 2 1 2 0 0 0 0 0 9 0 0 2
98 CCG 0 0 0 1 1 7 2 4 2 1 11 11 1 0 4 1 6 0 7 0 2 9 199809 4 9 2 19 29 5 1 2 4 1 0 0 1 2 0 0 0 3 3 2 1 4 2 1 0 0 0 0 1 2 1 0 0 0 1 3 3 6 0 9 0
99 GGG 0 2 0 1 0 1 0 0 2 1 0 4 3 2 1 0 0 0 0 1 1 3 0 0 0 7 9 6 2 0 2 0 0 1 0 5 3 1 12 1 18 26 199810 19 0 5 9 4 0 0 0 1 0 11 3 5 0 11 0 3 0 1 0 3
100 CAA 15 0 2 2 1 1 4 10 1 1 0 2 3 1 5 0 199829 2 2 2 14 7 4 11 1 6 6 7 0 3 5 1 13 0 7 0 3 1 0 0 2 0 2 0 0 1 0 0 0 0 0 1 1 6 0 0 0 0 0 0 13 0 2 0
101 GAC 0 2 1 5 0 0 1 0 0 13 0 4 0 0 2 0 2 10 4 1 0 1 0 0 0 3 1 2 1 0 0 0 0 199819 1 24 1 2 7 21 4 1 0 5 1 7 11 2 0 7 0 2 18 3 0 1 0 6 0 0 1 1 1 1
102 TTG 4 1 1 0 2 1 0 1 0 0 18 1 2 1 8 5 4 1 0 2 1 1 14 3 12 8 2 4 3 1 10 25 0 4 1 1 6 0 10 12 0 2 0 0 3 4 2 1 0 1 0 0 1 2 2 1 0 1 5 1 66 2 199736 0
103 CTT 2 1 0 1 0 0 1 0 0 2 1 0 2 1 2 0 0 1 0 2 1 1 8 1 2 0 1 6 2 29 13 199873 0 2 0 3 0 0 2 1 0 2 1 1 0 2 1 5 0 1 0 0 6 5 2 4 0 4 0 1 3 1 0 0
104 AGT 0 3 1 0 11 23 0 3 4 7 10 199784 0 2 4 7 2 0 5 0 0 4 0 9 12 0 1 6 0 1 0 5 0 1 0 1 2 0 0 4 10 3 2 3 2 1 0 10 0 3 0 6 0 9 13 3 0 4 1 1 4 6 7 0
105 TCC 0 6 4 0 0 0 1 2 2 7 7 0 2 0 0 1 4 3 1 0 0 1 1 0 9 4 3 4 0 1 0 1 2 3 4 4 0 0 0 1 29 0 0 3 2 2 4 2 0 0 0 0 16 199809 32 5 0 0 2 0 2 1 13 0
106 CAC 0 0 0 6 9 0 0 2 3 10 1 13 1 3 2 3 13 199635 32 2 6 15 49 10 13 0 6 2 1 0 3 1 5 6 38 15 3 0 0 11 2 4 17 0 1 1 3 0 0 2 0 2 2 5 2 14 0 5 5 1 4 0 1 10
107 CTG 1 4 0 0 3 1 0 0 3 0 0 3 1 0 3 2 4 1 2 0 0 1 17 0 1 1 4 1 18 5 199781 22 1 6 1 2 0 3 0 1 1 0 1 2 0 6 3 6 0 0 0 0 0 1 0 3 0 2 0 0 66 3 12 1
108 GCC 2 0 1 0 5 1 1 2 0 16 1 4 3 0 0 6 1 2 1 0 97 15 8 14 4 0 0 0 0 6 0 0 9 0 9 0 6 199653 1 12 17 6 4 5 4 4 0 12 0 1 0 1 4 12 0 35 0 1 6 0 0 4 4 0
109 CCG 0 0 2 2 3 8 0 0 2 3 2 9 0 0 1 2 16 0 0 0 0 14 199840 15 2 5 0 1 10 0 1 3 0 0 1 1 4 2 2 3 0 3 0 2 17 5 2 0 0 0 0 2 1 0 4 1 0 2 0 0 1 2 2 2
110 GCG 4 0 1 0 4 1 0 1 2 8 3 2 0 1 0 0 4 1 1 3 0 2 1 6 0 0 0 0 3 5 0 7 3 0 1 17 4 1 199830 4 0 4 1 0 2 5 0 1 0 0 0 2 2 0 16 26 0 2 0 10 4 2 1 2
111 GAG 0 1 0 0 6 4 0 3 5 0 1 1 2 4 1 5 1 2 2 4 1 3 1 0 0 1 3 0 1 5 2 7 13 1 199866 2 0 0 0 1 4 3 1 6 2 0 4 1 0 0 0 0 3 1 0 2 0 2 0 7 7 1 7 0
112 AAA 199916 0 1 5 1 1 0 2 2 1 0 0 1 4 0 12 0 0 1 0 2 2 0 0 0 0 5 1 2 1 2 3 3 1 2 1 1 0 0 0 1 2 2 0 0 1 1 1 0 4 0 0 0 4 0 1 0 1 0 1 2 1 4 1
113 GTA 1 0 0 0 8 13 11 7 0 1 2 0 0 3 6 1 1 0 0 0 0 1 0 2 3 2 3 0 2 0 7 8 0 3 0 1 2 2 2 1 2 1 2 6 199821 9 18 22 0 0 0 3 0 2 2 4 0 3 1 1 7 2 0 1
114 AGT 2 11 3 2 1 2 4 0 4 7 13 199195 3 2 2 4 0 1 3 0 8 7 1 3 5 1 5 1 1 7 2 10 2 3 2 1 120 138 23 70 0 18 3 10 2 1 1 13 0 4 0 3 12 4 21 3 0 193 0 25 7 3 8 0
115 ATA 14 0 7 2 1 1 2 0 0 0 3 7 199876 17 0 1 4 0 1 0 1 1 0 2 0 3 0 4 4 1 0 0 5 4 0 3 0 1 0 0 1 1 0 1 0 1 1 6 0 0 0 1 4 3 0 9 0 1 0 0 4 0 0 2
116 ATG 0 0 1 0 6 4 1 0 1 1 0 1 0 5 199898 2 2 0 1 2 2 1 1 2 13 2 3 12 1 2 2 0 1 1 0 0 0 0 2 0 1 0 0 1 6 3 1 4 0 2 0 1 1 0 0 2 0 5 0 1 0 2 0 0
117 GCT 1 0 1 1 3 2 0 1 11 1 11 12 0 2 1 2 10 0 4 0 0 2 0 1 3 8 2 14 1 0 0 0 3 0 1 4 6 0 26 199828 0 3 1 2 2 0 5 1 0 1 0 4 1 1 6 4 0 2 2 0 0 3 0 0
118 GAT 0 0 0 0 2 3 3 0 2 3 2 2 1 1 1 1 5 4 3 4 0 0 0 1 1 0 0 0 2 2 0 0 1 22 3 199862 1 6 5 0 3 0 0 0 7 0 3 6 0 9 0 4 7 1 1 0 0 3 0 3 6 0 0 4
119 GCT 0 4 0 0 0 0 6 0 0 1 1 0 1 1 1 1 2 1 0 1 4 3 1 0 0 3 0 2 0 2 3 2 7 2 6 0 8 9 29 199856 3 0 3 0 0 2 0 1 0 0 0 0 4 3 9 0 0 1 1 3 0 0 4 9
120 ATG 1 4 0 1 18 1 0 8 1 0 0 5 8 2 199746 2 2 0 6 0 0 2 2 1 4 4 4 6 8 22 20 0 5 3 5 3 0 1 0 1 2 13 2 1 6 3 1 6 0 0 0 7 0 0 4 2 0 2 0 1 35 4 13 2
121 AGG 1 0 3 0 0 8 6 19 36 11 199734 3 3 1 0 10 1 1 4 3 6 3 0 9 6 11 1 2 16 8 1 4 1 2 3 0 0 3 0 3 8 3 0 1 2 4 1 3 0 3 0 3 5 4 3 8 0 0 2 1 14 3 6 3
122 CGT 1 4 0 0 8 2 13 0 19 2 5 33 0 1 5 1 0 0 1 3 0 1 3 5 16 23 2 199045 11 89 63 114 5 0 1 7 4 19 2 5 1 12 0 6 2 6 2 9 0 0 0 2 13 19 1 20 0 0 14 3 213 0 164 0
123 TTA 1 1 3 0 0 1 0 8 20 1 2 2 0 2 5 2 1 0 3 4 1 3 2 1 2 13 2 19 0 13 14 5 3 5 5 1 0 5 0 2 4 12 0 0 10 9 2 3 0 0 0 2 0 1 0 8 0 2 7 0 199766 2 20 0
124 CAC 5 6 0 4 4 4 8 6 3 3 13 3 2 1 0 1 15 199764 1 15 4 7 12 9 10 6 1 0 6 0 2 1 0 11 4 6 2 1 4 1 2 2 1 2 1 2 5 0 0 1 0 2 3 6 13 4 0 0 0 4 0 3 1 3
125 ACA 0 8 2 24 199691 2 15 2 3 19 1 15 0 1 2 1 0 0 0 1 1 5 10 5 0 8 10 19 0 5 0 2 0 1 0 8 8 16 0 24 3 11 2 1 0 2 3 0 0 3 0 3 16 5 9 11 0 6 7 1 2 0 5 1
126 CTA 1 1 0 4 0 0 3 1 1 0 3 0 0 0 5 0 4 2 0 0 30 6 0 2 3 2 4 0 199846 1 6 13 0 0 2 0 1 0 4 1 2 1 2 1 2 5 2 10 0 3 0 0 2 0 0 3 0 8 0 3 2 2 6 0
127 GAT 0 7 1 0 8 0 0 2 1 6 0 7 1 4 0 0 4 0 3 0 1 6 2 2 2 0 0 0 2 1 1 6 1 26 4 199760 0 5 1 1 0 1 0 7 2 2 0 2 0 3 0 9 38 15 26 22 0 1 1 0 4 0 1 1
128 CCA 1 1 3 0 3 1 7 10 4 6 3 0 0 3 1 3 2 0 2 0 199861 15 5 7 7 0 5 2 3 0 2 3 0 0 2 6 1 3 0 2 1 3 2 0 1 0 3 1 0 0 0 3 1 2 0 4 0 0 1 2 0 0 1 1
129 GCA 2 6 2 0 0 0 1 1 7 3 5 5 3 1 4 0 1 1 0 1 2 11 0 3 1 8 1 10 2 9 4 0 3 0 8 1 199766 14 8 25 4 2 0 3 1 1 0 0 0 15 0 1 4 0 36 6 0 0 1 0 0 4 0 3
130 ACG 8 1 2 7 20 4 199848 0 1 13 2 0 0 3 10 0 2 0 0 0 0 2 2 0 4 0 1 0 1 1 6 12 2 0 1 1 2 0 2 2 1 0 3 1 9 1 0 0 0 4 0 1 1 3 3 1 0 0 0 0 8 1 3 0
131 TGC 0 0 0 4 4 4 2 1 4 3 5 0 1 0 1 0 2 1 2 0 2 2 0 0 0 1 3 2 1 7 1 2 2 5 2 3 1 0 0 4 8 1 2 0 1 2 0 1 0 0 0 4 10 1 3 3 0 199888 0 3 0 0 1 0
132 CCA 2 2 1 4 4 9 4 9 12 0 2 1 1 0 1 0 10 1 1 0 199799 11 22 5 0 0 3 15 2 5 2 3 0 0 0 4 20 4 4 0 1 0 0 3 5 1 0 0 0 1 0 0 4 4 2 8 0 0 0 0 6 0 1 1
133 TTC 2 1 1 0 3 0 2 2 0 2 0 0 1 0 0 2 2 1 0 0 0 0 0 0 0 0 0 0 0 1 0 3 1 1 0 1 1 0 2 1 0 0 0 2 1 2 0 2 0 0 0 2 2 1 0 2 0 3 5 1 3 199942 1 1
134 GAT 3 0 0 5 1 0 1 0 0 0 0 1 0 0 0 1 4 1 30 3 1 3 1 0 5 0 1 0 1 1 0 1 3 22 2 199870 3 1 3 0 2 2 1 1 2 0 0 1 0 5 0 0 2 0 1 1 0 0 7 2 0 4 0 1
135 CAC 0 3 3 3 2 15 7 1 1 7 0 2 4 0 0 3 2 199901 0 4 1 10 0 5 1 0 1 1 0 1 0 2 0 2 0 2 2 0 0 0 1 4 0 0 0 1 0 0 0 0 0 0 0 3 1 0 0 0 0 1 0 1 1 1
136 CAA 1 0 3 2 12 0 3 15 3 0 10 4 1 3 4 2 199865 2 18 3 2 0 0 3 0 1 0 2 0 1 2 1 1 2 2 1 0 1 0 1 1 1 0 1 0 1 1 2 0 1 0 1 8 1 4 0 0 1 2 2 0 0 0 2
137 GCG 5 2 3 0 4 1 3 15 47 0 117 6 171 9 36 295 15 0 14 3 0 1 0 1 64 61 1 58 21 36 14 41 10 1 1 2 21 4 198298 37 0 0 0 4 1 89 21 19 0 39 0 247 9 0 2 5 0 10 7 10 28 70 20 1
138 AAA 199901 0 6 2 0 3 2 0 4 2 4 3 0 0 2 0 1 1 8 1 1 3 0 2 0 9 3 4 1 0 0 0 2 1 4 0 2 8 2 3 0 0 0 0 1 0 1 0 0 6 0 1 2 0 1 0 0 0 3 0 0 0 0 0
139 CAC 0 8 6 21 3 1 0 3 3 6 11 0 0 0 0 1 12 199739 6 10 0 0 4 4 7 1 1 5 0 11 6 4 0 6 4 16 8 7 0 9 0 1 1 3 13 2 0 1 0 3 0 0 0 10 5 1 0 4 3 0 5 15 2 8
140 CGA 1 1 6 0 0 0 0 10 10 1 0 1 0 0 2 0 0 2 1 0 0 1 2 1 199874 1 6 3 1 3 0 5 1 0 1 1 0 0 0 1 2 10 0 12 0 0 1 0 0 2 0 0 1 1 2 16 0 0 3 0 8 1 5 0
141 ATA 1 2 1 6 8 0 4 7 1 4 0 1 199735 26 2 16 3 0 1 7 0 0 1 1 2 12 0 2 3 6 1 4 0 3 0 0 0 0 0 3 3 1 3 0 37 14 20 25 0 1 0 1 0 0 4 1 0 4 0 10 5 2 2 4
142 GAA 8 0 1 0 3 0 1 0 1 0 6 0 5 2 6 0 2 0 3 2 2 1 0 1 0 0 2 0 2 1 0 2 199913 0 0 2 0 0 0 1 2 4 5 4 0 5 1 2 0 2 0 1 0 1 2 0 0 0 1 2 0 0 0 1
143 CGA 0 0 0 2 66 8 9 115 2 10 0 4 10 1 10 6 1 16 2 10 7 10 2 2 199498 9 6 15 25 1 26 3 0 1 2 0 13 4 0 1 2 2 2 8 4 5 19 9 0 0 0 0 9 6 3 13 0 0 3 4 7 6 1 0
144 GCA 1 0 0 5 1 2 1 0 0 0 4 7 4 4 1 3 0 2 7 0 0 1 2 2 0 0 0 0 0 2 0 0 5 1 2 1 199883 1 21 9 0 2 1 0 0 3 2 0 0 0 0 1 7 1 0 3 0 1 1 1 0 4 0 1
145 AGA 2 3 0 3 1 1 2 1 199737 1 9 2 0 1 1 0 0 5 1 24 0 0 0 3 20 15 27 30 11 6 15 1 1 0 0 0 0 4 7 0 8 2 1 7 0 3 2 0 0 2 0 0 9 0 3 1 0 1 1 4 11 9 1 1
146 ACT 19 0 83 19 18 6 3 198661 40 5 18 10 27 7 6 3 41 30 40 18 6 0 7 1 8 33 31 1 65 19 58 6 78 3 55 8 11 25 3 17 2 9 4 1 110 43 22 181 0 1 0 2 8 1 5 6 0 22 0 13 60 3 17 1
147 CGC 0 1 2 0 2 0 0 1 14 1 11 16 0 2 1 2 1 0 5 2 1 0 0 2 9 199809 5 2 3 0 5 11 1 0 1 0 1 0 6 4 4 9 15 1 0 0 0 1 0 2 0 7 0 2 15 2 0 5 0 3 1 0 9 3
148 ATG 4 2 4 1 0 5 1 2 1 0 1 1 14 0 199896 8 0 4 5 1 0 0 1 1 0 3 0 1 0 1 1 3 1 1 0 5 2 0 0 1 2 0 0 0 14 0 0 0 0 0 0 2 0 1 1 0 0 0 0 2 1 0 1 5
149 GAG 59 65 48 55 2 0 1 4 0 1 25 0 46 10 4 76 37 21 11 3 0 0 1 0 0 6 8 10 26 32 34 102 9 3 199037 10 0 4 2 1 34 8 0 44 4 8 12 9 0 4 0 15 2 22 3 6 0 27 0 4 4 7 14 20
150 GCT 7 1 3 1 0 1 2 5 2 10 1 5 0 0 5 0 17 46 9 15 3 10 2 1 3 0 15 1 0 1 3 0 10 1 6 5 6 31 34 199668 0 0 3 3 0 11 1 2 0 7 0 1 6 6 11 5 0 2 0 3 1 5 0 3
151 GGA 1 26 5 4 1 5 0 1 2 1 15 3 0 2 2 2 0 3 0 2 3 1 2 1 12 19 5 3 5 3 1 0 32 1 24 7 1 0 6 2 199714 8 25 3 11 3 2 6 0 0 0 3 3 1 6 3 0 6 1 2 0 0 0 0
152 CTA 6 0 8 8 1 0 1 0 1 1 3 6 0 1 12 0 1 1 3 0 9 1 0 0 1 0 1 8 199770 14 46 28 2 6 5 3 0 2 2 2 0 7 2 0 1 1 2 3 0 0 0 10 1 2 0 3 0 2 0 0 1 0 6 6
153 GTA 0 3 0 3 13 4 0 1 1 2 2 0 24 19 58 27 0 0 4 3 24 175 29 89 6 0 1 1 28 35 100 100 3 0 1 0 5 0 1 0 4 2 4 5 198798 23 14 0 0 2 0 1 2 1 5 1 0 14 1 0 87 127 53 94
154 GAT 1 0 0 2 1 0 0 1 3 1 20 2 0 5 0 0 0 0 4 2 4 0 0 4 1 9 3 0 2 5 0 2 4 3 0 199861 1 1 1 0 7 7 4 5 2 13 8 2 0 0 0 2 0 0 2 1 0 1 0 1 1 0 0 1
155 CAA 6 1 5 4 125 18 132 200 29 1 2 9 74 93 175 117 193680 9 1 3 3 12 2 3 2 4 0 6 4 95 8 1 119 0 248 3 7 1 1 5 12 9 40 7 140 805 163 36 0 177 0 223 7 9 2 5 0 106 2926 65 3 22 14 21
156 GAT 0 1 5 0 0 5 5 1 2 1 1 4 0 0 0 1 3 1 6 1 3 1 3 0 0 0 2 2 0 3 0 8 0 0 3 199847 5 1 8 12 1 0 1 1 2 0 0 0 0 33 0 7 1 1 0 3 0 4 1 3 2 0 4 1
157 GAT 0 4 3 3 0 0 1 0 0 0 1 1 0 0 0 0 0 0 0 0 0 0 0 1 0 1 2 1 1 2 0 0 3 0 0 199905 2 5 5 0 16 0 1 4 4 1 7 0 0 1 0 8 1 0 1 0 0 5 1 6 0 0 3 0
158 CTT 2 9 1 4 3 7 1 3 12 0 4 0 1 1 15 2 5 2 7 1 0 0 10 0 8 6 28 1 4 1 29 197415 1 0 4 0 3 0 1 0 3 6 2 1 3 5 2 5 0 85 0 289 0 1 1 0 0 1 103 2 0 240 5 1655
159 GAC 1 5 3 6 10 0 6 11 9 3 0 0 1 0 1 0 1 2 3 2 3 3 0 0 10 0 2 7 0 2 0 0 1 199825 12 1 1 1 2 1 0 1 5 7 2 9 1 0 0 30 0 3 0 0 1 1 0 3 0 0 0 2 0 0
160 GAG 2 6 3 9 1 0 4 1 2 5 8 6 2 2 0 2 74 7 5 1 2 1 3 2 14 4 8 2 0 2 3 5 11 106 199501 96 5 15 4 4 3 10 1 7 3 0 1 1 0 0 0 4 9 3 1 0 0 7 0 6 0 4 4 8
161 GAG 2 1 4 0 0 0 3 1 1 1 11 0 4 0 0 5 9 1 1 2 5 1 7 0 0 3 0 2 1 1 0 3 2 0 199872 5 2 8 0 3 0 5 0 7 0 3 0 4 0 1 0 1 2 2 0 1 0 0 5 4 1 1 1 1
162 CAT 4 64 1 266 13 0 5 7 3 5 1 1 2 2 1 2 0 14 1 199443 1 0 3 0 2 3 7 0 3 1 1 0 0 18 0 0 2 0 4 2 51 2 9 36 0 2 1 0 0 0 0 3 2 0 2 1 0 0 0 4 2 1 2 0
163 CAA 9 1 7 0 118 52 49 13 9 4 25 2 82 260 261 155 196748 4 2 6 7 9 10 1 18 11 5 4 28 393 33 215 9 9 6 6 27 78 24 43 2 3 0 14 182 223 97 28 0 133 0 191 18 3 10 7 0 95 16 29 70 69 33 34
164 GGG 0 4 2 1 0 2 0 2 7 2 1 0 1 0 1 2 2 3 0 2 2 0 1 2 11 1 0 0 0 0 2 1 0 1 1 1 3 0 1 1 18 12 199827 20 9 3 1 15 0 2 0 5 3 2 0 5 0 6 0 10 1 1 0 0
165 CTG 0 13 1 10 6 12 0 3 3 5 0 0 13 5 12 15 1 1 6 0 33 5 5 6 5 9 0 0 1 5 199459 20 0 2 3 1 6 3 0 0 0 0 0 3 30 87 26 24 0 13 0 11 3 1 0 0 0 11 4 10 46 6 22 34
166 GCG 7 4 11 3 2 8 8 0 2 2 7 6 1 7 0 9 1 4 0 2 2 5 2 0 0 2 0 0 19 26 9 1 6 2 13 2 1 1 199696 20 0 0 1 5 1 20 2 9 0 0 0 4 5 14 0 4 0 2 0 7 22 1 12 0
167 CCC 0 2 13 5 19 8 1 7 1 1 4 7 59 21 20 80 6 0 9 0 25 198798 4 10 6 6 2 0 43 40 186 33 1 8 6 2 2 3 1 1 7 4 24 7 36 51 80 54 0 5 0 16 0 4 1 7 0 0 0 11 182 0 70 1
168 GCG 18 4 0 1 0 48 21 12 0 16 8 27 2 24 1 6 3 4 1 17 1 4 2 1 5 11 16 0 12 2 11 2 0 1 9 0 8 12 199480 33 2 5 3 0 5 2 7 1 0 2 0 2 15 40 10 40 0 0 25 0 4 4 0 10
169 GAA 4 5 0 1 0 2 4 5 0 2 7 6 1 0 0 0 3 0 5 2 3 9 2 0 5 2 2 0 1 6 2 3 199817 1 15 15 2 0 0 0 0 5 10 15 12 3 0 6 0 0 0 0 1 2 2 0 0 2 0 2 3 1 4 0
170 CTC 0 2 0 0 0 4 0 0 0 0 1 0 0 1 12 3 1 0 2 2 3 23 3 8 0 5 2 1 12 199799 26 10 3 2 1 1 1 3 0 0 0 0 1 2 3 4 1 0 0 0 0 0 1 0 1 0 0 35 0 3 2 1 13 2
171 TTT 1 1 0 1 0 1 1 0 0 7 33 3 1 1 0 2 1 0 4 3 0 2 3 5 1 12 0 0 35 3 10 11 2 5 1 8 2 0 1 0 2 3 10 6 1 4 19 1 0 1 0 0 9 1 1 5 0 1 1 0 6 1 9 199758
172 GCT 1 0 3 0 1 0 2 0 28 1 15 1 0 1 0 3 8 4 5 1 0 8 0 1 25 0 13 14 0 2 1 0 20 3 11 5 3 3 11 199717 2 3 0 0 11 3 16 36 0 0 0 0 0 3 0 2 0 0 3 0 0 5 2 3
173 AGG 0 2 0 0 1 0 0 2 26 2 199237 17 0 1 192 0 42 4 23 1 2 0 8 0 2 17 33 22 15 46 11 56 17 0 2 0 2 1 2 10 7 0 1 1 5 3 9 23 0 1 0 6 13 3 5 16 0 4 8 0 62 1 36 0
174 TTG 0 0 1 2 0 1 2 1 0 0 1 5 0 2 8 0 0 0 2 1 2 3 2 4 2 4 1 0 4 11 2 19 0 0 0 2 2 2 0 1 2 0 0 1 2 1 0 1 0 0 0 0 1 4 0 0 0 3 4 17 3 0 199873 1
175 AAA 199352 2 24 0 1 1 0 0 1 1 1 1 1 11 2 3 30 1 2 0 0 3 2 0 4 0 4 1 96 30 54 124 3 1 1 0 0 0 0 2 10 2 1 10 25 70 1 17 0 7 0 0 1 0 2 4 0 1 0 0 80 1 7 2
176 GCT 0 12 3 1 6 2 0 0 2 0 0 4 2 3 0 4 11 2 1 6 2 0 2 1 6 15 7 7 5 2 1 2 2 10 1 1 20 13 5 199777 1 1 6 3 0 4 2 2 0 0 0 0 3 9 6 12 0 1 0 0 0 2 10 0
177 CGG 4 68 0 178 428 2017 204 827 4 183 22 1083 279 226 245 132 56 8 48 169 8 3 3 4 19 19 185302 36 439 156 339 361 62 71 423 41 52 236 354 269 175 101 703 347 85 11 122 55 0 9 0 120 306 329 914 121 0 168 274 525 415 585 160 97
178 ATG 46 4 10 3 21 62 9 15 70 1 3 3 14 3 198275 3 3 48 25 25 14 43 25 72 19 16 59 108 54 35 13 18 4 1 9 0 2 0 7 1 3 0 4 3 7 2 34 11 0 190 0 130 3 4 2 3 0 19 133 47 54 171 2 35
179 CCC 0 1 3 0 0 15 2 1 25 8 23 3 20 19 0 23 13 0 8 1 9 199640 28 31 21 7 2 11 1 13 4 4 2 1 1 1 1 4 4 0 2 2 2 0 6 4 0 4 0 0 0 0 2 10 3 4 0 1 0 0 4 2 3 1
180 GAC 0 3 4 1 13 1 9 7 19 3 11 3 38 5 0 6 0 2 4 5 12 1 0 2 5 0 6 0 2 2 5 4 17 199651 1 23 9 4 6 6 5 4 1 3 2 0 0 1 0 2 0 7 0 0 5 1 0 0 14 0 0 27 7 31
181 GGT 2 2 0 0 5 9 1 1 9 6 2 26 0 1 0 1 6 0 0 0 3 1 0 0 6 4 11 14 0 3 0 0 2 0 0 0 0 9 5 0 2 3 1 199674 6 46 2 31 0 3 0 21 2 10 1 12 0 44 0 8 0 2 3 0
182 GAA 0 1 2 11 2 0 11 6 5 1 0 0 2 3 1 1 2 5 6 3 0 1 0 2 0 1 0 1 1 2 0 0 199849 0 15 0 9 0 2 4 5 0 12 5 2 4 6 0 0 0 0 0 0 1 6 5 0 2 0 1 1 1 0 0
183 GAT 2 0 3 0 2 1 2 4 8 0 5 0 6 1 0 6 0 0 3 4 0 0 0 2 0 2 11 3 4 0 0 0 0 3 1 199899 0 0 1 0 0 2 4 2 3 3 3 0 0 0 0 2 1 0 1 0 0 3 0 0 3 0 0 0
184 TTG 3 11 1 0 4 0 0 1 0 1 8 3 0 0 1 0 4 0 35 0 3 1 0 6 4 7 2 1 0 14 4 23 3 1 1 0 0 0 0 1 2 2 2 0 1 0 2 0 0 3 0 2 1 0 0 4 0 4 0 1 10 2 199820 1
185 GTG 0 0 0 0 0 2 2 1 6 1 3 6 1 2 0 1 0 1 1 1 0 1 0 4 2 6 3 0 0 2 3 0 0 2 0 0 4 7 10 0 0 1 0 0 7 19 199875 2 0 0 0 1 0 2 0 1 0 0 1 7 10 0 1 1
186 GTA 1 1 1 1 0 0 0 1 1 0 0 0 0 1 1 3 1 0 4 0 0 0 8 1 2 0 0 2 3 6 3 0 0 1 0 1 1 4 6 8 1 1 1 7 199880 5 4 23 0 0 0 0 1 1 0 4 0 3 0 0 5 0 2 0
187 ACT 1 3 3 0 3 13 1 199924 0 0 1 4 1 1 0 0 0 2 0 3 0 2 1 0 1 0 1 0 0 0 4 0 1 0 0 0 0 3 0 0 0 0 2 0 0 1 2 0 0 1 0 2 2 3 1 10 0 0 0 0 1 0 2 0
188 CAT 0 0 0 6 1 0 0 0 3 0 1 1 0 3 1 0 17 4 5 199843 0 3 3 5 0 3 5 3 1 4 13 6 0 5 2 8 1 2 2 1 0 2 0 2 1 0 0 2 0 3 0 20 0 2 1 0 0 10 0 1 2 0 2 0
189 GGG 0 4 0 0 0 7 2 0 4 7 0 15 4 0 1 1 1 1 0 2 0 4 1 0 0 0 10 0 1 8 0 1 0 0 0 2 0 1 0 5 6 2 199854 15 8 2 3 2 0 0 0 0 15 2 1 1 0 2 2 0 0 0 1 2
190 GAT 2 1 0 1 2 0 0 0 2 0 2 0 0 2 0 0 0 1 1 2 2 1 0 0 2 1 1 1 2 0 0 3 0 31 9 199893 0 5 0 0 0 2 2 6 2 1 4 1 0 1 0 0 1 3 0 2 0 3 1 1 0 2 1 0
191 GCC 1 0 0 7 3 1 2 0 3 6 2 3 0 1 4 3 0 162 0 16 0 2 4 3 1 4 2 4 45 17 0 17 1 1 4 8 5 198752 24 11 2 3 1 3 1 0 4 6 0 22 0 9 1 5 6 0 0 0 1 2 25 657 7 126
192 TGC 1 2 4 3 371 76 1507 695 2 0 5 4 5 25 1 2 5 0 0 0 0 1 0 3 1 1 1 3 2 3 0 0 2 4 2 0 0 6 6 4 4 1 14 0 0 0 4 2 0 5 0 2 0 0 5 0 0 197196 0 5 1 2 7 5
193 CTC 0 0 0 0 0 1 0 0 1 1 5 0 0 0 19 1 12 1 0 1 0 1 8 6 1 12 3 0 1 199830 16 2 2 2 1 0 1 0 3 0 0 2 2 1 2 2 7 3 0 2 0 1 0 1 2 0 0 0 3 0 37 0 4 0
194 CCG 1 2 0 1 3 2 19 0 4 2 8 1 3 1 1 4 13 1 1 3 4 8 199822 29 7 4 0 1 0 8 3 1 0 0 0 5 4 3 1 0 2 0 0 2 0 0 0 0 0 1 0 0 2 2 4 1 0 0 1 0 4 1 9 1
195 AAC 7 199890 6 12 3 7 3 0 0 6 1 3 1 0 0 2 0 0 0 0 1 0 0 0 2 1 1 4 0 0 0 0 0 6 0 2 1 2 1 1 0 1 0 0 1 0 4 0 0 0 0 17 4 3 0 2 0 0 0 1 2 2 0 0
196 ATA 1 4 0 1 2 2 1 2 1 15 6 16 199723 13 4 81 12 0 2 1 2 1 1 2 7 18 4 2 0 3 2 1 0 0 1 3 1 1 0 1 0 0 0 2 2 0 3 4 0 1 0 0 15 2 10 13 0 2 0 0 6 0 1 2
197 ATG 2 0 10 0 4 2 0 3 5 0 0 0 0 3 199860 8 23 2 19 0 0 0 1 0 1 0 2 1 2 0 1 2 1 6 2 7 2 1 3 0 0 0 0 2 2 0 9 1 0 0 0 0 0 0 0 0 0 1 3 3 3 2 1 0
198 GTG 0 0 0 2 0 0 1 0 4 1 4 1 1 5 1 0 6 3 1 4 0 0 0 0 4 5 0 3 1 3 6 0 3 1 0 0 17 4 3 1 1 4 6 3 37 10 199809 16 0 2 0 0 6 0 0 6 0 0 0 2 3 4 5 1
199 GAA 3 0 8 6 0 1 0 0 5 9 0 3 1 1 2 1 3 9 4 2 0 1 1 4 2 1 5 6 1 1 3 0 199771 6 6 6 4 0 0 18 0 14 3 6 4 0 2 2 0 4 0 0 2 26 2 6 0 4 0 19 1 6 0 5
200 AAC 4 199851 1 18 4 22 7 0 2 0 2 2 2 1 0 1 0 2 0 2 0 0 0 2 1 1 0 3 0 1 24 0 2 5 1 2 0 4 3 2 0 1 0 0 0 5 3 3 0 0 0 0 3 0 4 2 0 1 0 1 0 3 1 1
201 GGC 0 1 0 2 1 0 3 4 0 5 7 5 1 0 0 2 1 0 0 0 0 1 0 2 2 5 0 12 0 0 3 2 0 3 1 7 3 0 2 4 53 199794 6 20 3 2 1 0 0 2 0 0 2 0 11 2 0 12 4 3 0 4 2 0
202 CGT 3 0 12 0 6 0 0 1 15 1 42 4 0 1 0 1 0 2 0 0 1 0 1 1 6 10 31 199691 3 1 26 5 0 1 0 1 0 0 0 0 0 8 0 1 0 0 0 1 0 2 0 0 5 12 20 5 0 8 0 6 16 1 49 0
203 TTT 0 0 0 2 0 1 0 0 0 0 0 1 0 0 0 0 0 1 0 1 0 1 1 6 2 1 2 0 2 3 0 4 1 0 2 2 0 1 1 4 3 0 1 0 1 2 4 4 0 0 0 0 0 1 2 0 0 1 1 9 6 32 1 199893
204 AGC 0 3 1 9 7 4 7 6 16 199767 0 16 0 7 0 24 0 0 0 1 7 1 1 2 11 3 6 2 0 1 0 2 0 1 2 2 0 3 1 2 5 1 5 3 0 0 2 0 0 0 0 0 18 12 11 13 0 10 1 2 0 0 0 2
205 GGA 0 0 0 1 0 1 1 0 0 0 1 0 2 0 0 0 4 5 4 0 0 0 0 1 1 1 1 1 0 0 0 0 3 0 0 1 1 0 0 2 199898 26 13 5 0 10 2 1 0 0 0 3 1 0 4 0 0 2 0 0 0 2 1 1
206 TTC 1 0 0 0 0 1 0 0 1 2 0 0 0 1 1 2 0 0 0 1 0 0 0 0 0 1 1 1 0 7 2 0 2 0 0 0 1 0 0 0 1 3 1 0 9 0 6 0 0 0 0 4 8 2 7 5 0 0 1 8 2 199910 2 6
207 ATT 0 2 0 0 5 4 6 3 0 2 0 1 12 7 0 199883 0 3 4 2 0 0 3 1 0 0 2 1 1 2 2 0 0 0 1 4 2 0 2 2 1 5 3 1 2 0 9 4 0 2 0 1 0 1 0 2 0 1 0 2 3 1 1 4
208 GAT 1 4 0 1 0 3 5 3 0 0 0 1 2 4 1 2 3 2 0 4 0 5 1 1 2 2 0 2 1 0 0 4 7 9 3 199862 11 6 4 7 4 0 2 7 2 0 3 2 0 0 0 4 0 1 1 1 0 0 3 1 0 0 4 2
209 TGC 0 2 2 0 2 9 39 18 5 8 13 0 0 2 5 2 0 1 0 0 0 1 7 0 2 2 1 10 2 8 2 2 3 0 0 0 0 4 2 21 3 1 0 9 3 1 0 0 0 0 0 5 1 1 2 1 0 199769 0 9 1 1 1 17
210 GGA 4 0 0 0 2 3 1 3 2 0 0 11 0 3 1 1 2 0 2 1 1 0 0 0 1 2 2 3 0 1 1 1 2 11 0 0 1 4 0 2 199816 22 5 22 8 10 14 12 0 4 0 1 3 1 0 3 0 0 0 2 3 0 0 6
211 CGG 3 1 0 0 0 1 5 1 5 3 5 0 1 3 1 1 1 1 1 3 3 5 0 1 2 20 199813 16 16 5 10 2 0 0 0 0 1 0 1 2 1 0 1 5 2 1 1 1 0 0 0 1 7 4 0 13 0 7 0 6 0 2 12 3
212 TTG 1 1 0 0 0 13 2 3 5 1 3 0 0 0 1 7 1 0 2 1 9 0 1 0 6 1 0 4 22 7 9 10 0 0 0 3 3 3 2 0 1 0 0 6 0 2 1 5 0 2 0 0 2 3 0 1 0 0 3 0 11 0 199842 0
213 GGT 0 0 0 1 0 0 0 1 0 0 10 0 0 0 0 1 0 0 4 0 5 0 1 0 4 5 1 12 0 3 3 2 0 2 0 4 1 2 3 3 13 4 1 199862 9 3 0 10 0 0 0 3 1 3 1 2 0 0 1 16 0 1 1 1
214 GTC 1 0 0 0 0 1 0 1 0 0 0 1 3 8 9 1 2 0 1 1 0 1 1 0 1 2 1 0 0 0 9 6 0 0 2 0 2 0 3 5 4 4 14 2 5 199887 3 10 0 0 0 0 0 0 2 0 0 1 0 1 3 2 0 0
215 GCT 0 1 0 5 0 0 12 3 3 1 0 0 6 0 0 2 0 3 1 0 4 3 4 4 1 0 1 1 1 1 2 3 4 0 4 0 19 2 0 199874 0 7 4 2 0 2 0 1 0 0 0 1 9 2 3 1 0 2 1 0 0 0 0 0
216 GAT 1 1 3 6 3 0 0 4 1 1 2 2 0 2 1 1 1 0 2 1 4 2 0 1 0 0 0 1 2 2 4 0 2 8 2 199851 0 4 1 7 7 7 2 3 3 2 5 2 0 14 0 14 1 1 9 0 0 0 0 1 0 0 6 0
217 CGA 0 0 3 0 7 1 1 1 1 4 3 15 3 0 0 4 1 0 0 5 0 0 0 0 199869 3 8 2 0 3 4 2 4 4 1 0 0 0 0 1 5 4 0 4 0 2 1 0 0 0 0 0 6 3 0 9 0 2 0 5 4 2 1 2
218 TAT 0 0 1 0 1 1 6 0 0 4 0 16 1 0 1 1 6 0 0 2 5 1 2 0 1 0 2 1 0 2 0 1 0 12 1 1 1 12 0 0 0 0 4 2 1 1 1 0 0 18 0 199867 3 1 6 5 0 2 0 3 2 0 2 0
219 CAA 17 2 4 0 19 5 0 1 4 0 2 0 3 4 4 1 199780 28 57 0 1 10 0 0 8 8 9 0 2 0 0 0 5 0 3 0 0 0 0 0 3 1 1 0 3 1 0 2 0 0 0 1 2 0 1 0 0 1 1 0 0 3 3 0
220 GAT 1 0 2 0 1 0 1 2 2 0 0 5 0 2 4 4 1 9 1 0 0 0 0 0 2 3 5 2 0 0 0 1 1 11 0 199872 3 5 0 14 3 5 6 10 0 0 0 1 0 0 0 3 0 1 0 0 0 10 0 0 1 4 2 0
221 ATA 0 2 0 6 0 12 7 17 2 1 0 6 198609 13 2 16 6 2 0 1 0 3 0 0 3 1 0 1 327 461 63 244 1 0 3 0 1 2 3 2 2 0 0 11 0 6 3 1 0 0 0 0 1 7 30 1 0 3 0 3 76 1 33 5
222 GCA 0 0 1 2 7 1 0 0 0 0 3 1 1 2 0 2 1 1 1 2 1 0 0 0 0 0 5 6 0 0 0 0 1 4 0 2 199868 9 16 9 6 3 2 0 6 1 0 13 0 4 0 1 0 6 0 2 0 5 0 4 0 0 1 0
223 TTG 0 3 0 1 0 0 0 0 7 0 4 1 0 3 1 3 1 3 1 0 1 0 1 1 0 6 2 0 32 6 6 28 1 0 1 0 4 0 0 0 0 0 3 0 1 5 1 1 0 0 0 0 0 0 2 2 0 0 0 1 25 0 199842 0
224 GCA 3 1 1 3 3 0 1 0 0 18 0 9 0 0 0 1 0 1 0 2 3 4 5 1 1 0 3 4 1 1 6 2 27 1 3 1 199810 4 8 4 7 0 4 2 0 6 6 0 0 1 0 0 4 7 9 6 0 2 1 8 0 1 1 3
225 ACT 1 8 0 0 4 6 0 199867 1 1 1 1 9 0 1 1 1 0 2 1 0 0 0 2 0 0 1 0 0 0 0 0 0 1 0 10 3 1 0 0 0 1 2 1 23 0 20 2 0 2 0 2 2 6 1 0 0 6 1 1 1 3 1 2
226 CGC 1 3 0 1 4 2 4 2 39 9 9 1 1 2 0 0 1 2 4 4 4 1 7 5 27 199715 6 4 9 1 6 11 0 2 4 3 1 0 1 0 10 0 10 3 1 0 2 3 0 3 0 4 12 14 17 6 0 5 0 0 8 0 6 0
227 GAT 1 0 1 0 0 1 0 1 6 5 2 51 5 0 0 0 6 3 1 14 2 1 0 0 5 7 1 1 1 0 0 3 5 9 7 199754 1 0 2 0 0 0 0 0 8 12 7 13 0 5 0 0 2 16 0 16 0 17 0 6 0 0 2 0
228 ATC 7 3 3 3 12 2 0 5 3 27 5 3 1 199823 2 15 3 3 0 2 3 3 0 0 2 2 0 3 2 1 8 0 3 3 4 0 0 0 3 5 2 0 1 0 5 2 7 2 0 1 0 0 3 4 0 1 0 0 2 0 6 0 0 0
229 GCC 1 0 0 1 0 2 1 7 1 2 8 4 0 0 0 2 0 0 3 2 10 1 2 1 1 2 2 1 0 1 1 2 15 3 8 0 7 199845 9 13 2 2 0 1 1 2 8 1 0 4 0 1 3 1 4 5 0 3 0 1 0 1 0 2
230 GAA 3 0 0 1 30 40 4 45 0 159 0 9 1 0 3 0 2 57 1 26 2 0 7 0 2 0 2 4 1 3 3 1 199115 0 18 1 12 4 3 5 1 11 9 0 0 3 0 2 0 0 0 2 31 11 338 19 0 1 3 1 0 0 4 0
231 GAG 19 0 22 4 1 0 0 1 48 0 29 0 3 1 4 2 0 75 2 145 0 2 1 0 42 58 21 15 0 2 0 1 0 1 198164 3 6 0 14 10 8 0 1 3 0 21 7 1 0 331 0 877 8 4 0 0 0 2 17 1 0 14 1 8
232 CTT 0 0 0 0 0 1 0 0 6 6 6 2 2 0 0 0 0 0 1 0 2 12 4 18 1 2 3 10 2 21 11 199825 1 0 0 1 4 1 0 0 0 0 0 4 6 2 3 2 0 4 0 1 1 2 2 5 0 1 1 0 2 9 13 0
233 GGT 1 0 0 0 0 0 3 2 5 0 1 4 2 4 4 4 0 0 1 0 1 0 1 0 2 2 0 0 1 5 3 0 0 0 0 1 1 0 1 1 6 12 4 199877 7 2 18 3 0 6 0 0 0 1 4 0 0 3 1 5 1 0 0 0
234 GGT 129 45 70 22 0 94 11 19 2 7 14 6 16 6 46 11 31 11 53 18 109 278 84 35 2 2 17 31 0 1 5 5 0 14 112 17 153 76 218 112 19 44 0 197759 25 28 12 66 0 5 0 5 3 10 17 55 0 4 17 10 0 3 34 2
235 GAA 7 2 3 2 0 0 7 1 0 1 0 2 0 0 4 0 1 0 0 1 1 1 2 0 0 0 0 0 1 0 5 7 199911 0 13 2 1 0 3 5 6 1 0 3 2 1 1 0 0 0 0 1 0 0 0 2 0 0 0 0 0 0 0 0
236 TGG 0 0 0 0 1 0 0 0 2 1 7 1 0 2 0 0 5 1 1 0 2 2 3 0 2 5 13 0 16 3 8 15 0 0 1 2 1 2 0 3 11 4 1 1 4 7 6 2 0 1 0 0 1 4 2 9 0 6 199829 2 11 0 0 0
237 GCA 1 0 0 0 8 0 3 2 0 0 0 25 1 0 0 0 2 0 1 4 0 1 0 0 1 6 0 4 0 2 2 3 0 0 5 0 199840 29 11 3 3 1 0 0 3 0 1 2 0 1 0 4 3 10 6 7 0 1 1 2 0 0 1 0
238 GAC 18 52 97 17 3 0 3 3 56 18 26 64 56 111 9 9 22 65 41 1 0 0 2 10 31 40 94 37 14 30 11 18 111 198668 26 9 8 19 4 7 2 2 1 3 4 3 8 11 0 22 0 1 16 6 18 12 0 5 4 9 13 1 2 47
239 AGA 0 0 1 0 2 0 2 12 199821 3 2 0 0 1 0 0 1 3 2 2 8 5 0 0 22 1 30 4 5 0 4 9 1 0 2 0 2 1 0 3 4 9 1 0 0 0 0 2 0 0 0 1 0 6 9 1 0 8 0 3 2 0 5 0
240 TTT 8 0 5 0 1 0 0 3 0 3 3 1 0 0 2 0 1 0 3 1 3 2 5 0 0 0 1 5 1 3 0 0 0 0 2 4 1 0 0 3 5 0 0 2 12 4 1 6 0 0 0 3 2 0 6 1 0 0 3 12 1 49 0 199832
241 TTA 0 0 0 6 0 0 0 0 2 2 17 4 0 1 1 3 0 1 1 0 3 11 10 5 13 1 10 15 0 10 15 19 0 1 1 1 0 0 1 3 1 4 0 1 1 0 1 1 0 3 0 2 6 1 1 0 0 2 0 1 199806 1 11 0
242 GTT 16 7 96 9 55 10 45 63 30 4 8 6 0 1 37 2 5 63 9 26 5 13 2 6 145 37 16 60 0 7 1 4 34 4 64 0 18 0 76 10 3 0 2 1 12 34 3 198690 0 1 0 26 10 53 38 60 0 2 30 7 3 22 6 3
243 CTG 0 0 0 4 1 8 0 2 0 4 1 2 1 0 5 0 5 0 13 1 4 10 2 0 3 4 10 8 5 12 199748 24 27 0 15 4 4 5 2 9 0 3 0 1 4 5 3 2 0 0 0 1 0 1 4 1 0 1 5 3 2 2 18 1
244 TAT 2 1 1 0 1 4 2 1 1 2 0 0 0 3 9 2 0 0 2 4 3 0 0 0 1 0 2 0 0 28 0 2 0 1 5 0 3 0 1 3 1 0 0 0 1 0 1 0 0 3 0 199892 2 0 0 0 0 1 2 2 0 5 5 1
245 GGT 0 0 0 0 0 0 0 1 22 0 0 0 1 1 0 4 2 0 1 0 0 3 3 2 0 5 6 4 0 1 3 2 0 2 2 2 0 8 5 8 63 10 20 199757 10 14 2 5 0 0 0 0 1 0 4 13 0 7 1 3 0 1 1 0
246 ATC 1 1 0 0 6 2 0 4 11 3 2 22 24 199755 0 14 0 1 3 2 1 1 3 0 13 0 4 2 4 1 0 6 1 3 0 2 1 0 0 1 1 0 5 1 10 3 0 3 0 1 0 8 16 13 11 3 0 11 0 7 6 2 1 4
247 GCG 2 8 17 14 7 6 11 7 8 4 13 61 1 0 3 2 5 2 3 2 16 0 0 8 2 7 2 1 8 1 0 7 4 12 1 0 1 1 199599 9 4 2 9 1 1 4 1 0 0 0 0 3 31 5 6 20 0 13 0 6 24 2 8 5
248 GCA 15 2 9 1 20 5 1 33 2 8 1 19 2 6 18 4 24 3 13 4 1 7 3 0 0 3 4 4 65 15 5 13 4 6 8 25 199500 9 10 15 1 2 0 3 2 4 4 0 0 8 0 1 2 10 2 5 0 0 1 0 50 6 12 0
249 CCA 1 2 0 0 4 0 14 6 21 2 0 3 1 0 3 0 16 0 3 0 199756 10 0 7 5 0 25 17 9 5 1 4 1 1 0 0 0 2 7 9 0 0 11 2 4 1 1 0 0 4 0 3 3 2 2 3 0 2 0 4 17 4 0 2
250 GAC 3 2 0 0 1 3 3 2 3 4 0 1 3 0 0 0 11 1 31 0 1 0 0 0 1 3 0 0 0 4 3 2 0 199854 0 5 1 8 3 0 0 2 1 0 0 0 4 3 0 4 0 8 5 4 2 2 0 5 0 4 0 1 0 2
251 TCT 3 6 14 1 9 3 30 43 3 20 17 4 10 0 9 15 95 22 17 1 0 2 4 0 16 52 49 28 4 2 67 51 1 13 3 4 1 3 14 2 3 0 9 2 0 1 0 0 0 55 0 11 2 22 4 198891 0 5 262 1 24 24 4 42
252 CAG 2 12 2 3 2 7 0 2 2 0 9 5 0 5 0 0 3 3 199736 13 1 4 0 2 1 6 3 2 0 0 2 4 8 64 2 37 6 0 0 0 0 0 0 0 2 0 2 0 0 2 0 2 2 1 10 5 0 2 0 0 3 14 2 5
253 CGT 0 0 0 2 0 0 0 0 4 5 6 6 3 0 7 2 2 1 0 1 0 1 1 3 11 0 1 199866 0 4 1 4 0 5 0 1 0 2 4 3 3 4 13 3 0 5 4 0 0 1 0 1 3 2 1 2 0 2 2 1 1 1 5 0
254 ATC 1 0 1 2 0 1 0 3 1 15 5 0 3 199871 0 0 3 3 5 0 2 2 0 3 0 2 9 0 0 7 2 9 2 1 2 0 1 1 2 4 0 1 0 0 0 1 1 5 0 0 0 0 1 8 1 3 0 0 0 0 11 2 2 1
255 GCC 0 3 0 0 2 11 0 3 2 6 1 9 4 0 6 3 0 0 0 2 1 0 2 4 0 2 0 1 0 0 1 0 8 3 0 5 0 199801 8 34 13 7 1 6 6 0 1 0 0 4 0 15 1 5 2 7 0 2 0 2 3 3 0 0
256 TTT 3 0 0 3 0 3 0 0 4 4 6 0 0 8 4 3 8 5 2 1 3 1 7 1 13 0 8 6 10 0 5 16 0 1 8 2 0 0 2 3 1 0 2 0 0 2 0 0 0 43 0 73 6 3 7 11 0 4 221 0 3 3 0 199481
257 TAT 0 0 0 0 0 0 0 1 1 0 0 1 0 0 3 0 2 9 3 14 5 2 0 4 0 0 1 0 0 2 0 0 0 5 0 0 0 0 0 0 1 0 0 0 2 6 2 3 0 1 0 199923 1 0 0 0 0 4 0 1 1 0 1 1
258 AGA 0 0 10 0 0 0 0 0 199822 2 6 2 1 0 1 0 1 0 9 4 1 0 2 4 19 5 10 2 11 11 0 1 3 0 1 0 1 0 0 1 10 0 6 1 0 0 0 0 0 1 0 0 11 12 1 5 0 0 2 3 17 0 1 0
259 TTA 0 0 1 2 1 0 0 0 7 2 1 3 0 3 2 1 0 1 1 3 0 4 2 0 0 2 1 2 7 0 13 19 0 1 1 1 0 1 1 1 0 0 1 0 0 2 1 2 0 1 0 1 0 0 3 0 0 3 0 1 199888 2 11 0
260 CTA 0 0 1 0 0 2 0 0 0 1 4 4 0 1 8 2 2 0 2 1 1 1 0 0 4 3 0 0 199877 50 6 2 0 5 0 0 0 0 0 0 0 2 1 0 0 2 1 1 0 0 0 1 1 0 1 0 0 0 2 0 0 0 11 0
261 GAC 2 0 1 0 0 3 0 5 1 1 0 0 2 2 0 0 8 1 1 3 0 0 0 0 4 1 2 0 1 0 1 0 3 199921 0 0 0 0 0 0 1 1 1 0 1 3 9 0 0 10 0 0 0 1 4 2 0 0 2 0 0 0 0 2
262 GAG 9 4 5 1 2 2 1 0 3 3 1 1 5 1 2 0 2 0 3 3 0 0 0 1 1 3 2 1 0 0 1 1 3 1 199884 1 0 5 0 1 2 0 10 0 1 0 3 5 0 1 0 4 6 2 0 4 0 1 0 3 2 1 2 0
263 TTC 0 0 0 1 1 1 3 1 0 7 0 1 2 6 0 5 2 0 0 0 1 0 1 0 0 0 0 2 0 1 2 2 1 2 1 2 1 0 4 5 0 1 0 2 2 0 1 0 0 2 0 0 2 2 2 2 0 0 2 3 3 199901 1 19
264 TTC 1 0 2 2 1 0 0 1 0 1 0 3 0 0 0 1 3 2 0 2 1 0 2 0 0 1 1 0 3 1 3 3 0 0 3 0 0 0 0 0 2 4 2 0 2 6 5 7 0 2 0 9 7 1 2 2 0 6 0 7 2 199894 0 3
