# POSITION WT AAA AAC AAG AAT ACA ACC ACG ACT AGA AGC AGG AGT ATA ATC ATG ATT CAA CAC CAG CAT CCA CCC CCG CCT CGA CGC CGG CGT CTA CTC CTG CTT GAA GAC GAG GAT GCA GCC GCG GCT GGA GGC GGG GGT GTA GTC GTG GTT TAA TAC TAG TAT TCA TCC TCG TCT TGA TGC TGG TGT TTA TTC TTG TTT
1 ATG 54 65 8 27 1626 182 1378 0 745 0 205 3 141 1731 986414 229 0 1 0 1 7 61 28 21 177 72 239 358 425 182 264 665 251 2 389 0 93 127 171 4 454 865 539 3 0 0 1 0 0 206 0 554 2 3 5 5 0 32 0 20 777 21 43 124
2 ATT 86 64 116 192 77 25 23 76 3 37 11 5 11 64 0 995723 57 308 334 5 8 23 1 14 16 53 6 35 11 30 12 20 0 27 0 15 27 384 37 42 18 1 29 11 127 303 196 416 0 257 0 64 7 28 18 35 0 0 174 0 1 153 28 156
3 GAG 37 69 200 34 382 82 138 612 18 246 635 19 32 30 0 65 420 516 338 193 25 135 68 8 155 154 300 221 359 44 11 76 87 87 991029 102 0 0 0 0 28 39 35 70 10 6 12 37 0 53 0 140 356 7 63 320 0 0 61 0 338 714 71 713
4 CAA 156 107 477 226 28 21 61 237 27 29 0 25 21 58 0 77 995142 0 28 0 18 133 87 74 5 175 24 129 77 698 214 156 21 0 102 0 0 0 0 0 12 148 202 272 210 21 30 36 0 21 0 38 36 18 8 11 0 54 204 19 1 0 26 0
5 GAC 4728 36 12614 54 1228 1378 743 236 5 914 1497 504 5396 315 0 2878 1678 72 1786 12 81 74 195 78 356 172 15 141 506 1051 80 554 130 956409 530 163 69 61 98 5 63 134 403 68 1 1 3 1 0 0 0 0 6 181 320 324 0 11 252 34 640 198 204 314
6 GGC 1460 4334 4610 139 34 1002 92 554 122 1625 157 11 860 2140 821 940 27 0 32 0 4451 1979 928 1215 304 227 28 59 7 82 111 36 1793 117 172 39 327 55 164 778 72 959906 78 34 175 181 323 503 0 511 0 161 2126 1599 27 195 0 0 1002 0 104 452 125 594
7 CTT 213 0 498 0 0 0 0 0 97 0 114 14 0 0 0 0 0 5 0 1 11 23 36 27 141 16 303 22 0 31 127 996041 89 0 69 0 94 127 210 8 20 16 23 51 8 3 1 0 0 0 0 0 1 6 3 11 0 277 0 1171 55 0 37 0
8 CAT 0 1259 0 1714 0 0 0 0 812 1061 3146 556 0 0 1259 0 0 110 0 895106 492 943 469 588 1728 325 2237 476 3311 2099 1900 84 16634 186 18731 1823 0 0 0 0 95 396 129 277 130 726 68 922 0 0 0 0 1195 529 1589 857 0 2590 0 26274 1027 0 6147 0
9 GCA 82 148 21 109 28 5 24 8 0 30 21 17 165 610 0 184 0 0 0 0 543 74 36 137 12 58 13 15 10 94 58 14 52 0 114 0 996403 28 44 29 48 73 112 186 107 108 11 1 0 0 0 0 21 20 34 20 0 0 0 0 55 0 18 0
10 GGA 0 0 0 0 55 0 14 81 0 5 0 5 0 0 0 0 0 0 0 0 27 3 27 16 0 0 0 0 26 16 9 28 0 0 0 0 0 0 0 0 998982 30 88 9 37 9 117 182 0 0 0 0 7 20 62 14 0 80 0 31 17 0 3 0
11 TCT 8 0 43 0 173 189 172 196 812 9 906 115 530 1849 7648 1961 147 2277 1881 766 576 535 733 1025 2665 3559 4355 2000 5874 770 6858 1868 111 410 189 153 11 7 22 21 60 163 21 49 130 799 7 279 0 5886 0 2098 30 17 63 930597 0 1397 55 1611 3274 964 675 401
12 CCC 0 0 0 0 47 22 6 58 21 5 4 22 0 0 0 0 0 0 0 0 85 999277 4 5 6 20 5 3 9 24 22 18 0 56 0 25 56 54 10 19 0 0 0 0 3 21 29 8 0 0 0 0 10 9 16 12 0 0 0 0 4 0 5 0
13 GCT 98 0 148 0 63 103 107 131 44 161 96 117 0 0 0 0 115 77 15 15 9 24 20 4 89 180 2 23 9 15 28 26 10 502 96 294 106 2 39 996566 47 8 9 17 76 49 18 173 0 0 0 0 29 117 64 37 0 0 0 0 12 0 10 0
14 GCA 234 29 72 47 76 107 80 115 16 23 34 95 0 0 98 0 0 0 0 0 33 174 50 65 62 25 46 82 23 6 3 2 6 19 45 115 997238 188 39 54 61 131 18 20 8 9 42 27 0 0 0 0 73 39 93 90 0 27 0 36 23 0 2 0
15 TGG 0 0 0 0 0 0 0 0 82 21 17 9 0 0 0 0 0 0 0 0 0 0 0 0 35 22 89 199 27 54 29 1 0 0 0 0 0 0 0 0 17 8 17 67 0 0 0 0 0 0 0 0 79 2 28 5 0 11 999032 36 3 0 110 0
16 GTG 1144 118 156 64 70 212 141 186 541 14 78 141 0 0 0 0 214 0 254 0 0 0 0 0 777 42 20 784 17 81 34 65 19 0 227 0 115 470 110 109 40 160 339 8 61 36 992296 29 0 70 0 55 37 93 231 110 0 12 0 68 9 0 143 0
17 GAA 0 0 0 0 13 41 10 2 7 87 33 1 0 0 0 0 121 46 117 19 9 18 47 11 54 76 11 12 2 5 9 16 998398 0 88 0 13 25 23 16 49 19 28 10 10 20 10 26 0 0 0 0 340 43 12 8 0 0 70 0 8 0 17 0
18 CGT 77 36 533 5 0 0 0 0 25 68 58 80 0 0 0 0 0 0 0 0 5 92 2 21 119 36 111 997460 13 48 32 57 230 31 65 64 12 15 6 32 83 63 90 84 4 15 9 56 0 0 0 0 21 20 37 8 0 92 0 45 35 0 5 0
19 TTG 0 0 0 0 0 0 0 0 16 0 24 0 0 0 82 0 0 0 0 0 0 0 0 0 24 0 24 11 152 89 54 78 0 0 0 0 0 0 0 0 0 0 0 0 0 0 0 0 0 0 0 0 0 0 0 0 0 0 0 0 105 0 999341 0
20 TTC 11 0 58 0 147 35 97 502 677 32 961 19 260 151 222 35 19 107 31 137 3 21 265 20 167 752 24 863 60 34 248 74 116 62 498 74 30 137 263 162 14 3 4 32 77 124 37 11 0 48 0 16 8 37 30 58 0 112 0 104 45 991738 61 67
21 GGA 0 23 0 40 0 0 0 0 34 23 10 46 0 0 0 0 0 0 0 0 0 0 0 0 8 12 10 5 6 14 10 0 0 42 0 30 0 0 0 0 999108 9 120 56 3 23 79 7 0 0 0 0 3 34 130 65 0 0 0 0 41 0 9 0
22 TAT 0 0 0 0 0 0 0 0 0 15 0 11 0 0 0 0 0 0 0 0 0 0 0 0 0 0 0 0 6 41 1 14 0 32 0 32 4 12 9 26 0 0 0 0 0 0 0 0 0 11 0 999639 11 41 16 2 0 0 0 0 23 0 54 0
23 GAT 0 17 0 122 28 87 32 141 52 17 33 37 21 42 0 43 19 17 41 42 0 0 0 0 60 63 41 3 38 0 12 10 0 11 0 998673 0 0 0 0 13 26 7 44 0 0 0 0 0 65 0 12 27 8 31 16 0 0 0 0 11 0 38 0
24 TGG 0 0 0 0 16 1 14 15 13 12 14 16 0 0 0 0 0 0 0 0 0 0 0 0 101 6 57 53 12 15 24 54 0 0 0 0 0 0 0 0 30 14 16 13 0 0 0 0 0 0 0 0 14 14 15 0 0 15 999131 163 62 0 90 0
25 GCA 33 0 169 0 554 1370 153 887 295 1758 9 110 618 42 0 2039 2303 0 2197 0 0 0 0 0 653 79 115 113 22 23 4 46 348 3678 11821 1344 967867 8 17 12 12 29 21 59 34 17 70 36 0 0 0 0 662 53 140 159 0 0 0 0 20 0 1 0
26 CAA 0 0 0 0 23 23 20 3 29 4 47 8 0 42 0 10 998390 83 85 78 1 23 39 14 281 110 0 65 113 42 14 103 97 0 8 0 0 0 0 0 0 0 0 0 0 0 0 0 0 0 0 0 25 0 37 47 0 0 0 0 99 0 37 0
27 CAA 0 13 0 126 556 107 165 101 36 175 38 0 142 2732 0 14182 976807 0 13 0 50 117 45 83 57 12 21 32 866 130 224 398 0 0 0 0 161 121 245 315 0 0 0 0 266 221 390 11 0 0 0 0 12 225 161 67 0 0 0 0 366 0 211 0
28 ACA 0 47 0 35 998324 139 79 2 1 18 46 24 21 26 0 16 0 165 0 3 7 14 2 26 30 10 26 36 1 31 2 18 0 0 0 0 58 172 102 157 0 0 0 0 0 0 0 0 0 161 0 9 34 30 78 41 0 0 0 0 1 0 8 0
29 ATC 0 0 0 0 0 0 0 0 0 10 0 17 46 999257 0 46 54 0 26 0 6 51 8 8 0 0 0 0 11 27 58 18 0 0 0 0 0 0 0 0 20 24 7 12 43 3 10 4 0 20 0 40 3 1 0 93 0 0 0 0 44 0 33 0
30 GGC 0 0 0 0 0 0 0 0 47 24 14 115 0 0 0 0 0 0 0 0 0 0 0 0 56 31 2 4 0 0 0 0 0 0 0 0 0 0 0 0 52 999326 50 67 11 51 30 22 0 0 0 0 14 31 39 14 0 0 0 0 0 0 0 0
31 TGC 6822 0 517 0 0 0 0 0 95 71 461 9 11 17 0 20 701 13 1177 38 0 0 0 0 267 181 7 216 152 84 219 107 58 0 0 0 10 10 6 51 20 1 44 19 54 30 15 31 0 0 0 0 14 13 22 16 0 988130 0 9 141 41 40 40
32 AGT 0 0 0 0 30 39 15 39 46 31 20 999123 25 2 0 99 0 0 0 0 0 0 0 0 27 37 22 3 6 21 23 23 0 0 0 0 0 0 0 0 0 0 0 0 0 0 0 0 0 0 0 0 45 172 8 120 0 0 0 0 9 0 15 0
33 GAC 48 58 274 32 967 1206 1485 621 171 419 281 1310 73 36 0 30 39 1 27 46 99 420 159 192 194 175 67 29 72 111 148 9 10 986944 36 41 30 45 92 11 313 351 122 32 5 25 25 41 0 15 0 41 872 506 656 769 0 20 0 31 101 0 67 0
34 GCC 0 0 0 0 0 0 0 0 24 46 10 30 0 0 0 0 79 0 12 0 0 0 0 0 79 0 3 26 0 0 0 0 68 0 9 0 0 999327 50 20 6 29 15 10 0 0 0 0 0 0 0 0 0 55 102 0 0 0 0 0 0 0 0 0
35 GCC 0 283 0 105 661 185 335 194 0 253 18 78 16 47 0 276 0 224 0 12 62 4 2 3 29 30 4 32 7 24 25 19 110 0 47 0 62 995355 57 197 46 3 16 2 88 19 88 53 0 0 0 0 279 7 482 18 0 0 0 0 3 88 4 48
36 GTA 0 0 0 0 0 0 0 0 9 0 27 0 0 0 0 0 0 0 0 0 0 0 0 0 1 1 0 11 1 30 13 1 0 0 0 0 0 0 0 0 1 1 58 7 999713 82 9 23 0 0 0 0 0 0 0 0 0 0 0 0 5 0 7 0
37 TTT 0 0 0 0 0 0 0 0 0 15 0 28 0 0 0 0 0 0 0 0 0 0 0 0 0 0 0 0 7 9 10 3 0 0 0 0 0 0 0 0 0 0 0 0 0 0 0 0 0 0 0 0 43 32 55 22 0 0 0 0 2 20 20 999734
38 CGC 0 0 0 0 0 0 0 0 4 43 60 1 0 0 0 0 0 0 0 0 0 0 0 0 113 999329 37 7 63 10 71 57 0 0 0 0 0 0 0 0 19 18 16 12 0 0 0 0 0 0 0 0 7 39 8 46 0 0 0 0 20 0 20 0
39 CTT 0 0 0 0 0 0 0 0 0 0 19 0 0 0 0 0 0 0 0 0 0 0 0 0 2 2 48 12 30 28 22 999403 0 0 0 0 0 0 0 0 58 108 156 16 0 0 0 0 0 0 0 0 0 0 0 0 0 0 0 0 50 0 46 0
40 AGT 0 0 0 0 1 48 55 72 5 87 9 998741 38 30 0 2 12 17 46 36 0 0 0 0 36 17 23 105 0 0 0 0 0 0 0 0 0 0 0 0 6 32 22 17 13 18 3 58 0 0 0 0 41 47 10 72 0 0 281 0 0 0 0 0
41 GCT 0 73 0 10 22 1 1 12 0 12 0 34 0 0 0 0 28 0 162 0 0 0 0 0 0 0 0 0 0 0 0 0 105 0 15 0 241 47 40 998498 0 0 0 0 11 51 5 17 0 0 0 0 28 53 48 17 0 422 0 47 0 0 0 0
42 CAG 0 0 0 0 412 766 2755 23 36 41 38 3 0 0 0 0 66 0 994343 0 41 89 75 12 178 71 290 42 8 1 6 23 11 11 118 21 3 22 5 0 0 0 0 0 85 47 127 25 0 0 0 0 12 73 22 34 0 0 0 0 4 32 22 7
43 GGA 0 405 0 40 24 27 110 16 64 1979 45 316 0 0 0 0 0 98 0 103 0 0 0 0 97 32 53 14 2 18 6 7 0 0 0 0 7 4 11 42 993415 14 26 37 32 9 9 30 0 0 0 0 335 1104 232 1111 0 0 0 0 9 48 36 33
44 AGG 164 0 18 0 0 0 0 0 23 0 999056 0 0 0 0 0 0 0 0 0 29 13 10 10 4 96 146 21 32 5 35 24 0 0 0 0 9 33 4 10 53 42 101 47 0 0 0 0 0 0 0 0 0 0 0 0 0 0 0 0 0 0 15 0
45 CCG 72 115 54 32 17 22 31 5 73 17 103 7 0 0 0 0 53 0 108 0 73 8 998372 86 120 33 121 64 21 1 15 10 19 0 58 0 8 8 34 15 12 18 8 21 0 0 0 0 0 76 0 5 34 1 1 14 0 0 0 0 16 0 19 0
46 GTG 0 104 0 3 161 306 119 179 0 158 25 129 0 0 0 0 0 0 0 0 53 138 30 28 5 16 31 0 24 18 37 6 0 47 0 57 558 690 504 194 132 21 181 52 4 27 995350 79 0 0 0 0 29 88 7 33 0 156 0 109 77 0 35 0
47 TTG 62 0 112 0 0 0 0 0 3 0 9 0 0 0 0 0 17 31 26 216 33 24 27 5 72 27 137 16 11 37 73 153 0 0 0 0 0 0 0 0 9 43 1 16 0 0 0 0 0 18 0 34 0 0 0 0 0 0 0 0 13 41 998652 82
48 TTC 0 0 0 0 0 0 0 0 0 35 0 4 0 0 0 0 0 0 0 0 0 0 0 0 0 0 0 0 6 62 24 8 0 0 0 0 0 0 0 0 0 0 0 0 62 19 4 6 0 0 0 0 43 0 0 14 0 0 0 0 9 999664 3 37
49 GTT 0 0 0 0 0 0 0 0 0 0 0 0 0 0 0 0 0 0 0 0 0 0 0 0 0 0 0 0 54 2 71 27 67 0 11 0 21 17 15 5 10 15 24 6 50 254 78 999213 0 0 0 0 0 0 0 0 0 0 0 0 22 0 38 0
50 AAG 118 0 999489 0 0 0 0 0 12 42 18 8 0 0 0 0 0 0 0 0 0 0 0 0 10 72 11 55 0 0 0 0 0 0 0 0 0 0 0 0 0 0 0 0 33 2 29 10 0 0 0 0 16 3 71 1 0 0 0 0 0 0 0 0
51 ACC 0 25 0 57 48 999450 24 120 27 33 10 2 0 0 0 0 10 0 21 0 0 0 0 0 2 19 12 6 9 5 17 8 0 0 0 0 2 1 1 6 0 0 0 0 0 0 0 0 0 0 0 0 36 4 12 21 0 0 0 0 11 0 1 0
52 GAT 0 0 0 0 0 3 20 18 0 752 0 41 370 858 46 910 1004 0 862 0 0 0 0 0 0 0 0 0 6 116 188 56 14 13 30 980903 2783 3140 5297 1211 33 5 10 8 55 136 47 11 0 0 0 0 167 29 174 436 0 36 0 141 16 0 55 0
53 TTG 28948 117 45049 481 1304 398 3227 1050 1456 6733 1726 1149 2750 1661 1465 574 0 10899 0 1417 3228 1662 8954 5764 5626 148 374 1286 10 7 25 4 609 6165 717 8771 5078 7644 2290 10569 2972 6721 4222 6771 167114 131210 14983 91130 0 1099 0 820 2526 10691 19170 7934 0 0 1477 0 3 576 351044 202
54 TCT 0 2 0 23 0 0 0 0 133 24 92 87 0 0 0 0 0 148 0 24 26 13 5 24 185 94 10 34 6 2 3 10 11 0 6 0 0 0 0 0 0 0 0 0 8 2 12 1 0 0 0 0 214 108 18 998654 0 0 0 0 14 0 7 0
55 GGG 0 0 0 0 139 296 24 386 104 62 39 107 0 0 0 0 239 14 69 173 0 0 0 0 64 75 80 33 22 192 347 15 0 0 0 0 3 31 13 80 32 92 995119 51 564 211 26 221 0 0 0 0 59 40 168 79 0 6 0 29 390 219 30 57
56 GCG 0 0 0 0 22 19 8 40 12 16 15 6 22 6 0 26 0 13 0 216 39 4 17 44 9 3 4 6 0 0 0 0 0 129 0 153 48 44 998913 26 0 0 0 0 0 0 0 0 0 0 0 0 7 11 119 3 0 0 0 0 0 0 0 0
57 CTA 0 0 0 0 0 0 0 0 258 0 114 0 0 0 0 0 0 166 0 96 455 561 98 170 299 57 47 446 996884 43 108 37 0 0 0 0 0 0 0 0 0 0 0 0 0 0 0 0 0 0 0 0 0 0 0 0 0 0 0 0 122 0 39 0
58 AAC 153 998859 7 90 2 32 42 6 15 3 55 1 0 0 0 0 0 27 0 27 0 0 0 0 22 7 62 64 7 17 11 1 30 0 30 0 17 28 98 29 2 7 27 38 0 69 14 0 0 0 0 0 10 11 23 12 0 0 0 0 2 0 43 0
59 GAG 0 0 0 0 0 0 0 0 12 48 25 33 0 0 0 0 0 0 0 0 0 0 0 0 16 13 3 7 8 43 17 0 99 0 999573 83 0 0 0 0 0 0 0 0 0 0 0 0 0 0 0 0 8 0 2 6 0 0 0 0 0 0 4 0
60 CTG 0 0 0 0 0 0 0 0 9 40 23 29 30 50 51 9 0 0 0 0 35 17 30 5 1 53 40 3 46 4 999088 74 0 90 0 29 14 0 18 61 0 0 0 0 2 9 0 38 0 0 0 0 40 8 18 11 0 0 0 0 7 0 18 0
61 CAA 126 0 15 0 14 78 9 7 42 26 96 9 0 0 0 0 997963 192 49 28 1 4 49 13 22 8 25 45 5 1 17 55 138 241 33 116 25 69 10 33 28 7 4 33 42 27 19 2 0 19 0 90 27 2 0 18 0 0 0 0 18 31 28 41
62 GAT 0 0 0 0 71 21 12 12 0 10 0 34 0 0 0 0 0 0 0 0 0 0 0 0 0 0 0 0 1 4 58 3 39 6 539 998933 0 0 0 0 0 0 0 0 48 3 9 32 0 0 0 0 7 3 0 7 0 25 0 65 29 0 29 0
63 GAG 67 0 20 0 0 0 0 0 27 21 10 28 0 0 0 0 33 0 53 0 11 19 14 7 63 37 27 14 15 19 121 16 7 34 998873 69 2 24 17 16 29 2 113 21 0 0 0 0 0 0 0 0 0 28 14 12 0 0 0 0 39 0 78 0
64 GCG 10 0 61 0 0 0 0 0 28 0 20 26 0 0 0 0 0 0 0 0 0 0 0 0 11 6 9 6 0 0 0 0 34 0 19 0 25 8 999413 39 0 0 0 0 0 0 0 0 0 0 0 0 12 208 5 60 0 0 0 0 0 0 0 0
65 GCC 0 0 0 0 0 0 0 0 33 16 12 273 0 0 0 0 0 0 0 0 12 6 35 23 86 13 8 117 0 0 0 0 71 0 360 0 12 995178 82 14 0 0 0 0 651 470 333 577 0 0 0 0 473 3 558 41 0 415 0 128 0 0 0 0
66 CGA 0 0 0 0 0 0 0 0 17 42 6 30 0 0 0 0 0 0 0 0 0 0 0 0 999522 50 38 57 22 7 14 0 0 0 0 0 0 0 0 0 9 0 21 16 0 0 0 0 0 0 0 0 61 12 15 14 0 0 0 0 9 0 38 0
67 CTT 0 0 0 0 0 0 0 0 52 17 24 88 0 0 0 0 0 187 0 305 525 588 144 7 28 2 3 11 19 32 5 997745 0 0 0 0 0 0 0 0 0 0 0 0 0 0 0 0 0 0 0 0 23 51 27 80 0 0 0 0 27 0 10 0
68 TCG 153 9 69 55 44 28 84 7 269 3 239 18 1 60 0 36 286 0 45 0 0 0 0 0 150 414 7 392 22 6 13 5 0 0 0 0 54 14 75 71 1 60 32 51 0 0 0 0 0 50 0 9 150 3 996898 114 0 0 0 0 0 0 3 0
69 TGG 0 0 0 0 10 9 33 8 0 14 0 27 0 0 0 0 0 0 0 0 0 0 0 0 0 0 0 0 21 1 34 6 0 0 0 0 5 10 9 36 33 49 2 124 0 0 0 0 0 16 0 43 8 3 21 0 0 0 999350 0 66 0 62 0
70 CTG 0 0 0 0 0 0 0 0 26 8 60 14 0 0 63 0 0 0 0 0 16 18 54 11 30 10 13 13 6 7 999270 121 0 0 0 0 0 0 0 0 0 0 0 0 29 4 87 12 0 0 0 0 9 2 0 6 0 0 0 0 0 0 111 0
71 GCC 0 0 0 0 0 0 0 0 15 80 48 87 0 0 0 0 0 0 0 0 32 40 5 63 28 13 35 0 0 0 0 0 0 0 0 0 36 998728 72 166 30 109 15 11 38 4 8 9 0 0 0 0 28 178 34 33 0 54 0 1 0 0 0 0
72 ACA 0 0 0 0 999254 55 152 134 0 90 0 26 0 0 0 0 0 0 0 0 37 4 10 5 0 0 0 0 0 0 0 0 0 0 0 0 0 0 0 0 11 8 30 19 0 0 0 0 0 0 0 0 25 49 2 24 0 62 0 3 0 0 0 0
73 ACA 0 0 0 0 999572 10 251 65 0 0 0 0 0 0 0 0 0 0 0 0 0 0 0 0 0 0 0 0 0 0 0 0 0 0 0 0 0 0 0 0 0 0 0 0 0 0 0 0 0 10 0 40 18 25 2 7 0 0 0 0 0 0 0 0
74 GGG 0 0 0 0 0 0 0 0 0 0 0 0 0 0 0 0 0 0 0 0 0 0 0 0 0 0 0 0 0 0 0 0 0 0 0 0 15 5 2 10 81 111 999504 272 0 0 0 0 0 0 0 0 0 0 0 0 0 0 0 0 0 0 0 0
75 GTT 0 0 0 0 274 62 79 29 0 0 0 0 0 0 0 0 91 0 159 0 0 0 0 0 0 0 0 0 14 8 30 14 0 0 0 0 12 10 11 23 0 0 0 0 109 72 27 998894 0 0 0 0 0 0 0 0 0 0 0 0 57 0 25 0
76 CCG 0 0 0 0 54 29 7 13 33 15 35 24 0 0 0 0 16 47 84 37 13 0 998878 60 94 23 17 43 67 12 65 28 0 0 0 0 0 0 0 0 4 1 17 19 0 0 0 0 0 0 0 0 20 10 81 96 0 0 0 0 27 0 31 0
77 TGC 0 0 0 0 11 33 2 7 7 4 22 8 0 0 0 0 0 0 0 0 0 0 0 0 6 0 9 4 4 1 8 18 0 0 0 0 0 0 0 0 18 49 21 3 52 36 49 8 0 0 0 0 25 8 29 8 0 999277 0 197 24 0 52 0
78 GCA 0 0 0 0 12 21 84 4 11 11 7 7 0 0 0 0 0 0 0 0 0 0 0 0 90 17 86 7 2 1 7 3 0 0 0 0 999385 11 30 84 0 0 0 0 0 0 0 0 0 0 0 0 8 44 25 3 0 0 0 0 27 0 13 0
79 GCG 57 41 362 186 37 20 65 0 94 43 106 30 404 189 0 271 93 114 59 26 20 3 50 43 238 86 92 56 0 0 0 0 34 0 56 0 49 11 996494 75 114 80 40 39 17 9 0 28 0 0 0 0 6 20 41 102 0 0 0 0 0 0 0 0
80 GTT 0 0 0 0 0 0 0 0 79 0 24 0 0 0 0 0 0 0 0 0 0 0 0 0 22 31 19 10 7 24 20 23 0 0 0 0 0 0 0 0 0 0 0 0 176 63 18 999340 0 0 0 0 0 0 0 0 0 36 0 17 12 0 79 0
81 TTA 0 0 0 0 40 9 0 55 7 0 1 0 95 34 0 36 0 0 0 0 19 30 8 17 29 32 14 34 95 123 12 31 138 0 18 0 8 17 7 14 32 2 15 29 0 0 0 0 0 0 0 0 0 0 0 0 0 0 0 0 998839 0 160 0
82 GAT 0 0 0 0 0 0 0 0 0 0 0 0 0 0 0 0 0 0 0 0 0 0 0 0 0 0 0 0 0 0 0 0 0 29 0 999828 0 0 0 0 0 0 0 0 0 0 0 0 0 33 0 110 0 0 0 0 0 0 0 0 0 0 0 0
83 GTT 0 0 0 0 0 0 0 0 70 45 131 65 8 28 0 39 0 0 0 0 0 0 0 0 37 75 30 172 32 42 120 8 0 0 0 0 6 11 135 1 42 68 37 22 23 26 48 994644 0 0 0 0 53 35 41 4 0 0 0 0 39 949 42 2872
84 GTA 0 0 0 0 26 6 27 8 0 31 0 28 16 18 0 17 89 0 32 0 0 0 0 0 0 0 0 0 5 13 8 9 0 0 0 0 64 26 2 39 0 0 0 0 999197 21 12 125 0 0 0 0 45 2 18 20 0 43 0 34 12 0 7 0
85 ACG 0 0 0 0 34 111 999511 1 0 2 0 29 10 18 0 29 0 0 0 0 0 0 0 0 0 0 0 0 0 0 0 0 0 0 0 0 0 2 3 3 0 0 0 0 17 21 36 5 0 0 0 0 20 31 13 13 0 40 0 51 0 0 0 0
86 GAG 0 0 0 0 0 0 0 0 0 0 0 0 0 0 0 0 0 0 0 0 0 0 0 0 0 0 0 0 12 13 24 4 60 0 999587 0 21 1 31 35 0 19 32 78 1 25 16 7 0 0 0 0 0 0 0 0 0 0 0 0 0 0 34 0
87 GCG 24 0 98 0 0 0 0 0 3 61 4 32 3 30 144 21 0 57 0 2 43 64 8 16 28 0 29 8 51 7 23 13 0 0 0 0 19 27 998836 154 0 0 0 0 3 9 24 21 0 0 0 0 12 23 38 40 0 0 0 0 12 0 13 0
88 GGC 0 22 0 40 0 0 0 0 87 30 7 134 0 0 0 0 0 0 0 0 0 0 0 0 48 102 8 38 15 64 19 35 0 172 0 35 0 0 0 0 28 998094 1 80 25 8 18 62 0 0 0 0 92 129 337 172 0 0 0 0 39 0 59 0
89 AGG 0 0 0 0 2 32 18 10 18 17 999104 4 0 0 0 0 0 61 0 68 0 0 0 0 31 135 209 5 0 0 0 0 0 0 0 0 0 0 0 0 41 42 27 43 0 0 0 0 0 0 0 0 2 92 4 35 0 0 0 0 0 0 0 0
90 GAT 0 0 0 0 5 23 20 14 18 15 9 33 0 0 0 0 0 0 0 0 0 0 0 0 7 11 25 7 0 0 0 0 0 117 0 999485 5 52 15 9 7 12 49 27 0 0 0 0 0 0 0 0 17 9 9 0 0 0 0 0 0 0 0 0
91 TGG 0 0 0 0 0 0 0 0 0 61 11 63 0 0 0 0 55 0 7 0 0 0 0 0 12 15 45 16 6 16 50 31 0 0 0 0 0 0 0 0 55 30 33 26 0 0 0 0 0 0 0 0 20 3 20 0 0 23 999299 84 6 0 13 0
92 CTA 0 0 0 0 0 0 0 0 0 0 0 0 0 0 0 0 0 0 0 0 30 13 2 12 0 0 0 0 999448 130 2 65 0 0 0 0 43 27 23 35 0 0 0 0 0 0 0 0 0 0 0 0 0 0 0 0 0 13 0 23 108 0 26 0
93 TTA 0 0 0 0 0 0 0 0 5 6 31 18 0 0 0 0 0 0 0 0 20 54 36 39 29 11 9 11 16 165 44 70 0 0 0 0 0 0 0 0 0 0 0 0 17 6 28 43 0 0 0 0 17 10 5 10 0 0 0 0 999229 36 23 12
94 TTA 0 0 0 0 44 30 61 95 11 0 57 0 0 0 0 0 0 0 0 0 36 14 13 23 36 7 13 13 86 40 62 14 0 0 0 0 0 0 0 0 0 0 0 0 0 0 0 0 0 0 0 0 0 0 0 0 0 0 0 0 999337 0 8 0
95 GGT 0 0 0 0 0 0 0 0 47 20 98 9 0 0 0 0 0 0 0 0 0 0 0 0 55 28 10 15 3 15 10 27 0 0 0 0 0 0 0 0 117 43 20 999143 49 37 45 29 0 0 0 0 5 35 11 8 0 2 0 73 45 0 1 0
96 GAG 61 0 37 0 0 0 0 0 16 0 7 0 0 0 0 0 16 0 34 0 0 0 0 0 22 0 22 1 2 21 1 15 117 0 999394 0 77 1 10 17 32 3 59 8 0 0 0 0 0 0 0 0 0 0 0 0 0 0 0 0 19 0 8 0
97 GTT 0 0 0 0 15 2 14 23 68 0 8 0 0 0 0 0 0 0 0 0 0 0 0 0 9 100 18 31 37 22 0 31 0 0 0 0 0 0 0 0 28 26 3 8 65 27 22 999404 0 0 0 0 0 0 0 0 0 0 0 0 38 0 1 0
98 CCG 0 0 0 0 15 47 4 5 7 13 31 26 0 0 0 0 36 0 25 0 21 26 999318 22 42 8 60 100 14 9 13 20 0 0 0 0 0 0 0 0 8 13 19 17 0 0 0 0 0 0 0 0 1 4 7 2 0 0 0 0 28 0 39 0
99 GGG 0 0 0 0 0 0 0 0 20 9 0 27 0 0 0 0 0 0 0 0 0 0 0 0 4 32 30 48 0 0 0 0 0 0 0 0 3 8 56 3 89 134 999235 93 0 18 16 16 0 0 0 0 2 47 10 42 0 39 0 19 0 0 0 0
100 CAA 97 0 14 0 14 17 37 28 11 10 9 21 0 0 0 0 999272 0 3 0 40 13 14 69 0 27 10 25 0 19 31 12 52 0 50 0 0 0 0 0 0 0 0 0 0 0 0 0 0 0 0 0 1 15 2 6 0 0 0 0 76 0 5 0
101 GAC 0 0 0 0 0 0 0 0 0 151 0 67 0 0 0 0 0 0 0 0 0 0 0 0 0 0 0 0 0 0 0 0 0 997802 0 107 85 22 238 459 97 27 16 105 84 218 277 24 0 0 0 0 133 39 32 17 0 0 0 0 0 0 0 0
102 TTG 0 0 0 0 0 0 0 0 2 0 98 0 0 0 0 0 0 0 0 0 7 0 68 20 95 35 34 27 30 15 48 115 0 0 0 0 30 6 50 43 0 0 0 0 0 0 0 0 0 0 0 0 0 0 0 0 0 0 0 0 247 0 999030 0
103 CTT 0 0 0 0 0 0 0 0 4 4 14 2 0 0 0 0 0 0 0 0 1 13 40 2 18 6 3 14 8 201 60 999499 0 0 0 0 0 0 0 0 0 0 0 0 0 0 0 0 0 0 0 0 36 21 15 13 0 0 0 0 18 0 8 0
104 AGT 0 0 0 0 404 608 33 195 20 45 22 975713 1014 940 0 6000 0 0 0 0 0 0 0 0 64 0 11 22 139 121 100 650 0 0 0 0 0 0 0 0 3686 2178 726 2492 1046 69 308 1916 0 0 0 0 7 36 67 6 0 0 0 0 669 0 693 0
105 TCC 0 0 0 0 0 0 0 0 13 62 14 1 0 0 0 0 0 0 0 0 0 0 0 0 38 18 24 15 4 17 9 8 0 0 0 0 0 0 0 0 131 3 37 18 0 0 0 0 0 0 0 0 58 999246 167 38 0 0 0 0 13 0 66 0
106 CAC 0 0 0 0 0 0 0 0 24 66 26 70 0 0 0 0 85 998369 141 16 41 75 222 54 66 4 34 6 0 0 0 0 26 57 195 80 8 4 10 58 19 24 69 9 0 0 0 0 0 0 0 0 6 23 12 50 0 35 0 16 0 0 0 0
107 CTG 0 0 0 0 0 0 0 0 0 0 0 0 0 0 0 0 0 0 0 0 2 2 65 5 0 0 0 0 78 26 999324 116 0 0 0 0 0 0 0 0 0 0 0 0 5 19 16 9 0 0 0 0 0 0 0 0 0 0 0 0 292 0 41 0
108 GCC 0 0 0 0 0 0 0 0 0 88 0 16 0 0 0 0 0 0 0 0 460 99 50 66 0 0 0 0 0 0 0 0 34 0 19 0 42 998544 8 72 76 33 11 17 31 25 7 71 0 0 0 0 18 51 2 160 0 0 0 0 0 0 0 0
109 CCG 0 0 0 0 3 48 2 8 14 8 11 24 0 0 0 0 48 0 7 0 1 79 999339 92 5 20 5 2 69 2 10 47 0 0 0 0 0 0 0 0 0 0 0 0 86 17 8 0 0 0 0 0 1 3 20 8 0 0 0 0 5 0 8 0
110 GCG 0 0 0 0 0 0 0 0 0 16 0 6 0 0 0 0 0 0 0 0 3 32 23 32 0 0 0 0 15 35 0 41 0 0 0 0 23 7 999585 58 0 0 0 0 0 0 0 0 0 0 0 0 3 10 21 38 0 8 0 13 27 0 4 0
111 GAG 0 0 0 0 19 21 0 34 25 0 10 0 0 0 0 0 0 0 0 0 0 0 0 0 5 1 18 8 9 24 26 36 67 0 999567 0 0 0 0 0 26 11 8 37 0 0 0 0 0 0 0 0 0 0 0 0 0 0 0 0 28 0 20 0
112 AAA 999893 0 27 0 0 0 0 0 0 0 0 0 16 24 0 40 0 0 0 0 0 0 0 0 0 0 0 0 0 0 0 0 0 0 0 0 0 0 0 0 0 0 0 0 0 0 0 0 0 0 0 0 0 0 0 0 0 0 0 0 0 0 0 0
113 GTA 0 0 0 0 45 79 66 33 17 0 7 0 0 0 0 0 0 0 0 0 0 0 0 0 16 15 8 3 12 3 42 33 0 0 0 0 0 0 0 0 7 7 10 17 999339 58 106 47 0 0 0 0 0 0 0 0 0 0 0 0 27 0 3 0
114 AGT 0 0 0 0 0 0 0 0 20 17 44 996307 0 0 0 0 0 0 0 0 56 41 7 4 39 3 32 1 9 38 10 38 0 0 0 0 469 677 80 406 22 53 15 37 12 12 12 83 0 0 0 0 59 25 98 17 0 1013 0 142 63 0 39 0
115 ATA 42 0 26 0 0 0 0 0 0 0 21 37 999664 69 0 13 0 0 0 0 0 0 0 0 1 11 0 31 0 0 0 0 0 0 0 0 0 0 0 0 0 0 0 0 0 0 0 0 0 0 0 0 24 11 11 39 0 0 0 0 0 0 0 0
116 ATG 0 0 0 0 0 0 0 0 7 0 3 0 0 0 999733 0 0 0 0 0 0 0 0 0 54 4 35 61 0 0 0 0 0 0 0 0 0 0 0 0 0 0 0 0 40 29 15 19 0 0 0 0 0 0 0 0 0 0 0 0 0 0 0 0
117 GCT 0 0 0 0 4 1 1 1 8 1 4 12 0 0 0 0 0 0 0 0 0 0 0 0 4 6 0 2 0 0 0 0 0 0 0 0 41 0 106 999800 0 0 0 0 0 0 0 0 0 0 0 0 1 1 6 1 0 0 0 0 0 0 0 0
118 GAT 0 0 0 0 0 0 0 0 0 18 0 8 0 0 0 0 0 0 0 0 0 0 0 0 0 0 0 0 0 0 0 0 0 148 0 999592 8 41 40 6 0 0 0 0 37 0 39 17 0 0 0 0 25 9 11 1 0 0 0 0 0 0 0 0
119 GCT 0 0 0 0 2 0 41 6 0 11 0 26 0 0 0 0 0 0 0 0 0 0 0 0 0 0 0 0 0 0 0 0 29 0 30 0 27 68 131 999523 0 0 0 0 0 0 0 0 0 0 0 0 21 20 60 5 0 0 0 0 0 0 0 0
120 ATG 0 0 0 0 104 2 7 61 2 14 3 31 44 12 998895 3 10 0 52 0 0 0 0 0 31 8 12 38 20 116 120 3 0 0 0 0 0 0 0 0 7 63 9 12 20 7 16 25 0 0 0 0 2 6 4 0 0 0 0 0 176 0 65 0
121 AGG 0 0 0 0 0 40 15 101 176 76 998788 27 24 1 0 48 0 0 0 0 22 24 2 31 53 54 3 14 63 18 1 32 0 0 0 0 0 0 0 0 61 20 8 3 0 0 0 0 0 24 0 49 31 19 12 63 0 0 0 0 75 0 22 0
122 CGT 0 0 0 0 23 10 73 0 93 10 40 168 0 0 0 0 0 0 0 0 0 0 0 0 90 158 10 995468 63 447 282 539 0 0 0 0 17 75 20 19 26 71 6 23 13 14 25 26 0 0 0 0 38 94 11 95 0 0 77 0 1083 0 793 0
123 TTA 0 0 0 0 0 0 0 0 76 2 2 15 0 0 0 0 0 0 0 0 0 0 0 0 23 37 8 89 3 51 62 22 0 0 0 0 0 0 0 0 15 27 2 7 76 32 26 15 0 0 0 0 0 7 7 25 0 0 0 0 999266 0 105 0
124 CAC 0 0 0 0 5 5 28 8 12 4 28 16 0 0 0 0 45 999325 9 119 14 16 44 36 20 7 1 0 10 1 1 3 0 59 0 50 0 0 0 0 0 0 0 0 0 0 0 0 0 0 0 0 23 8 61 35 0 0 0 0 2 0 5 0
125 ACA 0 31 0 108 998800 8 72 13 32 84 2 58 0 0 0 0 0 0 0 0 2 16 74 30 2 49 68 67 0 0 0 0 0 0 0 0 28 98 0 74 20 19 16 1 0 0 0 0 0 0 0 0 70 34 34 90 0 0 0 0 0 0 0 0
126 CTA 0 0 0 0 0 0 0 0 20 0 7 0 0 0 0 0 0 0 0 0 131 33 0 12 45 32 44 2 999474 14 34 54 0 0 0 0 0 0 0 0 0 0 0 0 4 14 11 12 0 0 0 0 0 0 0 0 0 0 0 0 0 0 57 0
127 GAT 0 0 0 0 0 0 0 0 0 6 0 13 0 0 0 0 5 0 32 0 0 0 0 0 0 0 0 0 0 0 0 0 0 139 0 999607 0 0 0 0 0 0 0 0 0 0 0 0 0 16 0 57 50 9 34 32 0 0 0 0 0 0 0 0
128 CCA 0 0 0 0 7 4 33 18 14 29 7 1 0 0 0 0 0 0 0 0 999539 75 38 53 28 5 16 13 33 4 8 21 0 0 0 0 0 0 0 0 0 0 0 0 0 0 0 0 0 0 0 0 0 15 0 14 0 0 0 0 5 0 20 0
129 GCA 0 0 0 0 0 0 0 0 25 5 38 7 0 0 0 0 0 0 0 0 10 33 7 16 20 24 7 42 6 18 7 3 0 0 0 0 999368 70 51 110 0 0 0 0 0 0 0 0 0 44 0 4 8 0 53 23 0 0 0 0 0 0 1 0
130 ACG 35 1 29 51 140 40 999415 13 0 55 0 5 0 0 0 0 0 0 0 0 0 0 0 0 0 0 0 0 14 9 52 52 0 0 0 0 0 0 0 0 0 0 0 0 0 0 0 0 0 0 0 0 0 7 19 0 0 0 0 0 49 0 14 0
131 TGC 0 0 0 0 18 29 37 11 25 10 22 3 0 0 0 0 0 0 0 0 0 0 0 0 6 2 10 2 11 20 3 17 0 0 0 0 0 0 0 0 0 0 0 0 0 0 0 0 0 0 0 0 26 8 6 19 0 999699 0 13 2 0 1 0
132 CCA 0 0 0 0 3 12 8 21 33 0 15 14 0 0 0 0 0 0 0 0 999402 68 105 36 3 0 3 36 11 16 22 7 0 0 0 0 30 18 8 5 0 0 0 0 0 0 0 0 0 0 0 0 19 28 11 43 0 0 0 0 16 0 7 0
133 TTC 0 0 0 0 0 0 0 0 0 0 0 0 0 0 0 0 0 0 0 0 0 0 0 0 0 0 0 0 3 19 0 11 0 0 0 0 0 0 0 0 0 0 0 0 0 0 0 0 0 0 0 0 0 0 0 0 0 0 0 0 34 999921 3 9
134 GAT 0 0 0 0 0 0 0 0 0 0 0 0 0 0 0 0 37 0 127 0 0 0 0 0 0 0 0 0 0 0 0 0 0 131 0 999705 0 0 0 0 0 0 0 0 0 0 0 0 0 0 0 0 0 0 0 0 0 0 0 0 0 0 0 0
135 CAC 0 0 0 0 12 39 23 8 0 0 0 0 0 0 0 0 0 999781 0 56 0 40 8 33 0 0 0 0 0 0 0 0 0 0 0 0 0 0 0 0 0 0 0 0 0 0 0 0 0 0 0 0 0 0 0 0 0 0 0 0 0 0 0 0
136 CAA 0 0 0 0 33 2 2 53 37 1 259 22 0 0 0 0 999297 0 111 0 0 0 0 0 17 15 13 45 0 0 0 0 0 0 0 0 0 0 0 0 0 0 0 0 0 0 0 0 0 0 0 0 47 7 34 5 0 0 0 0 0 0 0 0
137 GCG 42 0 23 0 40 1 9 59 156 12 519 29 764 34 154 1393 94 0 55 0 0 0 0 0 260 291 6 302 94 213 32 185 0 0 0 0 104 14 992314 128 0 0 0 0 20 397 70 70 0 179 0 1206 26 1 8 28 0 45 0 37 152 291 133 10
138 AAA 999664 0 50 0 0 0 0 0 28 1 31 22 0 0 0 0 0 0 0 0 0 0 0 0 2 47 35 18 0 0 0 0 0 0 0 0 8 28 8 22 0 0 0 0 0 0 0 0 0 0 0 0 14 5 6 11 0 0 0 0 0 0 0 0
139 CAC 0 42 0 52 0 0 0 0 14 11 58 7 0 0 0 0 93 998931 23 51 21 10 23 35 20 4 14 38 25 32 7 21 0 25 0 72 47 43 4 36 0 0 0 0 50 11 0 11 0 0 0 0 0 37 23 1 0 0 0 0 16 49 11 32
140 CGA 0 0 0 0 0 0 0 0 43 7 4 17 0 0 0 0 0 0 0 0 0 0 0 0 999566 5 12 11 18 11 19 19 0 0 0 0 0 0 0 0 3 35 0 68 0 0 0 0 0 0 0 0 6 20 18 70 0 0 0 0 29 0 19 0
141 ATA 0 0 0 0 19 1 3 37 8 16 13 2 999016 141 0 100 0 0 0 0 0 0 0 0 14 42 2 8 21 22 3 23 0 0 0 0 0 0 0 0 0 0 0 0 152 70 79 70 0 0 0 0 0 2 27 11 0 14 0 50 22 0 12 0
142 GAA 74 0 11 0 0 0 0 0 0 0 0 0 0 0 0 0 0 0 0 0 22 8 1 27 0 0 0 0 0 0 0 0 999801 0 4 0 0 0 0 0 9 17 16 10 0 0 0 0 0 0 0 0 0 0 0 0 0 0 0 0 0 0 0 0
143 CGA 0 0 0 0 299 30 17 472 25 26 5 19 6 1 0 8 0 18 0 1 57 38 20 17 998402 47 65 70 11 1 6 0 0 0 0 0 49 13 1 7 28 30 17 58 5 2 11 5 0 0 0 0 36 15 19 39 0 0 0 0 2 0 2 0
144 GCA 0 0 0 0 0 0 0 0 0 0 0 14 36 8 0 13 0 0 0 0 0 0 0 0 0 0 0 0 0 0 0 0 0 0 0 0 999658 43 110 47 0 0 0 0 0 0 0 0 0 0 0 0 25 9 12 25 0 0 0 0 0 0 0 0
145 AGA 0 0 0 0 0 0 0 0 996490 3 22 16 0 0 0 0 0 260 0 1117 0 0 0 0 78 56 103 157 312 146 244 56 0 0 0 0 24 70 118 24 151 56 66 144 0 0 0 0 0 0 0 0 43 1 17 5 0 0 0 0 202 13 4 2
146 ACT 1 16 9 96 80 20 9 996097 77 3 35 10 367 67 0 97 405 13 371 5 6 1 10 2 20 52 67 3 262 87 253 33 50 55 26 60 54 80 14 54 4 8 6 6 118 33 31 192 0 0 0 0 3 0 2 5 0 211 0 61 282 0 71 0
147 CGC 0 0 0 0 0 0 0 0 93 13 61 48 0 0 0 0 0 0 0 0 0 0 0 0 20 999319 18 25 22 0 29 83 0 0 0 0 0 0 0 0 20 22 50 52 0 0 0 0 0 0 0 0 4 10 68 8 0 0 0 0 13 0 22 0
148 ATG 0 0 0 0 0 0 0 0 0 0 0 0 72 5 999788 46 0 0 0 0 0 0 0 0 0 0 0 0 0 0 0 0 0 0 0 0 0 0 0 0 0 0 0 0 83 4 2 0 0 0 0 0 0 0 0 0 0 0 0 0 0 0 0 0
149 GAG 275 315 180 236 0 0 0 0 4 8 73 7 209 44 0 373 156 112 85 18 0 0 0 0 8 35 39 23 111 129 143 484 38 23 995375 68 2 31 12 6 207 33 7 248 21 52 102 51 0 19 0 51 5 159 18 25 0 170 0 21 23 17 50 99
150 GCT 0 0 0 0 7 8 16 27 22 26 7 10 0 0 0 0 78 262 59 103 5 31 11 2 11 6 65 7 0 0 0 0 43 0 24 0 23 126 198 998637 0 0 0 0 0 31 22 10 0 0 0 0 28 13 67 15 0 0 0 0 0 0 0 0
151 GGA 0 166 0 7 0 0 0 0 6 4 62 9 0 0 0 0 0 0 0 0 0 0 0 0 39 73 22 16 0 0 0 0 144 0 92 0 0 0 0 0 998946 62 122 26 61 22 5 29 0 0 0 0 9 2 21 15 0 21 0 19 0 0 0 0
152 CTA 0 0 0 0 0 0 0 0 8 4 15 13 0 0 75 0 0 0 0 0 0 0 0 0 9 3 6 22 999235 84 254 142 0 0 0 0 0 0 0 0 0 0 0 0 0 0 0 0 0 1 0 48 7 5 1 34 0 0 0 0 15 0 19 0
153 GTA 0 0 0 0 69 19 15 10 17 8 4 10 129 118 234 106 0 0 0 0 158 797 124 494 24 7 1 34 115 191 505 559 0 0 0 0 0 0 0 0 18 20 7 17 993974 119 98 0 0 0 0 0 8 5 11 10 0 107 0 3 442 626 267 520
154 GAT 0 0 0 0 0 0 0 0 7 0 114 0 0 0 0 0 0 0 0 0 0 0 0 0 3 42 23 6 4 34 0 14 0 25 0 999546 0 0 0 0 32 21 18 26 11 38 22 9 0 0 0 0 0 0 0 0 0 0 0 0 3 0 2 0
155 CAA 0 0 0 0 645 58 770 979 124 17 13 39 402 517 1127 675 967151 44 2 21 19 64 30 29 4 21 2 31 16 515 57 14 672 0 1258 0 53 18 9 32 70 34 191 45 673 4224 711 217 0 928 0 1047 46 45 1 30 0 463 15201 365 24 113 79 65
156 GAT 0 0 0 0 0 0 0 0 12 1 5 53 0 0 0 0 0 0 0 0 0 0 0 0 3 2 28 15 0 42 2 29 0 0 0 999468 22 8 38 42 0 0 0 0 0 0 0 0 0 82 0 23 4 6 24 28 0 0 0 0 14 0 49 0
157 GAT 0 0 0 0 0 0 0 0 0 0 0 0 0 0 0 0 0 0 0 0 0 0 0 0 0 0 0 0 0 0 0 0 0 13 0 999791 20 22 25 1 30 5 11 32 22 3 18 7 0 0 0 0 0 0 0 0 0 0 0 0 0 0 0 0
158 CTT 0 41 0 9 30 31 5 21 27 0 27 0 0 0 70 0 21 0 27 0 0 0 35 2 24 8 76 1 64 4 111 987500 0 0 0 0 0 0 0 0 0 0 0 0 12 14 4 19 0 390 0 1496 0 0 0 0 0 0 584 0 1 1163 30 8153
159 GAC 0 0 0 0 107 3 68 96 90 0 12 0 0 0 0 0 0 0 0 0 0 0 0 0 244 7 107 110 0 0 0 0 2 998848 17 3 0 0 0 0 3 20 46 81 0 0 0 0 0 131 0 5 0 0 0 0 0 0 0 0 0 0 0 0
160 GAG 0 36 0 42 0 0 0 0 9 21 63 21 0 0 0 0 402 0 21 0 0 0 0 0 86 14 30 10 3 5 40 18 78 463 997813 441 27 56 15 18 7 40 3 33 0 0 0 0 0 0 0 0 31 7 10 3 0 25 0 20 4 37 25 23
161 GAG 0 0 0 0 0 0 0 0 8 12 77 1 0 0 0 0 44 0 9 0 0 0 0 0 2 4 0 15 0 0 0 0 32 0 999698 0 9 31 3 12 0 0 0 0 0 0 0 0 0 0 0 0 10 19 12 2 0 0 0 0 0 0 0 0
162 CAT 0 370 0 1361 58 2 13 29 9 27 10 2 0 0 0 0 0 71 0 997359 0 0 0 0 12 12 31 2 10 9 2 0 0 0 0 0 0 0 0 0 256 9 57 216 0 0 0 0 0 0 0 0 4 4 21 2 0 0 0 0 31 0 11 0
163 CAA 89 0 28 0 663 264 240 66 28 7 144 10 357 1512 1449 744 983025 17 10 45 36 43 34 6 102 31 43 29 144 2020 192 1103 22 0 40 0 210 406 112 227 2 17 22 54 877 1270 483 211 0 757 0 967 79 6 59 42 0 410 74 185 343 333 156 155
164 GGG 0 0 0 0 0 0 0 0 38 5 5 6 0 0 0 0 0 0 0 0 0 0 0 0 27 3 5 1 0 0 0 0 0 0 0 0 0 0 0 0 87 47 999402 102 69 17 14 56 0 0 0 0 32 9 1 9 0 24 0 41 0 0 0 0
165 CTG 0 8 0 9 106 106 21 68 0 0 0 0 68 43 24 60 0 0 0 0 6 1 1 0 0 1 0 0 4 21 998537 113 0 0 0 0 3 7 0 1 0 0 0 0 95 198 55 64 0 19 0 15 0 0 0 0 0 2 0 4 236 3 86 15
166 GCG 34 0 68 0 21 53 30 1 16 4 19 26 5 34 0 47 0 0 0 0 0 0 0 0 0 3 1 0 84 103 29 6 28 0 77 0 15 12 998770 86 0 0 0 0 6 75 18 21 0 0 0 0 32 72 5 5 0 0 0 0 134 0 60 0
167 CCC 10 0 58 0 94 28 8 35 7 4 29 8 326 82 79 383 59 0 44 0 120 994483 25 26 26 27 21 0 222 184 859 175 0 0 0 0 10 16 22 11 21 11 69 17 137 232 349 238 0 12 0 79 12 4 11 23 0 17 0 60 927 0 300 0
168 GCG 115 0 0 0 19 201 94 34 1 66 25 167 25 136 0 35 0 9 0 63 0 0 0 0 23 62 84 4 48 30 45 10 0 0 73 0 49 52 997596 130 0 0 0 0 13 5 33 22 0 0 0 0 82 222 28 193 0 0 102 0 39 11 2 52
169 GAA 0 0 0 0 0 0 0 0 0 37 0 99 0 0 0 0 97 0 232 0 14 36 9 8 0 0 0 0 25 73 17 26 998554 0 66 0 0 0 0 0 16 60 75 149 113 66 5 64 0 0 0 0 23 21 19 1 0 0 0 0 82 0 13 0
170 CTC 0 0 0 0 0 0 0 0 0 0 0 0 0 0 0 0 0 0 0 0 5 106 12 46 0 0 0 0 35 999325 161 56 0 0 0 0 0 0 0 0 0 0 0 0 0 0 0 0 0 0 0 0 0 0 0 0 0 165 0 26 6 0 57 0
171 TTT 0 0 0 0 0 0 0 0 6 24 147 13 0 0 0 0 0 0 0 0 19 5 16 26 17 96 6 4 187 18 58 45 0 0 0 0 0 0 0 0 6 9 66 29 4 13 53 3 0 0 0 0 31 19 12 11 0 0 0 0 31 1 38 998987
172 GCT 0 0 0 0 0 0 0 0 149 0 55 0 0 0 0 0 64 0 13 0 0 0 0 0 98 0 31 92 0 0 0 0 47 0 49 0 7 9 41 999059 0 0 0 0 78 12 64 132 0 0 0 0 0 0 0 0 0 0 0 0 0 0 0 0
173 AGG 0 0 0 0 0 0 0 0 138 13 996452 50 0 0 965 0 210 0 147 0 0 0 0 0 8 80 190 92 31 230 55 262 72 0 8 0 5 14 51 31 29 6 2 8 28 12 16 104 0 0 0 0 73 7 23 95 0 0 0 0 321 0 172 0
174 TTG 0 0 0 0 0 0 0 0 0 0 0 0 0 0 0 0 0 0 0 0 0 0 0 0 0 0 0 0 16 60 11 66 0 0 0 0 0 0 0 0 0 0 0 0 0 0 0 0 0 0 0 0 0 0 0 0 0 11 0 82 26 0 999728 0
175 AAA 997016 0 127 0 0 0 0 0 6 5 20 6 4 47 0 9 151 0 29 0 0 0 0 0 24 0 15 5 461 164 301 503 0 0 0 0 0 0 0 0 33 21 1 31 103 288 4 107 0 0 0 0 3 0 25 13 0 0 0 0 452 0 26 0
176 GCT 0 0 0 0 0 0 0 0 19 0 2 11 0 0 0 0 0 0 0 0 0 0 0 0 57 50 45 41 16 15 10 19 0 0 0 0 99 74 35 999304 0 0 0 0 0 0 0 0 0 0 0 0 24 45 21 59 0 0 0 0 10 0 44 0
177 CGG 0 485 0 1058 2053 9708 903 4167 22 923 101 5439 1349 1243 1191 614 270 35 187 770 38 35 11 22 81 64 927642 187 2099 755 1675 2013 285 303 2390 188 283 1190 1783 1173 729 555 3501 1526 413 36 633 245 0 40 0 575 1569 1526 4465 568 0 1096 1406 2520 1946 2788 736 392
178 ATG 271 0 47 0 101 381 40 91 344 7 12 17 73 30 991618 45 19 236 124 197 65 144 115 330 104 104 239 625 304 174 42 66 36 0 59 0 9 5 32 1 17 3 19 25 50 19 163 76 0 843 0 606 9 21 8 6 0 104 507 229 172 876 15 125
179 CCC 0 0 0 0 2 34 6 5 15 6 22 1 29 23 0 49 8 0 17 0 45 999327 160 138 19 7 4 10 7 24 7 4 0 0 0 0 0 0 0 0 0 0 0 0 0 0 0 0 0 0 0 0 0 9 2 0 0 0 0 0 8 0 12 0
180 GAC 0 0 0 0 55 1 31 35 32 15 16 32 433 64 0 54 0 0 0 0 34 3 1 8 18 4 6 4 24 75 98 135 148 996991 3 129 47 38 24 36 338 186 3 125 0 0 0 0 0 0 0 0 17 6 94 7 0 0 457 0 14 18 121 20
181 GGT 0 0 0 0 34 29 6 6 64 20 20 153 0 0 0 0 0 0 0 0 0 0 0 0 41 34 30 45 11 22 2 1 0 0 0 0 13 52 32 9 2 32 15 998515 29 175 1 141 0 8 0 107 20 27 10 46 0 181 0 50 2 0 15 0
182 GAA 0 0 0 0 12 8 31 56 0 19 0 2 0 0 0 0 0 0 0 0 0 0 0 0 0 0 0 0 0 0 0 0 999494 0 84 0 25 7 12 26 15 25 34 44 3 2 44 3 0 0 0 0 1 13 25 15 0 0 0 0 0 0 0 0
183 GAT 0 0 0 0 0 0 0 0 28 0 51 0 0 0 0 0 0 0 0 0 0 0 0 0 0 9 58 11 0 0 0 0 0 6 0 999774 0 0 0 0 14 5 17 27 0 0 0 0 0 0 0 0 0 0 0 0 0 0 0 0 0 0 0 0
184 TTG 0 0 0 0 0 0 0 0 5 0 31 0 0 0 0 0 18 0 141 0 13 13 1 71 9 27 10 19 0 68 25 86 0 0 0 0 0 0 0 0 0 0 0 0 0 0 0 0 0 0 0 0 0 0 0 0 0 0 0 0 30 0 999433 0
185 GTG 0 0 0 0 0 0 0 0 26 8 12 33 0 0 0 0 0 0 0 0 0 0 0 0 9 30 10 4 9 11 8 13 0 0 0 0 23 14 69 0 0 0 0 0 38 100 999505 7 0 0 0 0 3 8 1 9 0 0 0 0 45 0 5 0
186 GTA 0 0 0 0 0 0 0 0 0 0 0 0 0 0 0 0 0 0 0 0 4 3 28 18 0 0 0 0 16 36 24 7 0 0 0 0 19 36 28 52 0 0 0 0 999561 24 18 88 0 0 0 0 0 0 0 0 0 0 0 0 22 0 16 0
187 ACT 0 0 0 0 9 92 10 999758 0 20 0 16 0 0 0 0 0 0 0 0 0 0 0 0 0 0 0 0 0 0 0 0 0 0 0 0 0 0 0 0 0 0 0 0 0 0 0 0 0 0 0 0 8 26 6 55 0 0 0 0 0 0 0 0
188 CAT 0 0 0 0 0 0 0 0 39 0 4 0 0 0 0 0 562 13 237 993486 50 83 65 176 19 29 61 60 181 449 803 366 0 0 0 0 0 0 0 0 0 0 0 0 0 0 0 0 0 242 0 2158 0 0 0 0 0 639 0 82 65 0 131 0
189 GGG 0 0 0 0 0 0 0 0 0 29 0 70 0 0 0 0 0 0 0 0 0 0 0 0 0 0 0 0 15 25 4 3 0 0 0 0 0 0 0 0 28 14 999555 64 53 7 25 22 0 0 0 0 52 21 2 4 0 0 0 0 5 0 2 0
190 GAT 0 0 0 0 0 0 0 0 0 0 0 0 0 0 0 0 0 0 0 0 0 0 0 0 0 0 0 0 0 0 0 0 7 98 45 999806 0 0 0 0 5 4 6 29 0 0 0 0 0 0 0 0 0 0 0 0 0 0 0 0 0 0 0 0
191 GCC 0 0 0 0 0 0 0 0 71 163 59 79 0 0 0 0 0 1055 0 100 0 0 0 0 81 188 97 82 139 48 0 51 0 0 0 0 18 961758 128 65 0 0 0 0 9 2 22 36 0 999 0 733 109 131 258 15 0 0 0 0 55 27730 39 5680
192 TGC 0 0 0 0 4330 987 18222 8162 32 0 26 0 56 299 0 76 0 0 0 0 0 0 0 0 15 9 5 34 0 0 0 0 0 0 0 0 45 61 48 67 34 7 90 19 0 0 0 0 0 0 0 0 0 0 0 0 0 967330 0 46 0 0 0 0
193 CTC 0 0 0 0 0 0 0 0 6 0 34 0 0 0 42 0 0 0 0 0 1 0 10 27 8 118 41 2 11 999195 115 49 0 0 0 0 0 0 0 0 0 0 0 0 16 20 47 19 0 0 0 0 0 0 0 0 0 0 0 0 186 0 53 0
194 CCG 0 0 0 0 31 40 85 1 21 18 26 2 0 0 0 0 66 0 18 0 8 29 999250 131 56 28 10 25 0 33 20 4 0 0 0 0 0 0 0 0 0 0 0 0 0 0 0 0 0 0 0 0 2 9 16 4 0 0 0 0 32 0 35 0
195 AAC 38 999609 35 77 20 28 9 9 0 27 0 23 0 0 0 0 0 0 0 0 0 0 0 0 0 0 0 0 0 0 0 0 0 0 0 0 0 0 0 0 0 0 0 0 0 0 0 0 0 2 0 86 22 6 3 6 0 0 0 0 0 0 0 0
196 ATA 0 0 0 0 0 0 0 0 6 99 21 59 998883 77 0 339 0 0 0 0 0 0 0 0 32 64 34 9 2 13 5 3 0 0 0 0 0 0 0 0 0 0 0 0 11 11 26 16 0 0 0 0 108 9 73 58 0 0 0 0 37 0 5 0
197 ATG 5 0 47 0 17 18 6 12 24 0 0 0 0 0 999514 0 101 0 100 0 0 0 0 0 13 0 11 0 12 1 3 9 0 37 0 54 0 0 0 0 0 0 0 0 0 0 0 0 0 0 0 0 0 0 0 0 0 0 0 0 11 0 5 0
198 GTG 0 0 0 0 0 0 0 0 12 0 15 0 0 0 0 0 0 0 0 0 0 0 0 0 13 30 14 7 8 13 13 3 0 0 0 0 44 8 11 9 4 12 23 17 139 39 999453 71 0 0 0 0 0 0 0 0 0 0 0 0 16 0 26 0
199 GAA 0 0 0 0 0 0 0 0 15 46 9 17 0 0 0 0 0 37 0 18 0 0 0 0 13 4 20 28 0 0 0 0 999182 0 16 0 29 6 0 121 1 80 12 16 0 0 0 0 0 0 0 0 11 147 3 39 0 33 0 97 0 0 0 0
200 AAC 0 999478 0 120 8 118 13 0 0 14 0 13 0 0 0 0 0 0 0 0 0 0 0 0 0 0 0 0 6 3 95 4 0 0 0 0 0 0 0 0 0 0 0 0 12 18 14 23 0 0 0 0 16 8 9 14 0 0 0 0 10 0 4 0
201 GGC 0 0 0 0 0 1 7 13 26 15 62 14 0 0 0 0 0 0 0 0 0 0 0 0 38 42 13 67 0 0 0 0 0 0 0 10 0 0 0 0 242 999127 35 169 0 0 0 0 0 0 0 0 15 0 66 2 0 34 0 2 0 0 0 0
202 CGT 34 0 53 0 0 0 0 0 74 3 187 5 0 0 0 0 0 0 0 0 0 0 0 0 25 39 135 998710 5 3 116 23 0 0 0 0 0 0 0 0 0 0 0 0 0 0 0 0 0 0 0 0 19 58 118 21 0 64 0 29 66 0 213 0
203 TTT 0 0 0 0 0 0 0 0 0 0 0 0 0 0 0 0 0 0 0 0 0 0 0 0 0 0 0 0 10 6 0 61 0 0 0 0 0 0 0 0 0 0 0 0 0 0 0 0 0 0 0 0 0 0 0 0 0 18 0 81 30 159 20 999615
204 AGC 0 35 0 30 22 12 39 19 56 999123 0 65 9 33 0 91 0 0 0 0 0 0 0 0 45 23 61 7 0 0 0 0 0 0 0 0 0 0 0 0 18 6 50 7 0 0 0 0 0 0 0 0 71 54 68 56 0 0 0 0 0 0 0 0
205 GGA 0 0 0 0 0 0 0 0 0 0 0 0 0 0 0 0 0 0 0 0 0 0 0 0 0 0 0 0 0 0 0 0 0 0 0 0 0 0 0 0 999713 146 52 20 6 48 12 3 0 0 0 0 0 0 0 0 0 0 0 0 0 0 0 0
206 TTC 0 0 0 0 0 0 0 0 4 27 11 13 0 0 0 0 0 0 0 0 0 0 0 0 0 14 13 2 16 25 4 3 0 0 0 0 0 0 0 0 0 0 0 0 45 0 21 3 0 0 0 0 35 12 31 33 0 0 0 0 7 999594 26 61
207 ATT 0 0 0 0 15 12 28 15 0 0 0 0 46 35 0 999788 0 0 0 0 0 0 0 0 0 0 0 0 0 0 0 0 0 0 0 0 0 0 0 0 0 0 0 0 4 3 34 20 0 0 0 0 0 0 0 0 0 0 0 0 0 0 0 0
208 GAT 0 0 0 0 2 11 47 23 0 0 0 0 0 0 0 0 0 0 0 0 0 0 0 0 0 0 0 0 0 0 0 0 52 46 14 999511 64 49 47 29 25 1 40 39 0 0 0 0 0 0 0 0 0 0 0 0 0 0 0 0 0 0 0 0
209 TGC 0 0 0 0 8 82 178 106 17 41 65 37 0 0 0 0 0 0 0 0 0 0 0 0 19 30 2 56 10 42 12 19 0 0 0 0 2 21 30 107 9 7 0 32 0 0 0 0 0 0 0 0 6 6 14 6 0 998886 0 36 8 10 27 69
210 GGA 0 0 0 0 0 0 0 0 20 3 13 42 0 0 0 0 0 0 0 0 0 0 0 0 6 17 11 23 0 0 0 0 0 0 0 0 0 0 0 0 999353 93 31 139 36 61 54 59 0 0 0 0 11 12 1 15 0 0 0 0 0 0 0 0
211 CGG 0 0 0 0 0 0 0 0 23 16 39 2 0 0 0 0 0 0 0 0 0 0 0 0 6 77 999322 66 86 20 78 25 0 0 0 0 0 0 0 0 0 0 0 0 0 0 0 0 0 0 0 0 42 22 9 50 0 29 0 43 2 0 43 0
212 TTG 0 0 0 0 8 35 3 27 22 0 11 0 0 0 0 0 0 0 0 0 0 0 0 0 26 3 6 26 119 29 54 26 0 0 0 0 0 0 0 0 0 0 0 0 0 0 0 0 0 0 0 0 0 0 0 0 0 0 0 0 39 0 999566 0
213 GGT 0 0 0 0 0 0 0 0 2 0 63 0 0 0 0 0 0 0 0 0 0 0 0 0 26 8 1 34 0 0 0 0 0 0 0 0 0 5 3 0 65 13 5 999704 8 2 0 6 0 0 0 0 0 0 0 0 0 4 0 51 0 0 0 0
214 GTC 0 0 0 0 0 0 0 0 0 0 0 0 0 0 0 0 0 0 0 0 0 0 0 0 0 0 0 0 14 3 36 39 0 0 0 0 3 3 20 51 24 9 101 12 27 999596 20 30 0 0 0 0 0 0 0 0 0 0 0 0 12 0 0 0
215 GCT 0 0 0 0 0 1 75 33 0 18 0 7 0 0 0 0 0 0 0 0 17 9 16 11 0 0 0 0 0 0 0 0 0 0 0 0 84 21 0 999469 10 26 19 18 0 0 0 0 0 0 0 0 136 14 9 7 0 0 0 0 0 0 0 0
216 GAT 0 0 0 0 0 0 0 0 0 7 0 4 0 0 0 0 0 0 0 0 0 0 0 0 0 0 0 0 8 3 21 8 0 48 0 999529 3 16 4 42 39 21 16 10 18 3 30 13 0 50 0 33 11 5 35 0 0 0 0 0 0 0 23 0
217 CGA 0 0 0 0 0 0 0 0 3 24 42 64 0 0 0 0 0 0 0 0 0 0 0 0 999547 41 42 17 5 17 4 25 0 0 0 0 0 0 0 0 8 30 6 4 0 0 0 0 0 0 0 0 37 10 0 39 0 0 0 0 24 0 11 0
218 TAT 0 0 0 0 0 0 0 0 0 19 0 59 0 0 0 0 0 0 0 0 0 0 0 0 0 0 0 0 0 0 0 0 0 0 0 0 0 0 0 0 0 0 0 0 0 0 0 0 0 78 0 999754 26 6 30 28 0 0 0 0 0 0 0 0
219 CAA 54 0 8 0 69 17 1 4 20 0 6 0 0 0 0 0 999144 153 324 3 8 57 0 2 43 34 50 3 0 0 0 0 0 0 0 0 0 0 0 0 0 0 0 0 0 0 0 0 0 0 0 0 0 0 0 0 0 0 0 0 0 0 0 0
220 GAT 0 0 0 0 0 0 0 0 0 0 0 0 0 0 0 0 0 0 0 0 0 0 0 0 0 0 0 0 0 0 0 0 0 62 0 999730 6 34 0 50 31 25 25 37 0 0 0 0 0 0 0 0 0 0 0 0 0 0 0 0 0 0 0 0
221 ATA 0 0 0 0 0 66 51 88 0 24 0 55 993051 89 0 38 0 0 0 0 0 0 0 0 0 0 0 0 1587 2248 313 1390 0 0 0 0 0 0 0 0 13 4 3 39 0 33 27 3 0 0 0 0 14 54 165 22 0 0 0 0 437 0 186 0
222 GCA 0 0 0 0 0 0 0 0 0 0 0 0 0 0 0 0 0 0 0 0 0 0 0 0 0 0 0 0 0 0 0 0 0 0 0 0 999603 24 83 22 60 22 10 6 49 10 10 101 0 0 0 0 0 0 0 0 0 0 0 0 0 0 0 0
223 TTG 0 0 0 0 0 0 0 0 27 0 17 0 0 0 0 0 0 0 0 0 0 0 0 0 6 36 1 4 183 23 38 147 0 0 0 0 0 0 0 0 0 0 0 0 0 0 0 0 0 0 0 0 0 0 0 0 0 0 0 0 102 0 999416 0
224 GCA 0 0 0 0 0 0 0 0 0 51 0 103 0 0 0 0 0 0 0 0 8 10 23 14 0 0 0 0 11 10 27 11 149 0 28 0 999222 22 37 17 33 4 14 22 5 20 35 3 0 0 0 0 7 31 39 26 0 0 0 0 7 0 11 0
225 ACT 0 0 0 0 12 13 4 999594 0 3 0 3 74 3 0 4 0 0 0 0 0 0 0 0 0 0 0 0 0 0 0 0 0 0 0 0 0 0 0 0 0 0 0 0 108 9 86 30 0 0 0 0 19 25 7 6 0 0 0 0 0 0 0 0
226 CGC 0 0 0 0 22 14 8 20 210 21 66 10 0 0 0 0 0 0 0 0 0 0 0 0 141 998920 23 37 35 5 32 47 0 0 0 0 0 0 0 0 24 5 47 7 0 0 0 0 0 0 0 0 75 45 55 46 0 0 0 0 44 0 41 0
227 GAT 0 0 0 0 0 0 0 0 28 24 10 229 0 0 0 0 0 27 0 43 0 0 0 0 25 37 7 6 0 0 0 0 30 73 32 999035 0 0 0 0 0 0 0 0 37 48 21 44 0 0 0 0 5 72 0 58 0 72 0 37 0 0 0 0
228 ATC 0 0 0 0 167 87 5 115 76 4967 319 1303 22 985905 0 74 0 0 0 0 0 0 0 0 168 82 10 214 45 94 382 16 0 0 0 0 0 0 0 0 0 0 0 0 617 279 1066 433 0 0 0 0 785 1745 195 282 0 0 0 0 417 0 130 0
229 GCC 0 0 0 0 9 15 15 25 10 6 34 32 0 0 0 0 0 0 0 0 37 8 12 8 6 4 6 8 0 0 0 0 56 0 73 0 30 999376 55 57 0 0 0 0 25 20 22 2 0 0 0 0 7 6 27 9 0 0 0 0 0 0 0 0
230 GAA 0 0 0 0 151 158 12 271 0 785 0 24 0 0 0 0 0 242 0 110 26 6 22 3 0 0 0 0 0 0 0 0 995858 0 83 0 40 13 16 39 3 55 81 2 0 0 0 0 0 0 0 0 157 48 1672 123 0 0 0 0 0 0 0 0
231 GAG 107 0 160 0 0 0 0 0 110 0 84 0 0 0 0 0 0 21 0 24 0 0 0 0 98 131 54 31 0 0 0 0 2 0 997110 0 5 1 17 11 0 0 0 0 1 24 15 1 0 555 0 1309 0 0 0 0 0 0 124 0 0 5 0 0
232 CTT 0 0 0 0 0 0 0 0 64 48 67 15 0 0 0 0 0 0 0 0 5 21 9 30 22 20 43 165 6 133 42 998972 0 0 0 0 0 0 0 0 0 0 0 0 56 34 38 20 0 0 0 0 4 2 45 69 0 0 0 0 13 0 57 0
233 GGT 0 0 0 0 0 0 0 0 25 12 0 10 0 0 0 0 0 0 0 0 0 0 0 0 8 17 2 0 0 0 0 0 0 0 0 0 0 0 0 0 33 81 37 999485 33 14 68 30 0 0 0 0 10 36 25 0 0 18 0 56 0 0 0 0
234 GGT 582 740 305 322 16 1788 146 318 3 1 4 4 14 5 47 6 101 39 173 25 7355 16720 5996 2550 0 0 10 10 1 0 6 6 107 6 5294 5 125 59 180 83 60 236 1 954842 98 98 34 211 0 5 0 2 0 8 13 24 0 382 95 708 2 0 29 0
235 GAA 0 0 0 0 9 6 20 18 0 0 0 0 0 0 0 0 0 0 0 0 0 0 0 0 0 0 0 0 0 0 27 26 999759 0 70 0 8 3 25 24 0 0 0 0 0 0 0 0 0 0 0 0 0 0 0 0 0 0 0 0 3 0 2 0
236 TGG 0 0 0 0 0 0 0 0 22 6 37 7 0 0 0 0 0 0 0 0 0 0 0 0 7 12 44 5 58 13 38 61 0 0 0 0 0 0 0 0 67 46 8 1 6 26 27 5 0 0 0 0 3 25 8 37 0 0 999376 0 48 0 7 0
237 GCA 0 0 0 0 0 0 0 0 0 18 0 69 0 0 0 0 0 0 0 0 0 0 0 0 14 18 1 24 0 0 0 0 0 0 0 0 999474 149 38 20 0 0 0 0 0 0 0 0 0 0 0 0 34 66 23 52 0 0 0 0 0 0 0 0
238 GAC 110 270 475 59 21 13 10 25 341 115 163 297 296 546 75 55 113 401 194 14 6 7 18 54 232 176 482 209 71 142 53 77 525 992994 151 29 44 61 9 44 0 0 0 0 30 63 77 36 0 120 0 2 105 44 78 69 0 12 0 62 58 22 25 220
239 AGA 0 0 0 0 42 5 8 31 999095 11 12 6 0 0 0 0 0 0 0 0 26 23 1 1 125 1 178 23 33 3 27 51 0 0 0 0 0 0 0 0 10 25 27 2 0 0 0 0 0 0 0 0 13 32 22 11 0 32 0 28 29 0 67 0
240 TTT 23 0 30 0 0 0 0 0 0 20 0 9 0 0 0 0 0 0 0 0 0 0 0 0 0 0 0 0 0 0 0 0 0 0 0 0 0 0 0 0 0 0 0 0 53 25 13 22 0 0 0 0 13 0 15 5 0 2 0 74 0 181 0 999515
241 TTA 0 0 0 0 0 0 0 0 3 8 18 6 0 0 0 0 0 0 0 0 36 146 68 23 32 2 30 19 2 59 60 84 0 0 0 0 0 0 0 0 0 0 0 0 0 0 0 0 0 0 0 0 9 0 5 0 0 0 0 0 999303 0 87 0
242 GTT 61 20 427 51 301 38 252 310 195 20 24 12 0 0 204 0 19 336 45 138 20 54 10 18 706 170 80 251 0 23 3 20 176 0 360 0 89 1 363 67 0 0 0 0 45 138 21 993720 0 23 0 89 57 268 199 248 0 0 102 0 22 107 55 42
243 CTG 0 0 0 0 0 0 0 0 0 0 1 0 0 0 0 0 11 0 64 0 27 42 8 0 5 32 58 60 16 82 998986 92 106 0 77 0 28 28 11 34 0 0 0 0 28 31 34 7 0 0 0 0 0 0 0 0 0 0 0 0 30 0 102 0
244 TAT 0 0 0 0 0 0 0 0 0 0 0 0 0 0 0 0 0 0 0 0 0 0 0 0 0 0 0 0 19 160 22 6 0 0 0 0 0 0 0 0 0 0 0 0 0 0 0 0 0 29 0 999737 0 0 0 0 0 0 0 0 0 0 27 0
245 GGT 0 0 0 0 0 0 0 0 586 4 20 7 0 0 0 0 0 0 0 0 0 0 0 0 0 90 218 208 20 16 72 48 0 0 0 0 9 80 147 177 299 56 81 996388 343 298 49 235 0 0 0 0 3 5 21 111 0 209 0 180 15 0 5 0
246 ATC 0 0 0 0 0 0 0 0 94 8 13 106 77 998967 0 47 0 0 0 0 0 0 0 0 58 0 19 8 20 5 12 32 0 0 0 0 0 0 0 0 0 0 0 0 65 9 8 11 0 0 0 0 72 31 73 19 0 78 0 56 41 37 2 32
247 GCG 9 28 83 118 37 24 62 22 34 40 50 323 0 0 0 0 26 0 26 0 89 5 0 29 30 41 9 26 23 1 2 43 0 51 0 4 3 18 997966 58 16 1 31 10 0 0 0 0 0 0 0 0 237 24 21 144 0 79 0 26 93 0 38 0
248 GCA 47 0 39 0 126 16 39 155 10 21 1 72 13 17 72 26 137 0 75 0 0 0 0 0 1 4 20 14 320 94 36 95 17 52 51 85 997728 33 39 43 13 17 7 12 7 27 15 6 0 0 0 0 19 44 1 15 0 0 0 0 234 0 85 0
249 CCA 0 0 0 0 33 6 169 91 899 114 105 83 0 0 0 0 194 0 61 0 993606 76 0 39 309 41 1162 614 67 44 21 18 0 0 0 0 22 150 801 419 65 48 364 75 0 0 0 0 0 0 0 0 18 39 80 55 0 0 0 0 109 0 3 0
250 GAC 0 0 0 0 6 2 7 3 0 0 0 0 0 0 0 0 78 0 206 0 0 0 0 0 0 0 0 0 3 11 5 4 0 999407 0 34 3 15 0 1 0 0 0 0 16 15 83 81 0 1 0 1 0 0 0 0 0 0 0 0 12 0 6 0
251 TCT 26 0 48 0 50 26 142 274 18 49 61 24 27 1 89 95 429 82 62 4 0 0 0 0 76 219 270 121 39 16 360 247 0 62 0 16 12 12 73 24 9 2 21 29 0 0 0 0 0 330 0 44 13 114 24 994597 0 0 1293 0 110 130 25 205
252 CAG 0 37 0 19 0 0 0 0 23 1 23 13 0 0 0 0 9 21 999034 88 0 0 0 0 7 28 30 5 2 0 2 8 0 238 0 179 0 0 0 0 0 0 0 0 0 0 0 0 0 0 0 0 15 1 50 21 0 0 0 0 22 59 49 16
253 CGT 0 0 0 0 0 0 0 0 17 48 21 23 0 0 0 0 0 0 0 0 0 0 0 0 66 0 4 999450 3 35 4 39 0 0 0 0 0 0 0 0 14 21 54 11 0 30 35 0 0 0 0 0 19 10 1 30 0 0 0 0 7 0 58 0
254 ATC 0 0 0 0 0 0 0 0 13 63 11 2 23 999573 0 7 0 0 0 0 0 0 0 0 2 3 16 0 4 20 15 22 0 0 0 0 0 0 0 0 0 0 0 0 0 0 0 0 0 0 0 0 9 36 15 34 0 0 0 0 73 0 59 0
255 GCC 0 0 0 0 0 7 0 2 4 35 3 33 0 0 0 0 0 0 0 0 0 0 0 0 0 3 1 2 0 0 0 0 51 0 4 0 11 999522 31 152 34 14 1 6 0 0 0 0 0 3 0 24 6 24 4 23 0 0 0 0 0 0 0 0
256 TTT 0 0 0 0 0 0 0 0 13 32 30 7 0 0 0 0 39 0 24 0 25 2 39 5 37 4 49 26 52 9 23 62 0 0 0 0 0 0 0 0 0 0 0 0 0 0 0 0 0 198 0 316 26 29 19 32 0 0 1176 0 11 25 6 997684
257 TAT 0 0 0 0 0 0 0 0 0 0 0 0 0 0 0 0 0 46 0 35 0 0 0 0 0 0 0 0 0 0 0 0 0 0 0 0 0 0 0 0 0 0 0 0 0 0 0 0 0 4 0 999915 0 0 0 0 0 0 0 0 0 0 0 0
258 AGA 0 0 0 0 0 0 0 0 999455 14 33 3 0 0 0 0 0 0 0 0 0 0 0 0 104 40 44 14 41 31 0 11 0 0 0 0 0 0 0 0 35 0 17 17 0 0 0 0 0 0 0 0 47 47 0 4 0 0 0 0 40 0 3 0
259 TTA 0 0 0 0 0 0 0 0 50 0 12 0 0 0 0 0 0 0 0 0 0 0 0 0 3 5 60 18 42 9 40 87 0 0 0 0 0 0 0 0 0 0 0 0 0 0 0 0 0 0 0 0 0 0 0 0 0 0 0 0 999573 0 101 0
260 CTA 0 0 0 0 0 0 0 0 0 0 0 0 0 0 0 0 0 0 0 0 0 0 0 0 0 0 0 0 999684 233 11 15 0 0 0 0 0 0 0 0 0 0 0 0 0 0 0 0 0 0 0 0 0 0 0 0 0 0 0 0 4 0 53 0
261 GAC 0 0 0 0 0 0 0 0 0 7 0 4 0 0 0 0 0 0 0 0 0 0 0 0 0 0 0 0 0 0 0 0 0 999949 0 1 0 0 0 0 0 0 0 0 0 0 0 0 0 24 0 1 2 0 12 0 0 0 0 0 0 0 0 0
262 GAG 50 0 14 0 0 0 0 0 25 3 1 9 0 0 0 0 0 0 0 0 0 0 0 0 0 26 11 4 0 0 0 0 37 0 999727 0 0 0 0 0 0 0 0 0 18 7 19 5 0 0 0 0 17 11 4 12 0 0 0 0 0 0 0 0
263 TTC 0 0 0 0 0 0 0 0 0 52 0 10 5 49 0 19 0 0 0 0 0 0 0 0 0 0 0 0 1 2 7 4 0 0 0 0 0 0 0 0 0 0 0 0 0 0 0 0 0 0 0 0 26 26 26 12 0 0 0 0 19 999653 4 85
264 TTC 0 0 0 0 0 0 0 0 0 5 0 22 0 0 0 0 0 0 0 0 0 0 0 0 0 0 0 0 89 1 31 52 0 0 0 0 0 0 0 0 0 0 0 0 2 2 2 5 0 9 0 19 31 9 10 7 0 4 0 16 61 999542 54 27
