# POSITION WT AAA AAC AAG AAT ACA ACC ACG ACT AGA AGC AGG AGT ATA ATC ATG ATT CAA CAC CAG CAT CCA CCC CCG CCT CGA CGC CGG CGT CTA CTC CTG CTT GAA GAC GAG GAT GCA GCC GCG GCT GGA GGC GGG GGT GTA GTC GTG GTT TAA TAC TAG TAT TCA TCC TCG TCT TGA TGC TGG TGT TTA TTC TTG TTT
1 ATG 153 18 25 10 127 15 92 0 78 15 13 7 25 373 497236 50 0 65 0 11 9 35 23 9 15 4 34 40 28 12 12 40 57 86 58 32 94 147 191 1 29 79 55 1 31 37 16 16 0 42 0 78 16 15 27 43 0 109 0 50 59 8 2 47
2 ATT 64 40 46 99 32 13 14 54 1 21 4 2 9 37 0 497827 36 162 151 0 3 19 0 4 7 27 3 16 1 15 3 0 0 24 0 6 12 175 28 19 7 1 22 3 71 167 93 227 0 142 0 33 2 7 13 15 0 0 93 0 0 53 13 64
3 GAG 26 33 101 20 190 36 80 264 6 119 355 11 20 20 0 40 216 254 177 105 7 55 25 1 71 91 160 122 183 31 4 41 42 33 495520 56 0 0 0 0 26 19 16 40 4 1 4 15 0 30 0 69 177 4 27 143 0 0 33 0 157 346 33 341
4 CAA 69 37 230 131 14 14 24 129 13 12 0 14 13 32 0 37 497653 0 8 0 10 82 33 48 1 88 10 51 29 326 82 83 6 0 49 0 0 0 0 0 1 59 116 132 80 9 13 11 0 15 0 24 16 7 7 7 0 31 112 11 0 0 21 0
5 GAC 865 493 2238 1050 109 128 62 22 1 514 232 296 517 30 0 278 184 60 180 4 195 196 507 183 59 29 3 20 276 582 29 304 71 486961 241 101 24 30 31 4 125 273 848 129 82 55 116 57 0 0 0 0 2 88 217 185 0 12 99 30 359 33 99 82
6 GGC 795 2125 2259 71 19 521 38 296 47 769 73 5 468 1081 380 463 4 0 17 0 2169 1016 459 611 139 134 12 39 8 52 94 22 930 68 73 24 150 25 74 405 23 480166 39 17 89 93 142 249 0 257 0 61 988 732 14 105 0 0 478 0 43 227 71 271
7 CTT 30 0 96 0 0 0 0 0 16 3 21 79 0 0 0 0 0 20 0 0 6 10 28 19 36 2 65 5 0 15 73 498638 115 0 87 0 8 11 21 0 29 12 21 51 38 30 42 0 0 0 0 0 17 25 25 60 0 36 0 162 29 0 19 0
8 CAT 0 61 0 68 0 0 0 0 16 12 43 3 0 0 152 0 0 60 0 497049 276 543 253 313 22 2 35 4 99 55 56 0 134 7 163 62 0 0 0 0 16 66 21 44 7 35 3 48 0 0 0 0 11 2 15 9 0 4 0 51 28 0 152 0
9 GCA 41 85 14 84 8 3 11 3 0 9 13 9 84 285 0 81 0 0 0 0 241 40 20 48 5 29 2 6 5 28 13 13 27 0 46 0 498262 21 24 15 26 32 58 89 41 51 8 2 0 0 0 0 8 13 32 16 0 0 0 0 36 0 13 0
10 GGA 0 0 0 0 18 0 3 38 0 0 0 2 0 0 0 0 0 0 0 0 19 3 7 2 0 0 0 0 18 7 7 12 0 0 0 0 0 0 0 0 499492 19 49 6 13 4 77 88 0 0 0 0 2 13 30 6 0 49 0 8 7 0 1 0
11 TCT 6 0 26 0 90 88 71 111 390 7 457 69 296 949 3849 1047 85 1086 1008 389 274 276 386 504 1325 1808 2165 1020 2934 390 3474 950 49 180 74 87 2 5 11 19 36 74 10 17 66 431 3 147 0 2872 0 1072 15 8 26 464981 0 726 30 812 1650 509 367 191
12 CCC 0 0 0 0 15 6 8 28 12 1 2 9 0 0 0 0 0 0 0 0 51 499669 3 12 4 10 1 3 5 14 9 1 0 23 0 8 18 17 5 13 0 0 0 0 1 7 18 4 0 0 0 0 6 3 7 4 0 0 0 0 2 0 1 0
13 GCT 47 0 83 0 33 43 54 64 12 84 45 44 0 0 0 0 53 35 6 14 4 9 13 4 50 92 1 4 2 3 16 20 4 254 41 185 73 1 19 498259 25 7 5 9 37 21 7 94 0 0 0 0 19 54 22 24 0 0 0 0 4 0 1 0
14 GCA 108 7 43 24 31 51 35 58 10 6 17 48 0 0 46 0 0 0 0 0 14 94 31 33 40 15 32 44 23 4 2 2 6 7 33 54 498619 85 11 29 26 64 10 11 3 2 13 15 0 0 0 0 36 20 40 46 0 20 0 20 11 0 1 0
15 TGG 0 0 0 0 0 0 0 0 34 18 11 4 0 0 0 0 0 0 0 0 0 0 0 0 14 18 35 96 12 30 17 0 0 0 0 0 0 0 0 0 11 7 2 39 0 0 0 0 0 0 0 0 43 1 9 3 0 5 499515 16 2 0 58 0
16 GTG 555 48 88 28 36 100 64 78 272 10 33 66 0 0 0 0 105 0 114 0 0 0 0 0 330 13 10 413 9 29 17 34 10 0 116 0 36 227 40 59 18 84 166 3 21 15 496362 16 0 28 0 29 19 50 105 52 0 4 0 27 3 0 58 0
17 GAA 0 0 0 0 4 20 4 1 2 47 14 1 0 0 0 0 57 20 76 11 4 10 25 4 22 38 10 8 1 1 10 6 499180 0 47 0 4 11 11 11 24 17 10 5 3 15 3 18 0 0 0 0 156 25 5 5 0 0 43 0 5 0 6 0
18 CGT 28 28 255 3 0 0 0 0 13 46 27 45 0 0 0 0 0 0 0 0 1 28 1 8 53 18 60 498691 10 14 25 40 127 25 39 35 6 6 1 13 39 38 62 38 4 5 8 23 0 0 0 0 5 11 17 10 0 41 0 34 19 0 0 0
19 TTG 0 0 0 0 0 0 0 0 12 0 26 0 0 0 47 0 0 0 0 0 0 0 0 0 10 2 9 7 62 36 33 32 0 0 0 0 0 0 0 0 0 0 0 0 0 0 0 0 0 0 0 0 0 0 0 0 0 0 0 0 38 0 499686 0
20 TTC 6 0 32 0 70 24 48 290 335 15 452 6 113 89 101 24 18 57 16 75 2 15 135 7 81 392 20 421 32 8 127 47 62 28 222 40 9 67 137 74 9 4 4 12 43 58 27 5 0 21 0 10 4 12 13 26 0 58 0 64 19 495859 22 33
21 GGA 0 13 0 17 0 0 0 0 20 6 9 27 0 0 0 0 0 0 0 0 0 0 0 0 5 1 7 3 1 10 7 0 0 14 0 16 0 0 0 0 499575 3 62 18 3 10 42 4 0 0 0 0 4 12 49 40 0 0 0 0 20 0 2 0
22 TAT 0 0 0 0 0 0 0 0 0 3 0 6 0 0 0 0 0 0 0 0 0 0 0 0 0 0 0 0 2 19 0 6 0 17 0 11 1 5 2 14 0 0 0 0 0 0 0 0 0 12 0 499831 5 17 6 2 0 0 0 0 9 0 32 0
23 GAT 0 8 0 47 12 31 15 55 24 4 20 24 10 27 0 17 7 6 21 20 0 0 0 0 29 29 21 2 19 0 7 4 0 3 0 499400 0 0 0 0 4 23 2 18 0 0 0 0 0 18 0 7 10 2 14 13 0 0 0 0 5 0 22 0
24 TGG 0 0 0 0 6 0 9 7 4 8 5 6 0 0 0 0 0 0 0 0 0 0 0 0 59 1 26 31 7 10 16 35 0 0 0 0 0 0 0 0 12 8 10 9 0 0 0 0 0 0 0 0 8 3 8 0 0 5 499552 69 34 0 52 0
25 GCA 5 0 32 0 10 27 1 20 6 54 1 1 8 0 0 19 22 0 20 0 0 0 0 0 21 2 4 9 9 5 0 11 1 41 73 14 499244 2 7 4 5 4 7 32 38 30 106 53 0 0 0 0 31 3 2 7 0 0 0 0 7 0 2 0
26 CAA 0 0 0 0 8 15 9 0 16 3 23 6 4 21 0 2 499184 41 32 36 1 10 18 11 140 59 0 24 53 19 8 62 60 0 4 0 0 0 0 0 0 0 0 0 0 0 0 0 0 0 0 0 10 0 18 24 0 0 0 0 65 0 14 0
27 CAA 0 1 0 19 46 3 13 6 12 11 7 0 11 162 0 772 498529 0 6 0 8 21 8 14 22 4 2 8 7 0 0 3 0 0 0 0 7 1 10 11 0 0 0 0 73 59 107 2 0 0 0 0 0 17 13 2 0 0 0 0 1 0 2 0
28 ACA 0 27 0 15 499043 103 36 0 2 8 25 13 5 6 0 11 0 75 0 5 4 5 1 14 21 2 22 20 1 19 1 10 0 0 0 0 27 94 72 91 0 0 0 0 0 0 0 0 0 99 0 2 19 16 49 27 0 0 0 0 2 0 8 0
29 ATC 0 0 0 0 0 0 0 0 0 3 0 6 34 499656 0 19 26 0 17 0 5 19 8 2 0 0 0 0 2 15 21 11 0 0 0 0 0 0 0 0 2 8 2 5 10 7 5 2 0 9 0 17 4 1 0 51 0 0 0 0 15 0 18 0
30 GGC 0 0 0 0 0 0 0 0 29 14 9 56 0 0 0 0 0 0 0 0 0 0 0 0 23 23 0 2 0 0 0 0 0 0 0 0 0 0 0 0 29 499611 25 42 8 30 16 14 0 0 0 0 8 17 33 11 0 0 0 0 0 0 0 0
31 TGC 3356 0 244 0 0 0 0 0 41 36 226 6 6 8 0 8 382 11 555 14 0 0 0 0 125 89 4 107 77 28 105 42 25 0 0 0 10 2 1 21 11 4 19 4 27 14 9 8 0 0 0 0 7 3 16 7 0 494209 0 2 74 22 17 18
32 AGT 0 0 0 0 19 27 5 13 28 24 10 499617 7 3 0 38 0 0 0 0 0 0 0 0 11 16 11 0 3 5 9 11 0 0 0 0 0 0 0 0 0 0 0 0 0 0 0 0 0 0 0 0 18 73 2 37 0 0 0 0 5 0 8 0
33 GAC 26 21 110 15 467 590 693 294 77 215 139 647 39 18 0 12 29 1 13 24 37 206 76 114 106 87 31 19 32 53 63 10 7 493637 30 31 15 32 49 5 142 155 64 7 0 14 9 28 0 7 0 24 431 261 295 385 0 6 0 19 47 0 36 0
34 GCC 0 0 0 0 0 0 0 0 15 24 3 14 0 0 0 0 38 0 3 0 0 0 0 0 55 0 0 17 0 0 0 0 31 0 4 0 0 499643 40 12 8 10 8 6 0 0 0 0 0 0 0 0 2 20 47 0 0 0 0 0 0 0 0 0
35 GCC 0 132 0 53 347 91 182 97 0 145 9 40 12 23 0 149 0 92 0 4 35 13 1 2 10 14 1 12 3 6 16 19 56 0 21 0 44 497666 17 83 28 1 10 3 25 6 40 28 0 0 0 0 146 4 217 15 0 0 0 0 1 50 2 29
36 GTA 0 0 0 0 0 0 0 0 10 0 14 0 0 0 0 0 0 0 0 0 0 0 0 0 0 0 0 8 5 43 5 0 0 0 0 0 0 0 0 0 3 0 49 7 499786 35 5 11 0 0 0 0 0 0 0 0 0 0 0 0 11 0 8 0
37 TTT 0 0 0 0 0 0 0 0 0 11 0 15 0 0 0 0 0 0 0 0 0 0 0 0 0 0 0 0 3 6 11 4 0 0 0 0 0 0 0 0 0 0 0 0 0 0 0 0 0 0 0 0 28 14 34 13 0 0 0 0 3 19 6 499833
38 CGC 0 0 0 0 0 0 0 0 1 34 32 1 0 0 0 0 0 0 0 0 0 0 0 0 59 499637 14 4 28 7 37 39 0 0 0 0 0 0 0 0 8 8 8 6 0 0 0 0 0 0 0 0 12 23 4 28 0 0 0 0 5 0 5 0
39 CTT 0 0 0 0 0 0 0 0 0 0 12 0 0 0 0 0 0 0 0 0 0 0 0 0 1 0 12 7 19 9 9 499715 0 0 0 0 0 0 0 0 36 47 72 9 0 0 0 0 0 0 0 0 0 0 0 0 0 0 0 0 21 0 31 0
40 AGT 0 0 0 0 5 18 18 39 1 51 4 499389 13 14 0 1 3 6 32 17 0 0 0 0 12 7 8 43 0 0 0 0 0 0 0 0 0 0 0 0 0 10 8 12 2 13 2 29 0 0 0 0 28 17 10 32 0 0 156 0 0 0 0 0
41 GCT 0 32 0 11 21 0 2 6 0 10 0 19 0 0 0 0 17 0 83 0 0 0 0 0 0 0 0 0 0 0 0 0 46 0 12 0 127 22 21 499236 0 0 0 0 4 26 0 10 0 0 0 0 13 19 28 11 0 197 0 27 0 0 0 0
42 CAG 0 0 0 0 40 54 183 2 12 112 13 4 0 0 0 0 34 0 498420 0 72 99 91 14 57 14 108 10 13 7 22 43 7 11 106 38 3 26 12 1 0 0 0 0 14 1 20 3 0 0 0 0 23 114 40 72 0 0 0 0 19 14 48 4
43 GGA 0 231 0 29 5 19 46 14 46 928 15 167 0 0 0 0 0 44 0 36 0 0 0 0 58 15 26 9 0 6 5 5 0 0 0 0 5 2 7 28 496715 5 13 20 22 5 4 11 0 0 0 0 168 497 130 576 0 0 0 0 11 20 37 20
44 AGG 80 0 11 0 0 0 0 0 8 0 499506 0 0 0 0 0 0 0 0 0 12 6 6 0 2 58 65 19 19 1 20 10 0 0 0 0 6 12 2 5 30 27 64 22 0 0 0 0 0 0 0 0 0 0 0 0 0 0 0 0 1 0 8 0
45 CCG 41 56 15 13 6 8 18 3 33 2 41 3 0 0 0 0 40 0 80 0 22 3 499244 32 46 7 49 43 10 1 1 7 9 0 38 0 3 2 23 5 10 8 2 7 0 0 0 0 0 32 0 4 11 1 0 9 0 0 0 0 4 0 8 0
46 GTG 0 49 0 3 87 154 86 84 0 80 8 65 0 0 0 0 0 0 0 0 23 67 16 12 4 5 13 0 10 8 15 6 0 28 0 34 277 342 294 93 67 18 83 22 1 9 497639 41 0 0 0 0 14 41 1 14 0 57 0 57 52 0 21 0
47 TTG 53 0 49 0 0 0 0 0 2 0 2 0 0 0 0 0 20 11 19 123 14 8 14 3 36 13 51 13 1 17 29 84 0 0 0 0 0 0 0 0 8 15 0 4 0 0 0 0 0 9 0 17 0 0 0 0 0 0 0 0 8 25 499307 45
48 TTC 0 0 0 0 0 0 0 0 0 26 0 0 0 0 0 0 0 0 0 0 0 0 0 0 0 0 0 0 2 38 13 1 0 0 0 0 0 0 0 0 0 0 0 0 18 11 3 7 0 0 0 0 15 1 0 11 0 0 0 0 4 499832 1 17
49 GTT 0 0 0 0 0 0 0 0 0 0 0 0 0 0 0 0 0 0 0 0 0 0 0 0 0 0 0 0 34 0 35 8 30 0 2 0 9 10 8 2 7 17 10 1 28 133 37 499588 0 0 0 0 0 0 0 0 0 0 0 0 12 0 29 0
50 AAG 46 0 499747 0 0 0 0 0 4 19 10 8 0 0 0 0 0 0 0 0 0 0 0 0 6 39 5 28 0 0 0 0 0 0 0 0 0 0 0 0 0 0 0 0 16 2 20 4 0 0 0 0 5 1 40 0 0 0 0 0 0 0 0 0
51 ACC 0 6 0 24 23 499578 10 51 14 18 4 3 0 0 0 0 11 0 26 0 14 5 4 5 5 19 10 2 21 7 18 7 0 0 0 0 16 6 30 13 0 0 0 0 0 0 0 0 0 0 0 0 17 1 2 15 0 0 0 0 14 0 1 0
52 GAT 0 0 0 0 25 45 385 453 0 746 0 37 98 199 33 198 73 0 67 0 0 0 0 0 0 0 0 0 0 13 36 10 15 10 25 493017 548 705 1103 262 37 10 9 22 47 103 25 6 0 0 0 0 185 46 178 529 0 121 0 569 3 0 7 0
53 TTG 199 30 346 77 30 10 89 22 104 58 116 12 23 14 31 4 0 82 0 7 16 11 48 31 384 10 21 86 7 15 35 9 36 18 64 32 103 115 31 163 6 15 5 7 329 242 32 167 0 159 0 147 28 85 168 70 0 0 113 0 3 94 495798 43
54 TCT 0 1 0 20 0 0 0 0 34 17 26 42 0 0 0 0 0 84 0 6 8 7 3 11 61 24 6 7 6 1 2 13 33 0 9 0 0 0 0 0 0 0 0 0 10 6 18 1 0 0 0 0 136 62 12 499318 0 0 0 0 8 0 8 0
55 GGG 0 0 0 0 10 20 1 14 40 7 17 10 0 0 0 0 36 15 11 205 0 0 0 0 21 30 30 6 3 26 53 1 0 0 0 0 3 16 3 31 25 42 499051 27 54 28 1 22 0 0 0 0 5 3 13 3 0 4 0 19 58 21 4 11
56 GCG 0 0 0 0 13 8 3 29 3 5 5 1 17 2 0 10 0 1 0 103 19 3 12 23 5 2 1 1 0 0 0 0 0 77 0 66 19 27 499453 16 0 0 0 0 0 0 0 0 0 0 0 0 0 6 66 4 0 0 0 0 0 0 0 0
57 CTA 0 0 0 0 0 0 0 0 55 0 28 0 0 0 0 0 0 27 0 12 12 14 1 6 42 18 10 60 499548 23 47 22 0 0 0 0 0 0 0 0 0 0 0 0 0 0 0 0 0 0 0 0 0 0 0 0 0 0 0 0 54 0 21 0
58 AAC 89 499401 1 39 2 14 20 7 5 3 39 1 0 0 0 0 0 19 0 14 0 0 0 0 14 6 35 28 2 6 5 0 9 0 13 0 9 14 47 18 0 8 10 17 1 42 12 0 0 0 0 0 3 9 13 2 0 0 0 0 2 0 21 0
59 GAG 0 0 0 0 0 0 0 0 4 19 5 16 0 0 0 0 0 0 0 0 0 0 0 0 4 5 3 2 8 25 11 1 63 0 499766 48 0 0 0 0 0 0 0 0 0 0 0 0 0 0 0 0 3 0 3 7 0 0 0 0 3 0 4 0
60 CTG 0 0 0 0 0 0 0 0 4 14 13 13 7 35 25 7 0 0 0 0 17 14 18 5 3 19 18 0 29 4 499535 31 0 49 0 20 6 0 14 30 0 0 0 0 4 6 0 17 0 0 0 0 27 5 3 3 0 0 0 0 0 0 5 0
61 CAA 55 0 5 0 7 42 1 2 35 18 48 4 0 0 0 0 498969 114 20 23 1 0 27 5 10 4 12 15 0 0 2 16 72 123 18 65 10 33 2 17 19 5 1 13 36 6 9 0 0 17 0 44 16 2 0 9 0 0 0 0 9 4 15 20
62 GAT 0 0 0 0 37 5 11 2 0 1 0 22 0 0 0 0 0 0 0 0 0 0 0 0 0 0 0 0 0 1 23 0 16 3 257 499514 0 0 0 0 0 0 0 0 19 2 5 17 0 0 0 0 1 0 0 5 0 3 0 29 12 0 15 0
63 GAG 26 0 8 0 0 0 0 0 9 8 3 9 0 0 0 0 13 0 36 0 4 14 5 3 30 15 10 6 4 10 67 6 2 20 499435 44 1 9 14 9 19 2 62 14 0 0 0 0 0 0 0 0 0 10 8 4 0 0 0 0 22 0 39 0
64 GCG 3 0 24 0 0 0 0 0 7 0 7 12 0 0 0 0 0 0 0 0 0 0 0 0 7 3 7 1 0 0 0 0 21 0 17 0 12 1 499708 18 0 0 0 0 0 0 0 0 0 0 0 0 13 110 2 27 0 0 0 0 0 0 0 0
65 GCC 0 0 0 0 0 0 0 0 3 0 1 14 0 0 0 0 0 0 0 0 5 4 15 11 10 0 0 9 0 0 0 0 5 0 43 0 9 499245 41 7 0 0 0 0 152 118 79 136 0 0 0 0 31 0 25 3 0 29 0 5 0 0 0 0
66 CGA 0 0 0 0 0 0 0 0 11 27 2 20 0 0 0 0 0 0 0 0 0 0 0 0 499745 29 18 33 10 2 3 2 0 0 0 0 0 0 0 0 6 0 10 4 0 0 0 0 0 0 0 0 29 7 7 9 0 0 0 0 5 0 21 0
67 CTT 0 0 0 0 0 0 0 0 21 4 5 24 0 0 0 0 0 28 0 38 68 61 17 0 16 5 2 1 15 12 1 499627 0 0 0 0 0 0 0 0 0 0 0 0 0 0 0 0 0 0 0 0 5 10 5 15 0 0 0 0 15 0 5 0
68 TCG 80 4 30 21 20 13 33 3 125 0 131 6 1 32 0 9 134 0 28 0 0 0 0 0 55 219 2 191 10 0 14 5 0 0 0 0 32 8 23 33 1 23 14 31 0 0 0 0 0 33 0 5 82 4 498482 57 0 0 0 0 0 0 6 0
69 TGG 0 0 0 0 4 1 18 2 0 6 0 13 0 0 0 0 0 0 0 0 0 0 0 0 0 0 0 0 10 2 19 4 0 0 0 0 4 7 8 4 25 20 2 38 0 0 0 0 0 12 0 24 1 2 11 1 0 0 499701 0 36 0 25 0
70 CTG 0 0 0 0 0 0 0 0 17 1 27 10 0 0 37 0 0 0 0 0 10 8 19 5 18 4 5 14 2 5 499620 67 0 0 0 0 0 0 0 0 0 0 0 0 19 1 46 4 0 0 0 0 1 1 0 6 0 0 0 0 0 0 53 0
71 GCC 0 0 0 0 0 0 0 0 8 33 30 47 0 0 0 0 0 0 0 0 12 25 8 34 12 10 21 0 0 0 0 0 0 0 0 0 15 499346 26 82 14 68 3 9 25 3 2 1 0 0 0 0 13 94 13 20 0 25 0 1 0 0 0 0
72 ACA 0 0 0 0 499611 28 91 69 0 47 0 13 0 0 0 0 0 0 0 0 20 1 1 4 0 0 0 0 0 0 0 0 0 0 0 0 0 0 0 0 9 5 17 10 0 0 0 0 0 0 0 0 5 29 2 4 0 33 0 1 0 0 0 0
73 ACA 0 0 0 0 499764 2 135 35 0 0 0 0 0 0 0 0 0 0 0 0 0 0 0 0 0 0 0 0 0 0 0 0 0 0 0 0 0 0 0 0 0 0 0 0 0 0 0 0 0 12 0 22 11 13 2 4 0 0 0 0 0 0 0 0
74 GGG 0 0 0 0 0 0 0 0 0 0 0 0 0 0 0 0 0 0 0 0 0 0 0 0 0 0 0 0 0 0 0 0 0 0 0 0 8 7 4 13 34 57 499751 126 0 0 0 0 0 0 0 0 0 0 0 0 0 0 0 0 0 0 0 0
75 GTT 0 0 0 0 21 4 11 0 0 0 0 0 0 0 0 0 16 0 34 0 0 0 0 0 0 0 0 0 6 7 16 7 0 0 0 0 2 7 6 9 0 0 0 0 53 31 18 499718 0 0 0 0 0 0 0 0 0 0 0 0 20 0 14 0
76 CCG 0 0 0 0 18 11 1 9 9 7 13 16 0 0 0 0 9 21 63 13 8 0 499415 29 58 5 9 24 27 7 33 18 0 0 0 0 0 0 0 0 1 1 10 19 0 0 0 0 0 0 0 0 10 3 31 65 0 0 0 0 21 0 16 0
77 TGC 0 0 0 0 11 13 3 7 3 5 16 5 0 0 0 0 0 0 0 0 0 0 0 0 10 0 2 1 1 0 3 7 0 0 0 0 0 0 0 0 8 27 11 4 34 15 30 5 0 0 0 0 5 6 13 7 0 499631 0 92 10 0 15 0
78 GCA 0 0 0 0 3 6 41 2 5 2 5 2 0 0 0 0 0 0 0 0 0 0 0 0 44 12 42 2 2 3 1 0 0 0 0 0 499687 5 21 61 0 0 0 0 0 0 0 0 0 0 0 0 4 14 10 2 0 0 0 0 17 0 7 0
79 GCG 36 24 191 92 15 11 41 0 43 27 61 2 229 81 0 120 45 57 26 8 12 2 41 19 112 41 40 40 0 0 0 0 11 0 19 0 23 4 498243 26 66 40 11 22 6 1 2 17 0 0 0 0 4 9 27 53 0 0 0 0 0 0 0 0
80 GTT 0 0 0 0 0 0 0 0 49 0 6 0 0 0 0 0 0 0 0 0 0 0 0 0 8 19 13 9 1 12 9 11 0 0 0 0 0 0 0 0 0 0 0 0 98 32 4 499658 0 0 0 0 0 0 0 0 0 23 0 5 9 0 34 0
81 TTA 0 0 0 0 16 6 0 28 2 0 1 0 37 14 0 25 0 0 0 0 16 23 3 6 15 12 6 14 43 56 6 18 80 0 10 0 13 11 3 9 12 0 3 17 0 0 0 0 0 0 0 0 0 0 0 0 0 0 0 0 499418 0 77 0
82 GAT 0 0 0 0 0 0 0 0 0 0 0 0 0 0 0 0 0 0 0 0 0 0 0 0 0 0 0 0 0 0 0 0 0 12 0 499913 0 0 0 0 0 0 0 0 0 0 0 0 0 19 0 56 0 0 0 0 0 0 0 0 0 0 0 0
83 GTT 0 0 0 0 0 0 0 0 35 17 52 29 8 9 0 25 0 0 0 0 0 0 0 0 20 22 13 79 17 24 60 3 0 0 0 0 4 11 84 1 27 23 25 7 20 13 28 497308 0 0 0 0 32 18 18 7 0 0 0 0 20 459 22 1460
84 GTA 0 0 0 0 10 5 14 6 0 8 0 11 5 16 0 9 41 0 9 0 0 0 0 0 0 0 0 0 1 9 3 6 0 0 0 0 39 17 1 17 0 0 0 0 499612 7 5 48 0 0 0 0 28 3 6 12 0 28 0 17 1 0 6 0
85 ACG 0 0 0 0 15 67 499690 1 0 1 0 28 4 8 0 28 0 0 0 0 0 0 0 0 0 0 0 0 0 0 0 0 0 0 0 0 4 15 13 16 0 0 0 0 5 8 11 0 0 0 0 0 10 18 10 10 0 17 0 21 0 0 0 0
86 GAG 0 0 0 0 0 0 0 0 0 0 0 0 0 0 0 0 0 0 0 0 0 0 0 0 0 0 0 0 6 7 11 2 33 0 499793 0 10 0 8 11 0 11 15 42 2 20 8 1 0 0 0 0 0 0 0 0 0 0 0 0 0 0 20 0
87 GCG 5 0 48 0 0 0 0 0 2 38 1 13 0 12 74 15 0 25 0 0 16 30 2 8 8 0 9 1 23 2 10 5 0 0 0 0 7 17 499444 86 0 0 0 0 1 6 15 4 0 0 0 0 6 19 16 17 0 0 0 0 8 0 7 0
88 GGC 0 16 0 15 0 0 0 0 8 5 1 16 0 0 0 0 0 0 0 0 0 0 0 0 5 9 0 5 2 9 7 6 0 39 0 5 0 0 0 0 16 499643 0 49 7 3 1 19 0 0 0 0 11 13 48 25 0 0 0 0 7 0 10 0
89 AGG 0 0 0 0 1 10 13 1 11 7 499527 4 0 0 0 0 0 24 0 33 0 0 0 0 22 83 107 5 0 0 0 0 0 0 0 0 0 0 0 0 28 16 17 20 0 0 0 0 0 0 0 0 1 56 4 10 0 0 0 0 0 0 0 0
90 GAT 0 0 0 0 8 8 6 9 12 11 5 15 0 0 0 0 0 0 0 0 0 0 0 0 2 6 5 0 0 0 0 0 0 69 0 499754 3 24 9 4 2 3 25 9 0 0 0 0 0 0 0 0 5 4 2 0 0 0 0 0 0 0 0 0
91 TGG 0 0 0 0 0 0 0 0 3 19 9 34 0 0 0 0 35 0 1 0 0 0 0 0 7 11 19 6 3 8 25 11 0 0 0 0 0 0 0 0 33 14 29 9 0 0 0 0 0 0 0 0 13 1 7 1 0 11 499615 61 3 0 12 0
92 CTA 0 0 0 0 0 0 0 0 0 0 0 0 0 0 0 0 0 0 0 0 17 9 4 13 0 0 0 0 499744 44 1 35 0 0 0 0 8 4 1 14 0 0 0 0 0 0 0 0 0 0 0 0 0 0 0 0 0 9 0 20 65 0 12 0
93 TTA 0 0 0 0 0 0 0 0 1 1 17 7 0 0 0 0 0 0 0 0 2 26 22 21 16 9 4 9 9 65 25 27 0 0 0 0 0 0 0 0 0 0 0 0 12 1 11 23 0 0 0 0 12 12 3 3 0 0 0 0 499627 21 8 6
94 TTA 0 0 0 0 23 8 38 37 6 0 36 0 0 0 0 0 0 0 0 0 18 11 5 15 16 4 6 11 32 19 36 2 0 0 0 0 0 0 0 0 0 0 0 0 0 0 0 0 0 0 0 0 0 0 0 0 0 0 0 0 499675 0 2 0
95 GGT 0 0 0 0 0 0 0 0 26 5 47 7 0 0 0 0 0 0 0 0 0 0 0 0 22 11 9 6 1 11 6 19 0 0 0 0 0 0 0 0 52 29 10 499584 23 19 31 15 0 0 0 0 4 18 4 2 0 1 0 21 17 0 0 0
96 GAG 35 0 30 0 0 0 0 0 3 0 4 0 0 0 0 0 12 0 32 0 0 0 0 0 5 1 6 4 1 10 1 10 45 0 499649 0 52 1 5 7 28 1 43 7 0 0 0 0 0 0 0 0 0 0 0 0 0 0 0 0 8 0 0 0
97 GTT 0 0 0 0 7 0 5 12 31 0 4 0 0 0 0 0 0 0 0 0 0 0 0 0 3 44 3 18 20 7 0 12 0 0 0 0 0 0 0 0 9 17 0 5 30 13 16 499724 0 0 0 0 0 0 0 0 0 0 0 0 20 0 0 0
98 CCG 0 0 0 0 8 19 2 5 1 4 17 15 0 0 0 0 16 0 11 0 7 9 499649 14 18 5 27 55 9 6 3 26 0 0 0 0 0 0 0 0 5 6 10 9 0 0 0 0 0 0 0 0 1 4 8 0 0 0 0 0 13 0 18 0
99 GGG 0 0 0 0 0 0 0 0 10 3 0 10 0 0 0 0 0 0 0 0 0 0 0 0 0 13 15 22 0 0 0 0 0 0 0 0 3 6 32 1 41 79 499609 51 0 7 10 6 0 0 0 0 1 22 4 23 0 20 0 12 0 0 0 0
100 CAA 41 0 7 0 7 8 16 8 6 2 2 9 0 0 0 0 499675 0 2 0 17 5 6 22 1 17 5 11 1 13 19 7 18 0 20 0 0 0 0 0 0 0 0 0 0 0 0 0 0 0 0 0 1 10 2 5 0 0 0 0 35 0 2 0
101 GAC 0 0 0 0 0 0 0 0 0 38 0 14 0 0 0 0 0 0 0 0 0 0 0 0 0 0 0 0 0 0 0 0 0 499669 0 61 13 0 28 48 6 2 0 9 9 29 30 1 0 0 0 0 30 9 1 3 0 0 0 0 0 0 0 0
102 TTG 0 0 0 0 0 0 0 0 0 0 54 0 0 0 0 0 0 0 0 0 3 0 36 16 41 12 12 12 9 10 22 58 0 0 0 0 17 3 23 21 0 0 0 0 0 0 0 0 0 0 0 0 0 0 0 0 0 0 0 0 145 0 499506 0
103 CTT 0 0 0 0 0 0 0 0 1 2 4 0 0 0 0 0 0 0 0 0 0 7 18 2 4 2 3 8 5 84 37 499758 0 0 0 0 0 0 0 0 0 0 0 0 0 0 0 0 0 0 0 0 24 10 7 8 0 0 0 0 11 0 5 0
104 AGT 0 0 0 0 44 71 4 24 10 28 14 499545 8 8 0 23 0 0 0 0 0 0 0 0 28 0 6 7 0 2 1 8 0 0 0 0 0 0 0 0 26 19 6 20 11 0 4 11 0 0 0 0 2 15 32 6 0 0 0 0 8 0 9 0
105 TCC 0 0 0 0 0 0 0 0 12 38 9 2 0 0 0 0 0 0 0 0 0 0 0 0 24 11 12 4 2 6 4 5 0 0 0 0 0 0 0 0 71 3 19 8 0 0 0 0 0 0 0 0 32 499618 66 18 0 0 0 0 6 0 30 0
106 CAC 0 0 0 0 0 0 0 0 11 32 11 30 0 0 0 0 31 499166 87 12 16 31 116 31 38 4 16 3 0 0 0 0 15 36 91 34 3 3 2 35 12 17 38 4 0 0 0 0 0 0 0 0 5 9 11 25 0 16 0 9 0 0 0 0
107 CTG 0 0 0 0 0 0 0 0 0 0 0 0 0 0 0 0 0 0 0 0 1 3 42 1 0 0 0 0 51 16 499629 63 0 0 0 0 0 0 0 0 0 0 0 0 6 7 8 2 0 0 0 0 0 0 0 0 0 0 0 0 156 0 15 0
108 GCC 0 0 0 0 0 0 0 0 0 46 0 6 0 0 0 0 0 0 0 0 239 58 22 30 0 0 0 0 0 0 0 0 16 0 11 0 25 499281 7 39 33 13 12 10 9 11 6 40 0 0 0 0 6 17 0 63 0 0 0 0 0 0 0 0
109 CCG 0 0 0 0 2 23 0 0 5 2 4 9 0 0 0 0 19 0 0 0 0 32 499722 38 1 8 1 4 38 0 5 11 0 0 0 0 0 0 0 0 0 0 0 0 38 9 1 0 0 0 0 0 2 2 9 7 0 0 0 0 2 0 6 0
110 GCG 0 0 0 0 0 0 0 0 0 17 0 4 0 0 0 0 0 0 0 0 1 9 8 12 0 0 0 0 9 20 0 13 0 0 0 0 9 1 499755 25 0 0 0 0 0 0 0 0 0 0 0 0 9 7 21 27 0 7 0 34 10 0 2 0
111 GAG 0 0 0 0 14 8 0 12 8 0 4 0 0 0 0 0 0 0 0 0 0 0 0 0 2 3 4 4 5 9 15 23 22 0 499788 0 0 0 0 0 17 4 9 13 0 0 0 0 0 0 0 0 0 0 0 0 0 0 0 0 25 0 11 0
112 AAA 499960 0 15 0 0 0 0 0 0 0 0 0 3 7 0 15 0 0 0 0 0 0 0 0 0 0 0 0 0 0 0 0 0 0 0 0 0 0 0 0 0 0 0 0 0 0 0 0 0 0 0 0 0 0 0 0 0 0 0 0 0 0 0 0
113 GTA 0 0 0 0 24 43 34 14 8 0 6 0 0 0 0 0 0 0 0 0 0 0 0 0 6 4 5 3 5 3 15 13 0 0 0 0 0 0 0 0 7 3 4 8 499670 33 50 31 0 0 0 0 0 0 0 0 0 0 0 0 11 0 0 0
114 AGT 0 0 0 0 0 0 0 0 11 9 21 498157 0 0 0 0 0 0 0 0 23 10 8 2 24 0 13 1 8 19 6 25 0 0 0 0 241 342 44 198 18 40 4 13 6 5 9 32 0 0 0 0 26 12 41 7 0 493 0 84 30 0 18 0
115 ATA 22 0 15 0 0 0 0 0 0 0 8 11 499847 35 0 5 0 0 0 0 0 0 0 0 1 6 2 17 0 0 0 0 0 0 0 0 0 0 0 0 0 0 0 0 0 0 0 0 0 0 0 0 9 7 1 14 0 0 0 0 0 0 0 0
116 ATG 0 0 0 0 0 0 0 0 12 0 5 0 0 0 499841 0 0 0 0 0 0 0 0 0 41 3 11 33 0 0 0 0 0 0 0 0 0 0 0 0 0 0 0 0 20 14 5 15 0 0 0 0 0 0 0 0 0 0 0 0 0 0 0 0
117 GCT 0 0 0 0 11 1 6 9 28 5 27 42 0 0 0 0 0 0 0 0 0 0 0 0 8 20 4 18 0 0 0 0 0 0 0 0 16 0 46 499730 0 0 0 0 0 0 0 0 0 0 0 0 4 4 14 7 0 0 0 0 0 0 0 0
118 GAT 0 0 0 0 0 0 0 0 0 4 0 2 0 0 0 0 0 0 0 0 0 0 0 0 0 0 0 0 0 0 0 0 0 81 0 499791 3 26 13 1 0 0 0 0 24 0 20 8 0 0 0 0 15 4 7 1 0 0 0 0 0 0 0 0
119 GCT 0 0 0 0 1 0 18 5 0 2 0 18 0 0 0 0 0 0 0 0 0 0 0 0 0 0 0 0 0 0 0 0 15 0 13 0 11 33 72 499767 0 0 0 0 0 0 0 0 0 0 0 0 8 9 26 2 0 0 0 0 0 0 0 0
120 ATG 0 0 0 0 56 0 3 32 2 5 0 7 28 8 499443 4 1 0 29 0 0 0 0 0 15 2 12 17 9 59 57 2 0 0 0 0 0 0 0 0 11 36 6 5 13 8 4 13 0 0 0 0 2 2 3 2 0 0 0 0 73 0 31 0
121 AGG 0 0 0 0 0 19 10 57 86 34 499426 8 10 2 0 18 0 0 0 0 10 12 0 16 39 20 1 4 26 25 1 8 0 0 0 0 0 0 0 0 31 10 4 2 0 0 0 0 0 10 0 18 13 9 4 30 0 0 0 0 24 0 13 0
122 CGT 0 0 0 0 25 4 35 0 48 2 22 66 0 0 0 0 0 0 0 0 0 0 0 0 43 64 4 497712 35 265 132 238 0 0 0 0 11 34 19 10 16 22 1 16 8 12 14 21 0 0 0 0 36 37 4 41 0 0 25 0 565 0 413 0
123 TTA 0 0 0 0 0 0 0 0 50 1 3 1 0 0 0 0 0 0 0 0 0 0 0 0 14 16 6 34 1 27 20 21 0 0 0 0 0 0 0 0 7 20 2 0 44 14 18 2 0 0 0 0 0 3 1 17 0 0 0 0 499618 0 60 0
124 CAC 0 0 0 0 8 8 28 10 18 2 23 3 0 0 0 0 25 499588 3 51 14 10 26 23 22 7 1 0 4 0 2 8 0 32 0 20 0 0 0 0 0 0 0 0 0 0 0 0 0 0 0 0 7 7 22 13 0 0 0 0 2 0 13 0
125 ACA 0 7 0 63 499367 8 43 5 14 59 1 38 0 0 0 0 0 0 0 0 2 12 31 9 0 32 27 33 0 0 0 0 0 0 0 0 15 52 0 41 7 18 7 2 0 0 0 0 0 0 0 0 34 15 21 37 0 0 0 0 0 0 0 0
126 CTA 0 0 0 0 0 0 0 0 6 0 2 0 0 0 0 0 0 0 0 0 64 16 0 5 16 16 10 0 499735 3 16 28 0 0 0 0 0 0 0 0 0 0 0 0 9 23 10 15 0 0 0 0 0 0 0 0 0 0 0 0 1 0 25 0
127 GAT 0 0 0 0 0 0 0 0 0 14 0 30 0 0 0 0 16 0 13 0 0 0 0 0 0 0 0 0 0 0 0 0 0 71 0 499579 0 0 0 0 0 0 0 0 0 0 0 0 0 6 0 24 80 26 77 64 0 0 0 0 0 0 0 0
128 CCA 0 0 0 0 1 4 16 13 13 19 3 1 0 0 0 0 0 0 0 0 499786 27 15 15 7 2 9 5 9 3 8 13 0 0 0 0 0 0 0 0 0 0 0 0 0 0 0 0 0 0 0 0 6 5 0 8 0 0 0 0 2 0 10 0
129 GCA 0 0 0 0 0 0 0 0 9 6 16 5 0 0 0 0 0 0 0 0 1 21 3 2 3 14 1 26 10 19 8 4 0 0 0 0 499573 43 26 50 0 0 0 0 0 0 0 0 0 37 0 1 10 0 81 31 0 0 0 0 0 0 0 0
130 ACG 21 0 16 32 65 20 499715 3 0 32 0 2 0 0 0 0 0 0 0 0 0 0 0 0 0 0 0 0 7 5 14 27 0 0 0 0 0 0 0 0 0 0 0 0 0 0 0 0 0 0 0 0 0 4 9 1 0 0 0 0 17 0 10 0
131 TGC 0 0 0 0 6 10 20 8 10 0 10 3 0 0 0 0 0 0 0 0 0 0 0 0 4 3 4 0 7 12 4 5 0 0 0 0 0 0 0 0 0 0 0 0 0 0 0 0 0 0 0 0 17 2 2 9 0 499852 0 12 0 0 0 0
132 CCA 0 0 0 0 10 23 8 20 17 0 11 2 0 0 0 0 0 0 0 0 499647 21 47 22 4 0 4 23 0 9 13 6 0 0 0 0 34 8 5 7 0 0 0 0 0 0 0 0 0 0 0 0 10 8 7 19 0 0 0 0 14 0 1 0
133 TTC 0 0 0 0 0 0 0 0 0 0 0 0 0 0 0 0 0 0 0 0 0 0 0 0 0 0 0 0 5 7 0 4 0 0 0 0 0 0 0 0 0 0 0 0 0 0 0 0 0 0 0 0 0 0 0 0 0 0 0 0 9 499965 4 6
134 GAT 0 0 0 0 0 0 0 0 0 0 0 0 0 0 0 0 8 0 65 0 0 0 0 0 0 0 0 0 0 0 0 0 0 54 0 499873 0 0 0 0 0 0 0 0 0 0 0 0 0 0 0 0 0 0 0 0 0 0 0 0 0 0 0 0
135 CAC 0 0 0 0 3 14 8 5 0 0 0 0 0 0 0 0 0 499913 0 23 2 17 2 13 0 0 0 0 0 0 0 0 0 0 0 0 0 0 0 0 0 0 0 0 0 0 0 0 0 0 0 0 0 0 0 0 0 0 0 0 0 0 0 0
136 CAA 0 0 0 0 39 5 1 45 3 0 27 8 0 0 0 0 499758 0 52 0 0 0 0 0 1 2 1 6 0 0 0 0 0 0 0 0 0 0 0 0 0 0 0 0 0 0 0 0 0 0 0 0 33 3 15 1 0 0 0 0 0 0 0 0
137 GCG 20 0 11 0 17 0 10 32 84 6 260 19 449 17 65 728 55 0 33 0 0 0 0 0 128 145 1 163 51 91 12 118 0 0 0 0 50 8 496006 64 0 0 0 0 8 173 28 22 0 81 0 660 9 0 2 15 0 16 0 19 83 176 58 7
138 AAA 499848 0 22 0 0 0 0 0 9 0 12 6 0 0 0 0 0 0 0 0 0 0 0 0 2 24 18 6 0 0 0 0 0 0 0 0 6 15 2 10 0 0 0 0 0 0 0 0 0 0 0 0 3 3 9 5 0 0 0 0 0 0 0 0
139 CAC 0 17 0 22 0 0 0 0 13 6 35 0 0 0 0 0 49 499441 9 19 13 4 13 29 8 1 9 18 6 14 5 20 0 27 0 34 22 33 3 17 0 0 0 0 24 6 1 4 0 0 0 0 0 16 10 5 0 0 0 0 7 24 3 13
140 CGA 0 0 0 0 0 0 0 0 22 4 4 11 0 0 0 0 0 0 0 0 0 0 0 0 499775 2 4 3 9 3 9 17 0 0 0 0 0 0 0 0 7 16 0 38 0 0 0 0 0 0 0 0 4 4 8 30 0 0 0 0 17 0 13 0
141 ATA 0 0 0 0 13 0 2 19 4 5 8 0 499481 72 0 45 0 0 0 0 0 0 0 0 3 19 0 2 3 18 2 11 0 0 0 0 0 0 0 0 0 0 0 0 100 48 48 33 0 0 0 0 0 1 13 5 0 10 0 24 9 0 2 0
142 GAA 21 0 4 0 0 0 0 0 0 0 0 0 0 0 0 0 0 0 0 0 4 3 0 15 0 0 0 0 0 0 0 0 499917 0 3 0 0 0 0 0 4 7 9 13 0 0 0 0 0 0 0 0 0 0 0 0 0 0 0 0 0 0 0 0
143 CGA 0 0 0 0 169 20 11 251 4 17 4 12 19 6 0 10 0 60 0 14 18 17 5 6 498885 19 39 31 51 6 45 2 0 0 0 0 15 11 0 4 9 8 11 20 15 10 40 31 0 0 0 0 20 12 6 38 0 0 0 0 23 0 6 0
144 GCA 0 0 0 0 0 0 0 0 0 0 0 8 9 6 0 9 0 0 0 0 0 0 0 0 0 0 0 0 0 0 0 0 0 0 0 0 499819 15 75 27 0 0 0 0 0 0 0 0 0 0 0 0 14 5 4 9 0 0 0 0 0 0 0 0
145 AGA 0 0 0 0 0 0 0 0 499434 3 9 5 0 0 0 0 0 14 0 45 0 0 0 0 51 22 52 79 52 24 41 10 0 0 0 0 3 10 15 2 11 3 8 14 0 0 0 0 0 0 0 0 23 0 10 2 0 0 0 0 27 22 1 8
146 ACT 48 6 233 26 51 11 5 496616 93 14 50 23 66 13 0 11 96 88 85 68 6 0 19 0 31 57 97 7 158 37 150 18 218 14 102 22 51 37 11 25 10 14 5 3 287 103 79 475 0 0 0 0 13 0 14 18 0 62 0 16 183 0 55 0
147 CGC 0 0 0 0 0 0 0 0 47 6 34 11 0 0 0 0 0 0 0 0 0 0 0 0 16 499632 5 14 18 0 14 57 0 0 0 0 0 0 0 0 12 20 16 19 0 0 0 0 0 0 0 0 3 7 51 5 0 0 0 0 5 0 8 0
148 ATG 0 0 0 0 0 0 0 0 0 0 0 0 25 4 499912 14 0 0 0 0 0 0 0 0 0 0 0 0 0 0 0 0 0 0 0 0 0 0 0 0 0 0 0 0 37 6 2 0 0 0 0 0 0 0 0 0 0 0 0 0 0 0 0 0
149 GAG 132 142 88 120 0 0 0 0 0 7 41 1 80 16 0 203 79 62 26 11 0 0 0 0 7 12 17 14 60 71 87 238 18 11 497666 38 1 10 4 7 119 14 2 120 19 30 48 18 0 10 0 32 4 69 6 9 0 105 0 21 5 10 39 51
150 GCT 0 0 0 0 8 2 9 11 12 12 1 7 0 0 0 0 28 126 29 38 3 9 6 1 4 7 27 4 0 0 0 0 22 0 10 0 6 54 85 499360 0 0 0 0 0 21 11 13 0 0 0 0 20 8 35 11 0 0 0 0 0 0 0 0
151 GGA 0 71 0 6 0 0 0 0 7 4 34 4 0 0 0 0 0 0 0 0 0 0 0 0 23 28 10 6 0 0 0 0 84 0 35 0 0 0 0 0 499463 30 62 23 37 9 5 10 0 0 0 0 4 2 15 3 0 20 0 5 0 0 0 0
152 CTA 0 0 0 0 0 0 0 0 3 2 9 10 0 0 32 0 0 0 0 0 0 0 0 0 3 2 4 9 499617 41 111 86 0 0 0 0 0 0 0 0 0 0 0 0 0 0 0 0 0 1 0 23 5 3 0 19 0 0 0 0 10 0 10 0
153 GTA 0 0 0 0 38 5 3 6 11 3 8 3 64 64 111 64 0 0 0 0 69 399 64 217 7 4 2 19 61 98 241 256 0 0 0 0 0 0 0 0 7 10 2 10 497081 66 50 0 0 0 0 0 3 2 7 7 0 36 0 5 188 324 132 253
154 GAT 0 0 0 0 0 0 0 0 8 0 65 0 0 0 0 0 0 0 0 0 0 0 0 0 1 25 22 3 2 18 0 9 0 12 0 499734 0 0 0 0 27 10 4 15 2 22 14 6 0 0 0 0 0 0 0 0 0 0 0 0 1 0 0 0
155 CAA 0 0 0 0 320 32 367 458 71 3 13 17 218 223 566 320 483588 24 2 8 8 42 13 15 2 9 0 13 9 276 24 7 352 0 659 0 17 12 3 14 28 27 130 21 348 2114 354 113 0 478 0 503 24 16 2 13 0 235 7583 161 6 71 38 30
156 GAT 0 0 0 0 0 0 0 0 5 2 1 9 0 0 0 0 0 0 0 0 0 0 0 0 3 1 14 2 0 12 0 7 0 0 0 499744 13 7 24 45 0 0 0 0 0 0 0 0 0 68 0 14 0 2 3 3 0 0 0 0 10 0 11 0
157 GAT 0 0 0 0 0 0 0 0 0 0 0 0 0 0 0 0 0 0 0 0 0 0 0 0 0 0 0 0 0 0 0 0 0 11 0 499902 3 11 11 0 20 0 6 15 7 2 11 1 0 0 0 0 0 0 0 0 0 0 0 0 0 0 0 0
158 CTT 0 18 0 0 12 9 1 10 11 0 8 0 0 0 38 0 12 0 20 0 2 0 22 1 7 7 44 0 26 3 60 493783 0 0 0 0 0 0 0 0 0 0 0 0 4 13 2 11 0 188 0 744 0 0 0 0 0 0 290 0 1 628 14 4011
159 GAC 0 0 0 0 17 1 9 18 9 0 3 0 0 0 0 0 0 0 0 0 0 0 0 0 38 0 24 21 0 0 0 0 11 499725 22 1 0 0 0 0 0 2 15 15 0 0 0 0 0 68 0 1 0 0 0 0 0 0 0 0 0 0 0 0
160 GAG 0 24 0 21 0 0 0 0 7 9 19 5 0 0 0 0 204 0 13 0 0 0 0 0 38 11 18 4 0 5 26 12 38 224 498901 225 13 25 11 5 2 16 4 20 0 0 0 0 0 0 0 0 18 5 5 0 0 19 0 13 2 11 15 12
161 GAG 0 0 0 0 0 0 0 0 9 7 27 0 0 0 0 0 40 0 5 0 0 0 0 0 0 4 0 5 0 0 0 0 16 0 499848 0 2 18 2 8 0 0 0 0 0 0 0 0 0 0 0 0 1 4 4 0 0 0 0 0 0 0 0 0
162 CAT 0 195 0 689 22 0 8 12 5 20 6 2 0 0 0 0 0 22 0 498707 0 0 0 0 3 9 23 1 4 4 2 0 0 0 0 0 0 0 0 0 102 2 45 94 0 0 0 0 0 0 0 0 1 3 5 0 0 0 0 0 8 0 6 0
163 CAA 34 0 20 0 301 136 123 32 13 8 68 10 162 780 738 337 491542 11 5 28 13 20 8 6 49 8 34 22 69 1018 79 580 14 0 20 0 105 184 49 139 4 9 14 30 458 626 256 93 0 358 0 456 31 4 43 19 0 227 44 90 160 159 80 74
164 GGG 0 0 0 0 0 0 0 0 12 3 4 0 0 0 0 0 0 0 0 0 0 0 0 0 19 2 3 0 0 0 0 0 0 0 0 0 0 0 0 0 34 31 499710 50 23 7 3 27 0 0 0 0 19 6 0 6 0 13 0 28 0 0 0 0
165 CTG 0 16 0 34 14 25 4 13 9 0 3 0 23 21 31 26 0 0 0 0 98 12 11 6 14 21 1 1 2 15 498663 66 0 0 0 0 13 13 7 5 0 0 0 0 93 191 61 74 0 19 0 31 0 0 0 0 0 34 0 14 129 26 39 122
166 GCG 14 0 42 0 13 14 19 1 16 2 18 12 2 16 0 19 0 0 0 0 0 0 0 0 0 2 0 0 30 49 17 5 18 0 39 0 6 6 499379 45 0 0 0 0 1 38 5 8 0 0 0 0 16 34 2 2 0 0 0 0 73 0 37 0
167 CCC 2 0 25 0 45 11 4 15 2 2 10 3 167 39 26 186 27 0 20 0 67 497254 16 19 25 18 9 0 96 86 445 84 0 0 0 0 5 7 9 7 9 10 35 13 67 107 155 110 0 8 0 34 6 12 10 14 0 6 0 36 473 0 164 0
168 GCG 53 0 0 0 10 95 47 23 1 30 9 72 6 80 0 16 0 4 0 26 0 0 0 0 6 36 48 4 21 6 19 7 0 0 43 0 13 24 498810 60 0 0 0 0 7 7 31 7 0 0 0 0 53 97 17 104 0 0 55 0 14 12 1 26
169 GAA 0 0 0 0 0 0 0 0 0 8 0 10 0 0 0 0 7 0 21 0 7 7 6 2 0 0 0 0 2 7 6 1 499753 0 38 0 0 0 0 0 0 15 19 19 19 15 0 16 0 0 0 0 6 3 5 1 0 0 0 0 7 0 0 0
170 CTC 0 0 0 0 0 0 0 0 0 0 0 0 0 0 0 0 0 0 0 0 5 39 9 24 0 0 0 0 21 499688 99 21 0 0 0 0 0 0 0 0 0 0 0 0 0 0 0 0 0 0 0 0 0 0 0 0 0 61 0 9 2 0 22 0
171 TTT 0 0 0 0 0 0 0 0 10 9 102 5 0 0 0 0 0 0 0 0 2 0 6 14 11 49 2 1 110 12 35 24 0 0 0 0 0 0 0 0 2 4 20 20 3 9 23 2 0 0 0 0 17 9 14 6 0 0 0 0 21 2 10 499446
172 GCT 0 0 0 0 0 0 0 0 86 0 29 0 0 0 0 0 25 0 7 0 0 0 0 0 46 1 24 50 0 0 0 0 36 0 29 0 5 8 20 499486 0 0 0 0 36 6 34 72 0 0 0 0 0 0 0 0 0 0 0 0 0 0 0 0
173 AGG 0 0 0 0 0 0 0 0 76 7 498168 23 0 0 451 0 116 0 91 0 0 0 0 0 2 41 102 59 19 124 28 122 32 0 4 0 5 8 23 12 13 7 6 3 26 11 10 43 0 0 0 0 37 6 12 39 0 0 0 0 178 0 96 0
174 TTG 0 0 0 0 0 0 0 0 0 0 0 0 0 0 0 0 0 0 0 0 0 0 0 0 0 0 0 0 8 32 6 55 0 0 0 0 0 0 0 0 0 0 0 0 0 0 0 0 0 0 0 0 0 0 0 0 0 4 0 36 4 0 499855 0
175 AAA 498525 0 55 0 0 0 0 0 5 3 12 5 2 20 0 4 69 0 8 0 0 0 0 0 11 0 7 3 205 87 155 273 0 0 0 0 0 0 0 0 13 9 2 17 48 161 3 53 0 0 0 0 4 0 16 7 0 0 0 0 210 0 8 0
176 GCT 0 0 0 0 0 0 0 0 8 0 2 4 0 0 0 0 0 0 0 0 0 0 0 0 36 28 27 17 11 4 2 13 0 0 0 0 57 38 11 499652 0 0 0 0 0 0 0 0 0 0 0 0 10 22 10 26 0 0 0 0 5 0 17 0
177 CGG 0 243 0 498 1009 4812 418 2162 9 456 49 2704 708 619 631 348 132 24 105 392 17 8 8 14 34 46 463558 89 1039 362 884 1019 168 184 1139 105 153 622 865 629 353 242 1783 744 215 16 297 128 0 25 0 274 791 779 2340 295 0 543 694 1302 998 1310 393 216
178 ATG 109 0 23 0 60 162 19 45 164 6 3 7 48 16 495759 31 5 126 77 91 34 63 69 160 44 43 139 326 156 96 28 35 19 0 28 0 7 1 13 0 6 1 11 8 31 4 88 38 0 409 0 311 1 5 6 7 0 52 275 128 100 442 6 59
179 CCC 0 0 0 0 3 35 10 2 65 26 55 3 31 38 0 58 20 0 31 0 20 499231 66 86 37 15 15 27 1 40 4 7 0 0 0 0 0 0 0 0 0 0 0 0 0 0 0 0 0 0 0 0 8 30 5 0 0 0 0 0 16 0 15 0
180 GAC 0 0 0 0 44 0 16 17 43 5 18 10 66 12 0 12 0 0 0 0 33 1 0 4 35 4 15 2 2 9 8 11 32 499234 2 53 18 24 10 18 17 14 0 8 0 0 0 0 0 0 0 0 4 2 14 0 0 0 36 0 1 70 16 60
181 GGT 0 0 0 0 8 14 3 3 30 13 8 70 0 0 0 0 0 0 0 0 0 0 0 0 24 13 23 29 3 8 2 1 0 0 0 0 5 33 19 5 0 14 7 499242 16 82 1 77 0 4 0 47 12 17 3 32 0 97 0 24 1 0 10 0
182 GAA 0 0 0 0 7 3 24 26 0 10 0 1 0 0 0 0 0 0 0 0 0 0 0 0 0 0 0 0 0 0 0 0 499743 0 31 0 10 1 9 9 6 15 19 24 1 4 16 3 0 0 0 0 0 8 18 12 0 0 0 0 0 0 0 0
183 GAT 0 0 0 0 0 0 0 0 11 0 21 0 0 0 0 0 0 0 0 0 0 0 0 0 0 3 27 2 0 0 0 0 0 4 0 499907 0 0 0 0 6 4 6 9 0 0 0 0 0 0 0 0 0 0 0 0 0 0 0 0 0 0 0 0
184 TTG 0 0 0 0 0 0 0 0 3 0 17 0 0 0 0 0 11 0 88 0 7 9 1 30 6 11 8 8 1 38 9 36 0 0 0 0 0 0 0 0 0 0 0 0 0 0 0 0 0 0 0 0 0 0 0 0 0 0 0 0 15 0 499702 0
185 GTG 0 0 0 0 0 0 0 0 18 2 1 21 0 0 0 0 0 0 0 0 0 0 0 0 2 22 6 0 6 2 5 8 0 0 0 0 8 12 45 2 0 0 0 0 21 44 499744 3 0 0 0 0 0 8 0 4 0 0 0 0 13 0 3 0
186 GTA 0 0 0 0 0 0 0 0 0 0 0 0 0 0 0 0 0 0 0 0 2 3 19 8 0 0 0 0 12 25 10 6 0 0 0 0 11 13 15 23 0 0 0 0 499761 11 11 52 0 0 0 0 0 0 0 0 0 0 0 0 12 0 6 0
187 ACT 0 0 0 0 4 34 4 499895 0 8 0 9 0 0 0 0 0 0 0 0 0 0 0 0 0 0 0 0 0 0 0 0 0 0 0 0 0 0 0 0 0 0 0 0 0 0 0 0 0 0 0 0 4 12 3 27 0 0 0 0 0 0 0 0
188 CAT 0 0 0 0 0 0 0 0 7 0 1 0 0 0 0 0 40 6 18 499690 3 10 7 19 3 10 9 14 7 20 34 18 0 0 0 0 0 0 0 0 0 0 0 0 0 0 0 0 0 8 0 50 0 0 0 0 0 17 0 1 0 0 8 0
189 GGG 0 0 0 0 0 0 0 0 0 19 0 29 0 0 0 0 0 0 0 0 0 0 0 0 0 0 0 0 8 15 0 1 0 0 0 0 0 0 0 0 21 10 499751 39 28 2 9 11 0 0 0 0 38 11 2 0 0 0 0 0 4 0 2 0
190 GAT 0 0 0 0 0 0 0 0 0 0 0 0 0 0 0 0 0 0 0 0 0 0 0 0 0 0 0 0 0 0 0 0 2 45 19 499917 0 0 0 0 2 3 1 11 0 0 0 0 0 0 0 0 0 0 0 0 0 0 0 0 0 0 0 0
191 GCC 0 0 0 0 0 0 0 0 3 12 3 6 0 0 0 0 0 413 0 26 0 0 0 0 3 8 10 7 82 45 0 41 0 0 0 0 18 497061 56 29 0 0 0 0 3 4 13 15 0 34 0 21 11 11 25 1 0 0 0 0 32 1670 19 318
192 TGC 0 0 0 0 948 221 3933 1863 6 0 7 0 15 71 0 16 0 0 0 0 0 0 0 0 5 3 3 15 0 0 0 0 0 0 0 0 7 8 3 7 7 4 29 7 0 0 0 0 0 0 0 0 0 0 0 0 0 492806 0 16 0 0 0 0
193 CTC 0 0 0 0 0 0 0 0 1 0 10 0 0 0 54 0 0 0 0 0 2 1 10 28 4 38 22 2 4 499609 70 14 0 0 0 0 0 0 0 0 0 0 0 0 3 3 17 11 0 0 0 0 0 0 0 0 0 0 0 0 69 0 28 0
194 CCG 0 0 0 0 16 10 38 1 7 12 12 11 0 0 0 0 28 0 11 0 8 12 499634 67 25 14 2 10 0 23 11 3 0 0 0 0 0 0 0 0 0 0 0 0 0 0 0 0 0 0 0 0 0 5 5 3 0 0 0 0 20 0 12 0
195 AAC 16 499811 21 36 6 23 7 1 0 9 0 14 0 0 0 0 0 0 0 0 0 0 0 0 0 0 0 0 0 0 0 0 0 0 0 0 0 0 0 0 0 0 0 0 0 0 0 0 0 0 0 40 8 2 5 1 0 0 0 0 0 0 0 0
196 ATA 0 0 0 0 0 0 0 0 2 50 8 34 499410 45 0 187 0 0 0 0 0 0 0 0 20 39 22 5 0 11 1 0 0 0 0 0 0 0 0 0 0 0 0 0 5 6 7 8 0 0 0 0 54 4 30 35 0 0 0 0 14 0 3 0
197 ATG 5 0 26 0 11 11 2 9 13 0 0 0 0 0 499720 0 46 0 57 0 0 0 0 0 6 2 6 0 10 4 1 6 0 26 0 27 0 0 0 0 0 0 0 0 0 0 0 0 0 0 0 0 0 0 0 0 0 0 0 0 10 0 2 0
198 GTG 0 0 0 0 0 0 0 0 7 0 10 0 0 0 0 0 0 0 0 0 0 0 0 0 4 19 6 3 4 3 10 1 0 0 0 0 29 3 3 0 3 4 16 7 64 21 499723 42 0 0 0 0 0 0 0 0 0 0 0 0 5 0 13 0
199 GAA 0 0 0 0 0 0 0 0 10 28 4 6 0 0 0 0 0 14 0 6 0 0 0 0 3 3 11 17 0 0 0 0 499577 0 8 0 8 2 2 68 3 35 6 7 0 0 0 0 0 0 0 0 15 66 2 33 0 20 0 46 0 0 0 0
200 AAC 0 499745 0 49 6 63 12 0 0 4 0 12 0 0 0 0 0 0 0 0 0 0 0 0 0 0 0 0 2 1 51 0 0 0 0 0 0 0 0 0 0 0 0 0 9 7 4 10 0 0 0 0 6 4 3 3 0 0 0 0 6 0 3 0
201 GGC 0 0 0 0 0 3 10 17 7 12 22 11 0 0 0 0 0 0 0 0 0 0 0 0 11 13 1 15 0 0 0 0 0 3 0 20 0 0 0 0 146 499541 23 69 0 0 0 0 0 0 0 0 6 1 41 6 0 21 0 1 0 0 0 0
202 CGT 22 0 36 0 0 0 0 0 31 5 93 7 0 0 0 0 0 0 0 0 0 0 0 0 11 22 63 499364 7 0 57 16 0 0 0 0 0 0 0 0 0 0 0 0 0 0 0 0 0 0 0 0 7 16 57 7 0 28 0 7 46 0 98 0
203 TTT 0 0 0 0 0 0 0 0 0 0 0 0 0 0 0 0 0 0 0 0 0 0 0 0 0 0 0 0 7 3 0 20 0 0 0 0 0 0 0 0 0 0 0 0 0 0 0 0 0 0 0 0 0 0 0 0 0 5 0 20 12 80 8 499845
204 AGC 0 16 0 24 15 9 9 17 24 499529 0 34 9 20 0 51 0 0 0 0 0 0 0 0 23 16 25 1 0 0 0 0 0 0 0 0 0 0 0 0 8 2 24 9 0 0 0 0 0 0 0 0 32 39 29 35 0 0 0 0 0 0 0 0
205 GGA 0 0 0 0 0 0 0 0 0 0 0 0 0 0 0 0 0 0 0 0 0 0 0 0 0 0 0 0 0 0 0 0 0 0 0 0 0 0 0 0 499842 89 22 3 4 25 10 5 0 0 0 0 0 0 0 0 0 0 0 0 0 0 0 0
206 TTC 0 0 0 0 0 0 0 0 3 12 8 6 0 0 0 0 0 0 0 0 0 0 0 0 0 18 3 2 7 14 1 0 0 0 0 0 0 0 0 0 0 0 0 0 26 0 15 2 0 0 0 0 12 3 11 12 0 0 0 0 3 499807 18 17
207 ATT 0 0 0 0 12 3 12 9 0 0 0 0 35 16 0 499880 0 0 0 0 0 0 0 0 0 0 0 0 0 0 0 0 0 0 0 0 0 0 0 0 0 0 0 0 3 0 19 11 0 0 0 0 0 0 0 0 0 0 0 0 0 0 0 0
208 GAT 0 0 0 0 1 7 20 21 0 0 0 0 0 0 0 0 0 0 0 0 0 0 0 0 0 0 0 0 0 0 0 0 23 15 6 499760 26 22 25 22 3 0 26 23 0 0 0 0 0 0 0 0 0 0 0 0 0 0 0 0 0 0 0 0
209 TGC 0 0 0 0 2 40 79 43 10 18 22 26 0 0 0 0 0 0 0 0 0 0 0 0 10 19 1 18 3 20 8 10 0 0 0 0 0 7 12 59 4 3 0 23 0 0 0 0 0 0 0 0 3 5 11 4 0 499462 0 21 1 6 20 30
210 GGA 0 0 0 0 0 0 0 0 10 2 1 22 0 0 0 0 0 0 0 0 0 0 0 0 4 8 3 10 0 0 0 0 0 0 0 0 0 0 0 0 499679 53 15 64 17 29 30 30 0 0 0 0 8 3 2 10 0 0 0 0 0 0 0 0
211 CGG 0 0 0 0 0 0 0 0 6 12 24 1 0 0 0 0 0 0 0 0 0 0 0 0 5 46 499640 37 47 10 37 7 0 0 0 0 0 0 0 0 0 0 0 0 0 0 0 0 0 0 0 0 18 17 9 34 0 10 0 17 0 0 23 0
212 TTG 0 0 0 0 2 16 1 7 18 0 7 0 0 0 0 0 0 0 0 0 0 0 0 0 12 0 3 13 65 12 26 13 0 0 0 0 0 0 0 0 0 0 0 0 0 0 0 0 0 0 0 0 0 0 0 0 0 0 0 0 23 0 499782 0
213 GGT 0 0 0 0 0 0 0 0 0 0 58 0 0 0 0 0 0 0 0 0 0 0 0 0 22 12 4 31 0 0 0 0 0 0 0 0 1 9 13 4 39 10 0 499712 18 4 1 10 0 0 0 0 0 0 0 0 0 5 0 47 0 0 0 0
214 GTC 0 0 0 0 0 0 0 0 0 0 0 0 0 0 0 0 0 0 0 0 0 0 0 0 0 0 0 0 11 2 22 17 0 0 0 0 2 3 13 17 12 5 50 9 11 499799 5 15 0 0 0 0 0 0 0 0 0 0 0 0 7 0 0 0
215 GCT 0 0 0 0 0 0 28 20 0 5 0 1 0 0 0 0 0 0 0 0 16 2 12 13 0 0 0 0 0 0 0 0 0 0 0 0 28 10 0 499751 6 15 10 6 0 0 0 0 0 0 0 0 52 11 9 5 0 0 0 0 0 0 0 0
216 GAT 0 0 0 0 0 0 0 0 0 3 0 2 0 0 0 0 0 0 0 0 0 0 0 0 0 0 0 0 3 0 5 1 0 28 0 499774 1 3 0 13 13 13 8 3 5 4 16 10 0 37 0 16 5 2 19 0 0 0 0 0 0 0 16 0
217 CGA 0 0 0 0 0 0 0 0 2 22 21 31 0 0 0 0 0 0 0 0 0 0 0 0 499755 17 26 6 7 10 7 11 0 0 0 0 0 0 0 0 12 9 3 1 0 0 0 0 0 0 0 0 12 5 0 22 0 0 0 0 15 0 6 0
218 TAT 0 0 0 0 0 0 0 0 0 11 0 26 0 0 0 0 0 0 0 0 0 0 0 0 0 0 0 0 0 0 0 0 0 0 0 0 0 0 0 0 0 0 0 0 0 0 0 0 0 34 0 499888 13 2 13 13 0 0 0 0 0 0 0 0
219 CAA 20 0 4 0 34 21 1 6 7 0 2 0 0 0 0 0 499600 61 148 1 7 27 0 0 16 14 26 5 0 0 0 0 0 0 0 0 0 0 0 0 0 0 0 0 0 0 0 0 0 0 0 0 0 0 0 0 0 0 0 0 0 0 0 0
220 GAT 0 0 0 0 0 0 0 0 0 0 0 0 0 0 0 0 0 0 0 0 0 0 0 0 0 0 0 0 0 0 0 0 0 30 0 499867 7 15 0 25 11 10 19 16 0 0 0 0 0 0 0 0 0 0 0 0 0 0 0 0 0 0 0 0
221 ATA 0 0 0 0 0 32 17 28 0 15 0 19 496664 30 0 23 0 0 0 0 0 0 0 0 0 0 0 0 807 1054 141 661 0 0 0 0 0 0 0 0 4 0 5 18 0 14 18 1 0 0 0 0 7 17 91 10 0 0 0 0 229 0 95 0
222 GCA 0 0 0 0 0 0 0 0 0 0 0 0 0 0 0 0 0 0 0 0 0 0 0 0 0 0 0 0 0 0 0 0 0 0 0 0 499859 5 32 22 17 5 4 2 16 1 4 33 0 0 0 0 0 0 0 0 0 0 0 0 0 0 0 0
223 TTG 0 0 0 0 0 0 0 0 13 0 3 0 0 0 0 0 0 0 0 0 0 0 0 0 3 18 0 2 85 14 19 88 0 0 0 0 0 0 0 0 0 0 0 0 0 0 0 0 0 0 0 0 0 0 0 0 0 0 0 0 53 0 499702 0
224 GCA 0 0 0 0 0 0 0 0 0 32 0 36 0 0 0 0 0 0 0 0 5 7 10 7 0 0 0 0 6 4 14 7 52 0 16 0 499619 13 16 19 13 2 9 9 4 14 21 1 0 0 0 0 5 19 15 18 0 0 0 0 4 0 3 0
225 ACT 0 0 0 0 7 8 2 499816 0 4 0 1 25 2 0 7 0 0 0 0 0 0 0 0 0 0 0 0 0 0 0 0 0 0 0 0 0 0 0 0 0 0 0 0 46 2 40 9 0 0 0 0 17 6 4 4 0 0 0 0 0 0 0 0
226 CGC 0 0 0 0 14 10 2 6 78 10 31 1 0 0 0 0 0 0 0 0 0 0 0 0 76 499483 10 17 15 2 14 27 0 0 0 0 0 0 0 0 16 2 27 3 0 0 0 0 0 0 0 0 38 29 26 33 0 0 0 0 17 0 13 0
227 GAT 0 0 0 0 0 0 0 0 17 6 5 93 0 0 0 0 0 13 0 25 0 0 0 0 6 18 3 2 0 0 0 0 18 33 20 499520 0 0 0 0 0 0 0 0 23 27 5 18 0 0 0 0 3 45 0 51 0 32 0 17 0 0 0 0
228 ATC 0 0 0 0 18 16 1 19 2 56 24 9 14 499674 0 39 0 0 0 0 0 0 0 0 9 5 1 9 1 3 13 0 0 0 0 0 0 0 0 0 0 0 0 0 12 3 18 6 0 0 0 0 9 17 1 0 0 0 0 0 16 0 5 0
229 GCC 0 0 0 0 2 10 8 9 6 2 17 16 0 0 0 0 0 0 0 0 18 6 7 6 5 5 5 1 0 0 0 0 32 0 29 0 13 499675 25 39 0 0 0 0 7 8 14 2 0 0 0 0 5 0 23 5 0 0 0 0 0 0 0 0
230 GAA 0 0 0 0 82 78 9 143 0 431 0 9 0 0 0 0 0 124 0 61 6 6 16 1 0 0 0 0 0 0 0 0 497924 0 33 0 16 5 13 15 4 34 44 2 0 0 0 0 0 0 0 0 75 39 765 65 0 0 0 0 0 0 0 0
231 GAG 39 0 50 0 0 0 0 0 142 0 76 0 0 0 0 0 0 252 0 384 0 0 0 0 91 139 51 26 0 0 0 0 4 0 495722 0 15 1 28 30 16 2 5 2 4 44 41 2 0 799 0 1970 0 0 0 0 0 0 23 0 0 26 0 16
232 CTT 0 0 0 0 0 0 0 0 11 8 8 3 0 0 0 0 0 0 0 0 3 28 8 33 5 1 4 21 3 58 26 499691 0 0 0 0 0 0 0 0 0 0 0 0 9 5 9 3 0 0 0 0 0 1 10 16 0 0 0 0 5 0 31 0
233 GGT 0 0 0 0 0 0 0 0 13 5 1 4 0 0 0 0 0 0 0 0 0 0 0 0 4 5 0 0 0 0 0 0 0 0 0 0 0 0 0 0 21 45 18 499741 21 7 43 13 0 0 0 0 3 6 21 0 0 4 0 25 0 0 0 0
234 GGT 335 129 176 61 1 249 20 36 6 23 24 14 72 14 80 33 83 38 108 47 270 586 253 95 7 3 58 75 2 0 9 17 6 47 326 38 382 252 663 291 27 141 1 494184 55 63 33 141 0 41 0 8 7 34 63 117 0 18 37 30 0 0 71 0
235 GAA 0 0 0 0 6 5 12 5 0 0 0 0 0 0 0 0 0 0 0 0 0 0 0 0 0 0 0 0 0 0 12 12 499862 0 41 0 4 1 18 16 0 0 0 0 0 0 0 0 0 0 0 0 0 0 0 0 0 0 0 0 3 0 3 0
236 TGG 0 0 0 0 0 0 0 0 14 2 17 1 0 0 0 0 0 0 0 0 0 0 0 0 5 7 30 0 32 7 15 31 0 0 0 0 0 0 0 0 43 14 3 3 3 15 22 4 0 0 0 0 3 8 9 18 0 0 499671 0 16 0 7 0
237 GCA 0 0 0 0 0 0 0 0 0 3 2 45 0 0 0 0 0 0 0 0 0 0 0 0 10 14 0 16 0 0 0 0 0 0 0 0 499741 70 19 9 0 0 0 0 0 0 0 0 0 0 0 0 16 21 9 25 0 0 0 0 0 0 0 0
238 GAC 52 133 247 35 12 4 6 11 151 56 75 132 143 269 39 43 67 234 103 4 0 11 9 27 117 76 221 95 33 66 21 33 291 496480 69 14 29 29 10 26 0 0 0 0 3 26 32 27 0 70 0 0 51 16 48 39 0 3 0 41 31 9 10 121
239 AGA 0 0 0 0 9 1 3 9 499568 6 9 2 0 0 0 0 0 0 0 0 24 13 3 1 63 0 83 15 12 1 14 21 0 0 0 0 0 0 0 0 8 13 9 1 0 0 0 0 0 0 0 0 10 21 8 1 0 19 0 9 16 0 28 0
240 TTT 8 0 14 0 0 0 0 0 0 5 0 4 0 0 0 0 0 0 0 0 0 0 0 0 0 0 0 0 0 0 0 0 0 0 0 0 0 0 0 0 0 0 0 0 26 9 7 17 0 0 0 0 6 0 2 3 0 0 0 27 0 83 0 499789
241 TTA 0 0 0 0 0 0 0 0 5 6 27 6 0 0 0 0 0 0 0 0 4 27 14 12 46 2 40 27 4 28 37 42 0 0 0 0 0 0 0 0 0 0 0 0 0 0 0 0 0 0 0 0 21 1 2 0 0 0 0 0 499610 0 39 0
242 GTT 39 17 224 28 134 28 126 156 100 3 11 9 0 0 85 0 7 148 29 65 4 22 4 25 349 97 27 127 0 13 3 8 89 0 183 0 37 1 187 30 0 0 0 0 35 72 3 496803 0 10 0 60 36 135 127 141 0 0 52 0 12 61 22 16
243 CTG 0 0 0 0 0 0 0 0 1 0 1 0 0 0 0 0 4 0 33 0 13 23 4 0 10 15 32 19 7 39 499504 47 54 0 43 0 9 16 11 20 0 0 0 0 11 13 16 2 0 0 0 0 0 0 0 0 0 0 0 0 11 0 42 0
244 TAT 0 0 0 0 0 0 0 0 0 0 0 0 0 0 0 0 0 0 0 0 0 0 0 0 0 0 0 0 5 34 4 1 0 0 0 0 0 0 0 0 0 0 0 0 0 0 0 0 0 21 0 499931 0 0 0 0 0 0 0 0 0 0 4 0
245 GGT 0 0 0 0 0 0 0 0 55 2 1 0 0 0 0 0 0 0 0 0 0 0 0 0 0 6 21 11 5 3 14 8 0 0 0 0 2 13 22 37 142 26 60 499414 29 29 3 26 0 0 0 0 0 3 4 36 0 17 0 10 0 0 1 0
246 ATC 0 0 0 0 0 0 0 0 46 9 10 49 37 499493 0 16 0 0 0 0 0 0 0 0 21 1 15 4 7 0 6 17 0 0 0 0 0 0 0 0 0 0 0 0 38 7 2 3 0 0 0 0 44 23 32 12 0 21 0 32 22 14 3 16
247 GCG 5 24 39 37 16 9 23 23 21 20 23 167 0 0 0 0 11 0 6 0 53 1 0 19 12 18 5 8 8 0 4 17 0 32 0 1 2 11 499038 28 10 1 16 5 0 0 0 0 0 0 0 0 110 14 5 58 0 34 0 8 44 0 14 0
248 GCA 16 0 17 0 70 0 16 74 10 17 1 46 8 9 37 12 65 0 45 0 0 0 0 0 4 2 11 13 145 46 24 46 14 20 30 49 498831 18 22 15 7 10 2 4 6 9 5 5 0 0 0 0 8 23 1 10 0 0 0 0 134 0 43 0
249 CCA 0 0 0 0 8 0 27 9 44 10 4 3 0 0 0 0 23 0 8 0 499503 46 5 14 7 0 63 30 17 7 5 4 0 0 0 0 1 8 39 22 0 5 25 4 0 0 0 0 0 0 0 0 3 0 6 5 0 0 0 0 43 0 2 0
250 GAC 0 0 0 0 13 4 6 3 0 0 0 0 0 0 0 0 27 0 74 0 0 0 0 0 0 0 0 0 3 3 8 0 0 499714 0 22 3 25 4 0 0 0 0 0 1 3 8 21 0 17 0 17 0 0 0 0 0 0 0 0 18 0 6 0
251 TCT 9 0 18 0 23 17 72 149 8 38 32 9 9 0 40 46 208 44 28 4 0 0 0 0 42 122 135 60 22 14 181 126 0 39 0 12 6 3 33 21 9 4 15 11 0 0 0 0 0 166 0 17 7 50 10 497222 0 0 655 0 73 63 12 116
252 CAG 0 20 0 11 0 0 0 0 6 0 12 10 0 0 0 0 8 9 499547 46 0 0 0 0 0 11 14 2 2 0 0 2 0 109 0 93 0 0 0 0 0 0 0 0 0 0 0 0 0 0 0 0 8 0 19 9 0 0 0 0 6 30 22 4
253 CGT 0 0 0 0 0 0 0 0 5 17 10 12 0 0 0 0 0 0 0 0 0 0 0 0 36 0 2 499767 4 15 3 10 0 0 0 0 0 0 0 0 9 6 8 7 0 13 18 0 0 0 0 0 6 2 3 20 0 0 0 0 4 0 23 0
254 ATC 0 0 0 0 0 0 0 0 5 33 8 1 11 499756 0 5 0 0 0 0 0 0 0 0 0 0 20 1 2 13 5 11 0 0 0 0 0 0 0 0 0 0 0 0 0 0 0 0 0 0 0 0 8 18 2 20 0 0 0 0 45 0 36 0
255 GCC 0 0 0 0 4 33 0 11 6 27 3 31 0 0 0 0 0 0 0 0 0 0 0 0 2 4 4 11 0 0 0 0 30 0 2 0 7 499549 24 82 34 23 1 7 0 0 0 0 0 9 0 41 5 25 2 23 0 0 0 0 0 0 0 0
256 TTT 0 0 0 0 0 0 0 0 3 9 11 3 0 0 0 0 17 0 14 0 9 2 11 2 20 4 22 9 23 5 9 26 0 0 0 0 0 0 0 0 0 0 0 0 0 0 0 0 0 107 0 166 19 9 3 11 0 0 566 0 9 5 4 498902
257 TAT 0 0 0 0 0 0 0 0 0 0 0 0 0 0 0 0 0 17 0 11 0 0 0 0 0 0 0 0 0 0 0 0 0 0 0 0 0 0 0 0 0 0 0 0 0 0 0 0 0 2 0 499970 0 0 0 0 0 0 0 0 0 0 0 0
258 AGA 0 0 0 0 0 0 0 0 499724 6 14 2 0 0 0 0 0 0 0 0 0 0 0 0 59 9 22 7 13 19 0 4 0 0 0 0 0 0 0 0 16 0 10 12 0 0 0 0 0 0 0 0 21 32 0 0 0 0 0 0 29 0 1 0
259 TTA 0 0 0 0 0 0 0 0 7 0 1 0 0 0 0 0 0 0 0 0 0 0 0 0 0 3 18 5 18 2 17 49 0 0 0 0 0 0 0 0 0 0 0 0 0 0 0 0 0 0 0 0 0 0 0 0 0 0 0 0 499817 0 63 0
260 CTA 0 0 0 0 0 0 0 0 0 0 0 0 0 0 0 0 0 0 0 0 0 0 0 0 0 0 0 0 499841 104 8 5 0 0 0 0 0 0 0 0 0 0 0 0 0 0 0 0 0 0 0 0 0 0 0 0 0 0 0 0 3 0 39 0
261 GAC 0 0 0 0 0 0 0 0 0 6 0 1 0 0 0 0 0 0 0 0 0 0 0 0 0 0 0 0 0 0 0 0 0 499959 0 0 0 0 0 0 0 0 0 0 0 0 0 0 0 21 0 0 2 1 9 1 0 0 0 0 0 0 0 0
262 GAG 29 0 7 0 0 0 0 0 7 2 3 1 0 0 0 0 0 0 0 0 0 0 0 0 0 13 7 0 0 0 0 0 14 0 499848 0 0 0 0 0 0 0 0 0 10 4 10 12 0 0 0 0 13 8 2 10 0 0 0 0 0 0 0 0
263 TTC 0 0 0 0 0 0 0 0 0 22 0 4 3 26 0 9 0 0 0 0 0 0 0 0 0 0 0 0 0 0 11 7 0 0 0 0 0 0 0 0 0 0 0 0 0 0 0 0 0 0 0 0 7 11 4 6 0 0 0 0 14 499826 3 47
264 TTC 0 0 0 0 0 0 0 0 0 0 0 18 0 0 0 0 0 0 0 0 0 0 0 0 0 0 0 0 20 2 5 9 0 0 0 0 0 0 0 0 0 0 0 0 4 3 17 27 0 15 0 26 15 5 4 2 0 13 0 18 8 499752 14 23
