# POSITION WT AAA AAC AAG AAT ACA ACC ACG ACT AGA AGC AGG AGT ATA ATC ATG ATT CAA CAC CAG CAT CCA CCC CCG CCT CGA CGC CGG CGT CTA CTC CTG CTT GAA GAC GAG GAT GCA GCC GCG GCT GGA GGC GGG GGT GTA GTC GTG GTT TAA TAC TAG TAT TCA TCC TCG TCT TGA TGC TGG TGT TTA TTC TTG TTT
1 ATG 312 333 29 130 8017 828 6820 0 3578 7 909 7 619 8547 4.93244e+06 1321 0 21 0 4 50 255 194 63 843 401 1368 1891 2214 1064 1243 3202 1358 18 1807 9 383 537 968 30 2182 4325 2609 14 2 0 0 2 0 1035 0 2841 10 14 22 28 0 155 0 80 3924 108 217 610
2 ATT 469 361 546 1008 351 144 145 402 22 213 40 19 71 298 0 4.97829e+06 303 1655 1521 42 30 155 23 55 68 264 21 188 64 156 57 67 0 158 0 73 115 1913 261 232 76 6 166 47 607 1587 923 2117 0 1301 0 421 33 145 117 194 0 0 896 0 21 656 144 743
3 GAG 225 338 938 198 1936 386 694 2956 51 1302 3231 89 184 131 0 315 2161 2666 1649 1068 70 652 241 13 751 807 1539 1105 1850 268 32 465 351 408 4.95512e+06 550 0 0 0 0 164 162 161 359 46 22 65 164 0 257 0 713 1713 49 348 1472 0 0 246 0 1786 3648 388 3497
4 CAA 802 421 2319 1210 128 104 318 1218 93 108 0 157 110 307 0 344 4.97631e+06 0 117 0 110 728 389 434 25 789 96 587 346 3527 894 813 107 0 487 0 0 0 0 0 23 670 1017 1356 948 77 134 149 0 122 0 170 207 64 33 41 0 267 1082 96 5 0 143 0
5 GAC 23479 157 62474 309 6087 6733 3664 1100 34 4593 7563 2425 26255 1502 0 14172 8550 354 8570 39 362 351 1025 335 1893 753 48 840 2439 5234 352 2946 703 4.78428e+06 2660 882 333 315 460 45 310 703 1909 336 15 7 13 10 0 0 0 0 22 795 1696 1713 0 106 1169 175 3271 985 956 1497
6 GGC 7717 21425 22937 687 173 5150 414 2732 530 8061 669 63 4485 10635 3965 4597 112 0 156 0 22667 9935 4632 6015 1472 1210 138 361 56 403 684 185 8935 619 731 220 1463 272 727 4042 282 4.80008e+06 461 203 879 921 1649 2439 0 2389 0 651 10641 7731 169 1063 0 0 4797 0 473 2234 647 3021
7 CTT 1007 0 2498 0 0 0 0 0 430 4 543 54 0 0 0 0 0 33 0 1 47 93 161 120 579 91 1471 80 1 131 673 4.98075e+06 424 0 382 0 510 532 929 68 150 78 107 267 12 17 24 1 0 0 0 0 10 27 32 58 0 1342 0 5811 275 0 174 0
8 CAT 0 6610 0 8434 0 0 0 0 4066 5778 15750 2891 0 0 6032 0 0 582 0 4.47398e+06 2539 4883 2299 2933 8915 1517 11319 2490 16623 10268 9327 311 83675 892 92265 8962 0 0 0 0 514 2076 685 1450 484 3724 345 4591 0 0 0 0 6007 2665 7749 4328 0 12882 0 132790 5549 0 30825 0
9 GCA 431 881 115 638 142 42 108 18 0 129 111 107 921 3084 0 946 0 0 0 0 2479 393 240 644 54 299 71 97 47 392 206 84 240 0 464 0 4.98198e+06 149 245 131 268 342 638 868 455 493 61 21 0 0 0 0 97 126 206 116 0 0 0 0 299 0 118 0
10 GGA 0 0 0 0 245 0 34 321 0 29 0 38 0 0 0 0 0 0 0 0 173 31 93 41 0 0 0 0 155 74 76 132 0 0 0 0 0 0 0 0 4.99501e+06 138 371 45 201 54 627 904 0 0 0 0 24 103 310 75 0 460 0 127 97 0 12 0
11 TCT 91 0 202 0 857 937 811 954 3920 52 4647 588 2683 9332 37969 9909 702 10886 9650 3638 2796 2527 3523 5167 13067 18215 21789 10095 29071 3930 33417 9642 478 1987 772 958 66 33 102 156 357 874 111 205 659 3886 30 1443 0 28651 0 10555 158 86 305 4.65473e+06 0 6919 289 8280 16207 5112 3471 2049
12 CCC 0 0 0 0 240 111 52 275 71 9 28 82 0 0 0 0 0 0 0 0 436 4.99637e+06 29 67 43 90 32 31 104 138 109 54 0 240 0 120 285 273 61 95 0 0 0 0 14 78 154 30 0 0 0 0 58 35 63 74 0 0 0 0 19 0 28 0
13 GCT 543 0 706 0 349 427 527 553 165 840 361 614 0 0 0 0 588 355 76 56 33 149 96 23 502 918 20 77 37 52 124 143 46 2470 493 1534 621 8 142 4.98306e+06 237 51 37 86 339 304 80 870 0 0 0 0 172 518 260 239 0 0 0 0 36 0 59 0
14 GCA 1010 141 405 221 347 509 388 601 114 107 142 532 0 0 520 0 0 0 0 0 180 864 297 330 375 143 241 374 109 35 10 15 45 80 224 612 4.98637e+06 864 184 220 258 582 86 113 22 45 154 115 0 0 0 0 389 178 459 491 0 150 0 208 131 0 13 0
15 TGG 0 0 0 0 0 0 0 0 410 151 83 58 0 0 0 0 0 0 0 0 0 0 0 0 204 135 370 953 145 225 133 11 0 0 0 0 0 0 0 0 83 64 62 366 0 0 0 0 0 0 0 0 379 7 110 39 0 54 4.99519e+06 217 7 0 540 0
16 GTG 5428 509 829 288 436 1077 590 937 2882 86 340 653 0 0 0 0 1035 0 1261 0 0 0 0 0 3527 121 109 4080 93 322 208 326 90 0 1259 0 463 2303 534 568 204 813 1643 39 323 153 4.96204e+06 176 0 369 0 190 209 475 1257 621 0 55 0 328 32 0 723 0
17 GAA 0 0 0 0 62 205 53 7 22 441 183 7 0 0 0 0 599 245 708 84 40 115 233 66 262 390 54 53 11 30 92 71 4.9919e+06 0 347 0 40 155 128 81 278 146 113 51 36 109 50 108 0 0 0 0 1652 214 41 40 0 0 362 0 35 0 78 0
18 CGT 318 201 2751 35 0 0 0 0 112 397 294 476 0 0 0 0 0 0 0 0 38 408 33 81 564 172 558 4.9868e+06 63 190 179 317 1250 147 334 320 34 76 15 178 407 370 532 409 30 90 63 198 0 0 0 0 140 108 194 76 0 529 0 286 211 0 19 0
19 TTG 0 0 0 0 0 0 0 0 81 0 160 0 0 0 386 0 0 0 0 0 0 0 0 0 85 9 155 75 690 430 275 434 0 0 0 0 0 0 0 0 0 0 0 0 0 0 0 0 0 0 0 0 0 0 0 0 0 0 0 0 429 0 4.99679e+06 0
20 TTC 66 0 310 0 704 179 533 2627 3366 138 4351 102 1286 848 1003 134 110 589 153 684 15 174 1235 122 781 3719 149 4339 324 104 1261 425 615 279 2432 466 125 704 1336 760 58 46 41 155 371 590 190 67 0 244 0 69 49 157 182 303 0 546 0 620 309 4.95882e+06 285 349
21 GGA 0 163 0 222 0 0 0 0 203 133 57 298 0 0 0 0 0 0 0 0 0 0 0 0 29 41 44 20 26 67 64 0 0 163 0 130 0 0 0 0 4.99561e+06 51 541 164 19 135 424 39 0 0 0 0 22 164 602 387 0 0 0 0 146 0 33 0
22 TAT 0 0 0 0 0 0 0 0 0 89 0 49 0 0 0 0 0 0 0 0 0 0 0 0 0 0 0 0 42 184 5 61 0 158 0 149 30 29 80 132 0 0 0 0 0 0 0 0 0 86 0 4.99821e+06 70 191 55 23 0 0 0 0 90 0 270 0
23 GAT 0 49 0 504 103 397 223 581 228 45 147 185 97 251 0 232 64 93 189 198 0 0 0 0 287 308 159 23 195 1 55 40 0 49 0 4.9939e+06 0 0 0 0 61 153 33 143 0 0 0 0 0 266 0 62 122 27 150 120 0 0 0 0 51 0 208 0
24 TGG 0 0 0 0 105 10 84 98 58 73 63 46 0 0 0 0 0 0 0 0 0 0 0 0 513 13 283 271 86 95 134 301 0 0 0 0 0 0 0 0 170 68 104 71 0 0 0 0 0 0 0 0 83 68 79 0 0 118 4.9955e+06 810 284 0 416 0
25 GCA 169 0 859 0 2972 6760 735 4534 1514 8801 30 625 2997 224 0 10021 11706 0 10732 0 0 0 0 0 3162 313 517 644 129 97 15 206 1681 17644 58923 6777 4.84063e+06 42 75 56 65 167 88 258 173 61 383 184 0 0 0 0 3235 293 648 745 0 0 0 0 106 0 7 0
26 CAA 0 0 0 0 97 89 92 19 143 22 239 40 12 227 0 49 4.9918e+06 337 431 466 14 106 203 91 1445 615 0 273 495 190 91 600 458 0 38 0 0 0 0 0 0 0 0 0 0 0 0 0 0 0 0 0 137 0 198 224 0 0 0 0 592 0 164 0
27 CAA 0 50 0 718 2624 473 856 458 182 820 210 0 737 13932 0 71458 4.88317e+06 0 87 0 228 573 227 493 332 57 71 192 4334 736 1138 2186 0 0 0 0 808 547 1188 1695 0 0 0 0 1283 1118 1842 67 0 0 0 0 52 1071 825 293 0 0 0 0 1852 0 1018 0
28 ACA 0 221 0 124 4.99125e+06 755 406 2 14 92 193 133 72 90 0 59 0 757 0 29 43 73 17 98 179 53 185 162 16 188 9 72 0 0 0 0 310 908 625 875 0 0 0 0 0 0 0 0 0 943 0 47 177 132 371 234 0 0 0 0 32 0 58 0
29 ATC 0 0 0 0 0 0 0 0 0 26 0 68 252 4.99635e+06 0 225 232 0 180 0 26 209 53 40 0 0 0 0 42 175 260 79 0 0 0 0 0 0 0 0 73 106 30 62 154 25 29 47 0 104 0 184 29 13 0 565 0 0 0 0 218 0 148 0
30 GGC 0 0 0 0 0 0 0 0 225 127 64 565 0 0 0 0 0 0 0 0 0 0 0 0 285 156 4 39 0 0 0 0 0 0 0 0 0 0 0 0 266 4.99647e+06 269 312 76 281 153 117 0 0 0 0 78 165 265 79 0 0 0 0 0 0 0 0
31 TGC 34228 0 2632 0 0 0 0 0 491 331 2346 39 70 134 0 88 3703 118 5546 151 0 0 0 0 1285 848 40 1086 731 440 1094 514 256 0 10 0 86 62 17 231 77 22 184 91 241 134 80 178 0 0 0 0 68 39 117 76 0 4.94086e+06 0 22 746 162 161 166
32 AGT 0 0 0 0 164 161 51 191 231 210 94 4.99594e+06 145 28 0 432 0 0 0 0 0 0 0 0 137 174 104 22 11 83 74 130 0 0 0 0 0 0 0 0 0 0 0 0 0 0 0 0 0 0 0 0 162 801 11 509 0 0 0 0 56 0 83 0
33 GAC 238 303 1170 117 4722 5941 7261 3069 794 2159 1329 6462 340 148 0 111 242 1 114 234 469 2113 821 893 896 906 243 189 385 535 625 54 57 4.93628e+06 216 237 130 264 494 52 1437 1687 653 132 16 131 76 224 0 72 0 190 4350 2469 3041 3752 0 133 0 238 473 0 316 0
34 GCC 0 0 0 0 0 0 0 0 100 216 57 188 0 0 0 0 392 0 79 0 0 0 0 0 476 0 5 145 0 0 0 0 270 0 23 0 0 4.99664e+06 291 87 48 115 63 38 0 0 0 0 0 0 0 0 8 220 534 0 0 0 0 0 0 0 0 0
35 GCC 0 1326 0 431 3212 998 1700 1150 0 1206 120 343 121 184 0 1402 0 1072 0 41 330 67 19 22 107 140 19 159 43 129 128 110 566 0 207 0 336 4.97672e+06 230 969 240 24 95 11 412 113 379 296 0 0 0 0 1397 36 2473 110 0 0 0 0 7 493 26 278
36 GTA 0 0 0 0 0 0 0 0 41 0 102 0 0 0 0 0 0 0 0 0 0 0 0 0 9 9 0 65 42 184 61 7 0 0 0 0 0 0 0 0 4 4 304 64 4.99842e+06 440 79 69 0 0 0 0 0 0 0 0 0 0 0 0 37 0 55 0
37 TTT 0 0 0 0 0 0 0 0 0 77 0 127 0 0 0 0 0 0 0 0 0 0 0 0 0 0 0 0 17 54 58 29 0 0 0 0 0 0 0 0 0 0 0 0 0 0 0 0 0 0 0 0 261 140 262 84 0 0 0 0 29 110 84 4.99867e+06
38 CGC 0 0 0 0 0 0 0 0 17 204 393 2 0 0 0 0 0 0 0 0 0 0 0 0 489 4.99662e+06 159 28 293 70 355 345 0 0 0 0 0 0 0 0 62 91 60 67 0 0 0 0 0 0 0 0 81 233 28 234 0 0 0 0 85 0 80 0
39 CTT 0 0 0 0 0 0 0 0 6 0 102 0 0 0 0 0 0 0 0 0 0 0 0 0 2 2 190 69 212 111 107 4.99709e+06 0 0 0 0 0 0 0 0 447 488 668 88 0 0 0 0 0 0 0 0 0 0 0 0 0 0 0 0 195 0 223 0
40 AGT 0 0 0 0 41 251 240 375 10 454 47 4.99351e+06 176 170 0 13 63 58 340 230 0 0 0 0 161 103 97 449 0 0 0 0 0 0 0 0 0 0 0 0 31 203 146 94 68 78 15 337 0 0 0 0 214 207 62 348 0 0 1409 0 0 0 0 0
41 GCT 0 305 0 49 204 4 14 81 0 63 0 148 0 0 0 0 195 0 800 0 0 0 0 0 0 0 0 0 0 0 0 0 551 0 73 0 1231 241 231 4.99229e+06 0 0 0 0 32 269 18 89 0 0 0 0 160 264 249 92 0 2112 0 232 0 0 0 0
42 CAG 0 0 0 0 2025 3576 13573 107 197 283 147 30 0 0 0 0 352 0 4.97187e+06 0 254 445 386 55 814 321 1602 220 40 6 47 113 48 39 682 134 28 114 46 12 0 0 0 0 423 209 539 96 0 0 0 0 68 368 141 189 0 0 0 0 50 193 119 38
43 GGA 0 2201 0 229 80 162 515 130 375 9380 190 1663 0 0 0 0 0 535 0 464 0 0 0 0 475 141 296 48 14 70 26 24 0 0 0 0 30 13 59 224 4.96758e+06 93 150 223 186 31 41 139 0 0 0 0 1692 5412 1201 5362 0 0 0 0 57 145 190 157
44 AGG 849 0 93 0 0 0 0 0 78 0 4.99528e+06 0 0 0 0 0 0 0 0 0 136 83 47 43 25 487 711 115 189 9 194 106 0 0 0 0 50 129 28 47 308 210 498 194 0 0 0 0 0 0 0 0 0 0 0 0 0 0 0 0 8 0 82 0
45 CCG 380 545 214 201 77 93 155 26 378 68 438 50 0 0 0 0 286 0 595 0 325 35 4.99208e+06 370 484 155 557 381 85 12 44 55 110 0 325 0 33 67 139 56 67 91 44 87 0 0 0 0 0 403 0 22 161 18 3 117 0 0 0 0 56 0 108 0
46 GTG 0 595 0 25 839 1675 628 1008 11 825 109 619 0 0 0 0 0 0 0 0 193 654 159 159 15 73 194 3 103 94 163 24 0 216 0 241 2786 3385 2564 1046 703 82 867 241 17 145 4.97653e+06 387 0 0 0 0 165 396 25 170 0 716 0 521 433 0 192 0
47 TTG 360 0 496 0 0 0 0 0 19 0 38 0 0 0 0 0 112 132 181 1092 140 159 161 23 397 135 495 137 36 217 282 736 0 0 0 0 0 0 0 0 63 207 14 43 0 0 0 0 0 103 0 141 0 0 0 0 0 0 0 0 65 262 4.99319e+06 560
48 TTC 0 0 0 0 0 0 0 0 0 189 0 36 0 0 0 0 0 0 0 0 0 0 0 0 0 0 0 0 18 326 108 21 0 0 0 0 0 0 0 0 0 0 0 0 303 115 19 30 0 0 0 0 170 5 0 75 0 0 0 0 49 4.99839e+06 16 132
49 GTT 0 0 0 0 0 0 0 0 0 0 0 0 0 0 0 0 0 0 0 0 0 0 0 0 0 0 0 0 280 14 357 116 352 0 44 0 85 74 90 24 55 120 115 45 304 1260 419 4.99594e+06 0 0 0 0 0 0 0 0 0 0 0 0 115 0 192 0
50 AAG 486 0 4.99761e+06 0 0 0 0 0 86 247 73 70 0 0 0 0 0 0 0 0 0 0 0 0 55 311 23 277 0 0 0 0 0 0 0 0 0 0 0 0 0 0 0 0 138 9 111 12 0 0 0 0 88 25 363 13 0 0 0 0 0 0 0 0
51 ACC 0 121 0 247 285 4.99708e+06 146 573 135 141 51 20 0 0 0 0 71 0 143 0 0 1 0 0 30 111 67 22 78 23 122 33 0 0 0 0 26 7 25 34 0 0 0 0 0 0 0 0 0 0 0 0 160 32 46 128 0 0 0 0 33 0 4 0
52 GAT 0 0 0 0 2 9 87 94 0 3322 0 198 1841 4313 223 4358 5007 0 4049 0 0 0 0 0 0 0 0 0 41 527 1029 254 117 68 109 4.9057e+06 13749 16037 25713 6102 158 35 37 48 285 790 230 56 0 0 0 0 882 139 777 2412 0 162 0 670 90 0 284 0
53 TTG 144156 573 225656 2480 6319 2167 15875 5596 7331 33798 8557 5887 13769 8688 7488 2791 0 54774 0 6901 15659 8593 44176 29078 28307 758 1799 6607 38 42 123 31 2932 30885 3631 43731 25331 37927 11169 52438 14309 32949 21280 34598 834061 655668 75687 455147 0 5135 0 4252 12269 53760 95336 40118 0 0 7334 0 24 2690 1.75836e+06 966
54 TCT 0 5 0 96 0 0 0 0 535 156 418 390 0 0 0 0 0 751 0 64 110 55 16 119 1104 476 50 169 24 18 16 43 43 0 16 0 0 0 0 0 0 0 0 0 34 14 64 6 0 0 0 0 1225 526 148 4.99322e+06 0 0 0 0 57 0 33 0
55 GGG 0 0 0 0 780 1390 136 1807 681 361 209 592 0 0 0 0 1152 83 400 914 0 0 0 0 235 418 404 142 111 954 1696 56 0 0 0 0 9 137 63 371 220 454 4.97534e+06 245 2923 1018 154 1068 0 0 0 0 298 188 917 430 0 39 0 155 1840 1069 186 350
56 GCG 0 0 0 0 124 76 41 217 38 58 62 24 144 17 0 107 0 41 0 1098 182 51 113 235 71 26 31 26 0 0 0 0 0 796 0 808 191 186 4.9943e+06 167 0 0 0 0 0 0 0 0 0 0 0 0 19 58 655 41 0 0 0 0 0 0 0 0
57 CTA 0 0 0 0 0 0 0 0 1390 0 592 0 0 0 0 0 0 888 0 573 2373 2872 450 824 1510 318 199 2220 4.98404e+06 195 557 167 0 0 0 0 0 0 0 0 0 0 0 0 0 0 0 0 0 0 0 0 0 0 0 0 0 0 0 0 602 0 230 0
58 AAC 803 4.99397e+06 33 418 16 185 207 53 56 11 233 6 0 0 0 0 0 166 0 159 0 0 0 0 151 43 357 336 30 91 57 1 151 0 142 0 69 142 475 159 9 55 139 200 18 328 109 11 0 0 0 0 59 82 141 53 0 0 0 0 23 0 249 0
59 GAG 0 0 0 0 0 0 0 0 34 240 76 167 0 0 0 0 0 0 0 0 0 0 0 0 51 49 28 21 65 193 116 17 503 0 4.99786e+06 410 0 0 0 0 0 0 0 0 0 0 0 0 0 0 0 0 38 1 25 56 0 0 0 0 21 0 33 0
60 CTG 0 0 0 0 0 0 0 0 41 181 160 157 133 223 268 63 0 0 0 0 140 96 209 38 23 220 197 14 270 25 4.99542e+06 346 0 426 0 200 112 0 81 253 0 0 0 0 21 65 3 163 0 0 0 0 168 42 93 49 0 0 0 0 23 0 76 0
61 CAA 646 0 61 0 45 333 26 28 258 153 427 27 0 0 0 0 4.98989e+06 988 196 189 10 10 279 56 101 62 153 200 28 10 59 203 721 1153 203 565 148 369 34 152 122 18 15 178 267 120 82 15 0 139 0 477 95 27 0 88 0 0 0 0 91 105 156 220
62 GAT 0 0 0 0 381 51 132 54 0 29 0 157 0 0 0 0 0 0 0 0 0 0 0 0 0 0 0 0 9 28 314 3 138 13 2758 4.99478e+06 0 0 0 0 0 0 0 0 204 35 53 170 0 0 0 0 32 14 1 44 0 73 0 235 109 0 178 0
63 GAG 261 0 76 0 0 0 0 0 149 103 58 154 0 0 0 0 164 0 274 0 28 121 62 28 310 157 115 64 66 78 625 50 59 184 4.99449e+06 387 8 92 130 69 177 4 496 128 0 0 0 0 0 0 0 0 0 131 82 86 0 0 0 0 261 0 275 0
64 GCG 47 0 257 0 0 0 0 0 96 6 124 98 0 0 0 0 0 0 0 0 0 0 0 0 59 30 55 33 0 0 0 0 187 0 114 0 112 35 4.99689e+06 216 0 0 0 0 0 0 0 0 0 0 0 0 133 1127 48 330 0 0 0 0 0 0 0 0
65 GCC 0 0 0 0 0 0 0 0 155 69 91 1294 0 0 0 0 0 0 0 0 69 41 206 151 445 64 66 540 0 0 0 0 328 0 1760 0 89 4.97556e+06 450 57 0 0 0 0 3157 2510 1681 2735 0 0 0 0 2491 25 2717 230 0 2312 0 702 0 0 0 0
66 CGA 0 0 0 0 0 0 0 0 134 315 31 182 0 0 0 0 0 0 0 0 0 0 0 0 4.99736e+06 236 173 324 95 33 75 3 0 0 0 0 0 0 0 0 53 4 100 111 0 0 0 0 0 0 0 0 310 62 60 64 0 0 0 0 56 0 222 0
67 CTT 0 0 0 0 0 0 0 0 213 79 101 411 0 0 0 0 0 924 0 1656 2769 2747 797 26 135 23 24 50 122 129 28 4.98871e+06 0 0 0 0 0 0 0 0 0 0 0 0 0 0 0 0 0 0 0 0 110 273 152 370 0 0 0 0 100 0 55 0
68 TCG 850 31 340 219 269 127 364 35 1228 21 1141 96 1 319 0 147 1339 0 301 0 0 0 0 0 776 2235 43 1959 92 14 78 49 0 0 0 0 237 99 355 344 24 239 109 230 0 0 0 0 0 310 0 27 758 22 4.98457e+06 573 0 0 0 0 0 0 25 0
69 TGG 0 0 0 0 47 26 174 14 0 83 0 127 0 0 0 0 0 0 0 0 0 0 0 0 0 0 0 0 109 9 188 35 0 0 0 0 33 74 48 109 195 276 28 518 0 0 0 0 0 97 0 240 25 31 128 6 0 0 4.99679e+06 0 325 0 262 0
70 CTG 0 0 0 0 0 0 0 0 143 35 310 149 0 0 306 0 0 0 0 0 89 59 251 49 187 50 49 56 40 40 4.99633e+06 619 0 0 0 0 0 0 0 0 0 0 0 0 165 11 416 31 0 0 0 0 34 11 0 44 0 0 0 0 1 0 528 0
71 GCC 0 0 0 0 0 0 0 0 111 289 291 376 0 0 0 0 0 0 0 0 150 207 47 221 103 81 182 0 0 0 0 0 0 0 0 0 137 4.99369e+06 303 933 198 512 88 69 225 33 31 74 0 0 0 0 190 896 132 141 0 271 0 21 0 0 0 0
72 ACA 0 0 0 0 4.99609e+06 315 853 703 0 389 0 143 0 0 0 0 0 0 0 0 201 25 46 42 0 0 0 0 0 0 0 0 0 0 0 0 0 0 0 0 47 54 180 80 0 0 0 0 0 0 0 0 134 267 11 100 0 314 0 8 0 0 0 0
73 ACA 0 0 0 0 4.99777e+06 31 1378 290 0 0 0 0 0 0 0 0 0 0 0 0 0 0 0 0 0 0 0 0 0 0 0 0 0 0 0 0 0 0 0 0 0 0 0 0 0 0 0 0 0 90 0 177 79 134 9 44 0 0 0 0 0 0 0 0
74 GGG 0 0 0 0 0 0 0 0 0 0 0 0 0 0 0 0 0 0 0 0 0 0 0 0 0 0 0 0 0 0 0 0 0 0 0 0 64 41 17 44 470 567 4.99742e+06 1378 0 0 0 0 0 0 0 0 0 0 0 0 0 0 0 0 0 0 0 0
75 GTT 0 0 0 0 1439 274 406 189 0 0 0 0 0 0 0 0 465 0 750 0 0 0 0 0 0 0 0 0 87 35 154 86 0 0 0 0 44 57 84 115 0 0 0 0 477 384 132 4.99449e+06 0 0 0 0 0 0 0 0 0 0 0 0 220 0 115 0
76 CCG 0 0 0 0 239 102 25 107 150 73 145 170 0 0 0 0 106 176 466 153 82 0 4.99447e+06 310 505 52 76 174 292 59 313 89 0 0 0 0 0 0 0 0 11 21 118 130 0 0 0 0 0 0 0 0 90 57 399 519 0 0 0 0 185 0 138 0
77 TGC 0 0 0 0 62 93 19 52 33 52 152 41 0 0 0 0 0 0 0 0 0 0 0 0 46 0 61 12 28 9 28 87 0 0 0 0 0 0 0 0 100 296 119 14 267 161 257 24 0 0 0 0 95 33 182 64 0 4.99638e+06 0 845 116 0 269 0
78 GCA 0 0 0 0 52 97 429 19 68 21 45 60 0 0 0 0 0 0 0 0 0 0 0 0 424 105 383 36 3 20 45 11 0 0 0 0 4.99679e+06 45 208 440 0 0 0 0 0 0 0 0 0 0 0 0 74 231 111 22 0 0 0 0 185 0 76 0
79 GCG 310 214 1936 852 230 141 412 0 493 276 498 132 2187 872 0 1214 435 588 275 134 101 15 265 244 1110 496 508 321 0 0 0 0 159 0 223 0 181 59 4.98212e+06 248 715 404 167 206 57 34 13 190 0 0 0 0 47 127 227 563 0 0 0 0 0 0 0 0
80 GTT 0 0 0 0 0 0 0 0 418 0 110 0 0 0 0 0 0 0 0 0 0 0 0 0 87 185 128 49 25 118 70 90 0 0 0 0 0 0 0 0 0 0 0 0 861 355 83 4.99674e+06 0 0 0 0 0 0 0 0 0 161 0 91 67 0 359 0
81 TTA 0 0 0 0 156 39 0 282 19 0 8 0 377 164 0 238 0 0 0 0 143 185 37 73 128 134 81 191 482 716 56 155 694 0 66 0 76 111 62 85 137 8 58 131 0 0 0 0 0 0 0 0 0 0 0 0 0 0 0 0 4.99413e+06 0 780 0
82 GAT 0 0 0 0 0 0 0 0 0 0 0 0 0 0 0 0 0 0 0 0 0 0 0 0 0 0 0 0 0 0 0 0 0 133 0 4.99911e+06 0 0 0 0 0 0 0 0 0 0 0 0 0 213 0 543 0 0 0 0 0 0 0 0 0 0 0 0
83 GTT 0 0 0 0 0 0 0 0 314 258 642 267 66 112 0 265 0 0 0 0 0 0 0 0 168 311 124 741 134 189 574 17 0 0 0 0 47 64 741 17 336 327 223 74 178 112 257 4.97287e+06 0 0 0 0 291 169 207 44 0 0 0 0 268 4618 227 14747
84 GTA 0 0 0 0 118 46 156 24 0 149 0 117 81 92 0 82 424 0 144 0 0 0 0 0 0 0 0 0 36 48 34 39 0 0 0 0 382 126 11 153 0 0 0 0 4.9961e+06 134 56 530 0 0 0 0 248 35 81 71 0 240 0 152 54 0 42 0
85 ACG 0 0 0 0 161 581 4.99744e+06 6 0 16 0 127 57 79 0 182 0 0 0 0 0 0 0 0 0 0 0 0 0 0 0 0 0 0 0 0 5 20 20 20 0 0 0 0 99 84 212 20 0 0 0 0 90 115 70 75 0 217 0 302 0 0 0 0
86 GAG 0 0 0 0 0 0 0 0 0 0 0 0 0 0 0 0 0 0 0 0 0 0 0 0 0 0 0 0 43 30 99 3 304 0 4.99808e+06 0 98 3 146 131 2 105 128 384 18 195 48 12 0 0 0 0 0 0 0 0 0 0 0 0 0 0 167 0
87 GCG 73 0 444 0 0 0 0 0 16 327 25 135 5 187 728 120 0 243 0 14 229 328 14 66 71 7 152 38 263 18 110 51 0 0 0 0 92 117 4.9943e+06 781 0 0 0 0 11 52 159 108 0 0 0 0 93 129 190 195 0 0 0 0 62 0 51 0
88 GGC 0 86 0 209 0 0 0 0 427 227 29 643 0 0 0 0 0 0 0 0 0 0 0 0 277 477 18 165 95 304 123 131 0 824 0 201 0 0 0 0 154 4.99071e+06 5 478 158 32 50 299 0 0 0 0 432 602 1623 714 0 0 0 0 176 0 331 0
89 AGG 0 0 0 0 18 151 94 22 115 84 4.99558e+06 24 0 0 0 0 0 219 0 309 0 0 0 0 198 750 1009 59 0 0 0 0 0 0 0 0 0 0 0 0 216 221 106 146 0 0 0 0 0 0 0 0 5 455 31 189 0 0 0 0 0 0 0 0
90 GAT 0 0 0 0 31 174 57 57 92 77 44 185 0 0 0 0 0 0 0 0 0 0 0 0 21 43 98 59 0 0 0 0 0 617 0 4.99741e+06 55 231 102 20 33 75 252 114 0 0 0 0 0 0 0 0 70 32 49 0 0 0 0 0 0 0 0 0
91 TGG 0 0 0 0 0 0 0 0 6 294 59 298 0 0 0 0 371 0 18 0 0 0 0 0 55 104 141 76 44 72 252 127 0 0 0 0 0 0 0 0 359 183 176 120 0 0 0 0 0 0 0 0 83 2 95 3 0 112 4.99638e+06 420 44 0 104 0
92 CTA 0 0 0 0 0 0 0 0 0 0 0 0 0 0 0 0 0 0 0 0 91 46 41 77 0 0 0 0 4.99730e+06 597 7 316 0 0 0 0 182 127 109 172 0 0 0 0 0 0 0 0 0 0 0 0 0 0 0 0 0 88 0 93 643 0 106 0
93 TTA 0 0 0 0 0 0 0 0 11 21 181 51 0 0 0 0 0 0 0 0 73 301 180 148 155 77 69 89 80 707 272 351 0 0 0 0 0 0 0 0 0 0 0 0 89 39 138 264 0 0 0 0 83 56 22 32 0 0 0 0 4.99616e+06 187 95 68
94 TTA 0 0 0 0 220 142 239 440 66 0 227 0 0 0 0 0 0 0 0 0 158 85 42 164 131 39 76 77 473 199 371 50 0 0 0 0 0 0 0 0 0 0 0 0 0 0 0 0 0 0 0 0 0 0 0 0 0 0 0 0 4.99676e+06 0 39 0
95 GGT 0 0 0 0 0 0 0 0 181 81 494 27 0 0 0 0 0 0 0 0 0 0 0 0 266 98 95 68 22 69 78 127 0 0 0 0 0 0 0 0 573 196 135 4.99583e+06 231 229 256 171 0 0 0 0 40 177 48 26 0 12 0 264 201 0 2 0
96 GAG 374 0 197 0 0 0 0 0 41 0 37 0 0 0 0 0 119 0 234 0 0 0 0 0 74 2 82 24 16 90 17 102 507 0 4.99674e+06 0 463 3 60 78 197 14 366 44 0 0 0 0 0 0 0 0 0 0 0 0 0 0 0 0 81 0 42 0
97 GTT 0 0 0 0 67 11 69 89 338 0 66 0 0 0 0 0 0 0 0 0 0 0 0 0 23 536 83 146 156 117 9 192 0 0 0 0 0 0 0 0 142 151 12 30 344 134 119 4.99691e+06 0 0 0 0 0 0 0 0 0 0 0 0 248 0 8 0
98 CCG 0 0 0 0 85 237 36 40 35 47 191 141 0 0 0 0 125 0 130 0 91 122 4.99639e+06 126 177 48 325 547 91 38 50 150 0 0 0 0 0 0 0 0 60 55 94 127 0 0 0 0 0 0 0 0 13 48 42 5 0 0 0 0 145 0 190 0
99 GGG 0 0 0 0 0 0 0 0 124 19 0 140 0 0 0 0 0 0 0 0 0 0 0 0 18 139 150 204 0 0 0 0 0 0 0 0 22 53 254 10 450 617 4.99626e+06 433 0 121 97 79 0 0 0 0 34 229 56 154 0 219 0 118 0 0 0 0
100 CAA 419 0 83 0 61 67 124 134 71 41 41 89 0 0 0 0 4.99654e+06 0 33 0 191 90 65 301 11 162 53 148 5 98 116 60 281 0 220 0 0 0 0 0 0 0 0 0 0 0 0 0 0 0 0 0 11 78 12 36 0 0 0 0 332 0 26 0
101 GAC 0 0 0 0 0 0 0 0 0 842 0 382 0 0 0 0 0 0 0 0 0 0 0 0 0 0 0 0 0 0 0 0 0 4.98904e+06 0 534 431 101 1121 2413 467 139 34 634 381 1059 1301 139 0 0 0 0 633 167 95 91 0 0 0 0 0 0 0 0
102 TTG 0 0 0 0 0 0 0 0 9 0 463 0 0 0 0 0 0 0 0 0 29 7 315 114 332 137 147 181 116 57 219 591 0 0 0 0 190 30 262 228 0 0 0 0 0 0 0 0 0 0 0 0 0 0 0 0 0 0 0 0 1294 0 4.99528e+06 0
103 CTT 0 0 0 0 0 0 0 0 25 37 58 4 0 0 0 0 0 0 0 0 19 65 168 21 53 11 25 105 50 889 323 4.9976e+06 0 0 0 0 0 0 0 0 0 0 0 0 0 0 0 0 0 0 0 0 215 89 68 89 0 0 0 0 63 0 23 0
104 AGT 0 0 0 0 2058 3074 149 849 118 244 97 4.87906e+06 4863 4764 0 29624 0 0 0 0 0 0 0 0 383 0 64 75 759 560 490 3171 0 0 0 0 0 0 0 0 18055 11058 3610 12477 5328 334 1486 9457 0 0 0 0 34 161 323 68 0 0 0 0 3620 0 3587 0
105 TCC 0 0 0 0 0 0 0 0 84 310 71 11 0 0 0 0 0 0 0 0 0 0 0 0 229 83 113 87 31 27 44 41 0 0 0 0 0 0 0 0 758 14 135 70 0 0 0 0 0 0 0 0 315 4.99626e+06 729 213 0 0 0 0 46 0 332 0
106 CAC 0 0 0 0 0 0 0 0 118 284 127 354 0 0 0 0 331 4.99188e+06 794 101 184 315 1150 276 309 51 191 37 0 0 0 0 149 219 992 403 33 30 21 257 117 106 343 68 0 0 0 0 0 0 0 0 35 104 78 287 0 168 0 88 0 0 0 0
107 CTG 0 0 0 0 0 0 0 0 0 0 0 0 0 0 0 0 0 0 0 0 2 22 334 23 0 0 0 0 414 149 4.99642e+06 582 0 0 0 0 0 0 0 0 0 0 0 0 29 81 87 44 0 0 0 0 0 0 0 0 0 0 0 0 1607 0 203 0
108 GCC 0 0 0 0 0 0 0 0 0 361 0 83 0 0 0 0 0 0 0 0 2340 514 259 324 0 0 0 0 0 0 0 0 184 0 160 0 202 4.9928e+06 49 336 360 134 73 94 133 105 39 370 0 0 0 0 111 202 9 761 0 0 0 0 0 0 0 0
109 CCG 0 0 0 0 33 266 11 12 53 33 49 103 0 0 0 0 299 0 33 0 1 421 4.99666e+06 436 45 80 13 18 353 5 59 159 0 0 0 0 0 0 0 0 0 0 0 0 485 81 27 3 0 0 0 0 17 19 86 62 0 0 0 0 26 0 55 0
110 GCG 0 0 0 0 0 0 0 0 0 71 0 29 0 0 0 0 0 0 0 0 8 110 78 130 0 0 0 0 59 152 0 161 0 0 0 0 72 30 4.99822e+06 277 0 0 0 0 0 0 0 0 0 0 0 0 17 22 139 150 0 18 0 100 101 0 55 0
111 GAG 0 0 0 0 119 97 3 175 93 0 33 0 0 0 0 0 0 0 0 0 0 0 0 0 39 16 66 42 26 140 119 215 301 0 4.99779e+06 0 0 0 0 0 160 61 47 160 0 0 0 0 0 0 0 0 0 0 0 0 0 0 0 0 199 0 103 0
112 AAA 4.99942e+06 0 135 0 0 0 0 0 0 0 0 0 44 196 0 210 0 0 0 0 0 0 0 0 0 0 0 0 0 0 0 0 0 0 0 0 0 0 0 0 0 0 0 0 0 0 0 0 0 0 0 0 0 0 0 0 0 0 0 0 0 0 0 0
113 GTA 0 0 0 0 232 409 401 158 38 0 30 0 0 0 0 0 0 0 0 0 0 0 0 0 52 109 57 44 66 9 144 145 0 0 0 0 0 0 0 0 74 31 89 106 4.99647e+06 364 500 383 0 0 0 0 0 0 0 0 0 0 0 0 79 0 9 0
114 AGT 0 0 0 0 0 0 0 0 102 101 233 4.98159e+06 0 0 0 0 0 0 0 0 221 133 61 42 181 34 129 3 36 167 76 230 0 0 0 0 2494 3201 412 2031 116 336 87 154 65 58 48 329 0 0 0 0 274 135 436 76 0 5190 0 690 286 0 241 0
115 ATA 260 0 134 0 0 0 0 0 0 0 87 159 4.99837e+06 335 0 77 0 0 0 0 0 0 0 0 28 86 7 147 0 0 0 0 0 0 0 0 0 0 0 0 0 0 0 0 0 0 0 0 0 0 0 0 65 53 31 162 0 0 0 0 0 0 0 0
116 ATG 0 0 0 0 0 0 0 0 54 0 31 0 0 0 4.9986e+06 0 0 0 0 0 0 0 0 0 312 30 198 295 0 0 0 0 0 0 0 0 0 0 0 0 0 0 0 0 172 127 80 104 0 0 0 0 0 0 0 0 0 0 0 0 0 0 0 0
117 GCT 0 0 0 0 16 3 3 14 37 4 29 22 0 0 0 0 0 0 0 0 0 0 0 0 9 34 5 24 0 0 0 0 0 0 0 0 180 0 466 4.99912e+06 0 0 0 0 0 0 0 0 0 0 0 0 2 5 19 7 0 0 0 0 0 0 0 0
118 GAT 0 0 0 0 0 0 0 0 0 89 0 30 0 0 0 0 0 0 0 0 0 0 0 0 0 0 0 0 0 0 0 0 0 710 0 4.99798e+06 23 187 169 25 0 0 0 0 200 5 176 120 0 0 0 0 161 50 58 19 0 0 0 0 0 0 0 0
119 GCT 0 0 0 0 14 7 205 32 0 49 0 138 0 0 0 0 0 0 0 0 0 0 0 0 0 0 0 0 0 0 0 0 146 0 152 0 166 304 607 4.99775e+06 0 0 0 0 0 0 0 0 0 0 0 0 52 93 266 23 0 0 0 0 0 0 0 0
120 ATG 0 0 0 0 527 7 37 364 7 83 13 120 247 69 4.99457e+06 26 11 0 255 0 0 0 0 0 136 40 67 134 108 513 646 13 0 0 0 0 0 0 0 0 69 294 68 67 102 51 67 110 0 0 0 0 15 20 29 22 0 0 0 0 760 0 337 0
121 AGG 0 0 0 0 1 150 75 417 944 402 4.99419e+06 94 118 5 0 238 0 0 0 0 92 125 9 116 294 276 30 40 283 161 24 165 0 0 0 0 0 0 0 0 288 69 26 19 0 0 0 0 0 100 0 175 172 87 51 270 0 0 0 0 361 0 129 0
122 CGT 0 0 0 0 165 58 314 3 469 33 200 732 0 0 0 0 0 0 0 0 0 0 0 0 447 698 50 4.97736e+06 286 2224 1384 2671 0 0 0 0 92 434 101 92 114 323 13 131 80 99 150 172 0 0 0 0 231 514 39 475 0 0 372 0 5424 0 4048 0
123 TTA 0 0 0 0 0 0 0 0 388 9 17 61 0 0 0 0 0 0 0 0 0 0 0 0 136 160 87 506 10 264 276 136 0 0 0 0 0 0 0 0 53 186 7 35 403 219 141 59 0 0 0 0 3 42 16 137 0 0 0 0 4.99611e+06 0 542 0
124 CAC 0 0 0 0 22 28 86 29 87 35 128 90 0 0 0 0 179 4.99684e+06 34 472 52 84 160 191 85 61 4 0 46 4 17 39 0 324 0 215 0 0 0 0 0 0 0 0 0 0 0 0 0 0 0 0 104 60 287 191 0 0 0 0 3 0 45 0
125 ACA 0 110 0 514 4.99411e+06 50 372 50 169 502 9 340 0 0 0 0 0 0 0 0 7 93 272 110 16 215 310 316 0 0 0 0 0 0 0 0 185 515 16 345 85 117 81 15 0 0 0 0 0 0 0 0 359 201 154 360 0 0 0 0 0 0 0 0
126 CTA 0 0 0 0 0 0 0 0 107 0 34 0 0 0 0 0 0 0 0 0 782 144 2 64 249 139 181 16 4.99727e+06 84 172 321 0 0 0 0 0 0 0 0 0 0 0 0 21 65 43 56 0 0 0 0 0 0 0 0 0 0 0 0 12 0 234 0
127 GAT 0 0 0 0 0 0 0 0 0 38 0 60 0 0 0 0 48 0 137 0 0 0 0 0 0 0 0 0 0 0 0 0 0 668 0 4.99809e+06 0 0 0 0 0 0 0 0 0 0 0 0 0 85 0 241 226 93 171 142 0 0 0 0 0 0 0 0
128 CCA 0 0 0 0 29 28 209 87 64 159 52 0 0 0 0 0 0 0 0 0 4.99779e+06 375 134 236 99 16 83 54 102 24 33 118 0 0 0 0 0 0 0 0 0 0 0 0 0 0 0 0 0 0 0 0 31 73 7 86 0 0 0 0 19 0 90 0
129 GCA 0 0 0 0 0 0 0 0 104 12 152 44 0 0 0 0 0 0 0 0 49 196 38 59 66 106 34 220 36 82 74 10 0 0 0 0 4.99693e+06 354 264 498 0 0 0 0 0 0 0 0 0 252 0 16 25 0 298 77 0 0 0 0 0 0 5 0
130 ACG 157 13 128 238 598 227 4.99734e+06 47 0 290 0 16 0 0 0 0 0 0 0 0 0 0 0 0 0 0 0 0 48 60 255 216 0 0 0 0 0 0 0 0 0 0 0 0 0 0 0 0 0 0 0 0 5 21 87 5 0 0 0 0 196 0 50 0
131 TGC 0 0 0 0 80 104 148 56 131 40 88 6 0 0 0 0 0 0 0 0 0 0 0 0 19 12 45 19 50 108 37 58 0 0 0 0 0 0 0 0 0 0 0 0 0 0 0 0 0 0 0 0 147 53 41 54 0 4.99858e+06 0 97 7 0 22 0
132 CCA 0 0 0 0 24 93 54 95 159 0 98 75 0 0 0 0 0 0 0 0 4.9972e+06 272 483 190 25 0 18 145 46 65 102 37 0 0 0 0 128 54 34 30 0 0 0 0 0 0 0 0 0 0 0 0 106 124 58 225 0 0 0 0 50 0 15 0
133 TTC 0 0 0 0 0 0 0 0 0 0 0 0 0 0 0 0 0 0 0 0 0 0 0 0 0 0 0 0 24 63 4 77 0 0 0 0 0 0 0 0 0 0 0 0 0 0 0 0 0 0 0 0 0 0 0 0 0 0 0 0 170 4.99959e+06 21 52
134 GAT 0 0 0 0 0 0 0 0 0 0 0 0 0 0 0 0 169 0 607 0 0 0 0 0 0 0 0 0 0 0 0 0 0 615 0 4.99861e+06 0 0 0 0 0 0 0 0 0 0 0 0 0 0 0 0 0 0 0 0 0 0 0 0 0 0 0 0
135 CAC 0 0 0 0 27 205 101 45 0 0 0 0 0 0 0 0 0 4.99903e+06 0 220 4 205 42 117 0 0 0 0 0 0 0 0 0 0 0 0 0 0 0 0 0 0 0 0 0 0 0 0 0 0 0 0 0 0 0 0 0 0 0 0 0 0 0 0
136 CAA 0 0 0 0 229 12 16 288 177 5 1308 79 0 0 0 0 4.99656e+06 0 466 0 0 0 0 0 127 58 43 210 0 0 0 0 0 0 0 0 0 0 0 0 0 0 0 0 0 0 0 0 0 0 0 0 223 25 146 28 0 0 0 0 0 0 0 0
137 GCG 233 0 133 0 234 6 105 359 863 40 2783 118 3860 149 772 6806 502 0 293 0 0 0 0 0 1284 1441 26 1577 440 1034 162 903 0 0 0 0 459 92 4.9609e+06 580 0 0 0 0 75 2032 411 275 0 907 0 6358 110 6 33 156 0 185 0 140 855 1535 723 44
138 AAA 4.99824e+06 0 230 0 0 0 0 0 200 7 168 110 0 0 0 0 0 0 0 0 0 0 0 0 16 226 170 96 0 0 0 0 0 0 0 0 60 179 33 105 0 0 0 0 0 0 0 0 0 0 0 0 28 23 52 62 0 0 0 0 0 0 0 0
139 CAC 0 253 0 233 0 0 0 0 119 57 264 25 0 0 0 0 458 4.99466e+06 138 215 93 26 131 214 93 28 58 152 93 153 35 139 0 148 0 340 217 231 14 196 0 0 0 0 203 78 8 55 0 0 0 0 2 173 135 16 0 0 0 0 81 248 56 158
140 CGA 0 0 0 0 0 0 0 0 255 55 27 107 0 0 0 0 0 0 0 0 0 0 0 0 4.99776e+06 21 39 62 102 62 85 143 0 0 0 0 0 0 0 0 33 176 0 310 0 0 0 0 0 0 0 0 34 73 75 307 0 0 0 0 166 0 108 0
141 ATA 0 0 0 0 127 4 30 187 40 77 59 11 4.99478e+06 738 0 448 0 0 0 0 0 0 0 0 59 189 10 20 79 138 15 74 0 0 0 0 0 0 0 0 0 0 0 0 855 429 534 411 0 0 0 0 0 23 134 58 0 56 0 274 89 0 52 0
142 GAA 280 0 39 0 0 0 0 0 0 0 0 0 0 0 0 0 0 0 0 0 102 34 2 134 0 0 0 0 0 0 0 0 4.9991e+06 0 23 0 0 0 0 0 31 91 82 79 0 0 0 0 0 0 0 0 0 0 0 0 0 0 0 0 0 0 0 0
143 CGA 0 0 0 0 1505 148 97 2247 103 151 32 93 46 7 0 44 0 68 0 13 252 194 121 91 4.99231e+06 280 331 297 30 4 21 4 0 0 0 0 223 109 7 42 93 102 99 227 15 3 32 24 0 0 0 0 159 67 56 239 0 0 0 0 14 0 2 0
144 GCA 0 0 0 0 0 0 0 0 0 0 0 111 115 80 0 77 0 0 0 0 0 0 0 0 0 0 0 0 0 0 0 0 0 0 0 0 4.99826e+06 172 569 244 0 0 0 0 0 0 0 0 0 0 0 0 142 57 53 122 0 0 0 0 0 0 0 0
145 AGA 0 0 0 0 0 0 0 0 4.98242e+06 22 156 63 0 0 0 0 0 1308 0 5600 0 0 0 0 420 280 449 831 1643 708 1077 297 0 0 0 0 112 382 569 124 776 213 359 796 0 0 0 0 0 0 0 0 229 13 122 41 0 0 0 0 879 59 37 14
146 ACT 8 115 62 543 434 89 43 4.97999e+06 353 33 142 51 1865 351 0 490 2051 38 1910 36 28 8 99 10 100 271 312 12 1394 401 1209 172 260 241 136 310 328 373 58 298 34 62 36 9 569 190 144 990 0 0 0 0 29 2 24 33 0 1074 0 320 1499 0 362 0
147 CGC 0 0 0 0 0 0 0 0 426 58 321 309 0 0 0 0 0 0 0 0 0 0 0 0 74 4.99654e+06 71 134 126 0 119 463 0 0 0 0 0 0 0 0 112 95 252 179 0 0 0 0 0 0 0 0 16 59 445 24 0 0 0 0 59 0 117 0
148 ATG 0 0 0 0 0 0 0 0 0 0 0 0 304 24 4.99905e+06 178 0 0 0 0 0 0 0 0 0 0 0 0 0 0 0 0 0 0 0 0 0 0 0 0 0 0 0 0 402 30 6 8 0 0 0 0 0 0 0 0 0 0 0 0 0 0 0 0
149 GAG 1464 1474 1057 1316 0 0 0 0 16 82 373 17 1118 176 0 1975 823 582 328 85 0 0 0 0 38 238 210 150 609 666 770 2232 207 115 4.97654e+06 351 12 141 50 50 1029 163 33 1147 131 270 414 200 0 122 0 261 18 759 68 101 0 908 0 112 83 101 309 507
150 GCT 0 0 0 0 52 44 61 110 92 162 48 71 0 0 0 0 411 1331 319 469 23 182 64 12 57 19 336 22 0 0 0 0 221 0 118 0 112 643 861 4.99315e+06 0 0 0 0 0 185 97 67 0 0 0 0 130 97 366 71 0 0 0 0 0 0 0 0
151 GGA 0 761 0 59 0 0 0 0 39 25 339 36 0 0 0 0 0 0 0 0 0 0 0 0 231 332 97 57 0 0 0 0 755 0 425 0 0 0 0 0 4.99457e+06 322 603 188 350 92 34 140 0 0 0 0 47 14 164 62 0 153 0 101 0 0 0 0
152 CTA 0 0 0 0 0 0 0 0 31 21 64 81 0 0 387 0 0 0 0 0 0 0 0 0 42 33 42 110 4.99621e+06 383 1104 760 0 0 0 0 0 0 0 0 0 0 0 0 0 0 0 0 0 9 0 298 30 25 1 168 0 0 0 0 76 0 125 0
153 GTA 0 0 0 0 327 83 70 32 87 29 37 38 679 621 1150 667 0 0 0 0 756 3981 662 2377 129 30 7 129 627 842 2544 2714 0 0 0 0 0 0 0 0 93 79 49 84 4.9705e+06 562 440 5 0 0 0 0 59 25 67 48 0 443 0 21 1989 3042 1328 2547
154 GAT 0 0 0 0 0 0 0 0 40 0 529 0 0 0 0 0 0 0 0 0 0 0 0 0 23 238 157 29 25 171 5 83 0 118 0 4.99762e+06 0 0 0 0 206 94 54 122 23 221 135 70 0 0 0 0 0 0 0 0 0 0 0 0 16 0 18 0
155 CAA 0 0 0 0 3112 276 3772 4647 662 44 71 219 1968 2529 5381 3276 4.83648e+06 209 19 101 121 335 109 150 22 117 13 166 91 2583 233 74 3374 0 6194 0 208 87 38 170 300 227 1065 158 3206 21477 3798 1109 0 4407 0 5269 229 226 18 125 0 2315 76176 1698 82 623 312 334
156 GAT 0 0 0 0 0 0 0 0 41 25 22 225 0 0 0 0 0 0 0 0 0 0 0 0 17 6 116 89 6 160 20 173 0 4 0 4.99739e+06 116 33 184 270 0 0 0 0 0 0 0 0 0 453 0 84 39 34 112 112 0 0 0 0 86 0 182 0
157 GAT 0 0 0 0 0 0 0 0 0 0 0 0 0 0 0 0 0 0 0 0 0 0 0 0 0 0 0 0 0 0 0 0 0 87 0 4.999e+06 79 65 117 7 178 14 52 143 72 22 145 16 0 0 0 0 0 0 0 0 0 0 0 0 0 0 0 0
158 CTT 0 226 0 29 153 111 18 82 147 0 79 0 0 0 346 0 129 0 124 0 12 0 249 16 129 65 422 6 306 27 589 4.93772e+06 0 0 0 0 0 0 0 0 0 0 0 0 55 73 36 95 0 1924 0 7308 0 0 0 0 0 0 2746 0 8 5713 158 40903
159 GAC 0 0 0 0 490 24 293 506 386 0 57 0 0 0 0 0 0 0 0 0 0 0 0 0 925 41 466 504 0 0 0 0 24 4.99472e+06 66 20 0 0 0 0 3 90 274 419 0 0 0 0 0 663 0 24 0 0 0 0 0 0 0 0 0 0 0 0
160 GAG 0 184 0 206 0 0 0 0 66 147 302 89 0 0 0 0 1968 0 134 0 0 0 0 0 372 109 185 66 11 34 222 149 343 2162 4.98922e+06 2130 109 281 62 76 23 203 14 183 0 0 0 0 0 0 0 0 124 49 52 13 0 147 0 135 21 136 133 141
161 GAG 0 0 0 0 0 0 0 0 33 47 356 9 0 0 0 0 281 0 56 0 0 0 0 0 14 39 0 29 0 0 0 0 127 0 4.99850e+06 0 55 194 7 54 0 0 0 0 0 0 0 0 0 0 0 0 40 79 57 18 0 0 0 0 0 0 0 0
162 CAT 0 1752 0 6360 268 4 80 135 56 114 87 17 0 0 0 0 0 290 0 4.98744e+06 0 0 0 0 35 70 158 2 48 50 23 0 0 0 0 0 0 0 0 0 1156 58 395 1045 0 0 0 0 0 0 0 0 26 23 126 6 0 0 0 0 124 0 47 0
163 CAA 370 0 152 0 2941 1280 1376 238 160 61 693 54 1716 7496 7063 3830 4.91528e+06 107 40 253 131 173 200 38 469 126 259 182 683 10661 963 5616 87 0 227 0 981 2102 507 1104 20 112 96 215 4322 6433 2369 1073 0 3595 0 4846 380 66 371 183 0 2145 393 854 1733 1632 701 847
164 GGG 0 0 0 0 0 0 0 0 138 32 27 30 0 0 0 0 0 0 0 0 0 0 0 0 203 11 25 3 0 0 0 0 0 0 0 0 0 0 0 0 433 277 4.99688e+06 546 363 66 60 225 0 0 0 0 169 60 2 57 0 116 0 276 0 0 0 0
165 CTG 0 25 0 33 411 627 119 407 4 0 2 0 328 235 103 395 0 0 0 0 67 8 8 2 7 8 0 1 26 91 4.99261e+06 550 0 0 0 0 17 17 8 4 0 0 0 0 417 866 289 329 0 75 0 74 0 0 0 0 0 10 0 20 1194 29 501 84
166 GCG 216 0 392 0 141 181 178 8 126 33 147 88 40 176 0 242 0 0 0 0 0 0 0 0 0 19 7 2 386 485 184 41 119 0 406 0 59 42 4.99368e+06 411 0 0 0 0 28 350 45 103 0 0 0 0 147 336 16 36 0 0 0 0 679 0 451 0
167 CCC 29 0 237 0 466 138 44 149 36 13 114 46 1542 406 364 1926 251 0 220 0 634 4.97206e+06 169 144 160 118 87 0 1003 831 4435 976 0 0 0 0 70 85 101 48 153 40 379 98 806 1155 1859 1083 0 78 0 316 64 37 40 101 0 44 0 376 4788 0 1684 0
168 GCG 569 0 3 0 85 931 459 172 19 280 118 812 136 687 0 129 0 58 0 279 0 0 0 0 108 267 449 15 317 134 242 44 8 0 384 0 182 264 4.98788e+06 694 0 0 0 0 64 55 207 74 0 0 0 0 476 1048 176 1042 0 0 595 0 159 93 22 268
169 GAA 0 0 0 0 0 0 0 0 0 191 0 401 0 0 0 0 471 0 1142 0 62 141 46 33 0 0 0 0 153 296 147 154 4.99296e+06 0 383 0 0 0 0 0 46 272 410 692 519 285 25 277 0 0 0 0 105 141 116 10 0 0 0 0 447 0 76 0
170 CTC 0 0 0 0 0 0 0 0 0 0 0 0 0 0 0 0 0 0 0 0 52 546 43 233 0 0 0 0 180 4.9968e+06 762 236 0 0 0 0 0 0 0 0 0 0 0 0 0 0 0 0 0 0 0 0 0 0 0 0 0 762 0 87 18 0 279 0
171 TTT 0 0 0 0 0 0 0 0 52 97 872 49 0 0 0 0 0 0 0 0 60 31 71 115 104 468 23 41 994 83 347 228 0 0 0 0 0 0 0 0 28 59 262 195 40 68 301 26 0 0 0 0 152 69 92 113 0 0 0 0 181 6 209 4.99456e+06
172 GCT 0 0 0 0 0 0 0 0 807 0 276 0 0 0 0 0 337 0 69 0 0 0 0 0 575 9 186 456 0 0 0 0 336 0 291 0 31 81 204 4.99483e+06 0 0 0 0 362 80 295 773 0 0 0 0 0 0 0 0 0 0 0 0 0 0 0 0
173 AGG 0 0 0 0 0 0 0 0 750 64 4.98208e+06 260 0 0 4941 0 1155 0 719 0 0 0 0 0 32 422 827 423 199 1055 287 1293 343 0 28 0 32 66 203 136 140 37 48 45 157 68 92 538 0 0 0 0 347 38 111 478 0 0 0 0 1648 0 941 0
174 TTG 0 0 0 0 0 0 0 0 0 0 0 0 0 0 0 0 0 0 0 0 0 0 0 0 0 0 0 0 94 281 55 400 0 0 0 0 0 0 0 0 0 0 0 0 0 0 0 0 0 0 0 0 0 0 0 0 0 39 0 394 107 0 4.99863e+06 0
175 AAA 4.98526e+06 0 592 0 0 0 0 0 22 31 77 42 27 229 0 45 638 0 116 0 0 0 0 0 95 0 65 18 2279 847 1484 2658 0 0 0 0 0 0 0 0 125 128 16 180 437 1491 31 514 0 0 0 0 24 7 132 55 0 0 0 0 2234 0 103 0
176 GCT 0 0 0 0 0 0 0 0 63 4 16 66 0 0 0 0 0 0 0 0 0 0 0 0 284 254 217 210 99 42 24 90 0 0 0 0 485 445 184 4.99652e+06 0 0 0 0 0 0 0 0 0 0 0 0 105 249 100 272 0 0 0 0 51 0 216 0
177 CGG 0 2296 0 5111 10540 48798 4144 21012 156 4862 526 27542 6869 6190 5988 3290 1415 162 940 3895 163 110 48 131 386 351 4.63601e+06 899 10705 4010 8709 10296 1539 1665 11179 1009 1475 6081 8767 6052 3748 2637 17534 7491 2031 126 3088 1265 0 199 0 2874 7828 7566 22887 2914 0 5286 6984 12550 9947 13951 3705 2064
178 ATG 1252 0 303 0 567 1805 172 493 1722 41 72 88 411 144 4.95723e+06 231 89 1171 715 773 337 791 687 1733 431 513 1311 3175 1475 962 332 388 186 0 262 0 39 16 191 15 134 9 83 107 290 110 754 441 0 4257 0 3053 32 80 47 61 0 510 2655 1223 936 4379 44 674
179 CCC 0 0 0 0 13 127 37 26 99 29 86 6 103 138 0 219 102 0 119 0 191 4.99670e+06 756 730 62 33 15 48 26 162 34 12 0 0 0 0 0 0 0 0 0 0 0 0 0 0 0 0 0 0 0 0 7 24 3 0 0 0 0 0 47 0 41 0
180 GAC 0 0 0 0 299 7 152 164 185 118 96 182 1998 333 0 247 0 0 0 0 161 7 6 31 97 15 51 16 134 476 489 767 795 4.98453e+06 27 625 255 293 151 217 1651 1003 19 608 0 0 0 0 0 0 0 0 68 36 418 60 0 0 2330 0 43 108 640 95
181 GGT 0 0 0 0 147 133 36 27 338 106 113 793 0 0 0 0 0 0 0 0 0 0 0 0 239 121 229 234 45 117 17 23 0 0 0 0 56 261 155 43 11 172 64 4.9924e+06 184 886 22 677 0 46 0 531 86 181 26 247 0 936 0 206 7 0 86 0
182 GAA 0 0 0 0 56 59 213 230 0 88 0 19 0 0 0 0 0 0 0 0 0 0 0 0 0 0 0 0 0 0 0 0 4.99745e+06 0 416 0 90 20 61 121 37 105 214 244 35 44 190 22 0 0 0 0 5 67 134 83 0 0 0 0 0 0 0 0
183 GAT 0 0 0 0 0 0 0 0 93 0 215 0 0 0 0 0 0 0 0 0 0 0 0 0 0 40 314 72 0 0 0 0 0 37 0 4.99892e+06 0 0 0 0 68 40 102 104 0 0 0 0 0 0 0 0 0 0 0 0 0 0 0 0 0 0 0 0
184 TTG 0 0 0 0 0 0 0 0 21 0 180 0 0 0 0 0 107 0 794 0 69 78 13 317 55 149 47 78 1 363 129 396 0 0 0 0 0 0 0 0 0 0 0 0 0 0 0 0 0 0 0 0 0 0 0 0 0 0 0 0 148 0 4.99706e+06 0
185 GTG 0 0 0 0 0 0 0 0 159 33 46 159 0 0 0 0 0 0 0 0 0 0 0 0 36 177 37 25 37 75 36 55 0 0 0 0 107 84 359 4 0 0 0 0 177 467 4.99756e+06 48 0 0 0 0 4 75 5 27 0 0 0 0 191 0 17 0
186 GTA 0 0 0 0 0 0 0 0 0 0 0 0 0 0 0 0 0 0 0 0 8 37 146 76 0 0 0 0 85 163 102 38 0 0 0 0 50 171 110 275 0 0 0 0 4.99788e+06 129 120 450 0 0 0 0 0 0 0 0 0 0 0 0 86 0 75 0
187 ACT 0 0 0 0 30 361 68 4.99894e+06 0 95 0 65 0 0 0 0 0 0 0 0 0 0 0 0 0 0 0 0 0 0 0 0 0 0 0 0 0 0 0 0 0 0 0 0 0 0 0 0 0 0 0 0 36 117 20 270 0 0 0 0 0 0 0 0
188 CAT 0 0 0 0 0 0 0 0 227 0 18 0 0 0 0 0 2926 142 1142 4.96725e+06 201 389 298 886 53 130 323 332 828 2254 4027 2005 0 0 0 0 0 0 0 0 0 0 0 0 0 0 0 0 0 1098 0 10768 0 0 0 0 0 3115 0 504 416 0 672 0
189 GGG 0 0 0 0 0 0 0 0 0 189 0 368 0 0 0 0 0 0 0 0 0 0 0 0 0 0 0 0 75 144 10 21 0 0 0 0 0 0 0 0 153 81 4.99758e+06 361 260 21 132 107 0 0 0 0 332 86 13 21 0 0 0 0 41 0 9 0
190 GAT 0 0 0 0 0 0 0 0 0 0 0 0 0 0 0 0 0 0 0 0 0 0 0 0 0 0 0 0 0 0 0 0 48 499 252 4.99892e+06 0 0 0 0 20 29 40 197 0 0 0 0 0 0 0 0 0 0 0 0 0 0 0 0 0 0 0 0
191 GCC 0 0 0 0 0 0 0 0 350 800 365 422 0 0 0 0 0 5233 0 480 0 0 0 0 416 1019 429 441 739 314 1 304 0 0 0 0 105 4.80833e+06 546 350 0 0 0 0 58 7 92 186 0 4840 0 3599 486 616 1257 123 0 0 0 0 261 139873 157 27798
192 TGC 0 0 0 0 21478 4900 90708 41009 131 0 163 0 334 1473 0 368 0 0 0 0 0 0 0 0 85 67 30 199 0 0 0 0 0 0 0 0 209 284 230 349 113 33 409 74 0 0 0 0 0 0 0 0 0 0 0 0 0 4.83718e+06 0 169 0 0 0 0
193 CTC 0 0 0 0 0 0 0 0 33 0 163 0 0 0 226 0 0 0 0 0 7 11 67 112 38 595 238 9 62 4.996e+06 741 181 0 0 0 0 0 0 0 0 0 0 0 0 56 38 180 83 0 0 0 0 0 0 0 0 0 0 0 0 899 0 258 0
194 CCG 0 0 0 0 120 144 388 7 103 89 125 41 0 0 0 0 322 0 84 0 37 148 4.99642e+06 648 228 159 48 92 0 229 100 15 0 0 0 0 0 0 0 0 0 0 0 0 0 0 0 0 0 0 0 0 12 82 70 23 0 0 0 0 151 0 110 0
195 AAC 168 4.99808e+06 189 369 105 156 69 30 0 157 0 136 0 0 0 0 0 0 0 0 0 0 0 0 0 0 0 0 0 0 0 0 0 0 0 0 0 0 0 0 0 0 0 0 0 0 0 0 0 6 0 376 93 33 11 22 0 0 0 0 0 0 0 0
196 ATA 0 0 0 0 0 0 0 0 27 446 131 301 4.99426e+06 404 0 1764 0 0 0 0 0 0 0 0 209 366 202 64 9 82 24 33 0 0 0 0 0 0 0 0 0 0 0 0 45 55 79 89 0 0 0 0 571 48 338 264 0 0 0 0 175 0 15 0
197 ATG 42 0 206 0 93 72 33 89 149 0 1 0 0 0 4.99742e+06 0 503 0 602 0 0 0 0 0 71 2 56 12 79 18 6 55 0 158 0 210 0 0 0 0 0 0 0 0 0 0 0 0 0 0 0 0 0 0 0 0 0 0 0 0 98 0 21 0
198 GTG 0 0 0 0 0 0 0 0 54 0 70 0 0 0 0 0 0 0 0 0 0 0 0 0 68 139 65 17 25 89 75 21 0 0 0 0 219 53 42 36 32 45 100 59 788 205 4.99719e+06 426 0 0 0 0 0 0 0 0 0 0 0 0 46 0 137 0
199 GAA 0 0 0 0 0 0 0 0 99 260 40 103 0 0 0 0 0 186 0 72 0 0 0 0 67 28 106 184 0 0 0 0 4.9956e+06 0 117 0 120 22 20 675 6 441 54 90 0 0 0 0 0 0 0 0 109 706 12 172 0 167 0 549 0 0 0 0
200 AAC 0 4.99743e+06 0 530 61 515 98 4 0 76 0 59 0 0 0 0 0 0 0 0 0 0 0 0 0 0 0 0 33 8 455 6 0 0 0 0 0 0 0 0 0 0 0 0 122 120 72 95 0 0 0 0 93 38 44 44 0 0 0 0 66 0 34 0
201 GGC 0 0 0 0 1 10 34 73 155 76 356 76 0 0 0 0 0 0 0 0 0 0 0 0 191 263 40 349 0 0 0 0 0 6 0 28 0 0 0 0 1327 4.99529e+06 212 804 0 0 0 0 0 0 0 0 82 8 363 14 0 224 0 16 0 0 0 0
202 CGT 167 0 259 0 0 0 0 0 395 19 946 50 0 0 0 0 0 0 0 0 0 0 0 0 115 219 676 4.99342e+06 59 24 636 114 0 0 0 0 0 0 0 0 0 0 0 0 0 0 0 0 0 0 0 0 95 299 629 112 0 248 0 155 344 0 1020 0
203 TTT 0 0 0 0 0 0 0 0 0 0 0 0 0 0 0 0 0 0 0 0 0 0 0 0 0 0 0 0 49 30 8 253 0 0 0 0 0 0 0 0 0 0 0 0 0 0 0 0 0 0 0 0 0 0 0 0 0 106 0 429 158 767 78 4.99812e+06
204 AGC 0 119 0 165 158 105 162 158 246 4.99544e+06 6 334 33 200 0 455 0 0 0 0 0 0 0 0 206 145 303 62 0 0 0 0 0 0 0 0 0 0 0 0 99 16 223 54 0 0 0 0 0 0 0 0 313 283 346 371 0 0 0 0 0 0 0 0
205 GGA 0 0 0 0 0 0 0 0 0 0 0 0 0 0 0 0 0 0 0 0 0 0 0 0 0 0 0 0 0 0 0 0 0 0 0 0 0 0 0 0 4.99832e+06 873 315 96 28 259 79 29 0 0 0 0 0 0 0 0 0 0 0 0 0 0 0 0
206 TTC 0 0 0 0 0 0 0 0 31 152 66 69 0 0 0 0 0 0 0 0 0 0 0 0 4 141 45 14 59 119 19 6 0 0 0 0 0 0 0 0 0 0 0 0 231 3 148 31 0 0 0 0 158 46 150 129 0 0 0 0 28 4.99797e+06 119 262
207 ATT 0 0 0 0 90 95 131 70 0 0 0 0 323 161 0 4.9988e+06 0 0 0 0 0 0 0 0 0 0 0 0 0 0 0 0 0 0 0 0 0 0 0 0 0 0 0 0 52 1 163 113 0 0 0 0 0 0 0 0 0 0 0 0 0 0 0 0
208 GAT 0 0 0 0 5 119 251 130 0 0 0 0 0 0 0 0 0 0 0 0 0 0 0 0 0 0 0 0 0 0 0 0 197 198 57 4.99762e+06 291 213 222 183 80 13 235 190 0 0 0 0 0 0 0 0 0 0 0 0 0 0 0 0 0 0 0 0
209 TGC 0 0 0 0 30 376 857 535 109 229 275 206 0 0 0 0 0 0 0 0 0 0 0 0 73 117 13 309 28 184 74 73 0 0 0 0 9 74 135 588 39 21 0 211 0 0 0 0 0 0 0 0 27 44 88 23 0 4.99459e+06 0 213 22 82 103 243
210 GGA 0 0 0 0 0 0 0 0 106 4 46 185 0 0 0 0 0 0 0 0 0 0 0 0 16 54 38 119 0 0 0 0 0 0 0 0 0 0 0 0 4.99694e+06 447 155 601 227 320 277 245 0 0 0 0 74 59 5 79 0 0 0 0 0 0 0 0
211 CGG 0 0 0 0 0 0 0 0 109 90 165 11 0 0 0 0 0 0 0 0 0 0 0 0 82 408 4.99669e+06 327 401 109 402 94 0 0 0 0 0 0 0 0 0 0 0 0 0 0 0 0 0 0 0 0 197 119 63 255 0 123 0 193 10 0 152 0
212 TTG 0 0 0 0 38 197 7 99 173 0 64 0 0 0 0 0 0 0 0 0 0 0 0 0 115 11 30 137 572 165 212 127 0 0 0 0 0 0 0 0 0 0 0 0 0 0 0 0 0 0 0 0 0 0 0 0 0 0 0 0 200 0 4.99785e+06 0
213 GGT 0 0 0 0 0 0 0 0 15 0 302 0 0 0 0 0 0 0 0 0 0 0 0 0 126 48 3 149 0 0 0 0 0 0 0 0 0 6 12 2 283 88 34 4.99853e+06 32 17 1 27 0 0 0 0 0 0 0 0 0 27 0 299 0 0 0 0
214 GTC 0 0 0 0 0 0 0 0 0 0 0 0 0 0 0 0 0 0 0 0 0 0 0 0 0 0 0 0 88 24 186 206 0 0 0 0 28 11 107 204 121 64 475 61 133 4.99795e+06 89 153 0 0 0 0 0 0 0 0 0 0 0 0 100 0 0 0
215 GCT 0 0 0 0 3 3 303 153 0 58 0 37 0 0 0 0 0 0 0 0 82 58 135 69 0 0 0 0 0 0 0 0 0 0 0 0 375 110 0 4.99764e+06 84 93 91 55 0 0 0 0 0 0 0 0 466 85 62 41 0 0 0 0 0 0 0 0
216 GAT 0 0 0 0 0 0 0 0 0 44 0 45 0 0 0 0 0 0 0 0 0 0 0 0 0 0 0 0 44 7 89 15 0 244 0 4.99766e+06 18 52 19 174 133 141 71 53 91 28 164 78 0 232 0 182 52 25 180 2 0 0 0 0 0 0 152 0
217 CGA 0 0 0 0 0 0 0 0 31 188 234 229 0 0 0 0 0 0 0 0 0 0 0 0 4.99771e+06 225 251 60 34 88 34 96 0 0 0 0 0 0 0 0 75 103 40 38 0 0 0 0 0 0 0 0 189 39 8 171 0 0 0 0 108 0 51 0
218 TAT 0 0 0 0 0 0 0 0 0 89 0 292 0 0 0 0 0 0 0 0 0 0 0 0 0 0 0 0 0 0 0 0 0 0 0 0 0 0 0 0 0 0 0 0 0 0 0 0 0 367 0 4.99883e+06 103 29 161 130 0 0 0 0 0 0 0 0
219 CAA 273 0 32 0 339 112 9 33 65 0 27 0 0 0 0 0 4.99594e+06 679 1517 17 39 329 0 0 184 144 227 31 0 0 0 0 0 0 0 0 0 0 0 0 0 0 0 0 0 0 0 0 0 0 0 0 0 0 0 0 0 0 0 0 0 0 0 0
220 GAT 0 0 0 0 0 0 0 0 0 0 0 0 0 0 0 0 0 0 0 0 0 0 0 0 0 0 0 0 0 0 0 0 0 282 0 4.99872e+06 45 158 4 250 128 93 123 192 0 0 0 0 0 0 0 0 0 0 0 0 0 0 0 0 0 0 0 0
221 ATA 0 0 0 0 0 318 169 366 0 86 0 261 4.96575e+06 390 0 199 0 0 0 0 0 0 0 0 0 0 0 0 7866 11241 1421 6968 0 0 0 0 0 0 0 0 62 29 41 186 0 156 134 9 0 0 0 0 110 208 929 78 0 0 0 0 2166 0 856 0
222 GCA 0 0 0 0 0 0 0 0 0 0 0 0 0 0 0 0 0 0 0 0 0 0 0 0 0 0 0 0 0 0 0 0 0 0 0 0 4.99817e+06 138 398 144 244 67 30 8 221 41 36 499 0 0 0 0 0 0 0 0 0 0 0 0 0 0 0 0
223 TTG 0 0 0 0 0 0 0 0 209 0 95 0 0 0 0 0 0 0 0 0 0 0 0 0 10 202 21 16 784 91 189 778 0 0 0 0 0 0 0 0 0 0 0 0 0 0 0 0 0 0 0 0 0 0 0 0 0 0 0 0 558 0 4.99705e+06 0
224 GCA 0 0 0 0 0 0 0 0 0 245 0 368 0 0 0 0 0 0 0 0 49 52 91 64 0 0 0 0 43 48 83 59 626 0 161 0 4.99633e+06 99 168 100 196 11 66 90 35 119 156 8 0 0 0 0 63 165 276 151 0 0 0 0 51 0 31 0
225 ACT 0 0 0 0 55 63 16 4.99822e+06 0 21 0 10 325 35 0 37 0 0 0 0 0 0 0 0 0 0 0 0 0 0 0 0 0 0 0 0 0 0 0 0 0 0 0 0 414 34 351 120 0 0 0 0 102 136 34 29 0 0 0 0 0 0 0 0
226 CGC 0 0 0 0 86 73 29 76 906 133 370 64 0 0 0 0 0 0 0 0 0 0 0 0 650 4.99486e+06 130 208 205 18 164 281 0 0 0 0 0 0 0 0 144 21 212 40 0 0 0 0 0 0 0 0 275 276 278 206 0 0 0 0 150 0 147 0
227 GAT 0 0 0 0 0 0 0 0 129 81 46 1084 0 0 0 0 0 165 0 249 0 0 0 0 126 140 33 38 0 0 0 0 141 366 154 4.99507e+06 0 0 0 0 0 0 0 0 215 199 120 218 0 0 0 0 22 379 0 437 0 411 0 174 0 0 0 0
228 ATC 0 0 0 0 846 425 31 512 374 25425 1705 6583 121 4.93009e+06 0 365 0 0 0 0 0 0 0 0 925 358 58 1102 195 477 1876 86 0 0 0 0 0 0 0 0 0 0 0 0 2993 1436 5106 1936 0 0 0 0 3814 8407 907 1315 0 0 0 0 1903 0 627 0
229 GCC 0 0 0 0 32 73 54 108 39 45 135 133 0 0 0 0 0 0 0 0 158 48 76 23 20 37 61 30 0 0 0 0 320 0 356 0 166 4.99679e+06 292 334 0 0 0 0 120 70 181 12 0 0 0 0 53 10 137 88 0 0 0 0 0 0 0 0
230 GAA 0 0 0 0 649 889 74 1342 0 4064 0 154 0 0 0 0 0 1218 0 506 110 45 162 29 0 0 0 0 0 0 0 0 4.97936e+06 0 450 0 179 86 101 184 25 387 354 26 0 0 0 0 0 0 0 0 729 248 8023 608 0 0 0 0 0 0 0 0
231 GAG 540 0 796 0 0 0 0 0 628 0 384 0 0 0 0 0 0 110 0 147 0 0 0 0 533 711 251 154 0 0 0 0 25 0 4.98562e+06 0 62 7 74 45 1 0 0 1 4 109 58 7 0 2712 0 6457 0 0 0 0 0 0 547 0 0 11 0 11
232 CTT 0 0 0 0 0 0 0 0 326 217 297 71 0 0 0 0 0 0 0 0 23 93 28 130 73 75 220 822 23 724 237 4.99483e+06 0 0 0 0 0 0 0 0 0 0 0 0 375 273 185 114 0 0 0 0 27 15 263 293 0 0 0 0 40 0 229 0
233 GGT 0 0 0 0 0 0 0 0 121 32 11 35 0 0 0 0 0 0 0 0 0 0 0 0 32 105 3 4 0 0 0 0 0 0 0 0 0 0 0 0 140 440 153 4.99751e+06 176 56 313 107 0 0 0 0 42 157 170 0 0 82 0 310 0 0 0 0
234 GGT 2886 3449 1469 1609 65 9106 760 1607 2 25 18 10 43 13 227 38 549 133 929 154 36736 83459 30041 13081 5 1 33 60 3 6 14 33 616 28 26894 27 520 336 908 417 254 1241 3 4.77357e+06 436 537 211 1082 0 26 0 10 7 37 60 146 0 2055 529 3365 7 0 110 0
235 GAA 0 0 0 0 54 41 100 86 0 0 0 0 0 0 0 0 0 0 0 0 0 0 0 0 0 0 0 0 15 0 145 111 4.99865e+06 0 362 0 38 14 195 139 0 0 0 0 0 0 0 0 0 0 0 0 0 0 0 0 0 0 0 0 26 0 24 0
236 TGG 0 0 0 0 0 0 0 0 112 17 196 23 0 0 0 0 0 0 0 0 0 0 0 0 28 81 252 9 420 65 167 378 0 0 0 0 0 0 0 0 361 184 47 31 38 161 105 49 0 0 0 0 12 109 68 206 0 0 4.99659e+06 0 251 0 42 0
237 GCA 0 0 0 0 0 0 0 0 6 77 8 386 0 0 0 0 0 0 0 0 0 0 0 0 69 134 12 103 0 0 0 0 0 0 0 0 4.99728e+06 864 166 116 0 0 0 0 0 0 0 0 0 0 0 0 150 365 70 192 0 0 0 0 0 0 0 0
238 GAC 540 1320 2489 262 117 76 41 87 1526 579 803 1499 1359 2786 254 384 557 2125 998 69 11 64 95 277 1040 855 2168 1168 342 628 236 411 2523 4.96521e+06 838 133 276 357 64 233 0 0 0 0 106 350 349 231 0 607 0 7 525 175 425 391 0 64 0 346 288 102 129 1109
239 AGA 0 0 0 0 154 21 34 198 4.99557e+06 49 86 16 0 0 0 0 0 0 0 0 189 111 14 25 583 15 853 101 131 20 115 194 0 0 0 0 0 0 0 0 85 152 101 17 0 0 0 0 0 0 0 0 51 161 111 53 0 180 0 137 145 0 325 0
240 TTT 102 0 222 0 0 0 0 0 0 85 0 38 0 0 0 0 0 0 0 0 0 0 0 0 0 0 0 0 0 0 0 0 0 0 0 0 0 0 0 0 0 0 0 0 266 130 48 133 0 0 0 0 48 0 57 57 0 9 0 266 0 908 0 4.99763e+06
241 TTA 0 0 0 0 0 0 0 0 20 26 94 29 0 0 0 0 0 0 0 0 188 620 330 221 117 16 131 94 29 301 328 363 0 0 0 0 0 0 0 0 0 0 0 0 0 0 0 0 0 0 0 0 97 0 17 1 0 0 0 0 4.99653e+06 0 444 0
242 GTT 354 125 2301 246 1516 193 1198 1664 959 108 112 78 0 0 955 0 72 1611 281 619 66 193 59 196 3389 869 389 1271 0 123 35 101 986 0 1857 0 452 3 1894 295 0 0 0 0 228 819 89 4.96815e+06 0 91 0 539 270 1332 1050 1270 0 0 500 0 104 581 222 181
243 CTG 0 0 0 0 0 0 0 0 2 0 18 0 0 0 0 0 52 0 285 0 123 190 36 3 65 149 293 235 101 369 4.99522e+06 508 530 0 381 0 122 117 44 197 0 0 0 0 99 126 159 34 0 0 0 0 0 0 0 0 0 0 0 0 95 0 444 0
244 TAT 0 0 0 0 0 0 0 0 0 0 0 0 0 0 0 0 0 0 0 0 0 0 0 0 0 0 0 0 82 812 92 49 0 0 0 0 0 0 0 0 0 0 0 0 0 0 0 0 0 146 0 4.99859e+06 0 0 0 0 0 0 0 0 3 0 230 0
245 GGT 0 0 0 0 0 0 0 0 2779 37 72 34 0 0 0 0 0 0 0 0 0 0 0 0 16 451 1110 952 123 113 352 225 0 0 0 0 30 428 699 960 1330 286 517 4.98214e+06 1663 1452 252 1256 0 0 0 0 22 24 97 512 0 1059 0 929 55 0 25 0
246 ATC 0 0 0 0 0 0 0 0 448 54 70 508 367 4.99485e+06 0 237 0 0 0 0 0 0 0 0 292 6 110 50 102 13 74 154 0 0 0 0 0 0 0 0 0 0 0 0 309 67 40 35 0 0 0 0 400 237 407 96 0 327 0 225 204 135 29 155
247 GCG 53 161 345 450 160 101 255 121 195 167 278 1463 0 0 0 0 131 0 154 0 385 16 0 191 148 185 59 122 135 1 22 210 0 226 0 10 18 69 4.99053e+06 284 79 8 190 44 0 0 0 0 0 0 0 0 1006 132 70 598 0 411 0 166 509 0 143 0
248 GCA 229 0 166 0 693 55 166 792 70 111 26 365 68 82 391 104 609 0 341 0 0 0 0 0 42 42 75 66 1482 445 206 517 103 234 239 527 4.9884e+06 217 191 223 58 69 40 79 53 144 90 42 0 0 0 0 117 235 23 101 0 0 0 0 1274 0 398 0
249 CCA 0 0 0 0 245 12 888 381 4621 574 562 403 0 0 0 0 961 0 281 0 4.96784e+06 345 6 221 1441 241 5874 3155 338 180 123 97 0 0 0 0 157 658 4005 2006 349 242 1932 341 0 0 0 0 0 0 0 0 121 148 447 250 0 0 0 0 553 0 7 0
250 GAC 0 0 0 0 21 11 34 9 0 0 0 0 0 0 0 0 421 0 998 0 0 0 0 0 0 0 0 0 10 64 43 5 0 4.99696e+06 0 185 42 70 21 6 0 0 0 0 80 49 414 478 0 2 0 4 0 0 0 0 0 0 0 0 48 0 28 0
251 TCT 95 0 188 0 244 150 659 1318 118 413 332 132 136 4 468 433 2158 421 319 47 0 0 0 0 352 1099 1358 688 180 92 1822 1272 0 345 0 98 41 51 310 172 50 29 152 140 0 0 0 0 0 1550 0 198 59 460 126 4.97279e+06 0 0 6463 0 625 609 103 1134
252 CAG 0 200 0 93 0 0 0 0 80 3 134 71 0 0 0 0 54 150 4.99498e+06 488 0 0 0 0 25 142 142 47 5 8 28 53 0 1288 0 948 0 0 0 0 0 0 0 0 0 0 0 0 0 0 0 0 70 1 205 138 0 0 0 0 68 288 223 69
253 CGT 0 0 0 0 0 0 0 0 102 166 122 151 0 0 0 0 0 0 0 0 0 0 0 0 348 0 26 4.99747e+06 21 153 28 117 0 0 0 0 0 0 0 0 57 73 245 51 0 112 212 2 0 0 0 0 98 44 17 155 0 0 0 0 14 0 218 0
254 ATC 0 0 0 0 0 0 0 0 31 342 77 26 170 4.99781e+06 0 27 0 0 0 0 0 0 0 0 5 25 155 2 11 118 66 101 0 0 0 0 0 0 0 0 0 0 0 0 0 0 0 0 0 0 0 0 46 148 34 167 0 0 0 0 376 0 262 0
255 GCC 0 0 0 0 2 18 0 22 16 145 9 175 0 0 0 0 0 0 0 0 0 0 0 0 4 11 4 22 0 0 0 0 214 0 10 0 36 4.99766e+06 197 766 136 85 7 43 0 0 0 0 0 15 0 87 29 157 12 122 0 0 0 0 0 0 0 0
256 TTT 0 0 0 0 0 0 0 0 46 120 138 34 0 0 0 0 183 0 60 0 125 12 151 28 178 29 229 87 237 62 96 306 0 0 0 0 0 0 0 0 0 0 0 0 0 0 0 0 0 1111 0 1736 156 135 82 144 0 0 5785 0 92 71 40 4.98853e+06
257 TAT 0 0 0 0 0 0 0 0 0 0 0 0 0 0 0 0 0 223 0 143 0 0 0 0 0 0 0 0 0 0 0 0 0 0 0 0 0 0 0 0 0 0 0 0 0 0 0 0 0 28 0 4.99961e+06 0 0 0 0 0 0 0 0 0 0 0 0
258 AGA 0 0 0 0 0 0 0 0 4.99704e+06 69 169 12 0 0 0 0 0 0 0 0 0 0 0 0 536 189 263 103 202 180 0 50 0 0 0 0 0 0 0 0 171 0 66 101 0 0 0 0 0 0 0 0 228 265 11 37 0 0 0 0 293 0 15 0
259 TTA 0 0 0 0 0 0 0 0 269 0 85 0 0 0 0 0 0 0 0 0 0 0 0 0 22 51 281 100 240 32 198 529 0 0 0 0 0 0 0 0 0 0 0 0 0 0 0 0 0 0 0 0 0 0 0 0 0 0 0 0 4.99772e+06 0 474 0
260 CTA 0 0 0 0 0 0 0 0 0 0 0 0 0 0 0 0 0 0 0 0 0 0 0 0 0 0 0 0 4.99846e+06 1065 65 43 0 0 0 0 0 0 0 0 0 0 0 0 0 0 0 0 0 0 0 0 0 0 0 0 0 0 0 0 15 0 347 0
261 GAC 0 0 0 0 0 0 0 0 0 37 0 10 0 0 0 0 0 0 0 0 0 0 0 0 0 0 0 0 0 0 0 0 0 4.99971e+06 0 8 0 0 0 0 0 0 0 0 0 0 0 0 0 106 0 3 15 16 78 13 0 0 0 0 0 0 0 0
262 GAG 255 0 75 0 0 0 0 0 106 29 31 35 0 0 0 0 0 0 0 0 0 0 0 0 5 148 50 6 0 0 0 0 175 0 4.99857e+06 0 0 0 0 0 0 0 0 0 80 26 84 61 0 0 0 0 136 64 15 48 0 0 0 0 0 0 0 0
263 TTC 0 0 0 0 0 0 0 0 0 245 0 54 14 205 0 73 0 0 0 0 0 0 0 0 0 0 0 0 1 6 45 29 0 0 0 0 0 0 0 0 0 0 0 0 0 0 0 0 0 0 0 0 120 120 89 88 0 0 0 0 89 4.99831e+06 22 489
264 TTC 0 0 0 0 0 0 0 0 0 28 0 119 0 0 0 0 0 0 0 0 0 0 0 0 0 0 0 0 489 11 151 292 0 0 0 0 0 0 0 0 0 0 0 0 6 8 34 29 0 48 0 76 170 59 56 34 0 48 0 87 277 4.99743e+06 342 202
