# POSITION WT AAA AAC AAG AAT ACA ACC ACG ACT AGA AGC AGG AGT ATA ATC ATG ATT CAA CAC CAG CAT CCA CCC CCG CCT CGA CGC CGG CGT CTA CTC CTG CTT GAA GAC GAG GAT GCA GCC GCG GCT GGA GGC GGG GGT GTA GTC GTG GTT TAA TAC TAG TAT TCA TCC TCG TCT TGA TGC TGG TGT TTA TTC TTG TTT
1 ATG 66 14 9 3 95 6 80 0 41 4 26 7 6 48 498153 42 16 38 11 6 7 30 20 6 18 4 22 32 31 13 19 35 23 50 31 15 72 67 162 1 17 48 21 0 21 40 95 24 28 34 22 53 15 5 18 24 13 66 5 28 40 8 21 25
2 ATT 51 12 41 89 18 3 31 10 54 23 64 38 59 26 7 497750 17 133 4 5 29 160 12 82 19 8 14 6 25 4 21 3 4 20 14 62 82 17 3 32 0 23 1 32 132 24 0 30 105 68 47 17 143 44 49 24 0 44 14 40 22 20 14 55
3 GAG 34 63 22 60 20 2 16 24 4 39 39 93 65 15 59 8 157 27 54 88 108 1 14 19 2 11 41 0 123 124 14 41 19 49 497733 2 5 22 81 32 94 5 48 35 52 7 19 22 103 11 26 4 54 29 30 18 31 12 1 12 11 5 41 0
4 CAA 28 30 20 28 16 2 15 43 10 20 11 15 30 62 27 6 498207 18 58 7 79 86 78 44 19 48 16 1 7 2 15 8 14 39 0 3 42 10 3 15 5 4 11 11 5 49 22 3 85 6 0 54 130 70 36 78 43 4 36 10 2 39 81 34
5 GAC 59 6 2 32 19 6 46 7 4 57 53 6 51 44 26 8 14 7 42 7 153 8 11 38 10 66 1 53 122 5 10 6 62 497806 38 3 4 15 80 30 89 27 68 18 136 6 7 5 49 13 6 7 2 46 25 50 85 28 7 53 32 58 102 64
6 GGC 44 37 7 20 10 63 7 18 36 10 160 20 28 4 21 6 43 11 1 95 55 35 7 74 7 30 32 63 27 34 26 5 38 5 37 24 30 2 31 7 45 498437 0 5 19 11 23 41 14 29 7 20 4 28 23 6 2 3 18 11 28 12 0 4
7 CTT 7 26 31 45 96 30 1 29 40 3 12 35 5 16 11 27 3 14 6 7 4 18 19 109 116 8 16 26 59 42 34 498235 46 5 15 35 2 37 0 16 6 2 49 2 21 18 34 3 28 27 2 48 15 6 28 19 17 101 97 65 56 51 16 3
8 CAT 46 9 3 22 13 3 134 23 7 16 22 2 26 0 73 23 17 28 160 498372 13 5 42 15 84 10 8 16 5 16 6 29 18 2 17 6 11 58 25 11 11 3 21 54 18 11 2 53 43 26 86 8 86 8 11 46 25 34 16 15 1 8 12 6
9 GCA 5 35 39 107 13 32 29 22 39 15 6 2 27 40 27 17 23 18 44 38 21 43 12 55 41 19 12 142 42 83 6 3 33 4 56 14 498063 16 22 25 24 29 81 11 38 16 39 29 9 26 11 54 49 13 10 27 74 1 38 14 9 29 46 33
10 GGA 6 33 31 52 74 21 27 26 35 15 21 33 36 2 35 5 63 2 1 23 21 13 35 98 32 197 21 72 91 35 24 23 34 16 14 7 24 12 6 0 498175 31 33 23 26 4 5 25 8 32 16 22 68 38 28 2 9 55 7 3 16 34 23 1
11 TCT 45 4 67 7 98 27 21 63 5 140 60 26 8 10 10 21 17 10 49 25 108 11 23 29 90 17 30 2 49 22 8 24 2 7 33 41 66 2 30 36 1 105 21 5 44 26 16 2 69 27 8 69 75 93 22 497835 37 23 25 5 39 23 13 74
12 CCC 112 17 44 77 73 3 44 69 3 18 27 81 52 10 4 31 83 20 5 24 38 497714 12 28 7 90 7 30 76 33 70 22 64 34 14 35 23 135 89 30 9 42 74 36 44 14 50 7 3 3 21 7 33 4 18 63 51 14 61 12 6 53 22 5
13 GCT 1 6 33 29 38 37 12 49 17 4 10 38 7 34 52 50 75 24 26 6 55 24 16 17 6 44 2 14 35 84 13 35 26 18 99 20 14 15 82 497948 25 18 9 81 3 35 22 63 2 18 16 20 27 13 24 129 119 68 6 0 18 2 83 84
14 GCA 20 21 8 25 110 41 13 10 4 21 53 11 29 0 17 3 17 4 24 68 23 15 16 45 13 49 31 20 1 61 1 36 15 3 23 21 498452 17 20 23 26 31 23 29 88 1 10 23 43 16 20 18 21 12 18 76 12 16 9 5 66 15 14 24
15 TGG 10 21 10 6 8 42 12 0 29 22 47 85 19 63 36 42 19 45 2 52 25 39 54 27 12 18 4 9 58 46 20 121 16 39 11 1 81 2 24 38 19 6 34 54 39 8 27 139 11 46 17 131 41 6 31 31 11 75 497874 12 37 76 11 49
16 GTG 25 12 68 16 40 13 19 26 24 41 22 27 7 68 10 3 12 14 49 2 23 65 14 7 33 73 0 41 16 45 27 4 63 6 5 50 11 38 29 11 6 67 84 25 26 91 498111 26 12 10 101 1 36 18 45 1 22 20 59 59 18 52 24 27
17 GAA 37 16 27 10 8 179 17 71 35 19 27 5 12 18 45 47 63 41 82 71 87 25 103 0 82 22 11 9 4 28 26 112 497592 22 31 3 16 49 28 12 39 37 4 39 46 10 187 12 52 25 52 7 79 64 27 20 108 12 17 17 12 10 10 22
18 CGT 4 28 68 15 27 60 33 23 46 54 19 175 49 3 49 30 28 19 44 52 5 33 14 92 13 52 72 498012 10 9 21 54 6 3 2 21 7 11 16 103 69 24 2 56 70 16 29 24 6 59 14 23 17 12 19 28 41 41 8 27 25 3 5 0
19 TTG 10 3 38 7 11 11 16 8 27 15 7 0 18 25 37 21 11 1 34 8 25 22 25 4 55 28 90 36 10 30 14 33 32 95 13 42 15 17 68 6 24 107 10 23 2 13 45 26 26 2 28 5 5 16 55 47 21 81 13 1 52 5 498391 34
20 TTC 69 10 26 20 221 4 6 62 45 88 49 43 11 9 34 14 47 21 30 13 3 15 45 12 4 16 22 45 9 29 5 57 107 26 127 2 27 38 37 33 185 10 3 11 12 9 5 1 1 51 0 74 17 42 36 12 18 13 8 15 59 497796 83 58
21 GGA 34 65 3 29 4 53 5 24 74 10 34 21 55 48 36 18 5 27 19 55 37 49 12 11 72 59 35 42 26 6 9 3 7 41 12 23 84 11 26 34 498191 8 16 40 56 16 10 6 43 3 124 11 11 0 18 53 10 8 22 14 49 4 31 38
22 TAT 97 54 22 68 3 39 10 6 12 8 40 70 74 27 104 22 28 0 33 38 60 36 32 48 6 1 25 4 3 2 16 59 12 31 23 13 8 18 22 8 2 22 77 26 21 9 16 21 53 11 21 498049 12 45 47 9 44 20 85 60 3 71 33 61
23 GAT 73 60 21 46 38 6 16 3 81 1 5 15 15 8 38 7 10 11 62 7 8 29 6 10 36 6 21 62 5 41 91 49 23 30 15 498025 3 63 6 35 35 2 35 105 8 14 75 33 96 13 3 92 16 77 21 20 6 103 29 66 8 23 3 30
24 TGG 59 13 44 43 7 5 20 11 39 4 88 74 11 25 19 37 12 15 59 14 50 17 21 30 27 108 104 1 15 17 2 21 34 97 3 7 41 21 33 21 19 22 16 22 95 10 84 4 21 39 18 79 18 13 148 74 57 5 497823 41 36 14 57 16
25 GCA 42 28 28 74 37 46 30 29 12 57 26 69 53 13 7 6 22 0 15 25 4 14 62 12 50 12 19 38 45 23 0 96 40 62 7 34 497867 56 60 91 10 16 61 24 23 22 44 42 7 52 8 98 50 93 35 15 16 11 4 5 62 30 29 32
26 CAA 29 11 78 29 0 23 34 61 9 14 6 7 42 76 69 3 497881 59 27 10 46 69 20 133 79 6 8 18 5 19 33 15 75 15 13 65 5 17 9 57 44 50 38 38 27 4 44 15 4 17 72 3 126 48 28 6 96 7 37 48 7 40 8 18
27 CAA 94 5 4 6 58 70 86 35 40 27 72 23 56 7 59 49 497585 21 11 36 4 13 7 78 7 15 88 7 70 2 14 6 33 52 69 58 4 88 59 16 24 14 32 36 16 55 62 2 10 25 75 13 73 123 183 24 4 60 3 11 8 31 57 25
28 ACA 62 99 21 10 497945 49 26 32 24 28 30 29 66 44 1 11 3 24 1 45 27 15 24 108 11 59 20 37 2 30 13 7 26 0 13 16 86 11 76 28 65 5 41 6 13 22 9 16 45 21 8 166 67 27 102 5 53 30 6 29 19 50 30 6
29 ATC 45 23 36 36 14 2 6 28 16 128 6 35 60 498182 38 28 21 15 30 14 1 46 10 4 1 26 17 22 23 35 19 19 18 30 30 52 5 7 9 27 77 6 90 0 28 17 6 34 21 57 59 3 45 11 66 40 8 103 22 19 48 26 15 35
30 GGC 6 33 28 46 43 12 45 20 14 55 37 81 37 102 64 104 29 37 37 28 1 34 0 16 78 27 85 83 9 73 43 94 8 118 22 134 7 30 0 51 81 497493 33 1 13 48 25 43 54 32 10 18 21 21 10 9 20 16 34 38 105 41 32 31
31 TGC 90 31 22 104 23 4 33 25 16 61 14 1 32 41 25 6 110 55 6 12 11 48 2 0 28 32 49 19 173 56 14 0 26 28 31 16 17 18 1 79 11 59 21 3 9 41 11 39 6 35 50 47 58 6 28 35 122 497974 13 16 19 9 16 13
32 AGT 5 9 0 33 88 40 8 9 28 34 10 497794 50 11 79 18 83 14 138 18 34 10 32 5 5 10 138 25 25 4 10 52 23 44 102 74 21 17 27 3 2 37 12 13 51 18 19 30 1 62 41 80 36 8 4 13 43 226 30 67 7 35 24 11
33 GAC 25 2 78 106 16 3 5 23 20 10 23 4 25 15 37 13 5 15 0 26 49 10 14 5 38 33 6 11 4 12 127 16 120 498097 50 21 21 41 5 33 33 21 94 7 48 69 59 24 16 3 30 63 22 25 20 30 20 24 42 40 16 33 38 59
34 GCC 44 17 15 28 37 90 27 16 9 43 27 13 74 35 60 31 37 1 39 59 23 2 20 41 51 33 10 100 2 29 8 2 18 26 53 26 91 498126 21 21 29 30 27 23 54 30 24 23 11 21 60 3 40 15 42 22 24 8 10 15 36 4 25 19
35 GCC 109 13 5 16 1 34 37 50 11 3 5 2 1 14 6 45 34 27 42 15 5 44 35 22 51 20 81 19 45 3 9 6 18 150 14 50 34 498137 52 2 17 62 14 33 13 110 67 69 13 16 41 7 17 71 13 6 6 42 0 16 19 4 69 8
36 GTA 99 89 17 60 52 53 5 71 4 16 25 18 28 13 118 5 9 76 38 23 18 34 2 9 22 39 21 59 5 12 101 33 19 49 8 15 60 47 10 15 45 24 29 63 497814 28 36 27 35 19 55 12 8 35 6 54 96 6 21 10 23 78 4 75
37 TTT 16 31 9 7 35 4 15 18 13 5 43 29 50 31 12 3 39 47 5 52 24 107 98 78 31 35 84 60 23 21 57 43 46 14 5 29 58 18 71 50 7 32 1 100 0 62 40 102 81 23 57 14 31 17 32 26 19 14 12 155 44 13 28 497674
38 CGC 7 39 33 24 78 13 89 62 20 5 25 41 0 3 32 10 31 42 9 1 20 25 56 33 59 497956 25 43 19 7 38 25 37 7 13 15 11 22 20 73 9 64 52 43 87 42 103 18 18 41 19 68 11 41 55 56 8 93 2 40 4 17 10 31
39 CTT 49 40 30 22 39 47 21 49 27 68 3 39 52 17 5 26 25 40 7 28 9 8 32 1 15 2 19 42 67 113 24 498121 39 33 21 33 25 9 27 8 51 25 9 4 23 16 141 22 34 13 24 0 27 90 52 18 15 41 10 3 43 16 13 28
40 AGT 32 127 43 52 57 44 3 9 71 41 13 497731 12 17 51 19 55 10 21 32 17 78 14 23 57 25 13 103 69 19 30 21 113 13 45 4 20 18 13 32 24 16 22 12 62 204 13 16 68 51 8 12 17 5 9 11 45 52 3 71 32 47 9 24
41 GCT 22 0 50 80 3 22 30 8 109 12 30 4 48 9 19 62 56 55 63 3 43 16 13 44 28 8 1 6 9 1 85 55 1 9 33 17 64 12 42 498279 16 58 21 37 22 55 15 34 12 8 7 13 4 7 11 6 12 53 63 12 4 25 46 8
42 CAG 53 109 4 55 85 65 22 22 9 46 18 25 5 12 24 8 16 36 497809 41 7 65 66 52 19 36 62 13 57 21 106 61 0 33 15 13 41 11 18 43 96 8 16 56 12 18 7 21 147 43 9 1 25 9 48 19 21 44 120 7 16 4 41 9
43 GGA 41 20 31 17 89 37 39 36 5 51 13 11 2 16 52 52 1 62 13 11 15 28 30 51 36 16 15 108 57 19 0 1 205 19 26 32 15 22 17 134 497669 15 55 22 5 37 27 25 29 25 2 84 2 18 52 29 178 9 119 31 8 59 26 29
44 AGG 45 4 77 7 38 2 4 36 74 8 497898 15 41 28 16 33 55 11 63 3 44 1 72 57 0 16 6 33 33 7 30 12 22 7 49 11 39 33 71 30 127 35 24 104 45 57 40 8 7 79 6 4 26 27 90 7 30 33 14 36 2 111 34 23
45 CCG 28 43 108 45 2 59 53 34 1 67 6 49 0 17 87 69 9 22 32 3 106 2 497837 7 11 10 57 79 6 15 61 28 43 43 17 5 15 44 90 45 10 41 12 61 24 133 33 27 14 3 15 9 13 25 47 100 17 13 34 2 12 75 1 24
46 GTG 30 8 18 87 25 106 10 34 18 14 67 30 21 6 46 76 6 27 8 4 126 29 8 11 47 62 71 23 36 98 37 49 9 2 38 15 53 15 81 62 68 2 10 10 53 54 497724 32 59 23 25 3 63 2 0 32 53 9 22 43 79 44 17 60
47 TTG 48 14 51 3 2 22 20 15 27 51 25 12 3 14 26 62 78 48 85 1 33 5 1 9 22 39 26 46 33 21 4 63 20 21 15 28 36 17 49 52 7 118 5 5 10 8 73 7 15 67 23 10 14 46 59 31 58 13 50 21 23 9 498147 34
48 TTC 4 34 25 26 11 26 10 6 21 64 59 24 16 17 61 6 51 93 3 3 3 43 26 117 15 0 53 22 36 20 62 46 44 16 14 9 16 8 19 79 7 82 3 58 22 37 72 16 27 55 9 19 0 32 44 4 6 37 28 35 14 498113 24 48
49 GTT 29 75 56 31 46 28 16 5 11 42 33 17 12 36 25 44 41 9 91 65 28 48 11 27 41 10 39 29 40 28 40 0 0 12 12 36 24 84 151 14 26 17 0 30 26 114 15 497838 42 22 54 32 10 13 36 7 39 11 38 120 15 17 46 46
50 AAG 0 128 497835 4 1 7 32 9 25 19 17 4 26 89 37 35 56 33 34 25 57 11 13 11 10 9 33 9 37 9 22 81 61 21 28 19 16 69 20 7 52 2 110 4 94 10 16 61 21 85 76 23 77 6 26 40 6 44 29 23 129 51 4 52
51 ACC 16 21 16 39 77 498039 23 26 24 57 22 54 14 21 4 6 4 12 17 11 37 12 8 71 17 18 85 44 38 4 81 33 16 51 0 4 12 98 31 17 15 121 25 41 28 1 39 24 22 58 21 41 29 115 30 9 26 20 10 11 5 5 42 82
52 GAT 35 21 9 12 1 48 33 16 62 29 53 23 10 24 29 2 32 8 43 16 10 36 15 12 29 142 27 14 31 78 21 42 111 51 12 497977 33 5 83 61 3 33 22 25 18 34 65 5 0 28 21 25 53 23 43 102 66 18 15 42 11 18 3 31
53 TTG 27 14 3 22 6 25 96 77 19 41 38 20 62 15 8 19 10 14 42 26 3 355 30 1 61 27 46 49 13 5 36 9 1 41 25 14 94 30 16 58 22 99 7 19 6 27 10 11 5 1 48 119 30 24 31 133 22 27 34 13 12 13 497779 10
54 TCT 31 27 5 17 72 62 92 4 2 3 11 12 25 9 2 12 21 51 61 17 4 3 32 103 34 4 41 21 29 7 5 5 28 11 27 1 11 17 115 21 48 74 0 14 35 77 14 26 14 10 28 77 21 34 48 498227 35 25 20 40 20 10 13 35
55 GGG 7 19 0 22 3 0 10 54 155 7 37 2 27 2 1 26 48 26 19 22 24 3 21 10 0 12 9 17 0 77 2 51 54 9 84 21 8 40 18 2 51 16 498205 19 141 5 9 47 38 59 19 17 26 1 73 41 20 48 34 8 38 11 70 55
56 GCG 17 36 30 84 9 20 7 18 91 3 19 123 4 36 17 86 20 27 47 131 32 37 80 32 39 19 8 23 4 3 5 52 26 5 39 12 30 30 497863 13 47 50 12 47 57 35 35 27 24 63 55 10 8 47 94 8 17 7 26 80 20 11 9 34
57 CTA 55 78 43 82 17 5 38 52 40 15 18 66 32 33 68 67 5 7 22 21 47 38 65 12 18 0 11 65 497735 31 17 12 43 32 2 57 37 54 27 49 10 83 8 68 12 11 4 13 62 35 28 7 92 210 38 34 18 33 30 3 49 4 26 6
58 AAC 13 497903 23 63 90 50 55 68 105 37 3 2 0 39 86 10 25 67 35 36 3 45 86 15 54 34 6 77 81 76 8 24 40 14 25 2 19 35 3 8 14 64 7 37 1 9 15 52 69 4 32 18 0 26 19 44 9 3 50 32 44 8 61 17
59 GAG 24 62 0 40 14 18 56 17 112 15 2 16 17 0 9 10 87 12 32 15 38 9 24 31 1 6 32 12 35 18 25 32 23 48 498308 21 10 21 12 27 26 35 1 4 28 4 35 4 59 0 60 27 7 39 2 109 103 2 97 40 27 0 0 0
60 CTG 6 4 40 37 8 20 12 51 95 14 88 7 31 6 26 9 3 16 24 27 41 41 40 0 52 36 35 4 8 7 498086 63 14 21 3 7 44 42 22 39 29 55 35 18 3 9 22 1 83 5 76 24 76 40 10 64 18 62 4 54 25 38 85 35
61 CAA 25 25 12 31 11 3 37 3 31 17 43 17 29 15 45 3 498291 14 88 47 20 31 27 62 8 30 3 28 27 9 5 51 37 18 1 39 30 4 8 39 7 24 31 22 35 52 48 20 32 5 47 20 34 102 22 23 38 42 11 4 11 3 58 45
62 GAT 3 41 3 40 16 3 40 9 37 2 66 1 35 43 9 20 13 24 1 6 28 11 121 1 37 1 9 2 10 63 18 20 57 87 57 498220 69 41 9 17 84 25 4 20 64 37 3 22 15 14 6 26 25 1 53 29 114 31 1 3 41 29 16 47
63 GAG 35 19 15 8 81 19 47 28 58 3 30 34 17 20 0 4 54 8 35 30 69 6 31 11 14 43 14 8 41 30 15 18 118 55 498067 17 28 36 102 6 1 27 4 59 38 35 55 25 23 44 31 38 13 17 25 18 78 59 18 7 31 20 57 3
64 GCG 49 31 39 18 22 11 0 29 23 51 2 33 11 107 25 92 23 1 16 9 33 21 23 47 19 12 82 10 5 15 27 31 4 85 25 37 63 32 498234 17 73 21 12 32 8 16 4 35 93 40 20 26 28 3 73 24 11 14 6 6 4 1 8 28
65 GCC 26 87 10 8 19 18 20 65 36 34 34 14 18 16 8 25 57 2 141 11 43 10 3 14 8 82 56 74 12 55 3 41 23 72 21 43 17 497653 30 11 83 39 9 42 56 97 21 101 15 12 97 81 52 63 26 63 32 55 8 27 17 2 48 34
66 CGA 3 10 56 41 28 115 67 37 12 32 32 38 2 53 74 26 135 6 93 24 21 41 26 23 497778 80 73 12 38 11 41 22 52 11 33 10 45 123 1 17 7 20 83 21 31 31 5 35 17 8 9 26 59 12 71 46 51 29 23 22 4 9 6 33
67 CTT 60 49 24 39 27 33 27 24 11 6 26 15 119 93 45 75 14 3 8 56 34 68 10 48 45 22 5 15 35 5 34 497924 13 47 36 7 31 5 1 91 6 52 11 46 25 98 0 18 12 28 9 20 19 27 32 52 27 5 65 13 29 111 10 55
68 TCG 19 15 54 44 6 9 11 4 27 30 127 71 16 48 32 8 25 16 57 0 12 30 19 21 34 1 26 2 63 78 78 23 1 11 2 25 58 21 26 27 9 7 9 35 15 33 5 45 17 18 71 18 16 8 498271 36 2 3 111 27 24 15 25 3
69 TGG 4 101 60 19 7 7 6 39 68 52 24 8 5 6 9 50 3 42 0 2 45 17 27 50 16 55 16 0 15 9 125 63 128 1 21 32 16 23 7 9 22 46 94 65 1 13 64 17 90 9 5 7 0 11 35 22 22 3 498162 30 45 7 25 18
70 CTG 10 15 46 36 35 39 20 12 21 26 42 2 75 29 93 13 16 2 32 36 54 2 26 8 12 16 93 24 19 36 498052 81 2 51 38 16 76 16 22 37 68 77 40 43 22 65 32 6 42 7 14 2 13 43 38 10 101 36 4 8 3 18 8 19
71 GCC 15 19 131 142 5 17 34 99 6 19 39 53 15 73 22 65 2 57 39 32 4 22 82 2 3 12 36 47 31 6 18 5 16 18 38 19 46 497865 39 29 46 39 12 22 8 37 1 35 135 47 11 33 50 33 7 17 10 18 7 46 38 15 106 5
72 ACA 15 55 28 17 497731 97 42 12 26 51 76 10 83 1 108 7 80 26 29 89 85 54 19 30 141 9 0 27 17 1 46 13 1 9 14 32 53 4 80 4 26 12 4 20 61 51 174 8 7 13 33 36 12 32 32 35 13 7 14 24 50 43 34 37
73 ACA 60 15 62 29 498031 27 86 10 1 53 47 25 123 39 22 5 17 21 30 7 26 15 30 39 56 23 42 0 24 19 28 18 130 5 9 36 15 7 17 16 93 50 22 7 20 29 3 61 33 33 2 31 25 24 44 16 91 23 13 8 21 15 42 29
74 GGG 57 9 8 30 24 53 19 21 83 70 98 33 27 10 50 22 16 57 53 19 6 3 10 26 38 81 13 48 51 6 7 13 39 19 10 19 11 59 34 10 209 31 498027 8 6 14 4 39 4 36 18 30 54 27 15 16 9 19 1 3 1 123 8 36
75 GTT 8 83 50 8 21 29 17 17 30 12 15 16 0 92 19 43 14 88 39 36 91 25 30 42 48 13 23 10 16 4 9 95 120 20 16 29 17 21 0 18 51 14 50 34 1 13 1 498103 10 43 46 4 34 11 21 63 6 22 58 9 15 12 54 41
76 CCG 31 18 88 11 94 146 48 46 1 119 17 35 9 83 5 85 3 22 33 3 4 15 497504 8 24 0 29 44 33 14 94 30 29 53 42 15 172 43 64 29 33 26 31 65 1 34 23 0 7 93 10 20 42 2 119 74 14 44 55 20 88 18 14 24
77 TGC 45 5 47 12 55 7 7 10 48 1 83 20 15 16 5 73 5 12 42 61 4 4 33 60 31 30 10 29 12 38 11 39 5 6 14 4 15 40 44 8 6 7 56 4 22 47 106 56 21 46 0 9 1 78 87 99 14 498178 38 30 18 56 7 8
78 GCA 2 20 13 26 45 41 11 66 44 8 33 47 40 2 20 4 129 25 34 17 35 22 91 12 59 34 26 2 43 2 2 18 23 9 157 13 498022 41 20 19 103 57 33 9 4 17 46 2 28 17 0 62 12 42 59 38 23 48 13 15 6 0 51 38
79 GCG 41 42 37 38 3 41 56 3 1 17 19 11 0 46 38 74 14 15 36 18 1 74 2 26 18 3 2 27 26 3 6 5 8 21 81 29 70 24 498242 52 53 16 105 46 14 28 47 4 70 15 19 35 14 17 29 9 37 47 9 16 1 7 24 68
80 GTT 68 31 21 13 17 22 31 0 18 14 3 58 38 5 10 23 7 30 53 72 3 43 25 7 25 8 43 9 8 4 4 15 4 4 57 60 35 23 4 52 5 22 32 175 51 36 67 498302 5 27 58 34 22 33 5 6 23 12 12 10 17 22 22 35
81 TTA 3 9 129 40 11 13 31 19 6 50 24 12 49 9 45 43 46 63 4 30 24 27 0 58 0 129 32 0 132 27 48 7 100 11 30 42 5 6 21 4 25 23 34 7 45 31 31 37 47 37 30 13 51 34 35 25 17 16 88 12 497852 80 5 86
82 GAT 6 16 38 25 11 117 13 12 29 46 59 2 16 40 6 41 35 26 2 61 34 55 23 1 11 15 40 63 50 17 52 81 18 44 64 498091 4 36 7 4 136 31 25 27 27 100 27 21 2 0 37 16 5 36 32 5 38 11 52 11 22 17 4 7
83 GTT 61 14 92 18 42 2 76 2 4 4 49 47 35 29 37 61 9 39 43 46 47 27 31 79 43 9 27 41 1 4 48 8 33 149 10 33 0 8 28 16 0 17 60 195 83 14 22 497415 57 79 16 136 19 36 96 4 69 36 45 32 53 74 53 37
84 GTA 5 18 45 15 100 0 42 3 23 118 7 9 22 5 4 16 11 44 0 10 19 123 41 75 4 34 5 45 28 51 69 0 27 31 27 104 24 21 54 93 3 26 33 30 497863 58 29 15 11 12 43 64 2 80 11 5 65 21 125 1 80 1 47 3
85 ACG 74 61 42 12 23 153 497601 8 19 49 10 14 42 131 135 34 23 33 13 11 25 8 7 49 8 15 39 7 20 37 10 15 1 25 91 6 19 8 71 146 17 19 57 33 15 18 19 69 71 25 8 127 3 31 96 6 28 26 24 50 18 52 23 70
86 GAG 27 2 14 36 1 21 3 7 5 15 24 69 12 1 11 23 6 23 8 7 9 6 10 10 27 17 19 25 36 40 84 35 19 69 498534 32 5 87 10 4 23 19 50 1 22 6 75 1 1 38 48 79 13 5 46 6 4 35 4 39 54 4 33 1
87 GCG 11 50 74 1 51 24 91 93 43 20 55 77 14 5 8 23 8 10 7 30 17 103 10 10 14 2 17 31 8 3 6 32 30 33 62 42 17 79 498116 16 3 5 37 4 26 1 20 49 85 6 34 60 5 6 21 10 6 123 42 5 3 67 19 20
88 GGC 3 47 18 73 7 29 9 30 22 38 3 7 25 5 4 66 18 4 12 12 15 14 13 14 25 14 21 19 8 185 16 40 12 17 87 36 19 21 34 69 23 498260 28 3 85 56 6 7 26 8 11 6 21 10 29 54 8 74 31 13 3 43 73 11
89 AGG 36 38 16 23 68 80 48 26 87 64 497830 13 5 34 26 87 28 5 13 69 6 30 37 15 41 45 40 55 19 37 3 5 21 155 3 30 42 27 88 31 12 3 9 9 21 11 20 20 11 60 9 21 68 25 5 6 83 80 40 3 3 4 84 67
90 GAT 30 38 123 38 23 40 11 3 3 32 52 19 33 4 78 96 7 28 51 14 1 34 3 39 69 64 30 65 212 17 19 8 10 13 8 497755 34 7 102 63 1 36 52 141 8 18 12 31 0 21 49 60 25 25 50 18 12 20 22 55 15 26 11 16
91 TGG 19 5 26 32 22 16 39 14 3 19 35 38 36 4 13 25 31 12 11 41 24 22 39 66 68 92 50 81 35 14 124 40 34 0 18 36 10 16 20 3 91 13 28 0 17 25 11 13 81 81 43 18 1 9 60 7 49 56 497960 63 49 25 31 36
92 CTA 28 52 29 15 5 21 23 34 31 53 0 27 32 7 10 6 12 128 21 39 21 63 46 5 21 14 31 55 497710 70 183 33 9 42 18 30 49 2 27 10 25 0 30 37 36 7 18 34 11 91 3 111 9 37 8 94 13 25 103 89 63 19 125 0
93 TTA 38 21 2 47 14 0 25 34 13 7 12 1 50 8 17 4 36 19 131 26 58 27 8 22 18 2 2 36 96 57 24 9 75 4 4 15 14 4 16 52 20 47 5 97 28 16 32 49 11 17 24 39 1 7 24 13 4 1 27 23 498329 67 27 44
94 TTA 3 42 25 8 27 2 64 22 24 3 15 4 23 5 12 14 55 42 15 3 1 7 23 30 32 28 18 1 21 36 33 10 14 130 22 29 15 33 41 73 21 39 11 4 58 20 65 1 4 48 42 23 71 1 138 9 8 18 23 40 498256 15 46 34
95 GGT 20 0 0 22 44 5 11 33 35 1 3 23 0 8 117 23 18 77 60 9 15 17 43 4 18 30 20 31 22 2 12 3 0 106 16 52 107 32 101 49 12 12 17 498104 53 8 40 40 15 61 2 38 12 4 2 6 32 86 115 26 14 41 40 31
96 GAG 53 15 56 21 2 20 18 4 11 12 60 1 37 6 10 27 8 14 105 15 40 3 60 9 25 52 11 25 10 15 3 12 76 8 497879 22 2 43 53 15 21 34 77 21 31 61 2 67 5 76 49 10 79 44 8 3 53 9 19 137 14 135 55 132
97 GTT 14 42 8 20 3 26 22 45 29 15 16 9 8 13 45 22 1 61 4 15 77 40 21 13 0 69 67 6 38 16 2 8 17 1 2 135 63 72 4 61 39 8 97 19 37 41 21 498153 8 20 1 34 32 16 5 23 24 43 14 32 16 78 90 19
98 CCG 13 23 23 32 12 7 51 57 13 37 46 7 24 37 31 53 6 15 20 7 27 14 497931 68 25 59 38 0 37 58 12 11 10 13 22 0 57 85 24 110 14 14 86 70 14 10 48 12 27 1 1 16 45 51 136 62 65 22 92 7 6 24 51 11
99 GGG 4 2 9 11 5 27 8 43 40 34 17 2 19 40 1 34 77 21 7 19 26 23 7 10 5 28 12 8 100 13 3 23 22 67 37 31 16 30 27 24 9 74 498456 8 61 24 7 3 34 11 16 9 1 19 61 23 7 21 100 31 5 29 40 19
100 CAA 18 11 59 15 0 37 56 23 4 5 9 67 62 16 11 18 497948 51 93 44 28 132 13 43 21 42 53 16 14 11 49 35 31 63 37 24 26 44 24 12 30 7 78 73 64 65 15 9 12 6 16 39 37 7 50 20 30 12 45 4 2 28 70 16
101 GAC 47 18 46 36 79 4 39 51 96 10 46 49 0 14 45 96 30 3 49 10 12 20 29 119 93 25 13 2 11 33 31 14 77 497859 49 50 3 11 25 10 8 14 26 48 0 41 47 4 84 37 8 9 61 39 38 10 55 22 26 25 10 68 55 11
102 TTG 2 31 10 36 17 7 34 22 50 29 28 9 0 22 4 19 26 10 18 0 16 8 7 40 50 20 46 14 41 8 9 37 15 17 15 110 5 2 0 20 23 1 54 11 27 13 12 7 19 0 10 19 5 11 119 34 92 15 4 30 137 67 498407 29
103 CTT 24 52 7 9 30 9 14 22 15 24 9 14 12 32 15 81 10 14 19 44 59 20 22 86 6 18 8 15 33 25 4 498697 10 3 14 12 30 9 2 27 10 15 12 21 2 3 20 23 86 0 3 71 4 33 7 9 9 4 10 32 35 10 4 21
104 AGT 18 104 27 76 4 25 38 60 47 33 42 497968 68 21 24 26 21 22 74 2 42 38 6 39 35 14 30 10 4 18 33 7 14 25 15 8 72 58 55 53 17 42 75 67 49 14 9 71 0 27 22 12 45 8 13 34 6 2 45 53 22 11 23 57
105 TCC 9 4 56 42 6 91 14 19 42 21 19 45 93 83 12 36 8 15 19 45 17 19 12 18 4 41 3 72 52 43 38 51 25 10 9 25 101 50 27 0 3 42 4 3 98 17 47 12 25 82 20 1 15 497974 14 16 31 28 105 15 12 66 47 27
106 CAC 13 84 70 28 159 16 40 91 12 65 38 14 14 72 32 73 53 497753 84 6 49 38 5 4 11 8 25 52 35 72 86 6 4 15 11 74 29 79 17 32 23 12 12 75 12 20 28 3 6 51 6 9 37 4 29 34 27 76 31 63 16 6 50 1
107 CTG 23 12 5 9 22 33 19 70 4 16 88 115 15 39 12 15 20 10 62 4 5 6 88 1 54 9 12 48 79 70 497895 18 13 40 3 39 2 27 19 10 12 47 54 29 55 4 102 10 22 139 37 24 3 1 31 23 102 28 78 20 18 25 86 19
108 GCC 83 34 17 31 11 29 9 31 14 48 14 14 28 36 11 37 4 20 130 29 122 31 3 59 41 16 50 21 42 43 22 68 12 27 12 65 39 497855 31 35 35 9 36 27 0 9 57 26 5 56 5 140 9 27 24 48 36 8 27 48 54 65 5 20
109 CCG 34 2 19 11 33 13 7 30 6 47 13 12 49 81 21 30 31 22 46 16 57 17 498240 69 9 62 14 17 6 19 4 32 1 33 13 77 22 17 8 27 10 4 9 109 25 57 21 14 34 30 38 10 4 16 33 67 22 5 38 94 64 13 9 7
110 GCG 0 9 25 49 13 73 108 121 18 27 10 99 34 1 45 5 16 10 32 71 4 7 22 126 116 7 23 61 22 28 40 17 128 27 63 46 49 44 497660 57 5 25 28 0 1 65 32 9 50 90 4 7 14 42 38 18 30 7 36 69 10 3 49 55
111 GAG 24 12 57 20 7 23 40 29 4 35 18 61 19 36 36 35 40 13 18 21 47 12 43 156 8 66 0 42 56 91 13 11 43 43 498213 36 0 2 7 4 19 8 17 3 84 18 11 39 24 4 35 6 19 14 31 6 36 2 44 1 16 67 11 44
112 AAA 497966 35 7 73 98 57 27 12 20 21 62 34 70 30 19 56 17 72 29 16 12 36 10 47 2 3 9 77 24 38 18 4 63 30 2 7 5 10 13 12 56 11 36 0 8 12 6 35 33 103 16 19 48 52 32 93 8 86 8 55 10 58 39 33
113 GTA 45 31 118 64 25 19 46 24 13 22 15 4 33 146 58 1 86 25 43 12 57 10 8 33 53 1 44 31 40 66 3 5 8 54 37 6 52 16 64 77 9 3 9 18 497974 57 5 45 7 29 32 60 22 34 8 6 66 1 42 3 10 1 32 32
114 AGT 9 22 28 9 31 8 49 44 6 41 4 498170 17 71 0 16 16 22 17 15 19 28 22 110 34 22 179 24 19 11 51 42 20 8 5 5 10 50 5 37 26 26 80 78 18 16 2 17 1 42 39 90 23 38 75 16 9 20 19 21 0 3 22 23
115 ATA 48 14 55 84 32 50 8 20 108 7 62 57 497998 65 14 8 26 21 14 8 24 27 58 40 3 5 30 28 86 35 23 3 47 46 9 24 28 19 39 53 27 26 19 2 33 4 30 27 0 29 33 27 95 23 30 55 5 24 35 47 18 27 25 33
116 ATG 86 10 5 61 53 16 9 7 21 19 18 66 36 82 497821 51 24 1 24 21 47 66 110 23 42 48 45 53 54 13 30 54 46 59 10 23 21 4 24 8 54 4 30 20 57 40 52 62 14 22 107 1 4 104 2 6 15 5 3 14 134 3 11 25
117 GCT 23 27 3 5 2 27 3 66 63 73 11 46 131 16 1 15 75 66 33 34 13 55 78 34 38 2 37 39 6 23 40 5 24 25 67 55 28 39 47 497906 1 155 0 35 94 10 117 18 43 11 11 19 13 15 48 12 13 8 25 16 16 3 23 13
118 GAT 107 3 3 135 17 58 41 52 12 22 27 67 46 50 89 24 86 2 5 21 13 58 60 2 24 26 91 103 2 22 1 52 47 8 17 498014 60 3 12 7 18 9 27 27 6 0 10 13 6 0 2 25 2 46 3 1 7 68 8 6 58 36 24 109
119 GCT 42 75 108 52 32 8 9 25 34 45 52 42 32 15 6 10 8 36 33 4 58 66 8 30 19 5 15 5 196 10 15 27 13 6 84 7 15 7 7 498056 8 13 20 9 24 5 17 59 19 44 34 29 41 43 9 57 0 12 66 2 32 17 121 2
120 ATG 2 9 48 81 35 114 9 9 36 2 92 24 14 77 497936 16 19 12 32 3 22 23 70 33 20 0 73 29 35 24 51 32 5 37 46 40 16 27 51 19 38 76 63 89 14 10 36 9 39 112 27 7 3 10 13 15 27 14 28 7 43 5 24 68
121 AGG 35 5 43 18 74 31 44 69 20 25 497836 34 4 100 61 64 18 12 6 8 78 3 20 9 40 9 29 42 101 5 21 26 26 116 17 4 13 44 60 34 128 8 38 73 5 8 0 93 52 20 93 41 16 11 5 9 33 17 49 2 16 30 15 34
122 CGT 24 16 3 47 74 40 71 13 51 25 79 118 55 2 49 21 6 21 3 21 53 14 9 0 23 26 9 498078 4 22 11 60 14 5 65 65 22 8 44 13 52 34 75 20 41 28 8 5 0 44 9 46 5 34 43 64 48 53 18 17 37 10 21 4
123 TTA 5 13 12 16 43 16 54 21 24 101 6 2 53 48 88 10 56 4 8 39 59 24 13 12 6 2 6 37 10 17 6 38 12 4 22 9 2 35 104 87 40 2 2 35 22 7 4 48 12 117 5 73 19 12 7 51 39 41 8 72 498155 65 34 6
124 CAC 19 17 14 46 65 73 7 80 59 26 67 9 18 56 8 5 34 497711 90 41 19 54 110 7 33 47 20 89 73 83 8 25 32 41 53 3 27 25 35 14 30 24 60 11 2 11 63 58 55 26 14 23 33 34 40 62 22 18 21 8 35 45 2 60
125 ACA 44 20 35 26 498250 68 60 6 9 33 16 19 16 27 3 15 13 18 17 83 52 9 55 18 3 29 31 6 19 15 38 31 14 8 11 24 51 50 24 64 49 44 10 5 39 21 13 13 1 45 4 21 12 41 49 0 23 83 30 45 55 4 45 18
126 CTA 2 4 44 16 2 1 79 45 5 2 27 11 7 43 11 5 116 41 25 61 22 44 4 56 23 11 24 13 498264 36 125 12 8 1 13 50 136 23 22 36 28 14 4 6 11 20 23 31 19 9 87 18 13 19 33 5 16 13 5 18 5 82 24 27
127 GAT 81 32 12 4 2 12 14 38 8 29 26 7 69 9 71 13 32 8 57 57 80 6 20 0 0 59 5 11 12 50 17 51 69 22 85 498241 0 14 2 40 51 7 11 14 10 86 67 6 109 74 2 9 4 11 17 26 41 4 28 19 8 13 11 7
128 CCA 44 17 19 50 4 30 5 7 50 53 32 152 23 18 41 168 64 14 17 110 497929 42 122 12 2 43 38 12 41 29 11 56 26 21 4 40 30 9 7 6 28 33 8 9 15 19 16 23 25 7 11 36 14 0 22 58 88 19 19 10 62 27 35 18
129 GCA 5 2 61 12 40 13 10 25 6 4 23 27 15 89 34 8 17 29 77 11 90 7 56 25 1 34 31 25 0 13 9 28 59 12 38 27 498313 26 6 10 39 44 15 15 54 21 1 20 19 9 9 36 92 34 66 14 17 31 5 9 21 12 77 22
130 ACG 19 15 13 6 58 62 498130 57 39 23 16 15 23 57 12 10 47 38 3 36 88 43 45 112 8 10 5 18 35 16 44 36 2 19 5 24 23 91 15 27 20 33 42 84 21 3 16 26 18 9 14 66 9 17 6 13 21 2 6 31 37 40 111 10
131 TGC 22 41 24 33 29 13 26 42 0 42 17 46 34 7 56 8 22 4 38 51 41 26 19 32 32 11 2 62 51 62 1 29 25 42 41 124 28 4 1 16 30 26 12 11 89 15 6 18 16 27 14 10 37 5 0 77 40 498157 78 22 19 59 18 10
132 CCA 82 22 9 5 49 59 4 1 10 6 4 54 3 22 5 37 101 77 21 9 498067 58 38 15 4 1 23 10 21 15 3 34 22 89 7 11 5 5 19 41 31 14 20 139 11 1 84 11 65 3 28 47 23 37 2 1 22 12 14 21 37 38 219 52
133 TTC 7 8 35 27 18 44 33 57 18 23 3 13 67 45 7 0 88 58 13 2 81 18 28 27 2 18 7 21 12 28 67 24 24 28 118 9 12 5 5 10 11 25 118 40 11 43 1 73 4 15 15 38 22 64 118 24 1 73 5 83 14 498063 23 6
134 GAT 61 27 30 89 10 61 19 62 3 36 6 14 10 25 9 17 50 47 12 27 67 64 80 19 4 34 12 8 18 15 7 30 27 41 75 498127 0 31 43 2 28 41 1 26 54 68 8 23 17 21 24 9 56 56 19 13 68 12 44 20 22 6 35 10
135 CAC 45 43 12 16 2 25 4 62 58 106 28 10 3 2 7 39 43 497921 65 4 69 6 95 53 26 71 11 9 31 28 32 25 193 5 7 8 20 64 6 13 10 5 14 2 118 72 47 7 46 41 8 27 59 3 3 8 6 2 14 36 49 85 54 17
136 CAA 3 2 3 2 56 28 23 32 6 18 45 11 50 29 21 6 498298 14 95 15 14 14 14 15 71 32 48 4 40 58 147 25 45 21 19 9 21 17 14 42 95 50 16 5 23 2 10 3 12 11 26 1 40 2 17 29 9 78 65 8 10 12 14 35
137 GCG 40 9 10 15 9 40 37 40 14 5 43 21 1 39 47 12 30 4 9 11 8 12 38 70 12 5 32 8 73 56 5 62 36 8 37 58 31 17 498248 23 5 16 37 0 18 9 68 68 38 16 38 30 57 32 2 15 65 29 30 21 45 42 11 33
138 AAA 498111 22 20 39 19 15 1 17 40 3 6 49 0 24 111 19 29 13 42 22 10 14 42 11 19 90 22 11 103 23 1 22 58 3 24 25 27 45 13 9 20 4 23 57 94 25 18 2 27 46 17 4 35 31 83 18 13 11 14 3 4 122 8 147
139 CAC 18 32 24 9 0 86 23 13 24 47 2 10 6 35 1 46 8 498212 147 33 52 97 40 23 7 17 6 19 3 1 8 2 0 62 22 27 17 16 20 2 63 57 59 0 12 23 40 5 47 4 117 6 16 6 43 138 38 24 11 7 17 40 7 3
140 CGA 11 10 11 24 24 15 17 31 12 3 45 8 27 1 56 6 10 27 44 38 15 4 21 16 498231 146 7 33 58 21 10 5 7 48 71 37 2 1 32 10 76 13 53 98 8 5 9 44 65 68 34 3 66 39 40 4 45 0 13 25 4 15 52 26
141 ATA 23 10 36 33 23 33 6 24 45 18 59 25 498364 12 54 11 5 21 12 18 19 15 18 70 65 20 39 5 36 31 51 20 2 2 12 4 48 0 2 13 20 54 0 110 19 48 15 13 38 31 22 23 8 3 4 10 20 43 27 41 38 38 4 67
142 GAA 21 33 19 5 62 54 67 45 36 44 81 1 59 22 17 55 25 43 10 35 13 10 7 4 62 14 21 18 39 20 12 18 497797 12 32 15 5 15 29 36 166 11 51 50 75 13 45 79 21 50 30 124 44 15 8 21 26 27 44 48 6 76 7 50
143 CGA 32 2 3 55 16 11 53 14 36 23 32 22 20 6 37 59 27 21 16 40 70 7 108 44 498315 26 42 8 1 12 5 11 52 33 87 20 36 18 6 38 21 14 12 54 7 34 2 7 24 59 43 10 9 37 48 3 5 24 30 27 23 3 17 23
144 GCA 10 3 26 136 42 26 7 15 31 63 26 129 0 21 17 29 37 0 7 13 80 36 72 7 12 12 9 68 30 4 40 14 70 39 27 55 497844 22 23 10 43 24 14 21 53 50 18 17 109 16 40 18 20 48 5 46 44 24 11 43 54 57 23 90
145 AGA 1 13 25 40 45 1 10 77 498466 2 16 5 3 11 3 20 5 48 28 27 50 7 55 31 24 63 5 19 6 36 1 13 4 18 42 27 15 8 3 25 46 63 65 1 13 11 41 29 28 21 62 15 24 56 10 2 44 34 30 11 42 29 16 9
146 ACT 28 0 1 30 22 23 14 498418 9 54 27 22 10 16 3 45 4 4 2 27 5 6 27 34 1 100 0 8 31 5 96 52 12 14 54 24 20 13 43 26 55 14 2 27 11 2 1 11 6 62 1 48 36 21 85 15 21 16 21 5 112 11 50 37
147 CGC 19 22 7 18 5 18 9 37 108 21 10 1 46 7 56 13 34 11 8 8 50 34 17 69 42 498294 6 27 25 18 28 8 47 50 19 37 0 4 6 37 20 63 22 7 7 44 8 69 15 11 6 48 7 35 114 19 35 18 55 12 82 19 4 4
148 ATG 30 18 15 16 33 13 43 6 21 28 89 78 46 84 498308 15 14 45 11 8 4 2 25 52 62 3 3 84 8 41 14 37 36 25 7 32 13 3 92 38 29 9 34 12 11 44 8 66 11 16 39 13 64 19 5 30 4 6 3 4 26 19 8 18
149 GAG 160 7 42 16 29 21 33 1 61 2 10 19 5 44 11 77 16 37 31 9 113 19 15 29 8 10 27 11 15 52 21 30 58 43 498094 3 34 19 35 57 66 4 67 18 9 50 56 1 14 7 32 48 9 65 22 9 43 7 23 39 2 29 50 6
150 GCT 13 13 3 0 39 84 80 35 7 34 183 5 27 14 60 8 49 43 20 5 24 36 20 40 17 3 9 63 38 54 3 41 6 8 9 47 50 5 18 498240 75 5 20 28 6 3 76 51 14 3 8 8 24 64 13 40 14 7 6 20 34 5 4 19
151 GGA 21 18 20 16 34 64 5 69 35 18 27 63 22 8 36 92 4 9 14 80 43 7 9 13 81 13 72 3 38 2 3 20 47 39 42 55 3 6 8 56 498087 31 87 20 27 4 27 12 63 12 51 35 14 4 13 10 36 32 31 48 101 19 16 5
152 CTA 0 5 4 26 38 17 36 65 20 12 15 0 6 46 31 15 186 37 42 10 42 5 14 27 88 7 68 12 497987 148 5 14 10 4 18 21 31 44 10 1 24 11 96 6 68 2 6 33 10 9 74 66 3 40 25 6 10 11 2 45 53 18 140 75
153 GTA 21 24 22 11 5 53 37 29 19 9 2 1 50 12 33 17 30 23 30 49 3 96 4 10 96 9 10 28 47 45 10 3 12 0 1 27 1 13 34 21 77 38 3 4 498056 47 22 106 6 126 13 68 20 78 1 55 135 7 47 30 20 35 55 4
154 GAT 67 33 4 53 46 59 0 11 84 9 51 28 28 2 22 63 26 53 25 33 29 38 13 62 46 45 15 27 6 36 25 24 26 8 5 498179 24 4 12 20 56 27 6 20 10 9 19 21 9 138 0 26 30 82 2 2 3 18 15 14 2 1 59 90
155 CAA 68 9 3 35 79 23 38 19 50 59 0 37 75 17 34 38 497842 21 66 5 44 0 31 34 17 97 51 4 76 44 52 68 44 26 20 39 58 51 9 104 51 14 29 6 17 8 14 12 21 105 6 28 22 85 19 13 28 13 18 18 5 19 18 44
156 GAT 48 20 16 9 13 0 9 62 13 26 9 10 6 7 18 63 1 14 11 97 2 60 27 10 77 5 29 22 2 35 63 39 14 1 7 498534 2 18 34 10 26 9 34 9 18 4 30 40 43 16 29 10 0 53 8 4 29 41 93 11 6 25 16 3
157 GAT 5 45 27 88 57 8 0 9 16 14 25 4 8 7 21 23 30 10 19 93 6 20 16 5 32 38 37 89 33 60 26 42 10 79 59 498194 4 45 7 10 0 31 60 56 1 0 4 15 9 36 18 44 42 1 22 46 47 68 15 59 16 44 23 22
158 CTT 44 50 19 0 11 19 13 10 1 19 62 51 9 16 72 20 33 3 11 38 3 46 55 22 10 6 21 98 33 6 22 498275 1 3 5 20 5 10 36 10 56 16 114 14 14 13 36 43 80 45 0 19 4 43 45 31 25 13 19 7 59 14 92 10
159 GAC 37 10 54 20 8 1 26 18 27 22 9 11 91 15 11 52 3 83 70 27 28 59 66 50 19 43 2 12 15 78 31 19 179 498222 19 41 5 42 21 29 7 35 0 24 11 11 12 2 0 21 0 20 11 1 10 22 34 54 4 11 16 47 71 1
160 GAG 18 101 134 69 14 35 87 18 16 19 44 45 22 2 36 45 39 104 3 59 74 64 24 6 68 72 16 4 21 2 10 22 21 35 497752 3 66 109 6 18 20 1 137 21 24 49 31 72 27 22 19 6 2 10 45 6 24 12 30 43 40 39 6 11
161 GAG 5 21 20 9 42 7 4 39 18 41 23 11 0 31 0 79 29 8 46 20 13 62 44 53 8 7 14 32 31 53 7 30 21 7 498421 50 20 1 51 62 2 11 12 35 40 14 6 40 71 51 22 31 47 5 12 11 5 25 3 9 34 18 46 10
162 CAT 38 18 49 89 62 85 33 41 38 13 33 2 12 27 13 27 15 6 67 498181 81 19 0 6 0 7 11 32 20 12 21 100 55 11 29 58 2 4 26 31 1 17 6 9 13 3 48 8 13 51 11 55 26 69 0 12 56 28 14 7 88 15 19 57
163 CAA 123 68 14 18 19 17 2 95 11 2 13 7 6 3 71 11 497565 53 42 61 50 104 25 28 11 34 156 78 24 65 20 13 151 55 46 95 0 48 51 7 92 1 3 20 46 51 17 50 24 2 28 14 53 60 4 20 23 11 6 29 138 14 11 21
164 GGG 125 6 5 1 3 2 23 49 19 2 23 49 33 2 113 57 5 34 1 23 31 0 19 19 21 17 76 14 14 19 41 10 6 19 54 15 8 6 0 28 40 36 498432 40 37 27 18 29 34 21 13 11 29 21 23 38 50 8 14 37 19 2 23 6
165 CTG 54 9 71 26 72 27 50 43 58 6 69 31 11 2 37 73 15 61 10 8 8 11 6 60 8 5 0 14 22 51 498139 48 20 20 26 16 66 4 24 40 115 6 25 0 9 16 27 39 8 16 23 57 59 73 9 43 60 8 2 28 8 3 36 9
166 GCG 12 28 30 38 62 3 64 0 87 18 79 17 18 4 18 12 31 0 7 11 59 42 16 17 24 11 10 12 44 33 25 51 75 1 37 20 77 72 497994 13 11 62 66 34 27 23 24 5 20 31 45 29 16 23 6 122 10 21 79 13 94 10 40 17
167 CCC 10 37 2 23 22 91 44 18 192 5 4 22 3 62 10 17 11 8 51 6 21 498312 20 26 30 74 28 17 16 20 37 13 6 4 10 7 31 49 3 9 94 12 5 9 17 27 26 6 14 8 0 94 6 41 16 8 48 14 91 39 5 2 38 9
168 GCG 8 21 41 8 13 8 51 207 44 12 73 49 29 66 38 27 25 13 99 19 4 43 55 24 22 20 20 36 6 8 126 2 61 8 1 2 93 30 497843 90 41 48 0 8 23 11 63 35 66 32 40 4 13 82 41 17 30 8 0 18 35 12 27 1
169 GAA 30 4 16 9 34 96 32 78 48 1 10 13 20 5 30 7 7 41 50 10 49 44 41 77 6 8 8 76 23 37 73 49 498190 29 13 55 28 15 19 17 69 39 11 23 11 47 25 40 39 2 19 34 18 18 30 14 7 6 13 14 14 50 0 59
170 CTC 20 7 17 57 1 64 45 37 14 18 7 48 18 0 56 2 1 4 20 67 8 2 8 11 40 23 42 86 4 498347 4 47 14 6 36 6 66 87 13 49 47 27 11 18 84 69 44 16 26 51 5 0 34 14 7 21 9 8 15 10 13 49 8 12
171 TTT 44 28 7 18 155 28 14 14 91 42 15 11 39 49 0 69 76 46 11 7 30 4 7 22 1 12 22 7 40 12 69 54 37 43 8 25 75 72 52 20 28 2 31 41 27 26 36 55 14 23 18 102 12 19 17 109 10 12 17 24 42 23 8 497928
172 GCT 12 33 29 59 13 38 44 29 70 30 25 5 3 55 16 30 24 34 39 24 104 38 21 54 45 8 27 16 17 22 7 59 7 49 7 47 113 32 0 497988 35 4 5 41 8 17 24 30 20 65 10 5 47 31 47 10 23 9 38 16 38 54 95 55
173 AGG 51 9 18 70 17 10 60 31 137 24 497936 2 34 48 36 60 33 32 4 4 16 15 57 25 20 33 75 14 69 6 19 35 54 25 7 6 54 60 24 29 30 7 25 3 59 11 22 64 9 27 8 5 11 21 11 74 16 18 53 95 43 8 101 20
174 TTG 9 52 94 22 37 7 9 10 62 25 18 5 15 43 29 39 57 5 7 23 18 20 3 22 2 6 5 2 6 9 107 111 14 0 16 2 1 12 15 1 6 20 8 35 32 13 58 33 46 21 48 61 151 27 83 4 15 34 4 31 60 61 498137 72
175 AAA 498204 12 4 38 49 40 39 5 21 8 13 8 58 0 10 63 39 144 1 10 7 15 53 68 30 0 34 30 12 0 2 18 6 27 29 52 14 19 7 11 21 23 17 2 94 23 8 88 2 21 5 15 3 66 9 33 15 64 69 5 35 37 103 42
176 GCT 44 0 50 9 1 13 15 30 44 31 24 122 78 1 11 120 1 44 3 80 43 25 17 31 8 25 61 0 67 8 7 18 18 5 51 58 43 19 121 497860 11 8 0 42 9 3 55 40 27 24 99 22 3 61 22 107 1 2 62 14 1 42 137 2
177 CGG 8 58 16 25 22 55 34 30 15 8 57 11 28 11 4 3 54 5 26 68 49 74 24 18 23 84 498100 38 23 13 68 23 4 36 44 28 16 34 103 21 28 8 70 6 51 15 15 3 5 2 52 10 13 2 58 12 97 26 22 15 10 56 58 5
178 ATG 43 7 115 61 3 69 27 23 34 50 90 0 17 75 497927 104 11 79 53 20 45 72 13 48 78 12 6 29 13 14 23 42 22 30 1 8 36 1 47 1 41 67 25 8 29 28 49 3 17 50 7 69 16 25 8 7 13 7 19 9 91 34 17 12
179 CCC 13 121 23 17 8 100 27 20 21 69 10 74 3 19 49 4 79 108 5 63 0 497824 18 24 4 40 17 99 12 35 23 10 8 17 35 60 23 96 24 46 17 12 80 57 34 19 37 47 34 34 9 68 30 55 4 27 19 34 5 59 33 20 8 10
180 GAC 83 10 31 9 29 12 111 30 12 21 2 0 38 10 3 2 39 27 12 35 10 24 125 14 39 2 0 86 64 24 25 64 29 498118 8 5 24 37 82 26 9 71 29 28 89 17 17 94 36 2 23 3 10 0 39 36 4 17 4 8 28 21 36 57
181 GGT 17 4 28 54 81 84 40 15 18 32 8 16 5 34 26 34 19 34 48 24 15 20 40 6 0 17 38 38 58 7 15 47 25 33 37 3 72 17 14 19 25 16 17 498364 25 53 2 11 37 74 8 7 40 2 14 38 6 5 40 0 9 4 49 12
182 GAA 8 26 30 1 13 44 7 45 70 23 9 55 14 28 68 30 78 28 44 28 14 17 11 11 5 88 28 6 44 16 13 37 498234 8 19 70 41 32 8 35 80 8 37 10 50 28 34 6 19 13 15 4 28 31 65 10 5 30 27 18 12 14 23 47
183 GAT 37 23 57 36 12 22 42 74 50 18 5 0 14 14 6 1 33 8 7 30 27 98 86 2 68 38 16 9 3 5 29 16 32 33 7 498211 18 48 8 53 48 3 53 8 8 27 37 39 49 20 21 61 46 2 24 22 38 43 17 31 13 20 73 1
184 TTG 84 18 21 28 47 67 7 77 7 13 42 10 1 21 20 20 1 18 45 9 78 4 17 67 61 82 19 9 9 13 13 23 13 53 25 6 13 4 30 100 62 9 13 24 9 7 54 9 1 9 21 1 11 4 22 34 39 35 34 4 43 19 498242 99
185 GTG 129 58 49 44 22 25 41 50 1 3 71 11 18 41 50 18 17 29 66 36 19 27 17 96 78 8 23 2 25 11 3 111 8 68 5 2 11 4 34 9 39 66 24 3 63 115 497573 50 25 39 26 54 32 11 25 9 162 79 23 106 40 14 42 40
186 GTA 26 9 30 50 59 7 3 3 72 9 27 93 25 2 7 41 1 41 9 4 81 38 176 20 77 148 38 13 78 37 4 3 14 32 9 19 99 33 86 38 7 2 58 50 497712 38 33 81 24 8 15 9 10 57 53 66 20 17 22 8 32 32 59 26
187 ACT 28 38 48 69 87 88 27 497374 24 18 64 92 18 4 52 38 67 37 34 21 4 50 9 120 60 9 17 39 95 99 81 100 33 11 31 49 41 13 7 23 33 31 1 6 23 67 37 65 18 60 17 10 3 52 14 111 75 49 26 38 25 89 13 18
188 CAT 52 21 7 34 26 2 24 37 14 23 33 50 3 21 5 6 38 1 24 498573 45 7 20 7 29 44 27 50 0 58 142 3 4 28 9 2 3 37 2 10 31 6 31 13 15 1 10 8 17 14 27 25 13 51 10 29 13 37 61 7 6 1 10 43
189 GGG 99 31 35 19 33 36 47 27 8 5 39 14 44 0 5 15 21 39 21 4 26 13 5 34 49 9 75 40 54 20 21 20 15 45 94 20 4 22 25 20 66 31 498037 67 40 31 26 10 45 5 8 81 40 70 20 2 8 68 28 35 25 16 22 66
190 GAT 164 17 5 26 10 3 43 3 6 27 4 12 3 69 28 24 43 19 100 18 27 11 43 7 23 15 27 15 23 41 16 88 20 4 39 498062 1 15 76 9 27 46 54 19 25 10 127 42 3 17 10 32 11 33 31 46 9 67 13 86 53 15 8 30
191 GCC 38 10 71 142 7 12 1 130 49 99 65 56 26 2 82 66 9 8 11 14 18 84 1 7 142 44 39 132 47 3 50 16 17 29 24 15 49 497633 3 10 33 5 47 5 10 16 5 37 35 16 91 21 52 28 22 43 16 6 38 24 70 23 15 81
192 TGC 9 51 10 22 5 98 0 18 36 38 42 116 67 26 22 0 17 19 18 5 13 66 22 4 22 4 70 31 23 2 11 4 112 42 22 7 47 34 13 75 77 11 25 44 59 23 18 37 59 36 34 5 51 17 20 32 34 498136 23 0 14 0 2 0
193 CTC 132 35 35 5 30 8 26 95 29 31 3 13 16 7 88 20 68 46 69 21 41 22 34 8 50 124 19 24 45 497850 39 99 12 2 13 58 11 53 10 9 8 22 41 53 106 70 7 5 70 1 7 29 64 5 5 7 31 28 0 19 36 22 8 56
194 CCG 0 27 25 21 13 44 7 26 63 100 8 30 2 10 9 36 3 62 90 40 31 95 497924 44 39 3 32 27 9 179 53 46 69 60 30 7 45 28 22 20 1 4 72 7 39 7 24 14 43 10 46 16 23 21 36 36 43 1 52 82 15 0 9 20
195 AAC 54 497721 25 46 49 15 70 27 74 60 73 2 2 36 15 12 15 35 82 11 24 20 37 49 67 18 11 42 60 62 5 63 27 5 4 23 95 8 4 35 48 27 22 29 11 58 15 32 7 96 16 53 54 111 17 35 71 19 2 18 30 107 23 16
196 ATA 119 1 2 17 20 42 4 53 78 62 6 39 497740 12 23 76 40 35 33 13 129 18 12 12 50 3 11 64 47 30 44 25 88 1 18 38 11 26 127 5 4 19 27 68 65 0 5 12 7 2 108 31 41 71 23 14 39 7 92 30 32 68 9 52
197 ATG 9 18 21 37 22 2 34 11 10 30 17 12 7 4 498263 15 101 9 58 33 7 120 46 28 17 13 14 29 17 73 16 18 55 18 18 4 7 111 1 32 16 14 11 12 4 2 31 6 4 20 147 30 18 14 14 30 89 36 0 22 25 30 14 54
198 GTG 26 11 45 9 31 21 22 28 4 44 19 2 35 11 18 18 54 10 17 0 66 10 61 7 13 2 8 62 11 32 112 3 11 25 42 5 13 25 38 7 31 5 24 23 25 11 498488 3 47 1 7 18 65 3 5 1 30 59 9 33 3 91 35 5
199 GAA 23 17 125 2 30 2 96 28 41 29 29 68 11 1 53 15 36 1 10 31 99 16 35 17 41 31 64 48 15 15 35 46 497593 174 34 155 22 72 40 5 19 94 29 13 12 19 5 64 35 66 75 31 15 6 13 46 11 17 16 27 110 2 49 21
200 AAC 13 498155 2 8 11 38 13 45 34 111 25 13 53 2 44 2 5 24 42 67 27 36 7 1 3 18 15 8 38 11 54 32 45 21 3 32 52 26 65 42 71 42 49 13 30 45 8 8 11 31 50 5 34 94 14 5 45 30 17 61 37 22 29 6
201 GGC 47 3 6 47 14 31 19 46 36 4 9 0 29 33 17 69 56 46 14 31 8 82 8 2 1 18 13 71 58 9 11 83 31 23 2 32 0 149 14 13 102 497974 49 15 11 52 19 12 50 87 35 34 61 48 48 13 33 21 22 18 11 15 28 57
202 CGT 68 66 23 41 29 5 122 10 39 5 2 22 85 49 17 135 43 11 48 69 24 2 28 32 78 30 79 497710 10 87 27 45 27 34 49 62 30 45 52 11 34 23 4 21 4 83 20 169 7 2 2 11 21 66 19 5 39 2 10 17 6 34 7 43
203 TTT 22 11 24 15 65 4 30 24 26 0 27 11 3 34 50 11 21 48 23 55 16 14 34 44 30 3 70 68 6 38 74 0 50 11 74 33 15 31 7 2 10 2 23 18 27 26 4 23 4 58 51 24 32 13 80 60 8 15 26 46 54 97 45 498130
204 AGC 63 18 4 27 27 13 25 6 40 497755 94 9 8 38 93 48 16 129 8 79 31 0 1 50 52 14 0 77 29 67 6 5 21 3 195 76 5 24 60 36 2 64 2 36 69 7 25 9 93 75 50 16 4 72 2 13 56 22 76 10 1 29 8 7
205 GGA 34 5 50 18 1 32 37 16 154 66 7 33 11 43 33 11 26 4 41 12 17 9 30 30 27 21 1 24 3 4 23 18 54 50 16 47 30 4 25 12 498270 38 3 4 71 49 24 35 28 0 76 37 26 12 1 3 54 7 32 40 10 15 5 81
206 TTC 3 8 27 33 15 110 111 0 19 42 28 9 11 12 11 5 28 14 0 64 17 99 8 47 46 52 43 66 14 112 27 53 24 14 11 30 24 41 18 7 4 8 19 36 10 4 17 73 109 27 81 15 213 2 10 1 3 5 34 26 9 497927 23 41
207 ATT 66 18 3 20 82 19 43 69 79 14 15 8 64 0 34 498016 75 7 9 41 15 16 30 34 8 61 6 14 5 21 16 0 36 15 11 52 15 56 69 17 96 75 12 82 31 20 10 24 11 39 7 13 5 12 4 90 19 16 5 68 55 52 60 15
208 GAT 9 59 2 28 20 14 64 17 5 46 0 40 16 21 14 72 32 23 0 27 36 23 3 22 33 72 19 20 20 13 26 2 103 4 43 498252 3 8 13 45 21 30 8 42 21 70 27 24 81 5 34 6 7 52 58 40 22 46 1 74 9 21 19 13
209 TGC 11 104 57 135 26 23 18 26 93 44 149 20 11 15 0 5 11 13 143 30 12 43 25 0 15 44 39 116 10 50 70 53 23 19 15 17 14 16 30 54 47 8 38 92 1 3 38 57 76 46 8 22 22 80 8 77 62 497045 122 110 82 151 173 33
210 GGA 4 34 1 2 157 11 32 68 43 28 8 29 25 42 0 74 18 11 12 11 72 36 3 54 57 7 20 10 19 9 14 17 43 44 3 13 18 8 63 10 498290 26 31 84 6 72 6 24 18 1 44 41 45 34 2 2 46 8 0 14 16 41 9 10
211 CGG 34 35 12 49 57 7 10 5 37 2 20 82 88 6 7 92 22 45 48 16 73 14 69 48 45 15 497949 78 54 46 7 56 75 4 71 44 35 25 11 23 45 9 47 37 14 3 21 2 40 10 22 11 32 15 15 32 18 52 68 12 4 28 18 29
212 TTG 30 9 0 69 25 85 49 43 46 8 27 13 10 41 26 4 31 51 10 10 24 21 0 8 29 71 37 7 37 20 45 57 86 8 15 37 0 4 101 41 13 15 45 27 17 21 20 28 29 32 5 48 37 32 37 33 38 50 35 31 64 25 498070 13
213 GGT 21 32 40 40 6 57 12 31 17 10 9 57 38 40 53 80 20 15 74 6 4 48 107 112 8 51 27 19 6 53 16 47 19 52 3 12 106 49 119 62 83 15 63 497376 44 21 75 21 16 172 91 20 35 10 62 13 30 17 16 100 4 80 3 55
214 GTC 11 156 71 33 37 9 17 52 0 50 9 23 6 11 43 38 1 31 42 10 76 9 39 7 25 11 52 23 14 32 19 6 47 102 55 14 14 8 8 3 29 46 91 81 45 497929 2 56 4 14 12 61 9 62 52 52 36 19 40 34 21 58 18 15
215 GCT 62 2 18 4 9 94 43 101 69 93 22 33 18 41 38 91 79 21 34 11 10 6 29 17 78 40 22 38 52 10 22 8 74 5 1 63 19 5 28 497962 7 58 3 11 8 54 11 21 46 54 18 22 14 14 41 66 25 37 6 2 46 47 7 10
216 GAT 6 5 24 26 40 8 1 51 32 86 15 8 12 0 20 47 92 36 17 40 1 42 4 51 7 0 19 34 13 45 53 17 57 12 29 498036 18 158 26 83 59 11 25 18 77 7 75 59 30 68 21 4 10 29 19 19 4 57 1 26 3 7 56 44
217 CGA 48 29 33 5 28 105 26 5 103 46 37 6 21 123 13 41 24 24 50 40 19 27 5 5 497662 89 29 5 14 11 5 17 10 16 16 32 45 109 37 99 26 9 54 11 61 64 8 59 11 39 68 50 9 20 15 12 186 7 56 3 13 10 82 68
218 TAT 58 16 21 28 10 3 43 46 1 70 9 6 41 56 21 19 12 34 7 22 7 122 12 17 47 15 11 6 32 4 14 131 5 16 22 30 8 12 23 7 10 17 88 35 53 21 25 18 60 5 8 498167 44 40 19 24 13 50 15 84 36 21 67 16
219 CAA 12 34 17 21 17 39 37 21 6 4 40 34 29 39 6 110 497829 60 74 39 49 173 14 12 91 26 13 1 89 28 5 48 27 91 3 7 51 72 23 31 29 63 66 27 8 30 45 80 48 51 16 1 20 21 0 17 20 47 34 19 7 1 20 8
220 GAT 154 34 46 53 74 40 71 29 32 61 38 19 12 41 14 50 12 10 96 36 58 45 15 52 79 21 33 38 25 0 2 28 51 61 9 497602 61 25 3 97 14 79 86 33 7 23 35 37 22 33 9 88 7 4 11 32 7 18 20 79 17 48 49 15
221 ATA 88 9 143 6 67 28 58 15 35 24 66 5 498246 84 1 5 66 31 27 5 10 42 53 28 4 1 1 63 28 23 18 20 58 3 10 30 13 7 11 10 29 13 118 28 23 3 17 12 14 11 13 54 23 10 3 2 34 39 58 5 17 18 14 0
222 GCA 9 11 13 37 12 44 55 23 11 7 5 4 83 4 11 16 4 37 40 24 107 2 46 5 99 16 47 4 98 17 13 9 20 40 4 9 498096 52 5 7 32 20 39 16 17 21 16 44 13 30 64 58 56 11 22 33 8 6 16 33 186 6 79 28
223 TTG 37 3 14 13 11 30 27 54 6 8 38 43 11 3 52 2 13 6 6 26 41 24 27 49 27 8 1 8 29 20 20 3 2 28 55 43 28 30 40 135 81 12 4 6 6 19 27 7 11 12 36 8 15 7 38 8 98 16 4 40 52 4 498440 28
224 GCA 34 56 52 0 33 12 19 43 8 10 16 31 24 10 82 15 24 14 7 19 44 20 4 19 60 22 137 46 63 7 14 7 58 39 15 8 497895 65 72 7 4 32 1 44 29 19 10 6 46 62 21 141 24 11 4 62 20 27 64 20 37 6 193 6
225 ACT 35 63 1 4 17 8 15 498123 14 16 46 7 35 67 24 17 34 1 8 21 19 27 11 72 5 21 17 72 66 18 49 56 15 9 11 30 32 8 36 2 35 34 34 17 35 28 24 67 41 10 115 40 22 10 60 76 37 4 34 86 14 16 1 28
226 CGC 6 4 47 70 21 50 3 64 15 72 41 15 37 13 16 5 21 29 5 37 57 103 56 48 74 498194 91 76 3 22 29 76 15 19 5 5 2 28 8 31 16 49 33 20 2 30 16 9 6 28 12 15 37 37 26 45 12 12 14 8 13 34 4 9
227 GAT 20 34 8 4 51 47 13 32 13 19 32 1 15 48 6 53 33 29 3 17 43 47 6 10 48 21 10 8 0 97 34 36 39 91 15 497894 83 9 98 48 51 13 67 13 66 6 93 48 11 94 12 50 71 54 62 9 6 31 69 39 8 6 1 5
228 ATC 6 31 93 24 32 17 61 62 10 43 111 22 26 497861 25 32 5 63 9 2 30 90 33 43 66 21 36 2 40 3 18 9 55 11 21 41 64 6 12 16 45 33 18 37 87 39 9 29 5 4 26 44 29 25 28 14 116 32 33 124 6 36 28 1
229 GCC 11 34 20 5 24 22 15 23 8 56 136 46 13 12 1 3 88 65 13 6 48 37 40 1 25 9 3 66 8 4 11 10 16 33 52 14 67 498336 49 31 14 23 21 3 11 35 39 20 4 8 9 9 93 11 17 24 18 23 52 9 28 23 12 33
230 GAA 70 28 5 22 5 11 51 12 19 20 10 26 47 12 38 25 35 15 1 103 56 4 42 1 36 100 40 36 21 21 32 51 497959 15 39 28 60 46 9 13 35 60 104 14 37 15 17 87 2 31 69 84 31 5 16 38 22 65 14 34 5 28 7 16
231 GAG 3 24 18 46 63 2 47 10 9 58 23 24 100 23 11 44 46 23 19 42 39 15 9 8 2 36 66 8 6 11 1 11 42 20 498385 43 11 14 40 58 1 12 8 27 11 28 26 23 27 70 8 23 13 71 2 27 17 8 36 20 12 41 29 0
232 CTT 8 20 127 112 24 27 27 22 29 12 30 59 26 1 56 44 41 7 40 74 38 8 10 92 43 65 24 53 30 27 50 497755 6 71 25 12 8 73 12 7 21 22 11 16 11 14 43 45 23 22 46 111 71 45 16 6 40 105 16 20 25 2 0 74
233 GGT 6 16 1 22 84 34 2 29 52 8 16 6 35 7 11 32 17 13 20 11 3 48 112 24 63 31 4 55 14 13 3 6 88 18 13 76 15 17 3 36 35 16 7 498091 18 0 17 41 53 77 1 76 83 47 89 11 80 46 66 0 32 9 26 15
234 GGT 55 19 55 91 33 39 59 0 20 17 25 54 4 11 12 23 31 93 16 9 84 27 6 20 9 61 51 0 103 16 4 19 14 110 18 7 55 1 2 38 45 78 28 497956 0 47 6 54 3 23 21 15 4 8 52 6 103 48 127 21 27 9 5 3
235 GAA 13 16 13 6 16 13 18 3 34 35 3 40 19 52 50 17 34 44 9 39 83 37 4 0 40 56 77 43 8 24 18 53 498126 76 30 24 75 13 22 15 49 50 77 11 17 10 28 97 48 19 28 23 44 13 20 44 34 8 20 49 0 0 4 9
236 TGG 14 6 32 14 7 20 54 57 31 42 15 2 19 14 95 46 27 18 11 9 20 15 13 36 22 10 15 22 43 130 7 9 12 36 45 15 35 16 28 29 6 57 107 71 39 4 8 11 12 69 39 2 45 60 53 33 27 5 498015 16 22 60 144 4
237 GCA 9 18 3 27 38 107 0 1 2 5 12 19 58 27 11 35 50 11 8 7 25 10 10 62 18 16 57 1 26 18 9 9 16 21 3 50 498423 83 35 30 21 13 14 27 0 5 46 2 10 3 23 33 32 47 124 5 17 33 14 8 0 58 64 31
238 GAC 2 6 19 20 30 25 64 14 11 5 54 19 22 55 80 64 112 45 17 10 55 57 39 22 45 8 3 4 20 83 22 29 66 497882 188 25 92 42 20 12 3 32 9 0 52 45 31 35 44 67 26 16 31 41 7 6 22 24 3 9 33 24 13 39
239 AGA 73 22 7 65 32 45 66 56 498019 17 64 71 99 12 2 72 45 12 29 24 34 58 0 0 13 37 31 36 36 15 15 2 34 15 95 5 50 9 8 77 35 9 34 31 24 25 72 46 13 19 45 1 13 9 22 32 44 20 1 17 16 3 30 37
240 TTT 13 13 76 2 128 15 90 8 8 13 134 20 30 171 42 2 64 10 23 7 35 35 38 18 3 3 14 5 76 18 3 26 84 15 4 83 37 59 59 17 13 5 21 13 50 41 61 9 3 62 23 31 5 32 5 32 9 17 22 61 86 64 11 497823
241 TTA 22 37 43 6 68 15 41 20 19 11 22 30 49 14 46 8 9 4 12 23 6 45 8 11 0 23 5 4 49 58 5 11 64 50 6 18 5 4 8 6 1 13 59 21 26 6 17 6 7 5 33 3 81 9 9 7 10 23 10 23 498714 17 3 12
242 GTT 6 6 38 56 44 32 43 37 73 58 19 0 14 7 143 92 86 13 66 3 35 39 0 28 12 20 42 25 13 16 38 24 18 3 26 30 42 33 50 8 7 46 2 7 25 35 6 497836 121 41 18 27 88 6 27 9 81 58 33 39 29 30 66 25
243 CTG 116 36 39 21 9 1 5 0 11 66 136 64 4 4 9 5 21 49 47 57 64 79 17 0 37 81 5 50 10 24 498059 32 22 20 3 128 51 4 0 9 15 11 7 31 29 2 48 7 58 19 31 4 20 53 19 30 21 10 28 46 33 0 64 19
244 TAT 80 36 41 28 27 14 29 14 121 20 1 7 71 12 14 17 16 12 25 13 9 20 35 33 21 4 0 77 21 39 2 17 64 43 5 5 11 32 62 31 4 133 60 27 48 29 36 52 118 8 56 497956 13 1 34 27 6 16 49 82 7 17 13 79
245 GGT 34 6 40 12 46 24 19 18 14 6 63 61 1 6 1 13 0 49 49 0 5 66 16 49 94 61 8 36 15 51 5 51 1 26 51 19 39 4 18 37 27 6 27 497866 37 29 50 2 54 21 93 39 34 56 32 44 79 45 18 59 45 53 116 54
246 ATC 32 50 27 3 16 11 29 24 4 3 75 50 36 497990 92 11 34 37 39 56 9 103 2 10 23 20 18 2 29 47 41 33 17 19 65 78 11 0 63 69 25 7 9 8 7 28 2 41 74 17 30 37 44 33 22 88 78 28 50 3 37 12 23 19
247 GCG 50 60 37 8 56 36 38 13 16 16 9 28 29 28 1 0 14 67 20 54 3 9 76 17 82 66 25 87 30 3 52 14 31 33 6 41 23 22 497866 35 91 6 100 29 24 72 39 28 40 16 8 56 29 48 34 61 23 34 8 2 1 47 62 41
248 GCA 4 33 39 15 33 2 9 31 22 11 25 23 11 13 26 10 21 37 5 35 28 67 116 48 4 62 63 28 81 33 2 7 4 29 19 22 497960 14 48 14 53 53 73 87 31 29 11 47 82 47 17 3 13 36 15 50 57 20 28 1 16 19 12 146
249 CCA 14 0 74 80 13 12 2 31 10 33 1 30 4 7 24 27 1 33 9 48 498429 7 49 11 122 6 19 31 12 18 47 17 27 15 0 46 45 34 17 50 38 12 21 38 49 3 44 23 7 21 24 13 7 4 43 57 35 18 40 7 5 9 18 9
250 GAC 12 46 2 9 9 34 25 40 10 71 16 61 6 22 83 7 10 59 61 6 58 5 69 104 15 8 2 28 5 60 3 47 11 498048 45 12 9 21 20 9 25 47 43 41 38 19 27 38 7 61 27 20 75 50 31 42 12 58 19 3 6 84 36 23
251 TCT 9 25 4 14 23 8 2 17 14 27 13 19 26 23 3 104 0 1 0 119 11 21 70 32 65 47 14 42 1 32 5 19 56 13 15 45 7 55 8 11 20 13 1 21 9 24 27 96 1 7 32 43 201 94 17 498059 27 77 17 62 32 46 15 39
252 CAG 40 31 8 46 34 78 19 8 3 4 26 12 3 0 23 14 4 74 498024 81 0 41 72 22 23 5 18 10 16 40 136 17 7 26 47 85 76 29 23 4 27 58 27 16 66 33 1 5 50 60 6 14 23 68 62 48 34 6 46 52 26 11 22 10
253 CGT 15 36 198 14 41 81 16 1 34 21 9 51 85 53 89 47 6 18 49 82 1 7 14 26 23 16 41 497422 70 9 69 15 79 45 102 131 98 23 17 38 2 0 2 49 40 88 85 28 4 10 24 28 8 15 38 39 20 93 22 32 83 62 21 15
254 ATC 7 67 38 37 74 10 38 9 5 7 62 4 22 498383 12 47 17 12 22 10 24 14 8 71 13 40 41 13 5 45 30 16 14 12 10 84 96 28 11 9 33 7 7 17 8 23 4 7 26 5 11 8 24 10 3 10 58 48 6 56 16 102 15 29
255 GCC 3 7 30 6 69 27 11 10 37 56 37 49 106 3 2 7 52 12 1 35 6 12 51 21 54 44 56 3 24 22 4 21 25 8 14 12 54 498304 39 25 12 39 10 23 31 17 15 31 17 12 10 0 17 51 87 10 66 6 16 29 2 103 28 9
256 TTT 75 47 4 36 50 58 56 54 32 5 1 19 9 46 27 32 2 8 286 17 109 1 5 1 4 18 25 33 5 6 44 39 47 22 10 12 1 44 13 31 11 5 21 18 5 34 5 41 34 29 6 56 43 121 11 127 5 0 38 29 2 9 45 497971
257 TAT 3 87 3 94 29 7 42 98 30 31 2 60 20 17 57 27 91 35 22 32 39 74 2 4 3 3 9 41 12 44 12 46 24 6 40 18 68 26 4 42 17 9 21 65 28 51 18 5 14 20 22 498072 36 36 2 13 49 19 34 61 35 19 32 18
258 AGA 101 114 29 3 0 56 42 12 497437 100 11 15 78 17 3 45 41 112 17 19 53 57 1 7 33 106 16 58 41 34 4 8 33 11 20 89 102 73 41 4 66 29 56 46 50 78 1 44 33 9 12 18 6 42 5 73 0 53 79 84 9 62 54 48
259 TTA 21 29 30 0 37 39 14 48 19 7 40 42 61 109 33 15 15 28 14 18 15 43 3 8 73 16 3 25 57 14 7 26 10 7 30 5 41 67 2 1 32 13 20 21 22 57 27 23 84 109 68 38 20 26 49 42 12 23 2 55 498136 13 28 8
260 CTA 35 53 100 26 30 40 9 33 18 7 23 36 115 13 43 23 55 9 4 97 10 44 18 13 82 6 98 14 497805 74 8 6 57 2 10 3 35 7 41 34 88 15 0 18 64 79 3 14 25 8 59 59 10 7 23 107 47 23 13 5 109 36 31 21
261 GAC 57 47 22 6 16 41 41 10 32 86 25 1 47 6 72 34 37 12 8 16 4 41 31 3 65 0 2 42 4 8 35 20 69 498042 58 23 132 98 11 5 39 19 41 41 32 27 23 34 28 49 8 2 6 33 23 58 42 77 6 12 10 19 27 35
262 GAG 27 37 42 1 35 94 8 8 149 18 7 70 8 22 11 21 140 70 50 38 9 32 21 17 10 3 18 10 66 2 7 14 25 47 498049 4 29 51 30 21 41 26 56 20 23 8 31 39 41 34 25 127 72 13 1 18 5 4 45 5 2 3 21 19
263 TTC 62 41 31 31 24 8 32 17 32 17 80 25 6 7 33 4 36 13 3 23 13 15 24 76 39 62 40 22 147 9 35 2 8 99 0 6 69 74 11 52 43 34 28 23 13 37 41 54 29 26 2 20 44 8 4 19 23 14 14 29 18 497957 93 99
264 TTC 1 20 2 22 28 16 19 39 14 31 44 4 25 22 83 16 15 16 21 19 39 37 5 9 14 25 29 24 16 23 63 30 33 1 41 46 11 20 2 28 26 27 12 4 32 19 24 3 64 8 16 13 4 49 14 36 58 33 22 14 92 498387 11 79
