# POSITION WT AAA AAC AAG AAT ACA ACC ACG ACT AGA AGC AGG AGT ATA ATC ATG ATT CAA CAC CAG CAT CCA CCC CCG CCT CGA CGC CGG CGT CTA CTC CTG CTT GAA GAC GAG GAT GCA GCC GCG GCT GGA GGC GGG GGT GTA GTC GTG GTT TAA TAC TAG TAT TCA TCC TCG TCT TGA TGC TGG TGT TTA TTC TTG TTT
1 ATG 330 35 42 14 396 31 313 2 251 15 80 29 16 291 1.993e+06 32 62 135 23 25 15 119 49 23 90 33 92 138 101 55 73 151 111 192 131 64 225 358 485 10 110 199 110 1 114 176 74 74 94 109 102 272 52 35 51 70 49 260 18 96 166 21 11 104
2 ATT 27 72 36 196 151 50 52 144 13 153 30 19 32 131 86 1.99183e+06 119 156 460 5 112 471 58 160 29 206 15 145 39 137 33 71 42 326 220 201 25 472 69 57 212 10 421 88 80 196 133 298 45 166 34 54 29 136 99 169 146 169 515 134 5 55 107 50
3 GAG 46 20 161 13 173 54 57 254 5 232 259 11 64 48 2 104 193 129 181 53 16 112 45 4 48 66 89 79 424 66 9 93 166 95 1.99341e+06 118 139 130 25 8 94 75 102 179 50 28 73 163 111 21 100 33 298 5 65 246 111 79 222 12 377 137 83 133
4 CAA 73 63 208 172 76 46 165 642 26 114 2 171 25 73 7 71 1.99347e+06 6 62 236 13 96 70 54 16 324 72 285 41 387 103 103 14 19 57 107 153 87 61 2 1 95 152 187 97 8 14 23 215 186 169 209 155 55 29 30 96 216 134 69 3 21 23 45
5 GAC 182 168 502 366 63 99 50 14 4 152 650 80 275 18 62 150 166 65 182 18 164 147 393 132 175 79 8 57 57 125 6 68 64 1.99178e+06 218 435 65 52 93 7 66 155 370 62 212 174 308 206 76 29 110 26 3 29 48 50 105 59 186 105 61 59 30 75
6 GGC 66 424 181 9 4 89 5 55 90 144 91 2 70 123 94 53 45 48 91 267 156 69 24 43 240 184 19 66 8 84 128 29 527 42 42 13 57 7 27 159 108 1.99391e+06 187 95 119 117 194 280 53 75 90 16 225 149 2 26 36 33 74 1 67 65 132 67
7 CTT 68 40 140 145 33 20 149 38 103 11 137 302 123 74 105 110 18 333 59 12 37 75 110 101 125 20 327 15 1 56 242 1.99385e+06 111 72 105 78 134 99 166 20 64 25 36 104 197 93 177 2 63 93 14 35 54 117 98 253 186 20 40 88 96 137 61 182
8 CAT 23 208 255 298 157 91 162 37 37 83 184 61 16 398 252 125 23 248 37 1.99295e+06 105 216 111 144 98 21 142 24 187 105 119 4 150 23 196 435 1 22 115 41 37 183 78 136 20 87 8 128 77 37 9 7 58 35 121 55 2 24 171 268 60 45 329 117
9 GCA 89 346 27 222 192 81 162 8 1 79 43 36 138 540 65 147 44 170 197 119 344 54 36 115 32 107 23 30 10 88 32 14 105 203 215 7 1.99381e+06 40 95 49 90 87 173 191 152 148 19 7 100 48 80 143 59 35 91 46 140 5 7 6 74 112 17 53
10 GGA 220 125 173 104 248 1 28 310 57 54 21 102 52 80 210 61 95 20 20 98 237 56 152 105 60 29 65 32 331 68 104 154 44 76 14 70 125 515 25 42 1.9924e+06 57 140 17 56 17 210 320 0 27 95 74 69 207 672 146 5 355 143 86 169 125 17 207
11 TCT 59 221 144 112 59 75 55 70 15 15 30 273 35 130 723 151 16 344 138 111 81 78 110 171 66 97 132 61 300 39 344 99 57 207 72 66 35 21 50 88 103 214 22 51 51 277 2 97 57 177 53 46 43 32 147 1.99267e+06 319 79 212 89 158 80 25 42
12 CCC 269 322 110 247 195 107 38 243 137 23 37 152 482 32 73 29 23 151 60 92 130 1.99174e+06 8 47 91 181 47 33 131 162 149 99 92 356 270 209 212 241 43 71 24 67 139 23 60 154 324 107 143 95 93 166 112 32 113 136 236 215 253 141 34 148 42 7
13 GCT 84 58 111 69 84 167 186 169 81 221 121 178 24 59 174 155 384 159 52 35 94 282 154 72 172 301 8 29 4 8 28 40 9 379 206 231 299 2 64 1.99245e+06 225 37 74 97 143 94 47 342 211 152 52 6 61 150 89 60 311 225 114 38 9 10 19 32
14 GCA 358 95 101 126 103 203 123 207 65 28 106 131 36 60 142 233 247 30 43 70 43 215 70 73 180 94 133 204 458 137 67 100 33 71 130 568 1.99123e+06 334 104 100 97 335 62 38 9 35 150 64 347 83 219 133 85 53 125 127 254 89 44 122 342 161 90 85
15 TGG 93 85 243 100 33 123 352 50 274 156 65 69 95 240 39 81 35 175 182 22 128 106 43 45 113 107 231 593 70 151 69 5 198 15 48 0 18 102 63 209 44 38 39 190 59 148 409 15 19 38 5 3 490 23 123 82 167 39 1.9926e+06 167 10 61 272 135
16 GTG 168 143 31 80 67 176 106 110 221 12 23 114 285 247 104 84 209 383 254 54 236 85 135 17 247 11 6 283 41 157 79 164 26 45 257 214 46 240 57 64 28 149 231 11 119 74 1.99224e+06 78 2 189 48 100 33 65 163 76 7 35 33 171 24 563 267 17
17 GAA 20 83 89 52 82 417 113 11 13 155 84 5 43 340 113 63 264 273 317 80 34 48 113 34 141 256 56 63 30 63 133 122 1.9924e+06 25 124 40 60 249 277 172 188 135 114 37 42 196 67 135 353 19 56 151 575 74 15 17 73 29 183 97 69 37 126 158
18 CGT 28 101 173 21 12 188 8 16 37 166 140 172 36 76 58 18 222 21 380 49 46 409 24 92 224 64 251 1.99228e+06 33 124 103 247 123 80 39 146 98 123 17 317 189 183 253 194 47 145 84 328 65 182 72 2 63 62 66 31 89 366 122 191 122 289 2 93
19 TTG 139 7 171 88 93 114 105 56 81 22 179 10 89 7 247 39 432 36 96 97 113 177 8 13 100 11 147 90 332 127 121 174 84 29 297 42 4 415 125 161 276 30 194 126 5 48 37 41 81 22 102 114 43 78 102 113 154 14 4 13 156 93 1.99337e+06 105
20 TTC 4 67 15 29 109 27 79 467 199 63 265 31 268 190 264 35 57 113 54 116 2 31 232 13 61 210 13 251 145 27 514 195 38 89 160 108 25 109 218 113 84 86 64 191 138 279 82 34 211 125 6 49 31 87 73 160 148 86 37 74 99 1.99264e+06 87 128
21 GGA 162 146 66 295 51 15 169 117 258 81 93 179 4 186 141 103 113 133 47 37 77 214 9 81 69 55 76 47 39 140 75 12 47 101 91 93 89 66 85 31 1.99303e+06 23 242 83 31 120 365 21 122 255 164 25 16 106 384 186 18 103 161 18 329 144 32 130
22 TAT 231 99 61 386 30 122 20 52 43 55 36 44 127 225 13 151 290 91 143 135 336 81 137 52 156 83 58 191 47 234 8 71 201 283 360 234 118 102 233 398 85 38 23 232 44 65 65 69 20 39 16 1.99222e+06 52 178 55 40 195 39 106 2 143 109 289 137
23 GAT 167 31 20 338 42 106 55 212 149 150 83 318 37 111 342 96 57 102 161 264 50 70 46 92 210 221 78 13 231 11 74 50 117 21 26 1.99291e+06 77 33 54 49 120 267 66 237 80 60 106 133 3 148 31 23 174 56 284 133 158 102 137 1 60 63 275 8
24 TGG 7 174 17 158 270 50 299 233 87 93 79 99 101 197 76 11 62 123 4 152 13 192 30 25 737 41 328 303 81 75 111 192 190 18 17 200 111 28 106 207 183 78 72 105 86 381 32 54 62 29 145 133 139 108 138 3 6 50 1.99151e+06 545 255 39 294 255
25 GCA 20 99 119 100 88 143 16 90 161 346 9 37 37 5 28 122 108 13 87 4 27 88 85 64 302 36 88 47 85 119 17 153 5 208 195 102 1.99467e+06 23 35 21 55 80 68 183 102 42 222 139 259 123 56 4 166 14 21 16 192 35 15 101 51 51 4 3
26 CAA 16 216 72 124 118 149 198 23 58 48 161 65 14 295 67 62 1.99184e+06 136 170 160 14 143 275 130 807 366 2 199 147 48 28 166 213 189 16 56 97 20 82 88 84 226 97 0 140 411 11 44 38 85 110 90 215 4 249 336 37 111 38 42 158 191 51 150
27 CAA 90 8 152 87 118 21 48 12 82 117 102 7 10 66 112 402 1.99259e+06 61 31 25 104 212 73 148 184 11 45 44 303 72 92 189 119 294 1 366 221 147 340 433 124 173 35 21 68 66 92 4 85 4 352 177 17 138 73 49 72 85 140 254 202 25 94 107
28 ACA 121 230 15 96 1.99229e+06 317 127 2 9 72 95 147 133 180 44 134 40 290 118 5 52 87 34 117 100 15 79 59 27 352 32 113 214 80 171 115 84 286 161 251 114 164 2 10 6 39 23 80 99 753 12 21 179 161 365 202 183 41 39 148 56 192 104 110
29 ATC 35 139 99 121 385 39 64 5 97 19 43 66 80 1.99263e+06 226 88 168 23 101 9 47 656 232 87 32 75 84 144 35 124 204 35 63 35 364 33 87 12 68 22 79 151 58 93 273 58 36 77 31 267 215 522 31 8 0 445 49 129 116 33 174 70 91 119
30 GGC 196 46 200 13 383 69 98 190 312 142 132 366 37 140 28 241 42 284 110 364 350 205 28 15 405 222 10 59 278 166 25 210 98 6 238 349 55 88 34 45 77 1.99091e+06 101 136 101 245 144 99 274 64 30 164 75 106 158 58 349 25 80 98 122 27 25 249
31 TGC 159 194 14 160 51 117 90 144 67 179 360 34 128 221 49 133 81 139 99 233 128 1 15 51 194 108 6 129 98 67 191 108 523 20 30 49 89 93 26 346 191 45 266 149 222 118 83 153 58 100 33 66 49 15 46 35 119 1.99263e+06 234 8 135 138 49 130
32 AGT 296 394 18 74 241 228 77 225 200 76 120 1.99174e+06 132 38 142 541 89 48 296 2 18 843 55 115 83 159 135 9 35 184 159 279 184 44 78 53 47 21 257 38 46 179 34 11 108 101 33 57 10 116 1 144 93 335 6 196 82 37 127 72 101 26 139 175
33 GAC 103 303 502 176 213 305 334 160 276 109 443 396 694 320 25 146 72 3 30 194 47 216 87 114 262 279 84 41 140 191 250 13 49 1.98987e+06 276 102 59 143 222 24 97 110 43 8 21 98 54 140 7 66 23 154 259 150 178 227 8 143 52 260 239 132 120 134
34 GCC 58 160 118 5 43 78 150 62 76 111 42 95 198 140 203 371 208 313 37 185 97 120 34 96 399 2 2 108 131 170 62 143 174 41 27 253 0 1.99303e+06 102 35 73 188 118 146 76 20 31 22 106 6 109 111 3 152 274 0 39 196 74 44 22 137 219 159
35 GCC 32 338 12 95 188 59 101 58 1 178 53 58 23 44 258 292 0 496 6 21 372 63 13 22 80 93 10 85 52 124 162 101 178 93 90 41 129 1.9923e+06 122 362 278 39 98 26 260 85 257 243 173 4 361 52 252 8 374 9 238 28 144 28 9 116 14 97
36 GTA 513 212 43 53 167 198 78 124 171 315 398 91 170 28 216 260 95 60 50 397 351 0 50 52 13 39 15 288 48 380 128 3 20 35 4 21 146 82 115 155 5 6 268 40 1.99244e+06 209 26 32 209 2 20 10 124 59 73 28 43 35 306 144 78 44 120 90
37 TTT 453 31 59 481 123 20 30 106 68 83 116 82 153 23 170 106 62 73 9 49 61 10 409 144 357 115 169 94 23 85 61 40 72 63 174 55 167 170 53 25 158 17 61 41 44 9 75 274 10 186 123 58 235 131 251 55 48 107 278 91 33 59 140 1.99287e+06
38 CGC 153 274 104 50 114 293 37 37 15 190 183 2 161 47 86 7 116 138 42 144 70 171 46 45 204 1.99224e+06 47 20 181 61 306 278 149 5 164 136 15 12 98 97 125 191 144 165 37 43 390 127 113 67 57 85 76 179 24 189 10 233 658 41 54 27 46 380
39 CTT 313 4 150 19 28 42 17 109 6 68 229 22 210 171 31 237 123 268 34 14 75 60 36 126 11 6 451 155 84 31 35 1.99374e+06 18 131 37 95 30 56 59 81 101 113 144 25 172 39 34 33 87 205 38 72 47 14 127 180 115 243 96 14 71 379 117 124
40 AGT 55 118 76 194 5 31 24 47 8 180 42 1.99308e+06 181 120 135 12 28 49 148 210 55 98 154 81 102 73 72 278 389 28 50 73 173 2 54 152 95 152 60 235 28 321 217 196 55 87 15 411 25 164 9 66 78 95 20 128 18 50 377 150 53 121 43 157
41 GCT 14 147 10 27 113 10 7 37 12 29 32 90 383 86 35 73 101 84 360 206 103 78 210 47 20 25 110 145 217 146 19 131 458 22 60 15 459 105 90 1.99337e+06 74 9 39 93 63 450 30 195 231 60 52 80 76 112 128 61 0 169 61 20 17 83 70 142
42 CAG 14 61 30 176 65 124 454 10 46 231 43 25 46 38 80 55 131 6 1.9924e+06 96 169 319 230 29 167 70 368 54 114 12 153 358 14 37 151 144 26 113 57 6 152 103 1 316 170 60 223 37 212 15 65 22 57 285 76 161 124 46 76 51 184 393 358 91
43 GGA 39 436 45 41 24 72 211 73 238 248 98 46 2 43 23 217 38 290 29 232 92 157 157 19 332 84 193 32 20 128 53 56 108 41 49 4 19 20 76 296 1.99289e+06 38 65 81 227 42 82 167 162 68 33 19 48 161 35 149 183 3 305 39 96 157 406 167
44 AGG 242 32 30 84 39 131 3 242 48 53 1.99222e+06 49 29 59 35 76 133 33 12 23 260 254 80 132 8 233 300 69 154 10 134 100 18 96 90 479 233 388 61 72 228 155 333 114 42 96 32 89 228 8 308 251 11 171 75 87 77 370 75 2 6 107 58 336
45 CCG 74 305 39 111 100 102 209 28 145 72 183 35 129 1 228 28 173 59 271 105 104 12 1.99292e+06 152 178 50 246 148 245 25 78 123 30 29 86 43 37 107 246 108 187 250 61 254 60 91 29 114 30 436 19 36 169 29 12 91 305 112 5 71 83 20 130 42
46 GTG 11 198 16 5 41 72 35 39 14 255 171 166 119 75 126 179 81 50 68 37 71 145 54 29 29 86 341 3 84 97 117 12 166 131 86 123 236 319 257 84 114 9 85 40 1 44 1.99255e+06 151 302 214 166 26 59 143 4 37 403 214 276 157 385 140 131 119
47 TTG 232 12 280 12 175 60 42 247 5 59 29 14 115 196 59 42 146 41 256 274 110 107 72 9 205 81 277 54 25 75 124 295 38 249 82 36 55 8 91 131 117 377 28 84 42 67 19 412 115 24 56 27 100 26 15 17 60 42 87 79 33 77 1.99355e+06 126
48 TTC 10 57 5 382 168 99 39 209 15 222 127 26 46 700 229 100 83 39 47 120 585 46 62 40 28 31 107 44 41 339 130 25 14 27 126 66 51 118 59 45 160 21 133 200 377 145 22 46 30 112 228 61 206 6 0 79 41 17 190 45 38 1.99305e+06 23 67
49 GTT 74 0 156 148 180 67 225 105 4 69 32 13 36 22 95 144 35 159 178 22 16 448 57 76 58 14 184 96 264 13 307 115 642 162 71 139 124 122 97 41 48 129 131 42 128 503 189 1.99136e+06 280 412 84 467 37 6 157 29 159 336 212 31 91 65 192 101
50 AAG 171 142 1.99185e+06 197 102 49 29 7 30 212 54 77 76 120 138 142 110 210 92 449 179 114 74 54 23 159 14 161 124 21 175 139 26 236 98 43 242 4 195 246 28 262 11 167 209 14 197 27 165 601 29 54 81 21 316 7 195 130 51 230 12 454 41 112
51 ACC 228 66 25 137 94 1.99164e+06 56 195 281 158 79 14 80 73 108 129 56 42 119 26 199 67 70 113 107 266 171 84 422 189 628 121 19 113 229 126 222 28 314 369 66 198 25 142 215 112 71 43 38 4 66 249 194 35 60 193 217 11 147 6 162 78 52 158
52 GAT 24 65 20 116 8 34 239 259 79 417 34 19 58 170 460 174 76 255 77 45 124 88 42 22 39 314 46 156 7 128 359 122 13 29 16 1.99272e+06 128 147 226 58 281 58 54 90 76 214 56 10 25 47 185 91 120 24 95 301 156 97 19 420 25 28 79 33
53 TTG 168 51 239 161 114 52 360 131 78 137 121 31 167 134 156 55 70 107 14 18 92 66 273 172 344 5 19 67 34 44 127 18 60 184 76 300 134 193 58 224 42 186 81 191 232 182 17 119 228 151 46 118 64 223 411 143 94 40 257 330 22 145 1.99178e+06 47
54 TCT 48 34 67 492 36 86 22 18 196 48 160 206 23 89 255 45 97 216 23 19 246 124 28 249 513 211 11 88 76 66 54 161 95 115 35 158 200 5 15 225 38 34 39 119 211 105 424 27 107 7 61 48 492 204 55 1.99217e+06 166 138 39 169 229 29 116 115
55 GGG 50 189 251 41 181 324 20 387 230 59 74 106 25 159 9 116 159 17 59 183 37 66 131 19 73 159 143 48 19 177 294 3 148 76 178 60 23 181 72 630 90 147 1.99136e+06 92 467 141 19 162 323 31 28 94 57 24 143 48 488 43 216 146 344 262 17 87
56 GCG 40 122 32 115 164 113 102 319 118 46 118 14 235 44 145 143 16 39 48 546 149 25 42 143 177 68 64 42 24 52 49 50 80 203 22 159 103 71 1.99356e+06 68 50 101 564 43 18 7 31 28 24 8 35 67 31 36 572 35 0 64 22 73 122 364 14 26
57 CTA 13 313 114 96 63 302 17 165 206 294 99 120 68 45 72 4 81 472 192 259 157 128 26 57 253 55 35 345 1.99107e+06 54 182 67 130 64 92 145 125 319 63 94 225 112 49 78 280 123 119 60 440 70 153 45 72 72 34 146 77 52 112 55 268 754 80 65
58 AAC 425 1.99202e+06 22 197 33 368 379 92 29 36 154 5 50 6 121 49 11 124 149 131 255 117 18 114 71 37 249 174 34 75 52 10 150 49 102 121 40 81 246 87 34 97 237 388 25 789 259 20 43 75 65 127 59 110 138 69 211 62 177 4 24 78 329 93
59 GAG 226 167 131 136 297 147 225 3 104 413 287 275 34 61 244 305 13 89 130 58 78 5 594 102 141 123 66 51 95 255 196 24 187 1 1.99201e+06 557 106 64 95 66 9 18 39 47 40 9 76 22 242 35 38 420 67 0 54 113 33 31 207 12 24 95 26 178
60 CTG 94 26 67 78 43 43 61 64 29 256 97 161 96 188 95 60 159 174 171 29 125 99 167 38 22 129 107 10 122 11 1.99177e+06 171 14 429 56 175 278 0 204 489 155 477 2 41 32 182 21 336 96 154 115 120 232 67 105 74 444 20 193 426 12 101 28 163
61 CAA 272 59 19 194 50 499 49 53 237 340 340 113 62 26 38 107 1.99134e+06 253 93 48 7 18 306 73 90 49 114 133 25 27 76 296 211 402 57 213 104 198 22 105 219 56 38 395 258 143 103 10 88 24 11 104 287 43 11 218 37 99 99 141 99 209 264 322
62 GAT 79 138 112 81 966 147 324 129 53 39 44 355 125 48 57 107 69 106 106 12 68 141 48 230 41 37 46 64 10 38 594 2 13 18 269 1.99267e+06 27 86 61 33 80 3 81 30 218 55 69 128 201 5 37 45 45 41 1 134 8 108 98 371 143 75 343 92
63 GAG 321 253 75 126 232 5 86 27 179 163 97 194 61 74 37 200 57 172 138 297 106 518 169 75 409 251 124 115 47 49 320 13 19 149 1.99152e+06 370 18 90 127 58 131 9 474 86 80 101 119 91 31 53 30 67 0 157 125 99 214 162 90 84 146 78 162 65
64 GCG 89 14 431 157 25 31 204 33 264 7 207 60 164 29 74 92 21 254 109 33 132 129 50 40 152 81 154 51 26 60 161 43 197 56 113 283 32 9 1.99346e+06 108 37 221 51 3 86 5 120 109 122 31 211 47 40 602 28 167 14 100 74 35 152 46 61 7
65 GCC 99 119 38 155 250 18 46 113 90 4 38 180 5 68 53 136 53 11 70 36 69 38 107 69 175 41 21 199 129 34 37 58 39 63 309 38 20 1.99387e+06 152 25 81 69 195 74 137 88 74 120 19 95 27 91 389 4 366 52 14 376 133 117 250 15 25 117
66 CGA 213 52 47 343 53 62 317 35 27 199 14 175 74 99 24 71 248 49 183 240 51 17 62 4 1.99333e+06 114 79 130 109 32 83 8 90 160 146 20 89 4 32 2 62 3 102 196 59 164 91 7 64 57 537 118 194 63 38 34 353 118 34 163 46 158 243 6
67 CTT 138 171 69 333 41 76 112 7 133 54 53 341 9 344 53 109 26 157 79 254 441 402 127 6 86 27 18 28 58 38 6 1.99292e+06 43 192 39 64 83 76 124 74 97 120 22 117 114 35 49 294 39 25 40 221 134 232 135 409 97 45 24 114 40 72 22 88
68 TCG 405 37 115 218 270 134 348 24 342 10 307 45 2 314 444 129 424 18 80 144 119 76 91 33 191 592 10 509 311 61 187 189 81 63 78 84 95 52 109 166 33 173 81 145 24 0 147 121 102 584 86 82 293 21 1.99026e+06 237 45 142 73 64 10 156 80 131
69 TGG 58 96 35 17 212 110 517 96 67 75 85 138 194 85 52 66 73 90 175 172 39 36 105 68 43 101 99 8 98 3 140 29 225 59 39 228 70 142 78 207 111 197 24 338 56 267 124 111 2 71 124 115 22 26 111 13 146 43 1.99329e+06 33 250 108 163 27
70 CTG 254 43 35 50 37 22 12 43 148 90 271 343 70 79 167 92 38 296 43 62 64 101 234 32 197 67 34 70 9 19 1.99343e+06 242 58 131 44 20 53 24 246 78 101 42 79 126 145 20 501 38 127 70 5 2 88 60 6 118 139 152 186 89 3 126 201 231
71 GCC 382 137 18 114 37 214 134 44 164 152 304 169 82 81 40 23 8 25 256 21 246 292 56 352 111 141 175 3 36 215 187 62 43 177 47 13 75 1.99229e+06 121 363 165 451 87 60 261 24 38 93 52 96 61 1 68 433 84 37 35 288 37 15 49 53 26 76
72 ACA 55 30 39 307 1.99123e+06 122 351 289 70 353 30 119 120 40 160 96 71 584 232 9 171 32 32 20 10 1 69 373 240 25 21 198 228 83 201 301 41 63 166 56 92 83 286 134 53 61 47 174 63 109 439 65 94 221 6 58 110 653 47 35 23 145 29 337
73 ACA 46 98 123 53 1.99239e+06 7 585 112 75 4 31 0 89 256 27 51 211 22 171 119 183 236 86 23 71 81 42 44 0 15 23 22 300 46 195 179 99 66 58 85 229 208 51 282 109 88 32 2 125 126 64 255 199 380 17 107 87 116 413 29 216 265 220 59
74 GGG 206 57 46 126 165 20 90 212 18 34 28 136 211 73 141 52 153 24 49 50 117 287 63 27 4 72 37 18 116 30 85 6 185 278 200 188 78 79 21 52 157 193 1.99309e+06 514 17 52 66 41 100 35 467 30 63 85 1 57 19 27 170 54 100 398 408 18
75 GTT 57 94 8 110 353 97 128 85 16 33 150 109 4 62 151 75 134 30 200 74 83 100 11 39 157 78 31 245 58 27 115 73 19 96 212 31 22 28 57 44 109 100 4 149 203 155 46 1.99434e+06 61 5 8 3 106 36 128 181 166 227 6 176 161 13 66 59
76 CCG 85 10 2 108 319 118 38 88 105 54 105 100 11 166 16 49 57 280 240 252 24 2 1.99247e+06 123 384 42 67 137 199 39 230 46 120 92 182 138 90 250 33 41 22 44 248 241 111 84 19 319 164 24 10 102 63 52 246 349 36 13 173 281 102 177 102 103
77 TGC 157 92 36 69 116 173 15 72 73 95 233 73 166 47 29 310 9 111 10 90 177 149 43 11 78 3 95 11 77 68 80 325 45 73 420 188 5 14 66 267 118 483 184 41 380 222 470 95 168 42 40 134 241 84 336 114 49 1.99121e+06 27 324 195 20 835 17
78 GCA 5 252 165 58 98 223 759 33 55 22 15 54 46 161 155 69 87 118 68 117 36 35 245 49 275 56 232 28 67 97 146 34 85 145 49 504 1.99126e+06 25 69 159 68 50 22 241 279 60 122 3 90 15 166 198 79 321 164 24 74 224 14 59 693 395 379 101
79 GCG 10 48 117 249 105 37 136 2 55 117 86 49 116 41 48 84 121 324 85 88 94 11 224 171 136 54 41 34 132 138 49 171 80 20 63 70 69 23 1.99350e+06 94 286 157 61 103 179 66 53 400 46 93 72 128 25 62 118 245 65 28 85 58 41 170 334 28
80 GTT 219 237 152 142 225 110 28 84 301 174 80 128 43 19 233 79 68 35 110 325 147 131 123 46 74 170 100 25 8 120 78 83 101 45 7 142 147 59 36 147 187 30 61 48 386 156 35 1.99217e+06 104 31 248 20 83 132 18 388 194 314 45 222 71 74 326 77
81 TTA 147 104 276 566 129 43 9 415 25 9 4 90 187 61 78 88 126 201 166 86 100 165 44 57 98 102 82 103 158 239 21 46 296 16 37 35 161 193 98 175 178 13 82 168 22 21 33 89 66 315 15 152 165 31 159 82 41 58 128 1 1.99259e+06 38 317 203
82 GAT 149 56 172 86 197 50 48 130 146 118 235 67 176 144 55 47 57 68 172 69 84 97 32 18 21 158 192 172 128 59 55 21 78 51 43 1.99282e+06 127 77 249 16 135 54 101 92 115 41 94 66 28 178 554 424 265 3 242 55 206 161 72 157 30 4 138 44
83 GTT 159 29 65 44 126 118 135 69 137 150 268 195 80 185 110 294 231 63 245 69 47 18 6 188 78 104 70 344 92 99 381 10 59 96 40 144 14 14 308 10 168 147 104 48 97 26 119 1.9924e+06 21 132 63 48 156 129 102 38 22 169 60 104 183 133 173 462
84 GTA 128 169 37 82 172 43 216 22 179 170 80 200 118 107 90 112 121 263 26 26 284 24 73 168 152 29 54 103 46 51 41 14 148 126 12 40 175 56 1 78 59 19 26 42 1.99385e+06 39 41 240 80 151 123 138 241 43 154 72 40 157 60 103 49 127 47 62
85 ACG 10 66 60 219 57 259 1.99245e+06 6 198 23 64 267 92 96 243 381 77 20 13 137 90 111 97 152 90 34 184 221 190 50 63 75 119 154 89 103 41 146 186 199 18 130 3 12 133 123 281 21 14 168 53 44 137 236 175 142 171 187 115 278 137 162 57 69
86 GAG 32 221 50 389 44 102 50 35 2 54 85 16 179 167 204 9 4 49 6 0 100 59 340 19 117 54 43 25 94 55 135 9 101 111 1.99406e+06 24 103 6 134 107 8 166 185 490 16 281 113 28 8 46 88 34 53 136 19 206 10 38 53 60 7 101 334 127
87 GCG 36 70 365 243 345 11 94 164 37 200 33 61 19 454 208 474 88 320 79 27 308 447 26 101 155 32 301 79 805 38 331 121 74 50 2 74 43 66 1.99101e+06 326 0 10 47 100 17 93 252 154 76 43 24 34 48 49 112 97 104 88 147 94 273 210 99 110
88 GGC 70 169 161 342 52 165 68 40 79 64 3 161 108 141 121 78 12 13 85 79 4 117 8 120 62 87 7 38 123 255 135 122 301 314 96 70 82 50 82 171 64 1.99306e+06 2 188 89 12 36 172 260 183 54 100 117 130 365 137 126 22 37 71 232 19 261 3
89 AGG 153 36 372 696 65 378 145 89 35 63 1.99227e+06 33 23 69 8 12 29 208 265 328 91 82 88 28 115 324 430 24 18 30 15 13 269 2 187 69 79 20 83 28 169 219 75 100 4 90 311 88 116 265 21 39 8 391 42 179 99 180 24 77 49 140 6 34
90 GAT 70 123 23 30 27 209 117 71 225 318 142 463 87 1 20 213 107 214 86 56 129 222 45 66 37 152 246 69 22 9 69 108 12 250 166 1.9924e+06 51 291 100 14 43 125 456 195 64 143 140 10 42 131 7 54 140 147 145 2 59 143 188 255 141 60 178 76
91 TGG 104 233 234 8 115 26 177 36 26 427 107 534 9 135 110 250 505 117 29 172 19 274 19 54 61 90 250 108 23 75 207 110 110 37 6 95 234 338 112 147 197 114 114 70 112 173 87 6 66 192 95 25 152 10 124 33 57 171 1.99146e+06 572 40 186 118 101
92 CTA 218 171 10 197 96 78 93 1 225 41 34 152 113 53 36 69 185 230 64 11 195 95 80 157 59 106 97 48 1.99227e+06 228 5 134 86 63 230 65 276 153 195 381 178 55 22 59 82 328 46 129 25 181 59 182 63 205 9 12 258 253 36 339 269 158 38 12
93 TTA 101 223 12 87 183 262 123 88 22 68 206 109 228 38 175 237 48 41 244 58 65 290 160 136 209 92 59 95 48 312 77 128 213 1 85 63 73 29 6 209 58 449 62 8 102 20 171 302 48 98 378 4 336 180 35 63 150 31 146 144 1.99188e+06 300 47 80
94 TTA 110 22 13 42 215 146 236 441 80 92 308 396 200 107 190 228 158 44 79 44 181 79 40 132 168 48 93 68 169 68 159 27 30 33 64 56 25 52 55 63 36 63 24 19 134 122 93 156 116 166 301 64 49 60 204 106 83 126 145 110 1.99285e+06 134 7 70
95 GGT 10 70 67 112 124 147 59 361 104 108 302 53 113 416 178 5 30 46 58 208 136 356 92 158 133 57 53 42 34 98 70 172 94 141 169 100 65 13 8 16 226 83 43 1.9924e+06 189 208 207 173 105 56 49 212 47 163 77 40 63 14 228 231 289 113 4 206
96 GAG 467 13 260 24 54 114 172 66 144 85 89 73 81 114 17 160 41 83 83 148 122 26 134 7 224 27 267 133 26 289 88 270 212 75 1.99129e+06 4 964 40 110 237 226 34 474 23 252 206 95 154 254 116 106 60 318 31 68 57 65 162 15 3 163 152 103 28
97 GTT 136 18 48 123 186 35 114 277 230 23 53 161 78 11 53 221 237 61 0 263 424 318 303 8 24 445 97 133 230 152 31 232 210 202 42 161 65 59 99 205 257 351 16 116 138 60 49 1.99107e+06 40 239 447 34 62 89 113 23 39 145 118 334 291 34 12 151
98 CCG 32 55 11 85 64 131 15 19 22 55 157 207 20 34 305 74 75 6 81 73 36 44 1.99316e+06 37 174 70 298 424 132 62 95 254 200 96 4 144 327 126 73 69 75 106 160 194 266 102 147 38 73 121 9 91 23 29 60 5 21 39 171 423 181 9 215 91
99 GGG 41 348 177 63 47 73 10 52 239 13 6 115 267 518 88 45 324 45 125 80 60 141 5 15 18 230 242 322 185 35 107 114 75 107 16 161 37 133 471 39 168 220 1.99235e+06 168 1 103 104 89 199 42 10 145 34 249 60 178 8 144 48 89 7 79 172 141
100 CAA 266 113 44 131 99 128 214 206 120 76 36 226 135 116 329 57 1.99286e+06 82 23 60 148 81 62 250 27 226 93 188 9 99 122 67 268 91 275 45 62 31 191 7 117 99 103 24 73 46 21 0 453 21 75 171 18 169 22 120 27 139 140 41 313 73 22 52
101 GAC 0 52 164 153 16 80 101 129 34 296 31 136 157 10 122 3 27 328 58 118 17 78 14 101 76 278 205 246 75 68 105 89 37 1.99309e+06 7 200 48 13 182 348 208 40 9 225 80 222 316 46 110 72 125 58 237 93 37 65 14 358 7 34 130 97 51 77
102 TTG 195 176 77 66 240 45 5 103 5 55 321 54 185 22 217 468 309 122 4 187 20 7 286 123 288 81 124 135 65 28 81 247 276 198 129 97 345 60 279 358 8 132 45 38 160 85 32 46 28 168 62 265 139 280 154 133 337 301 301 149 519 478 1.98992e+06 138
103 CTT 76 114 186 60 51 80 148 6 35 106 112 8 78 83 88 72 39 275 33 260 47 137 357 55 127 17 32 302 15 350 140 1.99255e+06 27 114 7 224 52 51 431 106 18 32 99 96 86 97 107 262 63 207 258 1 406 263 140 246 24 246 137 47 20 38 12 41
104 AGT 38 237 98 83 240 319 4 111 128 119 119 1.99077e+06 67 56 161 585 77 9 172 113 13 627 118 209 424 1 72 70 49 25 28 168 10 92 92 281 109 97 144 321 310 168 80 148 246 2 82 363 144 340 13 188 7 69 143 32 196 115 28 96 253 185 155 180
105 TCC 16 359 215 30 24 9 29 32 60 115 63 5 69 11 229 63 73 123 51 209 6 165 90 11 188 63 92 85 28 26 45 63 257 198 143 213 1 7 120 134 538 39 122 56 159 138 150 80 146 20 156 42 117 1.99329e+06 264 92 154 7 196 9 47 117 311 29
106 CAC 37 7 9 65 86 80 28 86 60 112 73 144 83 238 181 131 227 1.99181e+06 447 56 87 149 489 115 268 57 110 39 89 1 36 61 75 134 389 173 51 32 35 387 120 95 289 47 85 85 130 99 21 55 107 176 14 52 27 82 452 189 284 86 314 22 53 382
107 CTG 136 174 59 26 382 114 23 31 195 11 6 111 210 33 28 37 122 36 177 147 4 12 351 11 93 137 102 101 164 47 1.99259e+06 266 169 553 167 66 36 120 61 84 132 61 71 102 50 177 176 84 190 0 32 66 89 123 34 168 150 192 19 9 612 172 65 38
108 GCC 343 93 39 2 113 67 22 59 26 181 221 40 122 5 197 115 115 67 178 1 640 147 49 91 183 6 28 58 10 149 84 76 178 6 200 107 107 1.99289e+06 31 131 153 89 50 54 56 84 42 264 48 100 25 40 72 73 10 396 56 94 428 65 17 180 318 106
109 CCG 1 47 178 44 22 253 8 6 126 52 125 179 8 32 189 268 266 48 48 29 0 172 1.99382e+06 177 84 231 32 51 298 8 36 106 1 17 152 107 132 42 41 88 65 122 7 36 473 106 40 8 100 42 5 160 38 37 184 81 121 115 45 98 25 171 38 360
110 GCG 525 3 51 60 304 9 14 52 96 120 264 40 23 35 36 70 136 104 22 57 69 361 194 442 89 36 62 10 126 264 6 343 61 8 20 294 42 15 1.99231e+06 109 22 284 8 16 28 172 10 25 72 17 46 162 25 76 193 233 123 161 56 673 194 296 103 120
111 GAG 121 96 18 41 253 146 4 246 155 9 21 150 43 210 129 132 54 232 74 513 362 60 106 72 65 68 94 81 12 62 89 121 123 47 1.9927e+06 213 53 24 16 95 239 80 70 232 34 32 145 31 93 46 165 2 350 95 41 177 213 92 121 323 112 60 77 58
112 AAA 1.99278e+06 5 50 167 49 76 57 79 86 182 6 41 40 232 11 376 9 48 60 85 196 223 51 100 206 22 290 33 116 66 108 155 37 32 127 211 62 23 43 15 57 116 86 54 20 16 125 97 21 401 521 85 16 117 0 119 393 431 60 357 50 56 120 128
113 GTA 97 7 195 90 170 277 257 91 103 87 89 3 24 91 126 5 387 47 56 120 42 103 22 241 127 211 172 66 137 19 282 263 27 121 29 17 93 41 68 55 122 43 248 267 1.99191e+06 148 200 142 6 83 13 500 112 144 91 115 98 456 40 268 177 138 23 196
114 AGT 101 212 54 46 209 140 110 53 42 43 112 1.99363e+06 70 57 91 101 153 52 84 75 370 258 99 55 82 18 74 1 22 97 38 142 120 169 97 33 207 245 39 175 61 151 39 76 78 59 32 427 48 92 16 71 110 44 131 21 23 324 10 45 139 80 129 16
115 ATA 263 2 146 119 64 73 81 36 24 7 250 333 1.99358e+06 107 37 35 230 19 29 178 97 56 75 185 40 172 18 302 139 33 14 76 199 86 21 136 118 148 103 70 151 213 87 106 22 30 34 112 161 39 56 23 152 95 79 248 32 102 13 42 340 97 34 33
116 ATG 37 82 36 122 32 32 16 15 43 21 25 204 27 117 1.99328e+06 30 234 43 122 96 442 175 61 167 218 27 119 199 149 113 110 27 26 123 43 53 35 65 128 65 33 51 70 41 174 189 114 160 149 154 26 135 38 26 153 384 197 181 223 50 28 276 43 150
117 GCT 102 169 121 125 250 91 78 116 324 28 392 301 95 146 91 156 132 100 93 42 66 221 119 145 99 272 65 241 450 32 175 168 46 1 21 195 85 6 175 1.99226e+06 22 126 22 66 42 39 170 68 53 26 94 135 23 30 141 69 411 141 203 13 50 148 74 40
118 GAT 119 1 107 17 61 270 88 46 157 131 305 84 358 133 87 198 283 85 199 42 21 174 90 122 103 67 115 72 372 120 46 48 36 288 122 1.99122e+06 31 325 229 62 179 328 51 33 281 16 242 157 58 164 170 79 302 124 144 40 125 296 49 24 256 31 19 400
119 GCT 48 200 62 27 31 7 478 131 18 42 142 145 28 41 203 126 140 82 53 57 84 351 105 20 7 145 18 239 53 121 85 64 157 143 126 67 60 113 258 1.99313e+06 63 87 82 6 68 170 29 50 147 18 393 5 53 85 331 40 116 90 60 129 16 4 287 267
120 ATG 26 144 17 87 399 6 58 285 11 162 19 481 185 57 1.99235e+06 34 36 59 447 14 26 72 84 104 248 83 111 273 22 90 105 0 196 93 264 170 13 31 56 70 113 647 83 105 132 58 95 144 125 2 18 304 27 28 65 48 1 135 336 13 145 171 46 170
121 AGG 26 29 124 0 2 190 76 396 371 345 1.99153e+06 84 277 42 17 601 39 41 124 210 173 200 14 167 121 87 10 27 248 145 22 115 65 54 40 1 45 171 162 222 376 72 43 15 92 261 157 97 42 245 239 373 179 48 54 214 73 16 92 15 281 132 123 147
122 CGT 12 176 10 75 222 64 378 3 151 24 94 508 47 22 68 20 10 56 66 127 0 62 66 411 159 305 11 1.99187e+06 22 154 88 183 167 11 89 139 86 372 109 100 147 364 16 117 127 145 236 198 87 74 43 57 205 278 19 315 45 39 205 65 382 8 273 16
123 TTA 25 2 130 17 121 104 92 202 235 30 9 250 6 49 157 476 20 125 172 338 52 114 45 35 78 83 52 249 2 119 114 67 166 357 146 83 8 263 12 214 156 542 71 58 351 179 135 88 24 100 103 181 14 200 51 417 26 279 416 82 1.99133e+06 126 207 43
124 CAC 315 46 20 81 47 50 156 63 142 31 173 50 116 193 77 54 185 1.99305e+06 37 198 30 57 123 133 142 84 15 0 341 59 145 158 5 201 242 128 19 21 159 4 79 100 185 86 16 58 71 89 185 29 219 51 77 92 240 118 121 34 12 169 50 213 333 221
125 ACA 11 53 25 222 1.99356e+06 22 139 24 124 204 9 169 7 194 4 23 1 0 16 52 10 78 168 86 15 139 230 213 19 236 22 64 11 26 2 447 82 247 6 192 84 124 66 19 106 128 46 75 20 85 239 133 173 101 59 146 154 84 236 95 302 36 197 139
126 CTA 25 72 4 172 30 71 118 25 82 56 45 2 77 100 60 19 183 76 62 43 487 87 2 32 310 147 147 10 1.99361e+06 35 57 94 3 26 162 210 48 27 135 90 95 81 51 97 74 207 161 184 77 176 275 8 177 103 32 226 106 298 0 119 1 208 91 109
127 GAT 63 119 273 4 337 19 65 41 26 29 3 31 23 305 37 93 155 0 204 40 43 214 47 68 152 192 140 125 19 28 47 125 97 245 103 1.99353e+06 2 76 60 109 62 119 21 94 120 130 193 183 93 93 67 252 115 41 114 94 210 182 35 35 122 3 28 303
128 CCA 14 80 101 73 60 55 263 119 96 256 101 17 32 14 137 49 31 37 124 26 1.99321e+06 147 40 91 174 27 141 110 134 50 68 289 109 19 53 422 177 124 12 164 166 150 75 53 54 48 101 71 24 25 449 274 52 131 30 148 165 15 108 125 39 22 181 245
129 GCA 156 277 153 7 20 42 297 79 121 16 127 34 234 105 64 57 65 185 16 135 34 274 63 112 56 117 39 164 143 243 192 22 71 82 79 121 1.99283e+06 167 121 161 295 127 63 244 120 13 36 37 88 353 230 35 46 0 391 145 55 10 73 67 3 149 9 128
130 ACG 217 2 145 288 231 84 1.99358e+06 26 81 393 244 29 6 150 234 67 74 7 12 1 52 383 261 63 263 0 71 33 39 70 234 289 175 32 61 17 39 37 11 92 111 74 152 88 194 54 72 44 144 182 44 27 6 53 118 4 5 49 125 3 212 41 66 37
131 TGC 50 80 39 182 140 159 262 122 227 90 131 10 82 9 182 95 163 144 161 20 136 137 12 4 45 32 58 20 73 298 32 190 97 280 375 149 156 92 72 185 161 29 130 20 214 43 9 40 14 32 105 417 299 56 102 106 56 1.99303e+06 54 37 6 98 82 68
132 CCA 96 116 191 446 73 177 86 151 384 2 208 212 47 98 52 85 118 90 4 102 1.99234e+06 123 207 69 58 4 47 349 60 158 165 88 32 93 18 216 240 90 60 52 111 54 11 193 83 72 39 19 138 174 167 33 212 225 88 459 275 56 41 9 88 91 10 147
133 TTC 296 165 80 2 147 60 131 144 67 72 75 68 168 106 93 196 9 40 11 52 3 84 16 44 51 9 72 126 41 162 5 119 32 132 33 122 329 5 95 121 39 0 54 32 88 11 28 13 148 46 87 120 66 31 2 32 28 133 511 208 307 1.99436e+06 48 23
134 GAT 125 18 23 181 311 163 121 60 19 31 19 166 90 117 9 112 44 92 170 103 138 182 158 112 214 114 88 71 224 38 3 191 123 228 114 1.99306e+06 287 138 272 12 105 214 13 11 138 85 77 184 47 101 120 10 58 91 92 25 225 2 367 26 61 100 28 77
135 CAC 139 98 251 86 77 365 219 99 49 101 45 86 254 8 108 112 562 1.9933e+06 6 73 10 430 87 291 109 12 90 20 4 25 58 87 181 83 67 59 224 50 167 31 78 345 41 26 110 62 174 7 98 2 13 98 5 167 63 5 98 22 1 88 66 144 91 75
136 CAA 33 58 91 202 286 20 24 398 19 14 171 88 173 136 363 256 1.99226e+06 123 167 85 64 32 46 77 15 9 8 20 8 188 293 143 66 183 139 76 182 265 15 105 123 132 37 129 16 159 243 214 101 140 143 121 286 36 198 28 233 85 30 192 29 67 114 245
137 GCG 75 48 52 20 567 42 186 786 47 43 182 89 95 3 77 122 353 101 306 248 26 55 183 75 85 86 3 100 55 149 21 128 111 99 26 131 168 17 1.99166e+06 246 46 99 68 378 22 261 40 36 108 48 224 297 61 4 15 77 143 224 329 223 116 201 106 7
138 AAA 1.99332e+06 120 104 246 21 97 90 27 97 21 166 407 31 19 155 20 2 112 399 45 266 69 22 116 16 154 113 63 52 112 74 15 79 97 96 56 139 379 97 204 40 37 76 3 31 12 136 39 121 196 113 50 128 78 100 173 359 103 331 16 41 42 11 41
139 CAC 2 143 301 115 100 84 77 158 156 135 334 55 144 10 70 182 268 1.99112e+06 108 88 77 42 100 176 113 25 93 228 131 242 62 288 18 206 275 312 143 174 7 110 6 59 182 184 432 147 51 99 121 96 188 4 23 441 330 32 44 255 140 111 156 227 61 136
140 CGA 17 323 290 100 15 5 1 730 101 56 7 68 200 3 149 8 70 126 130 4 97 178 158 172 1.99346e+06 15 23 19 150 75 100 188 37 48 84 27 72 10 29 110 73 306 3 377 6 73 103 195 0 90 26 32 12 50 51 181 98 10 247 37 266 89 171 52
141 ATA 76 55 62 230 197 6 54 170 90 170 199 36 1.9925e+06 273 297 168 58 4 8 414 15 17 63 91 118 319 11 47 195 304 77 221 20 275 20 151 53 83 8 129 76 192 142 71 87 23 46 43 171 75 18 251 10 82 336 151 111 75 3 238 288 21 136 66
142 GAA 205 157 33 39 256 3 228 72 154 79 221 62 79 83 494 50 44 84 37 112 520 102 33 483 11 23 83 90 41 64 21 240 1.99308e+06 112 10 222 26 43 26 37 49 87 134 98 29 118 101 125 130 322 194 118 57 34 66 12 57 24 97 225 0 61 42 56
143 CGA 109 11 6 179 254 20 18 418 37 133 18 110 521 57 76 439 147 273 34 66 157 102 56 35 1.99196e+06 93 130 134 328 16 232 20 40 27 226 39 445 199 16 134 148 163 149 365 112 56 308 169 26 29 176 3 138 35 51 211 33 1 57 15 133 258 29 15
144 GCA 352 16 145 534 109 74 99 20 58 5 343 69 371 249 58 279 44 16 376 13 43 109 44 95 28 69 32 81 156 58 11 35 104 17 50 81 1.99256e+06 66 232 68 8 102 96 10 46 92 251 90 162 100 281 192 78 50 25 67 85 147 110 214 24 536 14 50
145 AGA 263 35 11 73 40 52 129 31 1.9939e+06 31 38 44 31 85 74 27 37 66 127 319 130 69 61 210 164 97 181 301 319 134 184 32 94 23 141 38 35 106 249 57 126 76 80 119 8 123 95 43 10 14 8 13 223 6 81 34 79 135 93 117 198 207 16 62
146 ACT 94 49 448 231 150 43 18 1.99193e+06 228 107 95 129 55 6 22 11 108 270 108 189 121 35 328 35 68 194 257 8 118 30 112 12 230 168 156 286 273 284 21 228 120 229 114 71 258 72 50 376 286 32 47 173 107 7 59 117 21 129 62 29 124 190 34 36
147 CGC 117 88 289 41 81 88 65 153 170 33 145 184 17 64 53 138 10 49 105 242 71 61 51 249 17 1.99237e+06 20 59 164 1 150 539 88 14 49 68 74 54 115 126 97 112 246 149 81 277 28 342 480 179 130 265 11 21 259 30 76 157 43 81 66 91 136 171
148 ATG 55 274 78 61 8 207 8 57 31 99 36 110 136 17 1.99437e+06 103 125 226 170 135 30 14 83 27 65 118 63 42 2 69 52 38 125 178 65 175 79 157 26 37 134 88 69 45 408 24 5 8 51 82 21 207 47 112 79 64 29 124 3 35 54 22 38 499
149 GAG 277 162 172 133 68 16 198 138 10 76 165 31 118 22 14 234 259 70 132 6 2 30 34 3 15 89 66 57 105 103 139 353 83 101 1.99187e+06 245 28 339 93 109 566 82 19 697 23 69 97 45 25 53 199 134 14 602 56 117 156 265 43 38 20 78 49 390
150 GCT 311 34 82 31 91 50 124 224 111 163 69 67 37 207 121 17 265 183 249 57 47 391 182 25 113 38 668 46 19 86 307 40 181 106 84 90 41 283 359 1.99193e+06 50 24 169 186 0 252 120 76 49 209 30 165 128 129 326 78 46 35 133 54 43 116 11 40
151 GGA 196 277 214 30 80 260 5 13 44 83 304 86 62 117 104 132 35 173 14 122 147 127 69 102 172 228 86 53 258 157 297 37 173 50 112 97 89 27 165 71 1.99233e+06 118 236 87 300 87 40 124 109 126 137 160 94 46 299 112 56 130 248 67 61 120 20 22
152 CTA 49 10 137 103 24 87 73 21 45 99 53 147 80 141 266 67 104 68 50 55 349 63 17 22 35 20 71 116 1.99237e+06 179 446 298 136 405 286 89 70 148 47 70 9 349 72 2 87 102 182 82 196 19 147 318 120 153 25 348 68 148 64 76 45 3 45 424
153 GTA 22 97 21 212 404 166 126 66 166 78 112 115 109 96 74 104 9 14 223 91 89 555 86 326 225 86 40 264 87 132 357 382 112 27 110 25 301 17 18 26 169 166 66 168 1.99115e+06 217 169 6 39 195 18 69 151 103 245 172 224 200 104 14 294 168 196 123
154 GAT 31 170 56 33 95 236 87 169 35 214 275 60 26 221 41 96 21 77 172 61 245 71 88 407 10 113 108 6 29 419 14 113 137 43 33 1.99371e+06 62 36 23 23 202 109 58 119 45 220 181 100 67 35 178 33 103 60 257 46 3 64 45 87 32 21 17 48
155 CAA 135 67 38 112 99 12 130 152 548 27 94 162 59 75 219 89 1.99251e+06 117 6 56 43 204 69 106 12 72 6 123 7 234 43 11 70 10 99 235 263 114 44 207 97 58 279 34 47 412 69 17 98 235 340 223 137 127 13 89 85 57 359 34 9 335 35 130
156 GAT 40 87 334 7 7 79 71 34 117 31 53 260 91 12 54 53 66 128 43 92 243 48 54 11 52 38 388 207 29 222 23 194 30 4 189 1.99269e+06 175 79 202 358 193 8 35 58 149 131 11 28 203 528 18 91 52 36 158 163 262 287 155 107 147 20 253 14
157 GAT 114 115 144 98 15 137 120 146 15 6 79 83 80 52 78 71 78 117 54 51 28 5 38 28 13 77 105 131 215 92 48 53 288 33 46 1.99304e+06 423 265 485 6 202 21 54 147 223 71 360 85 239 42 26 209 108 139 38 0 103 201 189 212 76 3 122 58
158 CTT 85 421 85 54 115 86 16 80 128 23 112 7 138 57 277 166 148 68 110 83 38 3 222 14 140 82 528 25 131 13 263 1.99316e+06 68 9 136 9 105 34 195 31 159 128 144 17 83 137 72 165 74 51 91 220 84 46 106 45 378 182 46 84 4 12 73 130
159 GAC 265 90 100 115 227 20 104 212 106 373 29 6 325 27 87 14 106 67 175 133 108 37 47 5 277 21 167 154 50 340 34 39 62 1.99358e+06 200 8 34 10 134 84 6 90 151 221 7 183 59 30 4 671 8 31 5 73 46 77 19 61 13 23 46 118 12 78
160 GAG 97 169 144 182 141 22 285 28 30 262 131 133 44 71 22 47 113 269 12 152 108 20 51 117 149 41 90 32 5 23 192 103 127 201 1.9935e+06 177 116 242 46 75 16 120 7 78 60 25 99 91 222 57 60 292 282 38 76 15 54 80 41 76 17 159 93 170
161 GAG 165 143 124 168 39 57 112 231 35 158 543 40 288 0 156 305 322 46 31 141 152 64 197 3 12 44 17 39 16 61 17 263 72 2 1.99298e+06 83 18 148 26 81 28 103 18 193 6 138 17 62 222 69 188 121 86 280 195 26 18 178 144 184 118 26 121 56
162 CAT 112 54 17 175 565 8 132 239 53 192 82 34 302 76 148 57 7 126 209 1.99277e+06 154 37 86 39 21 120 270 5 176 185 67 9 29 399 23 5 92 9 130 124 295 14 99 299 7 153 93 51 29 11 140 179 71 29 240 7 10 18 42 95 349 182 234 14
163 CAA 113 89 44 7 472 216 242 44 114 30 454 18 19 102 95 49 1.9918e+06 62 22 131 132 204 219 36 286 101 192 108 11 255 17 130 19 85 34 59 77 134 41 103 11 212 149 292 92 134 53 17 229 284 153 353 172 28 169 70 80 616 138 227 36 71 15 36
164 GGG 165 84 99 85 105 560 16 370 359 48 72 32 54 64 117 419 81 17 106 12 122 178 209 111 444 32 74 2 135 100 181 52 70 31 300 156 216 78 41 115 190 155 1.99072e+06 207 338 52 48 186 495 270 166 235 257 95 5 74 363 92 41 235 44 173 4 48
165 CTG 27 173 89 182 34 54 12 33 84 111 26 61 99 50 100 92 22 97 125 69 714 105 68 55 168 234 65 18 16 34 1.99287e+06 219 39 136 91 108 281 263 54 72 7 85 16 164 193 324 112 120 233 70 44 84 77 52 2 5 102 100 4 96 476 61 207 216
166 GCG 85 167 162 143 70 124 138 2 79 19 157 51 30 177 8 209 102 90 11 69 68 374 51 51 2 21 16 1 121 186 61 11 104 186 336 37 15 18 1.99349e+06 174 44 1 67 292 11 215 35 75 90 67 19 206 67 151 8 34 488 117 24 187 261 157 157 9
167 CCC 54 310 424 136 270 93 42 92 24 16 132 71 254 63 167 332 188 19 146 2 220 1.99221e+06 45 67 156 145 93 3 53 47 200 64 123 182 245 92 32 42 43 33 66 20 187 39 145 208 329 215 14 72 268 282 70 87 97 171 20 19 25 279 278 14 97 70
168 GCG 201 102 2 112 25 180 84 45 12 19 96 39 55 219 13 57 28 26 2 147 85 200 94 14 63 246 321 21 153 57 108 18 4 82 191 43 51 89 1.99466e+06 267 110 104 95 7 61 59 138 49 52 43 49 19 21 48 9 60 155 23 249 47 63 90 13 205
169 GAA 91 138 42 64 25 157 253 480 42 246 241 651 64 63 111 58 100 76 235 228 212 532 165 175 280 47 120 72 148 291 70 89 1.99037e+06 16 165 203 79 24 47 9 47 120 219 343 99 81 12 107 228 50 637 104 135 153 87 9 17 215 6 223 485 82 53 12
170 CTC 127 79 17 13 32 186 17 60 60 3 19 26 124 116 316 237 85 128 185 273 35 536 33 187 27 98 41 67 89 1.99235e+06 301 78 195 167 26 194 138 369 1 39 42 199 166 180 139 209 61 151 8 21 96 11 356 31 89 89 161 331 25 47 4 58 114 341
171 TTT 117 78 37 25 11 367 104 238 25 165 573 85 18 76 393 118 81 14 205 71 105 52 101 195 60 272 14 27 634 71 181 113 184 100 102 247 218 0 29 82 43 87 320 219 66 113 409 35 91 78 150 28 231 86 193 187 183 20 101 38 97 9 86 1.99154e+06
172 GCT 3 40 100 131 72 80 162 40 227 19 90 31 233 68 154 308 169 51 32 74 32 591 55 86 163 3 62 143 7 245 77 51 108 144 74 104 10 28 75 1.99314e+06 96 124 2 11 184 37 132 301 153 5 168 83 8 142 0 49 156 166 435 50 48 51 266 55
173 AGG 274 238 40 26 27 170 77 116 311 72 1.99221e+06 229 60 84 176 126 225 77 145 28 100 30 172 34 8 126 361 175 29 145 57 193 39 96 2 13 9 44 161 107 199 98 104 82 181 60 110 477 88 16 102 153 222 27 119 324 30 103 312 10 271 42 164 97
174 TTG 36 36 77 151 8 171 164 64 8 13 9 56 81 256 160 14 76 48 91 112 46 50 57 86 106 219 50 26 25 116 19 179 118 5 46 262 150 229 67 128 79 228 149 378 58 116 33 118 78 89 155 42 23 163 45 4 46 31 313 322 63 40 1.99375e+06 59
175 AAA 1.99165e+06 27 212 1 215 68 38 51 27 100 84 142 7 71 188 21 275 70 47 168 29 387 261 14 60 3 93 15 330 117 185 368 100 218 132 38 72 5 34 106 406 309 95 398 80 269 7 101 272 309 143 18 72 21 386 199 45 32 26 178 342 175 19 65
176 GCT 41 281 154 59 357 131 5 13 74 11 13 43 77 295 17 147 191 139 21 173 184 6 182 32 279 231 229 178 103 96 83 112 165 288 97 79 193 167 93 1.99191e+06 149 130 175 134 62 371 47 194 48 151 24 56 71 213 53 170 179 152 57 18 74 90 423 8
177 CGG 59 16 3 62 38 157 15 67 87 43 211 238 122 105 210 65 65 6 49 104 244 132 82 175 186 156 1.99139e+06 414 188 64 170 187 39 112 288 80 20 112 157 106 53 54 257 94 241 15 360 147 289 6 661 62 80 58 224 20 413 53 154 123 163 348 63 38
178 ATG 265 51 43 28 168 616 61 151 181 86 7 200 263 101 1.99106e+06 193 8 148 76 114 34 74 86 125 45 59 149 334 298 176 52 73 80 36 106 20 129 31 575 37 119 28 107 108 64 24 198 134 35 403 15 243 67 202 124 213 119 110 446 335 175 333 8 55
179 CCC 15 92 135 17 15 214 81 29 414 452 413 77 142 159 88 287 157 6 225 202 82 1.99088e+06 322 309 252 148 63 178 51 304 55 29 80 64 76 88 56 224 568 12 85 90 110 6 101 195 12 132 220 103 103 19 123 553 224 29 130 104 182 71 90 102 90 70
180 GAC 27 43 213 181 232 12 107 139 278 36 159 68 299 44 15 33 74 93 158 147 262 16 16 39 161 37 82 14 33 152 164 280 498 1.99252e+06 22 199 134 110 74 98 247 162 5 101 111 50 119 126 187 21 76 58 24 24 210 22 233 69 256 50 16 165 226 170
181 GGT 149 71 19 16 109 121 34 23 283 89 104 493 63 136 5 85 216 10 12 131 295 61 39 58 278 101 229 268 53 192 20 47 377 0 90 113 93 491 242 100 5 66 23 1.99165e+06 61 329 12 224 216 19 85 214 75 112 20 185 190 629 82 153 22 144 156 12
182 GAA 77 39 48 167 82 39 191 226 57 312 12 87 501 103 41 87 83 106 394 192 22 93 41 157 14 126 25 52 180 70 10 43 1.99236e+06 151 149 95 105 29 55 134 75 168 323 370 64 119 164 29 68 48 132 71 65 224 528 251 48 60 41 31 185 110 34 34
183 GAT 93 124 195 98 87 81 278 283 95 84 245 14 510 86 41 393 93 27 98 225 29 51 54 101 2 40 356 53 390 7 40 31 30 11 61 1.99198e+06 106 36 30 300 132 67 225 167 279 247 231 26 92 50 632 111 180 47 60 2 90 152 12 37 194 49 58 3
184 TTG 228 859 159 83 259 3 13 40 20 44 160 254 4 81 63 29 44 5 442 53 77 72 22 331 63 112 38 89 4 147 56 147 266 90 174 91 65 23 175 53 290 48 101 14 95 57 465 71 90 274 232 141 169 39 91 247 74 125 70 105 60 181 1.99199e+06 37
185 GTG 51 119 66 44 134 173 93 153 234 158 78 598 68 307 45 214 16 237 125 196 18 80 6 300 128 273 112 27 37 117 81 94 15 149 27 69 262 175 607 22 5 115 63 42 82 194 1.99203e+06 18 127 4 45 198 21 259 47 113 49 64 100 286 291 32 32 71
186 GTA 60 195 148 121 32 22 25 9 72 128 56 52 93 56 214 524 44 72 93 23 70 42 350 137 46 122 1 35 73 201 158 50 44 49 100 128 47 130 94 191 107 16 43 161 1.99378e+06 54 55 193 73 2 95 59 37 17 157 250 151 250 37 90 99 21 71 71
187 ACT 246 59 311 7 11 143 18 1.99332e+06 56 174 213 95 91 152 7 66 47 35 133 165 16 145 157 29 45 234 76 48 73 31 126 5 63 150 53 9 32 90 26 46 32 6 204 136 34 96 241 55 12 376 65 178 55 206 32 315 172 140 29 114 335 45 114 207
188 CAT 14 16 93 62 53 12 30 63 176 69 17 117 252 597 181 78 203 53 63 1.99212e+06 48 77 60 214 49 85 225 264 86 148 335 151 15 216 98 140 84 109 101 20 135 106 92 81 97 164 13 187 114 155 121 984 44 88 171 21 141 204 23 27 36 78 51 77
189 GGG 32 278 77 47 54 343 63 28 33 244 28 353 454 32 35 92 199 137 99 70 51 333 98 19 24 70 161 9 183 300 25 52 44 43 72 30 55 50 21 178 58 23 1.99336e+06 157 314 36 220 155 58 28 6 143 275 152 21 19 7 11 122 3 101 78 62 80
190 GAT 112 35 149 99 169 231 201 34 275 76 253 6 49 157 42 49 43 139 147 112 18 105 178 94 174 215 146 34 76 36 16 203 61 156 209 1.99324e+06 21 107 2 28 65 59 77 348 28 53 171 66 47 116 111 12 40 290 4 114 20 347 44 179 56 191 17 43
191 GCC 94 41 20 320 99 28 16 27 21 100 41 50 64 144 269 139 75 330 27 32 37 127 121 85 90 110 29 35 238 71 2 80 37 65 55 128 50 1.99359e+06 235 125 114 72 75 232 54 17 109 207 57 321 112 274 38 111 158 16 45 16 63 143 92 321 39 65
192 TGC 42 77 117 228 60 15 297 128 246 49 257 107 37 142 11 32 388 11 3 36 69 16 2 149 134 126 31 280 184 197 53 19 72 160 9 39 224 212 247 294 42 28 191 30 7 51 86 72 26 148 185 92 15 9 130 29 13 1.99352e+06 13 62 48 20 169 209
193 CTC 15 100 76 55 29 42 282 90 25 180 80 69 140 30 362 86 483 102 8 133 40 57 193 434 36 442 186 6 12 1.99068e+06 302 71 54 59 127 33 129 87 477 48 24 95 155 97 173 95 425 228 81 184 569 27 143 44 176 34 263 43 348 141 341 149 111 195
194 CCG 15 142 66 65 156 131 378 8 52 221 64 85 126 51 159 372 249 90 53 73 7 56 1.99261e+06 221 119 88 18 50 0 256 165 23 55 16 36 295 213 130 78 7 172 100 42 121 183 78 75 75 233 152 163 31 14 98 147 110 273 263 83 26 236 54 187 83
195 AAC 202 1.99238e+06 255 105 214 286 131 44 108 263 85 208 135 3 1 92 65 67 173 64 231 30 117 257 133 123 107 203 49 222 8 39 32 94 31 72 267 78 245 95 13 54 269 95 13 32 255 18 92 10 147 723 136 83 17 26 3 35 24 51 217 333 22 18
196 ATA 19 213 60 190 73 51 53 37 60 244 134 174 1.99219e+06 160 220 646 147 198 67 84 61 84 59 55 171 426 179 69 18 88 18 38 13 66 47 129 25 143 11 65 73 27 336 226 17 25 43 49 111 143 47 114 332 36 218 168 251 201 76 161 293 21 19 230
197 ATG 86 63 266 11 159 183 113 174 144 7 6 18 11 51 1.99353e+06 74 219 376 305 99 52 145 199 32 87 8 58 15 146 21 10 69 42 273 252 373 229 118 201 48 11 61 23 68 63 104 121 10 30 144 61 26 61 44 47 1 80 89 176 145 109 174 43 33
198 GTG 338 51 16 121 27 54 104 166 117 58 197 26 57 451 113 55 138 348 55 226 70 400 114 101 223 257 185 59 39 77 77 23 239 306 17 120 250 63 68 33 74 123 327 150 304 85 1.99169e+06 148 164 165 20 40 189 40 6 280 12 12 1 126 46 183 177 203
199 GAA 110 11 128 171 81 233 81 1 103 192 35 38 61 85 88 146 75 26 62 13 95 172 386 120 45 7 92 189 70 22 168 98 1.9922e+06 72 44 34 85 18 19 416 27 598 97 140 104 39 7 193 208 497 400 6 62 453 12 107 16 55 243 129 83 144 106 186
200 AAC 57 1.99165e+06 26 184 73 547 127 6 198 40 162 58 373 56 50 34 20 179 24 250 57 47 104 192 70 102 90 247 107 13 829 7 325 124 47 73 52 350 197 59 40 76 22 33 177 139 98 139 197 32 290 390 59 22 44 33 254 66 11 116 101 165 71 221
201 GGC 58 43 160 241 86 94 259 452 61 116 185 62 34 70 50 315 153 94 33 33 6 87 77 65 135 156 35 258 22 123 76 198 21 90 86 367 275 63 141 241 539 1.99157e+06 61 318 44 33 30 4 89 53 299 96 125 14 404 13 72 263 442 15 7 251 134 2
202 CGT 87 252 191 25 341 63 20 25 155 18 403 57 2 196 37 88 92 87 20 33 134 26 42 102 51 73 269 1.9925e+06 31 12 492 67 11 83 322 60 21 32 57 33 47 326 12 75 16 0 170 83 24 231 207 17 72 164 359 59 54 230 34 149 233 35 722 68
203 TTT 56 31 31 55 172 57 22 79 25 61 44 25 11 141 36 164 67 28 69 36 23 39 5 178 310 267 333 113 93 46 13 487 17 24 130 86 162 266 262 209 254 92 179 47 16 126 153 94 45 21 182 37 70 6 171 8 270 112 221 684 304 298 118 1.99222e+06
204 AGC 75 164 110 218 84 67 86 95 169 1.99282e+06 11 147 21 149 72 278 177 39 49 94 132 274 86 44 160 94 150 36 65 21 55 232 127 82 203 287 16 141 8 76 173 15 271 106 48 34 166 123 34 65 36 14 95 146 114 156 349 352 110 101 23 91 122 43
205 GGA 96 33 129 242 81 46 226 92 60 27 294 33 436 45 6 121 54 123 272 36 60 90 44 53 34 166 33 82 10 48 180 104 223 5 96 32 13 49 4 42 1.99369e+06 353 115 32 49 359 116 16 96 14 40 231 61 38 92 13 505 77 34 17 10 151 49 19
206 TTC 12 75 32 69 53 73 106 6 50 144 166 68 63 80 196 74 166 127 9 268 0 28 21 57 2 317 222 33 216 345 95 6 65 92 61 45 144 239 6 6 480 160 118 4 338 16 215 63 141 36 131 322 148 36 176 125 110 5 37 173 89 1.9929e+06 253 86
207 ATT 129 93 144 86 94 246 224 82 103 130 10 101 114 48 57 1.99145e+06 20 237 148 263 100 27 232 32 38 221 166 254 45 145 188 0 45 162 91 164 258 23 173 219 22 151 235 64 40 2 156 131 527 167 596 34 83 272 2 103 61 337 17 276 102 92 38 128
208 GAT 135 182 25 30 6 206 370 211 28 13 93 237 39 194 40 72 133 102 20 112 42 547 58 149 102 167 256 73 194 103 1 245 382 83 114 1.99106e+06 298 204 198 191 171 37 335 412 93 19 103 168 16 13 60 115 30 207 38 65 336 5 208 113 118 45 409 164
209 TGC 5 361 80 32 15 153 324 198 128 252 231 209 15 406 269 168 24 78 73 17 123 89 487 159 53 110 11 223 74 216 88 71 120 127 171 28 9 27 58 299 19 30 5 230 51 22 19 3 123 7 6 316 40 58 95 52 27 1.99276e+06 55 77 38 55 123 203
210 GGA 486 16 13 45 51 141 70 48 71 22 70 230 27 551 58 95 47 190 37 191 131 53 36 41 42 93 49 171 5 5 16 64 439 563 36 110 78 121 70 287 1.99149e+06 157 79 240 188 377 244 248 360 363 35 50 116 81 12 111 14 33 98 22 44 15 11 740
211 CGG 211 203 3 21 19 110 492 53 54 82 73 4 59 19 87 65 145 60 40 125 225 235 0 49 38 135 1.99316e+06 106 280 103 247 73 44 37 48 19 131 116 106 110 68 39 121 148 249 114 116 200 25 45 71 125 132 116 51 189 1 111 89 197 12 131 168 300
212 TTG 90 36 38 180 148 625 29 256 255 36 108 45 70 3 31 558 7 64 233 70 183 119 16 59 237 33 75 215 247 46 87 57 58 107 90 160 297 119 76 33 50 47 123 404 17 91 48 192 50 209 192 4 377 268 98 115 105 100 121 5 76 36 1.99205e+06 30
213 GGT 55 54 16 195 7 18 13 275 24 48 425 143 91 30 36 108 21 39 274 133 377 71 334 78 174 106 5 222 1 76 150 282 33 106 39 94 44 226 208 137 122 47 22 1.99263e+06 126 58 0 162 9 68 35 84 159 345 184 104 90 63 106 413 19 279 3 106
214 GTC 108 24 81 21 15 210 49 71 32 101 162 179 30 195 473 17 107 12 61 123 10 159 47 81 50 629 78 35 58 25 118 125 66 39 127 37 73 32 217 473 111 43 304 52 58 1.99287e+06 53 65 235 54 86 17 253 277 40 177 58 134 14 232 82 205 3 28
215 GCT 64 296 11 441 3 9 464 286 283 46 61 11 225 102 3 53 80 55 84 62 124 100 213 118 212 44 85 131 21 184 172 443 86 28 39 24 158 43 3 1.99256e+06 111 178 206 136 56 193 17 41 141 63 149 49 282 54 42 14 151 194 223 6 44 62 83 81
216 GAT 86 62 181 244 94 38 69 247 34 124 309 158 4 87 37 63 39 64 147 112 129 76 178 66 53 68 22 31 164 28 258 69 11 88 39 1.99326e+06 45 65 10 217 148 163 107 45 98 57 240 137 83 239 12 131 215 108 448 31 38 5 28 42 4 23 520 7
217 CGA 65 34 194 33 234 83 129 67 8 187 97 261 107 3 96 258 247 6 31 353 24 113 110 23 1.991e+06 104 107 21 74 200 42 188 386 645 341 132 399 77 14 251 152 161 97 72 189 108 291 52 24 40 328 6 185 38 16 233 219 59 52 70 246 272 88 259
218 TAT 122 206 21 98 80 166 873 12 128 77 169 261 69 207 283 240 346 5 43 55 798 147 262 26 58 64 239 71 186 200 153 103 111 119 134 24 38 492 17 38 41 20 360 224 52 65 131 121 56 149 20 1.99051e+06 104 29 129 123 114 47 11 66 150 2 667 65
219 CAA 235 87 25 37 289 58 3 20 48 179 19 72 380 386 207 149 1.992e+06 393 613 11 89 465 16 1 145 79 140 35 283 24 79 99 157 85 66 45 59 315 52 0 179 83 24 21 61 14 85 141 201 69 265 131 126 20 215 75 0 141 159 32 10 166 316 22
220 GAT 162 6 272 91 35 4 65 66 49 95 21 562 129 255 81 244 107 104 155 38 148 223 41 24 76 179 234 128 15 62 36 247 47 119 13 1.9918e+06 100 236 4 347 144 90 128 160 13 107 24 297 80 17 64 52 40 224 58 14 147 662 21 51 118 532 265 77
221 ATA 80 55 30 229 0 195 120 231 105 29 3 144 1.99174e+06 135 70 68 161 219 94 86 104 153 92 47 208 24 170 66 262 355 41 240 171 58 334 62 89 106 117 75 276 36 93 604 0 195 164 7 313 59 99 99 33 88 458 27 54 171 52 206 81 78 34 205
222 GCA 15 65 25 46 268 115 35 124 37 20 84 90 37 596 6 94 102 322 6 24 37 77 65 67 5 20 263 315 31 13 46 148 4 199 2 148 1.9939e+06 60 167 61 262 71 34 29 161 26 21 361 51 266 10 24 6 88 14 3 28 126 115 351 68 0 109 41
223 TTG 55 75 3 43 130 30 21 92 160 40 105 92 66 121 40 241 159 267 101 40 27 25 49 25 9 158 9 27 314 44 73 276 24 29 105 109 162 181 50 21 59 57 140 13 98 325 107 342 73 139 13 59 42 120 57 47 184 81 56 135 240 40 1.99396e+06 11
224 GCA 120 46 157 402 66 111 123 118 17 124 21 247 109 72 190 207 2 87 45 5 94 87 147 101 18 100 219 53 196 201 543 197 485 235 148 138 1.9915e+06 45 74 47 200 27 95 97 63 182 280 26 32 98 117 36 63 120 170 121 87 79 198 236 286 95 182 217
225 ACT 247 129 34 4 21 28 12 1.99317e+06 97 31 97 20 136 12 118 19 132 163 115 113 143 8 7 253 23 25 148 129 280 38 18 76 57 25 56 235 159 72 29 44 11 139 103 87 429 36 327 104 213 221 168 222 122 119 12 29 77 51 200 62 27 186 66 470
226 CGC 113 105 53 239 187 124 81 100 345 71 160 35 75 113 43 36 138 29 426 267 121 18 171 63 245 1.99253e+06 34 66 181 21 188 212 25 69 308 129 19 52 165 46 168 19 208 44 238 83 32 136 100 260 20 95 191 183 191 142 18 133 8 12 128 3 110 75
227 GAT 42 6 37 13 143 328 41 183 351 21 113 315 262 12 33 46 238 203 132 368 104 381 30 2 308 418 68 119 105 13 76 191 187 125 126 1.99159e+06 213 13 196 57 27 0 22 32 352 336 169 409 22 87 65 1 2 131 0 94 216 125 19 59 13 143 291 174
228 ATC 449 208 252 117 155 79 9 78 98 1035 306 212 43 1.99073e+06 160 179 135 83 14 35 36 307 26 6 222 53 7 223 10 82 222 24 148 412 54 56 17 179 183 315 118 85 15 12 73 42 209 87 88 256 330 142 150 313 47 35 161 15 238 37 360 113 94 25
229 GCC 62 51 24 28 62 147 126 142 103 87 323 173 168 116 63 79 18 55 306 170 318 93 202 45 76 65 121 132 74 183 64 216 81 339 74 47 82 1.99184e+06 109 146 81 277 0 44 173 133 272 15 11 434 362 81 68 25 185 109 242 48 174 51 68 111 215 214
230 GAA 216 34 55 147 142 242 12 321 163 349 32 13 174 26 106 60 21 141 64 64 133 73 268 49 146 47 31 188 115 186 213 91 1.99231e+06 41 166 213 176 52 64 124 10 246 220 24 39 189 21 101 260 21 84 44 59 29 648 47 29 41 309 248 11 21 214 17
231 GAG 96 74 148 224 80 0 43 68 272 71 222 34 234 141 32 152 1 181 181 288 24 118 82 35 253 320 111 61 49 70 19 99 11 12 1.99295e+06 53 116 10 231 94 210 24 85 71 16 249 173 15 126 131 18 309 232 199 82 5 53 219 57 57 50 107 180 71
232 CTT 256 12 59 12 127 154 51 41 176 235 186 71 139 163 13 60 49 21 146 21 55 149 53 213 55 73 109 628 8 302 127 1.99164e+06 247 197 32 187 268 295 197 66 64 26 415 305 171 129 84 46 73 309 8 79 53 14 321 403 57 137 103 42 23 90 106 47
233 GGT 95 22 80 95 50 23 236 412 176 49 9 55 279 337 151 168 3 27 205 21 41 21 120 27 86 125 13 6 61 81 36 3 128 111 11 35 306 260 151 132 46 194 71 1.99178e+06 163 42 238 59 450 710 309 14 138 338 338 9 40 91 48 245 62 151 9 210
234 GGT 104 262 55 124 2 406 38 76 25 38 61 26 186 62 275 137 62 68 97 94 178 405 157 71 10 18 101 166 12 19 76 87 5 76 358 106 201 151 337 203 107 580 3 1.99196e+06 101 127 67 252 76 165 12 48 15 87 100 311 47 80 104 169 28 193 393 43
235 GAA 292 169 229 327 125 115 266 225 95 145 189 170 222 16 159 104 145 70 27 222 335 48 113 49 73 178 21 8 27 26 439 461 1.9916e+06 60 146 53 55 36 199 184 216 122 41 143 228 89 32 74 183 53 125 28 16 80 36 248 128 89 50 115 103 109 109 157
236 TGG 106 58 44 273 89 36 72 2 133 59 196 84 28 64 105 133 330 217 87 102 107 207 172 15 64 144 366 3 254 29 119 221 18 46 155 332 88 24 45 125 263 121 41 17 32 396 256 61 37 98 127 146 29 163 110 360 12 122 1.99253e+06 46 136 31 26 91
237 GCA 82 48 52 197 199 9 96 148 13 75 15 452 181 49 129 12 221 72 77 243 20 113 3 57 285 485 59 555 7 192 133 69 26 118 75 51 1.99189e+06 315 61 64 207 173 4 88 120 12 131 171 10 44 266 297 181 320 114 262 45 197 101 131 22 108 33 16
238 GAC 39 727 133 153 137 44 47 134 125 178 75 480 279 663 79 73 29 302 39 4 28 78 242 472 70 73 183 97 81 152 51 90 229 1.99086e+06 71 67 126 172 40 113 92 34 39 52 82 187 206 106 160 188 110 4 170 52 135 122 256 93 13 382 76 17 46 342
239 AGA 73 42 113 112 162 29 28 208 1.99359e+06 66 26 32 152 102 10 118 135 52 44 38 409 278 15 29 265 8 398 47 102 12 78 161 58 47 133 26 232 144 12 372 35 105 71 14 100 58 19 103 2 6 134 127 42 144 92 45 100 200 138 99 83 105 206 11
240 TTT 282 151 619 230 138 86 39 378 53 163 122 64 68 48 278 125 22 17 20 85 256 252 299 48 5 24 4 153 2 80 98 4 4 38 208 577 154 26 12 132 227 48 9 141 209 101 46 137 180 66 295 251 127 0 135 104 427 8 75 180 120 382 8 1.99136e+06
241 TTA 80 12 43 552 76 137 112 24 78 224 250 210 131 186 25 320 47 75 115 65 45 204 108 92 309 36 303 206 21 98 125 157 28 70 35 38 57 62 50 105 200 140 20 96 104 97 333 43 163 323 15 146 461 4 95 17 169 66 30 270 1.99196e+06 75 122 143
242 GTT 44 63 279 100 135 26 102 144 115 21 16 10 22 104 158 186 6 247 42 69 152 425 108 318 405 105 41 153 1 95 51 72 67 16 118 0 40 1 231 26 50 28 204 19 69 331 45 1.993e+06 10 40 107 180 53 300 191 250 17 23 129 122 69 220 186 42
243 CTG 142 79 17 183 120 116 57 25 2 67 21 103 71 38 80 42 88 51 393 38 152 209 55 6 46 52 150 160 44 176 1.99269e+06 212 46 24 44 252 178 132 55 232 12 183 158 115 246 212 213 62 66 23 180 133 48 70 78 153 28 88 232 381 41 249 211 166
244 TAT 382 69 113 249 12 203 62 67 16 36 7 41 22 139 290 220 67 31 90 91 357 21 113 11 223 24 283 13 48 517 39 50 91 107 496 77 266 251 130 105 354 166 62 30 152 34 241 38 63 38 171 1.99194e+06 96 11 24 52 1 77 400 131 6 326 93 64
245 GGT 59 62 6 109 14 14 152 141 428 15 17 18 112 168 114 221 276 30 158 7 49 59 207 87 2 61 126 135 59 33 109 91 38 40 101 195 62 273 422 718 544 95 195 1.9924e+06 203 148 37 136 44 14 152 15 13 15 80 373 33 118 118 108 18 54 12 87
246 ATC 23 45 168 47 145 82 72 224 426 46 70 408 142 1.99169e+06 12 89 7 14 99 251 59 50 314 34 307 7 129 49 46 8 43 110 188 281 39 103 261 97 138 57 5 232 224 132 293 62 19 77 74 48 210 327 293 187 252 67 148 193 20 179 127 195 8 244
247 GCG 26 55 288 181 106 91 260 114 146 56 229 669 45 16 219 164 77 80 82 246 454 41 0 209 97 113 41 72 102 6 36 196 89 380 60 17 12 41 1.99122e+06 142 119 15 193 79 101 308 115 35 148 80 71 251 417 55 51 249 94 146 13 75 354 123 92 333
248 GCA 156 55 140 16 254 13 50 287 195 83 46 203 57 78 179 131 83 25 45 33 92 308 192 18 118 160 204 174 240 90 23 83 28 121 67 342 1.99246e+06 98 75 71 177 125 123 197 77 330 169 96 13 112 392 11 65 194 16 66 41 72 104 2 195 253 53 25
249 CCA 7 102 30 19 79 1 215 82 236 195 27 156 115 44 200 164 199 328 80 145 1.99246e+06 130 10 85 75 5 323 171 217 104 91 54 47 30 52 60 14 84 326 162 99 39 368 77 104 40 53 37 170 148 53 70 36 28 155 81 518 87 8 245 395 110 11 143
250 GAC 59 142 60 47 244 116 228 92 125 239 167 71 193 54 117 42 219 85 352 86 123 36 173 40 93 184 66 131 111 287 269 130 195 1.99129e+06 65 77 153 364 32 24 30 126 114 53 60 20 382 328 10 139 11 134 195 229 21 69 11 88 26 163 287 114 120 688
251 TCT 39 119 83 36 80 37 200 391 37 151 74 45 39 2 50 154 219 75 48 9 79 36 162 4 103 284 343 156 38 11 413 269 140 211 85 51 33 40 166 123 105 45 224 177 186 30 91 60 81 169 43 29 28 208 53 1.99286e+06 25 339 202 86 132 63 22 105
252 CAG 111 196 84 94 97 72 4 72 49 6 100 71 21 219 12 57 24 70 1.99405e+06 340 96 25 47 26 17 103 136 40 10 31 54 96 45 227 1 190 113 36 32 23 30 54 4 22 154 132 110 21 7 55 155 307 96 1 263 120 64 103 8 54 148 471 407 113
253 CGT 33 38 9 54 56 25 28 63 49 169 39 175 252 45 325 341 280 39 9 96 66 111 142 158 100 0 11 1.9929e+06 14 141 21 104 11 286 21 165 24 98 294 263 88 158 388 67 3 243 517 21 97 141 74 82 76 38 32 202 67 58 183 36 24 102 173 75
254 ATC 317 213 197 28 89 53 35 258 98 446 188 20 45 1.99234e+06 37 10 138 103 181 108 56 196 33 84 36 67 511 6 8 67 32 53 167 74 146 5 238 150 27 157 9 77 205 3 0 37 235 269 419 26 139 50 40 279 54 223 37 2 97 34 246 164 196 142
255 GCC 65 215 141 82 26 268 0 188 196 132 69 209 195 1 49 144 5 17 65 84 35 4 165 131 59 79 42 221 237 24 61 37 186 148 11 146 19 1.99274e+06 80 263 181 107 5 45 105 1 116 71 331 21 321 143 27 158 19 172 85 379 105 250 88 283 60 92
256 TTT 242 33 10 410 79 223 47 15 87 120 241 29 97 443 521 197 590 333 240 97 213 56 478 68 355 75 407 143 199 34 116 289 52 66 258 67 67 0 134 32 101 5 87 37 11 27 104 13 78 132 274 221 146 136 90 142 99 156 88 9 71 40 29 1.99074e+06
257 TAT 95 36 44 33 8 31 23 166 61 52 7 22 62 206 401 81 29 366 280 251 445 94 32 384 85 127 141 16 124 176 17 143 14 143 114 228 264 15 111 95 95 0 123 23 114 177 78 123 117 11 306 1.99211e+06 139 104 73 77 464 90 28 82 220 15 89 322
258 AGA 83 185 622 35 102 72 40 57 1.9918e+06 68 78 20 71 32 245 70 96 183 440 271 58 71 81 260 223 48 89 35 230 203 1 68 385 41 176 158 184 148 49 287 233 1 102 75 31 23 37 34 50 85 60 137 229 251 11 48 151 35 167 236 350 14 14 265
259 TTA 3 15 132 395 262 81 16 41 273 342 88 200 19 282 160 6 17 88 202 181 26 91 148 2 51 70 248 150 87 7 83 235 31 44 261 191 23 201 75 126 63 49 214 29 19 137 124 192 36 284 147 89 39 76 109 66 275 185 40 123 1.99236e+06 213 182 1
260 CTA 82 39 183 239 18 195 49 38 49 60 71 289 69 127 101 115 263 43 302 71 57 38 7 62 89 212 46 125 1.99331e+06 405 26 30 7 362 99 46 41 122 9 108 28 288 33 3 17 241 32 139 148 3 40 86 95 2 120 81 73 67 492 63 2 25 165 157
261 GAC 125 21 202 95 19 122 21 264 271 360 67 36 161 297 44 31 365 84 96 294 134 111 58 174 286 37 151 41 175 31 22 18 136 1.99291e+06 55 2 217 37 75 73 97 105 55 75 57 73 425 53 13 213 46 9 43 106 372 43 84 37 106 82 14 68 12 96
262 GAG 369 318 111 196 224 29 28 39 242 88 55 209 167 58 206 36 221 63 131 358 67 210 49 31 32 403 130 21 18 97 189 140 65 126 1.99105e+06 105 2 170 40 59 65 11 285 8 267 62 296 171 127 120 137 248 468 356 45 167 253 208 15 97 169 83 141 50
263 TTC 11 50 183 224 194 129 458 66 84 250 1 74 64 647 3 118 190 2 356 95 144 138 98 13 60 129 37 64 20 15 113 77 45 79 164 21 28 126 158 200 19 210 23 131 187 101 36 57 119 145 63 70 76 113 121 140 148 245 117 204 314 1.99218e+06 49 202
264 TTC 284 159 236 167 54 13 1 61 28 26 2 111 41 66 47 55 381 381 9 294 110 52 63 19 40 136 46 92 130 14 49 59 213 23 154 224 6 213 16 25 66 160 193 194 83 98 298 229 10 86 87 143 141 64 82 28 77 260 2 532 72 1.99284e+06 90 62
