# POSITION WT AAA AAC AAG AAT ACA ACC ACG ACT AGA AGC AGG AGT ATA ATC ATG ATT CAA CAC CAG CAT CCA CCC CCG CCT CGA CGC CGG CGT CTA CTC CTG CTT GAA GAC GAG GAT GCA GCC GCG GCT GGA GGC GGG GGT GTA GTC GTG GTT TAA TAC TAG TAT TCA TCC TCG TCT TGA TGC TGG TGT TTA TTC TTG TTT
1 ATG 305 38 55 16 218 20 236 0 97 9 39 17 64 700 994389 122 27 117 17 18 18 82 53 30 38 10 47 68 57 33 85 83 104 147 119 45 195 279 448 6 88 143 94 0 40 86 33 30 0 73 0 207 49 34 56 69 0 200 16 74 82 17 69 89
2 ATT 494 55 554 52 50 4 80 57 65 12 87 102 139 2 70 993739 43 912 20 44 8 57 1 33 14 11 26 2 22 9 32 3 0 5 9 27 325 59 6 74 0 5 0 13 661 111 14 82 0 483 0 141 118 47 36 36 0 30 20 23 8 193 23 652
3 GAG 134 498 102 600 262 5 120 188 48 195 405 493 157 48 49 19 1233 437 446 1426 474 4 59 56 17 95 414 24 515 420 37 132 41 121 989067 8 3 9 31 19 150 9 69 78 21 3 0 11 0 162 18 118 239 87 135 97 0 23 3 51 53 110 145 7
4 CAA 189 148 146 161 15 5 27 71 23 12 22 13 87 186 63 17 993898 3 147 87 449 597 500 141 56 69 23 4 67 14 153 37 148 53 1 5 14 5 1 11 37 20 67 85 85 399 220 27 0 4 0 24 106 52 22 50 0 13 216 11 21 78 712 83
5 GAC 1941 77 107 657 250 105 460 58 8 2020 143 141 775 563 11 196 137 97 337 101 1439 62 76 351 38 157 6 208 4334 255 340 91 459 969295 342 7 15 132 309 59 1483 297 1146 216 366 15 24 6 0 62 0 7 83 1304 458 2146 0 48 49 130 1342 429 3775 455
6 GGC 4208 1619 1040 769 572 2835 355 988 147 167 822 597 1894 205 571 759 71 7 6 50 7287 3138 548 7134 36 184 139 249 106 161 120 16 427 92 612 373 459 23 783 114 115 953635 7 6 210 79 71 317 0 824 0 525 92 1409 942 323 0 78 916 29 133 478 4 124
7 CTT 25 11 179 16 41 19 3 10 70 8 14 52 2 10 13 19 1 10 4 46 6 40 40 133 195 15 21 37 50 52 41 995479 229 2 109 14 3 41 0 12 37 8 233 11 32 35 43 43 0 6 0 7 26 12 83 54 0 1364 57 698 110 13 50 6
8 CAT 24 26 1 93 2 1 51 4 11 20 26 7 9 0 372 3 59 26 13 996117 262 55 889 225 178 32 16 12 29 87 13 161 83 3 105 17 8 29 11 12 20 18 53 186 55 27 14 82 0 80 0 17 112 9 20 39 0 82 4 40 2 1 46 1
9 GCA 12 95 153 227 16 14 25 15 71 26 16 5 136 178 32 85 13 16 24 24 107 238 55 308 46 54 28 251 163 367 24 16 86 2 102 6 995427 148 41 42 70 82 263 19 94 21 90 98 0 19 0 31 126 24 12 66 0 2 11 3 42 27 192 14
10 GGA 1 12 11 12 46 10 21 18 29 14 27 5 4 1 27 1 49 0 5 5 13 8 24 48 21 152 16 52 30 13 11 13 10 15 1 3 13 4 2 1 998690 89 93 64 68 6 12 83 0 18 0 12 14 12 5 0 3 44 2 5 9 3 20 0
11 TCT 64 4 72 3 1011 302 237 832 736 285 7753 27 576 663 221 723 1057 393 2388 575 2378 282 508 656 9570 2320 3886 359 3656 1874 856 1527 27 100 341 320 103 4 49 18 9 304 44 30 433 339 232 21 0 2205 0 7583 78 165 16 930618 0 1970 38 231 3109 1080 908 3831
12 CCC 23 4 13 27 66 41 47 72 1 7 18 41 4 0 0 4 79 10 7 5 134 998554 29 67 8 34 0 21 31 23 29 22 10 21 2 21 32 176 83 27 4 6 14 13 13 9 18 8 0 0 0 0 21 0 9 35 0 5 14 0 1 20 16 1
13 GCT 7 0 165 10 105 72 37 163 38 11 37 111 7 26 16 44 65 37 36 9 32 9 5 156 19 79 3 38 165 356 56 228 50 72 174 78 17 31 166 995588 16 15 6 54 9 87 44 203 0 6 0 12 73 70 89 449 0 30 3 2 85 2 391 36
14 GCA 33 32 17 17 214 84 30 35 3 81 64 54 4 1 61 0 10 5 14 100 3 64 35 150 27 68 44 25 0 10 0 5 99 3 29 26 997491 25 88 306 31 46 34 49 39 4 12 22 0 18 0 8 70 24 42 184 0 23 2 15 12 3 1 4
15 TGG 2 2 1 4 2 10 2 1 41 13 109 51 4 27 10 8 12 12 0 17 1 5 10 2 20 25 24 16 82 80 19 160 1 17 4 1 19 1 4 5 18 18 29 66 9 4 8 49 0 10 9 20 20 7 16 13 29 82 998622 60 64 10 11 2
16 GTG 769 25 1703 41 181 48 111 140 263 228 280 155 0 23 8 2 36 1 182 4 10 20 5 1 438 913 37 395 20 71 3 5 262 5 8 34 169 261 171 116 32 278 465 128 41 168 990712 79 0 14 0 2 155 89 296 41 0 57 123 82 24 8 55 7
17 GAA 130 4 8 1 6 101 11 30 30 50 38 15 2 8 9 14 108 38 139 59 169 39 143 1 122 27 30 12 3 20 12 57 997640 35 64 36 17 22 9 3 38 34 5 26 26 1 100 2 0 4 0 4 176 144 49 61 0 1 32 3 11 3 7 11
18 CGT 34 38 705 17 7 23 14 4 93 122 32 338 38 1 13 8 2 47 20 85 5 38 12 57 57 181 100 996958 14 8 33 52 47 10 9 48 4 7 7 48 110 32 1 99 46 8 12 15 0 36 0 14 34 21 48 63 0 39 14 24 32 0 16 0
19 TTG 2 1 7 0 3 1 0 4 34 1 11 0 3 10 38 10 3 1 6 2 19 10 8 3 36 22 61 29 10 48 31 86 9 16 4 13 4 4 12 2 11 29 1 6 0 12 37 19 0 0 0 1 1 4 43 10 0 28 37 0 72 164 998957 4
20 TTC 800 5 230 12 794 10 35 235 486 119 640 60 39 50 109 68 96 109 65 46 7 61 259 40 77 181 282 644 10 135 10 118 1342 90 1430 1 156 200 175 104 102 12 5 12 27 59 12 10 0 85 0 119 15 49 55 12 0 109 3 57 165 989560 104 98
21 GGA 25 48 2 23 2 16 1 8 109 13 19 9 13 12 9 6 5 3 1 11 6 19 3 3 43 30 14 23 20 0 10 1 10 46 6 24 36 7 14 22 998913 11 37 68 71 13 14 2 0 1 0 8 15 0 20 58 23 6 7 13 19 0 22 7
22 TAT 19 15 2 53 0 12 3 0 8 14 12 47 15 10 26 3 9 0 7 38 6 4 7 2 1 0 9 1 0 1 11 41 5 15 8 15 1 11 5 4 0 4 13 7 8 5 6 13 11 12 1 999181 5 63 44 21 0 14 21 47 1 42 25 16
23 GAT 39 63 21 210 118 11 56 7 74 2 10 13 21 16 8 11 11 7 55 75 12 20 7 2 49 3 27 80 3 28 59 36 132 20 39 998048 0 23 0 40 21 0 18 111 3 4 34 6 0 25 0 86 9 42 5 16 0 72 14 43 7 11 4 13
24 TGG 12 11 9 22 2 2 4 2 19 0 70 40 1 5 8 5 5 6 21 0 9 7 9 3 16 55 128 4 20 16 4 16 6 47 0 5 8 2 8 3 13 21 16 12 13 3 19 5 0 9 0 13 15 9 68 33 0 57 998907 52 45 4 71 5
25 GCA 94 5 98 22 32 28 36 28 4 81 17 61 93 29 8 25 38 0 23 17 10 14 34 6 13 4 11 17 26 13 3 55 101 120 37 49 997312 73 120 193 0 9 38 14 62 99 131 154 0 59 0 55 91 138 61 34 0 10 3 15 35 13 18 11
26 CAA 48 5 93 6 0 9 23 30 15 7 15 3 32 63 18 7 998070 125 90 23 107 34 6 69 187 7 16 30 24 88 93 77 127 2 21 20 1 3 2 13 14 16 19 14 8 0 14 1 7 4 0 0 65 22 17 6 0 2 70 9 29 37 28 9
27 CAA 79 7 2 32 70 122 134 59 45 18 64 12 945 84 70 747 995511 19 25 42 12 13 7 47 7 9 115 8 4 0 4 0 41 6 42 17 1 18 15 2 15 7 15 8 104 481 536 4 40 3 0 7 47 58 117 19 0 33 1 6 5 11 11 17
28 ACA 26 107 8 3 997896 94 51 52 38 23 54 17 76 21 1 5 0 74 0 109 30 15 8 77 13 92 29 69 1 16 9 6 13 0 4 9 244 40 164 63 9 0 8 2 9 9 6 7 0 7 0 158 56 22 86 4 0 11 1 7 7 15 18 1
29 ATC 13 85 4 11 4 14 1 6 3 173 0 43 142 998773 7 55 18 5 25 4 0 14 1 0 0 2 1 3 23 14 41 26 7 2 8 5 0 2 3 2 34 3 38 0 14 16 2 13 0 11 0 2 44 14 45 48 0 32 5 4 66 32 21 16
30 GGC 3 8 4 10 13 2 5 3 11 100 18 120 14 24 14 25 4 9 7 4 0 4 0 4 31 31 70 72 0 17 12 10 2 104 5 25 4 32 0 25 390 998359 67 15 5 34 30 33 0 9 0 5 16 18 9 14 0 22 10 68 19 13 4 14
31 TGC 17783 9 3544 35 5 1 5 8 54 96 81 7 12 15 14 9 4564 41 228 4 4 33 2 0 192 234 318 75 756 245 57 7 8 23 12 10 14 9 0 48 2 30 6 0 6 33 7 36 0 13 0 15 89 30 46 44 67 970797 30 16 75 10 73 13
32 AGT 1 2 0 10 31 19 2 19 57 265 23 998777 19 7 18 1 18 1 25 2 8 2 4 0 4 9 117 19 10 2 1 21 3 9 18 10 3 2 4 1 1 18 8 55 41 9 16 14 0 10 0 18 87 8 15 22 0 70 4 31 2 12 11 4
33 GAC 39 96 136 89 327 135 110 343 51 88 83 73 10 3 17 8 11 29 1 15 438 108 101 39 74 85 43 23 4 29 200 27 23 992884 77 71 22 42 18 78 463 213 1248 81 58 93 66 24 0 20 0 60 200 451 294 501 0 20 22 22 35 15 49 15
34 GCC 8 4 2 9 13 29 7 6 16 64 34 25 22 13 24 6 62 1 56 15 13 22 6 15 53 28 7 79 2 8 5 0 18 12 55 4 50 998774 32 9 6 32 15 9 39 37 15 19 0 4 0 1 59 18 77 29 0 4 4 5 8 0 8 3
35 GCC 34 49 1 66 22 100 481 727 11 27 6 10 20 66 1 193 75 47 101 40 6 66 24 13 55 17 97 22 24 0 10 3 42 137 44 17 61 995957 90 96 10 23 15 22 7 294 84 72 0 15 0 6 111 230 76 27 0 68 0 10 12 9 35 16
36 GTA 24 13 0 8 6 10 0 9 2 3 18 1 5 3 44 0 4 8 12 6 3 2 2 1 15 15 12 36 128 7 87 30 148 18 0 5 9 20 6 5 76 26 49 103 998715 56 68 68 0 4 0 1 1 6 0 10 0 1 1 3 65 11 3 8
37 TTT 5 11 1 1 10 0 1 8 2 4 7 31 10 6 4 10 5 2 3 6 2 42 24 16 5 10 5 8 12 15 41 12 9 4 0 3 11 5 19 6 1 5 0 16 0 18 12 26 0 9 0 63 29 13 42 80 0 3 2 12 26 60 33 999174
38 CGC 6 6 9 3 14 0 25 10 48 87 55 33 0 1 8 5 4 34 4 0 10 16 15 16 121 998716 50 89 29 79 42 23 11 1 3 5 3 3 6 12 2 51 12 16 10 14 23 3 0 9 0 14 14 43 52 41 0 45 0 22 4 5 12 6
39 CTT 9 14 4 3 10 9 7 14 12 30 0 15 10 2 3 11 0 7 2 33 3 5 16 15 7 0 5 28 71 169 82 998768 12 6 6 6 3 1 11 3 184 103 28 1 4 3 24 10 0 7 0 0 6 34 16 5 0 14 5 5 77 1 35 26
40 AGT 8 63 13 38 195 243 50 74 80 44 31 998109 5 11 14 22 47 15 35 42 5 18 3 8 78 41 20 119 15 7 4 3 41 2 16 2 2 6 3 11 8 5 16 66 54 107 13 10 0 13 0 3 39 15 12 25 0 17 8 14 4 17 3 8
41 GCT 10 0 30 134 4 16 29 11 29 2 8 8 8 2 1 9 83 6 117 2 14 6 4 36 6 1 1 6 2 0 13 4 3 4 19 18 122 38 60 998328 6 17 14 10 22 22 8 7 0 2 0 7 16 11 17 45 0 471 7 112 0 4 6 2
42 CAG 165 9 2 6 307 250 113 81 24 157 79 71 5 1 7 5 7 62 996592 35 31 231 130 152 58 101 173 12 30 19 51 42 2 78 78 15 75 11 42 81 20 4 4 11 10 11 3 15 0 8 87 3 76 42 129 73 0 18 53 3 13 3 19 5
43 GGA 37 96 29 60 143 51 53 62 24 1426 8 232 2 2 12 36 5 68 10 9 10 12 13 24 55 26 20 100 17 10 0 0 95 19 11 51 55 22 11 76 993115 35 123 50 28 14 5 9 0 17 0 29 97 643 1610 1041 3 12 32 30 3 63 15 34
44 AGG 123 0 191 1 4 1 161 13 197 91 997973 0 17 11 14 12 53 1 57 0 25 3 25 24 3 37 42 90 46 25 43 14 4 1 14 3 16 6 15 7 176 60 61 142 26 20 8 5 0 21 0 0 3 2 16 0 0 7 19 7 2 29 26 7
45 CCG 138 59 434 70 4 52 146 17 2 39 14 41 1 6 31 26 18 23 98 5 321 11 997267 7 12 18 72 177 4 6 26 10 122 52 40 21 10 19 303 23 3 15 3 29 7 29 6 6 0 1 0 4 7 11 24 71 0 3 9 5 2 13 3 4
46 GTG 6 25 10 218 335 1589 172 339 7 28 44 67 4 2 43 16 3 7 3 1 409 90 38 29 16 32 46 8 23 97 41 58 1 5 110 45 361 86 515 697 425 15 128 52 99 291 992629 112 0 5 0 0 147 6 1 93 0 22 5 175 90 6 67 6
47 TTG 47 2 93 1 1 4 3 2 37 11 45 1 0 3 44 15 52 199 44 1 31 16 0 9 28 59 46 54 61 40 31 112 7 4 0 9 4 3 10 7 2 35 1 4 5 4 86 2 0 246 2 55 5 6 15 6 0 18 110 29 95 32 997969 137
48 TTC 0 6 3 6 2 9 0 6 3 33 8 26 1 30 7 1 39 13 3 2 0 5 6 26 3 0 13 2 37 43 37 35 8 7 5 2 4 1 4 13 5 20 1 16 17 143 48 8 0 28 0 10 0 112 23 1 0 4 7 11 32 998937 21 107
49 GTT 13 11 10 0 12 3 4 0 6 9 6 1 4 8 13 157 4 1 16 8 7 9 2 5 6 4 12 7 24 20 22 10 1 1 4 49 11 30 79 19 21 3 1 17 46 225 59 998913 0 1 0 3 3 3 5 0 0 2 5 19 15 2 42 7
50 AAG 25 53 998908 2 0 7 31 3 31 11 35 0 15 22 18 14 34 2 22 5 14 1 3 2 26 7 68 17 6 1 4 12 30 5 97 4 4 18 7 0 10 0 22 6 58 5 6 53 0 16 62 6 66 5 28 20 0 9 11 6 25 15 0 7
51 ACC 0 19 4 43 207 998854 73 74 6 40 5 35 8 36 0 3 3 3 17 5 7 6 4 28 6 3 38 20 14 0 31 20 0 38 0 5 2 51 16 9 5 34 7 13 9 0 10 5 0 9 0 9 17 78 14 9 0 8 3 3 2 4 10 18
52 GAT 8 36 2 11 32 697 454 184 15 486 11 404 154 306 14 18 216 7 274 16 12 17 4 6 5 24 10 3 36 70 19 27 1219 161 174 982596 1216 278 3301 2734 0 50 30 54 135 167 301 51 0 39 0 47 690 402 679 1336 0 199 8 517 21 7 3 7
53 TTG 206 57 16 66 6 65 221 175 139 167 346 75 58 11 15 10 13 88 63 131 0 418 33 1 537 237 456 337 26 12 134 11 4 25 100 7 595 181 142 321 11 46 3 17 65 193 67 86 0 31 6 1086 116 54 118 528 0 11 101 9 89 71 991758 29
54 TCT 7 7 4 10 16 14 27 10 0 5 12 37 28 19 4 14 11 192 25 52 3 4 9 6 40 1 46 21 16 6 2 4 117 5 74 1 6 12 48 5 36 58 0 21 25 26 1 5 0 1 0 6 44 50 91 998598 0 6 6 58 11 2 3 32
55 GGG 1 4 1 11 0 0 7 12 181 2 166 1 14 1 1 20 65 219 23 187 5 1 7 2 1 20 48 23 2 97 1 69 14 7 8 12 3 24 107 1 87 47 997754 90 124 3 110 54 0 59 0 13 13 0 29 26 0 40 1 13 54 5 85 25
56 GCG 25 13 35 43 2 15 11 14 26 3 7 110 1 23 11 40 44 35 112 196 36 31 79 38 16 9 3 12 0 2 1 11 34 21 50 26 123 57 998116 45 11 21 39 4 40 43 102 22 0 16 0 3 3 52 122 6 0 1 11 18 1 0 2 7
57 CTA 10 16 9 20 3 0 10 7 74 3 32 7 80 9 40 8 2 1 3 15 39 28 66 9 119 7 20 102 998706 85 18 18 11 5 0 12 8 21 10 10 3 15 2 5 60 5 1 6 0 10 0 0 22 42 9 10 0 15 10 1 97 2 41 1
58 AAC 39 998295 33 107 41 14 22 25 139 34 3 7 1 23 33 2 35 133 19 34 2 17 35 2 67 62 11 135 38 38 11 8 41 39 25 2 34 64 1 18 4 24 1 21 1 3 2 9 0 63 0 11 2 16 13 31 0 0 21 13 32 3 38 3
59 GAG 11 11 3 8 6 2 5 3 21 11 0 8 4 0 1 3 120 3 149 2 7 1 4 9 0 1 5 2 18 11 12 11 136 35 999033 9 7 12 23 17 22 18 87 2 12 2 9 0 0 0 10 3 4 19 0 35 0 0 24 19 8 0 2 0
60 CTG 2 0 9 9 3 5 1 6 117 8 117 5 27 4 103 7 0 11 8 15 38 42 53 0 65 48 57 2 211 14 998363 108 11 16 0 4 18 16 8 8 9 11 6 6 0 3 8 0 0 1 0 13 42 30 9 37 0 14 2 20 50 14 174 12
61 CAA 43 7 32 15 8 3 10 5 31 4 35 5 24 19 70 1 998437 35 157 82 8 24 16 32 6 42 1 18 30 6 3 19 94 54 4 91 31 4 4 50 6 12 18 10 22 29 28 9 79 18 0 87 7 34 8 11 0 11 5 1 7 0 24 14
62 GAT 0 21 1 42 4 0 13 6 24 1 39 0 4 9 1 4 3 15 0 23 10 5 40 2 37 3 7 4 4 49 5 11 399 169 547 998096 18 10 2 1 53 15 1 39 53 22 0 27 0 31 0 24 10 1 15 10 0 9 1 1 19 20 5 15
63 GAG 29 4 157 2 27 11 12 7 27 5 11 18 4 9 0 0 88 3 42 4 16 3 2 3 6 39 9 5 59 39 17 24 183 108 998503 9 48 33 86 4 3 27 8 39 17 11 13 4 0 6 7 9 4 14 14 13 0 19 6 1 42 10 77 0
64 GCG 35 2 13 5 7 4 1 8 14 103 1 62 4 30 6 38 3 0 2 0 11 7 28 23 4 5 29 1 0 3 5 6 1 24 41 12 104 37 998878 87 38 9 3 13 9 10 0 16 0 10 0 5 33 4 140 34 0 14 2 4 0 1 4 7
65 GCC 12 34 7 2 6 17 4 10 14 31 22 12 8 6 11 5 15 0 52 4 36 4 1 15 6 31 19 44 1 11 1 10 22 34 23 17 84 996318 46 22 18 18 3 5 562 1053 213 839 0 4 0 23 33 54 8 51 0 40 14 20 0 0 18 7
66 CGA 0 2 10 23 2 16 12 9 42 42 89 46 2 16 11 4 27 3 9 19 74 44 17 24 998473 165 182 25 32 11 30 15 8 7 5 7 13 44 1 5 10 4 40 4 11 11 5 14 0 3 0 5 86 15 88 75 18 13 3 8 1 2 5 13
67 CTT 11 12 2 17 11 7 3 4 14 3 26 9 32 21 27 119 2 1 3 140 35 88 10 42 64 26 4 26 100 95 106 998570 2 15 9 1 8 2 1 12 6 20 11 17 7 27 0 18 0 8 0 4 6 18 11 25 0 0 22 4 55 30 22 9
68 TCG 37 16 64 34 2 11 9 4 98 53 444 117 28 56 19 8 80 3 165 1 8 18 91 11 97 3 92 12 23 27 17 11 2 5 0 12 92 34 116 58 7 6 8 31 13 10 5 17 0 9 3 8 52 17 997658 81 0 0 26 5 5 7 53 1
69 TGG 3 13 20 3 2 1 1 9 15 44 71 28 0 2 6 15 2 7 0 0 11 5 4 8 4 16 44 0 12 13 109 80 46 0 8 10 15 17 13 11 28 56 221 70 0 6 18 4 0 13 58 12 0 15 42 29 26 0 998613 5 38 1 70 7
70 CTG 5 1 16 8 9 10 6 6 9 7 20 2 17 1 111 2 2 0 1 8 57 3 122 7 8 14 60 20 63 79 998793 139 1 23 12 18 11 5 0 5 20 27 8 15 16 64 3 2 0 5 0 3 3 6 19 2 0 30 0 7 5 1 81 2
71 GCC 9 6 62 47 1 43 8 24 1 43 27 112 3 11 8 15 3 12 23 11 4 108 71 2 4 11 21 34 7 2 5 0 35 6 51 5 80 998443 67 154 41 34 3 18 4 17 0 36 0 9 0 7 83 39 5 52 0 10 2 34 7 3 15 2
72 ACA 47 33 10 6 998429 335 185 51 20 65 17 20 14 0 12 1 15 13 7 32 202 50 10 19 36 0 0 10 2 0 7 3 0 2 1 7 9 1 33 4 6 5 0 10 13 3 22 2 0 0 0 9 81 34 36 26 0 3 0 7 15 9 5 6
73 ACA 6 1 5 14 999054 124 174 13 46 29 7 12 74 14 4 1 2 9 10 3 36 3 7 11 6 1 5 0 2 1 4 0 19 1 0 4 132 3 17 5 4 5 1 0 11 6 1 23 0 12 0 9 17 11 12 6 0 7 2 0 2 4 5 3
74 GGG 6 1 0 0 7 16 10 5 12 18 91 11 2 0 7 5 3 7 4 3 0 0 2 0 7 16 70 15 9 1 0 5 0 1 38 4 15 57 52 12 495 104 998768 8 2 7 6 23 0 2 0 5 15 8 3 3 0 19 5 1 1 8 2 3
75 GTT 0 16 3 1 15 10 2 12 5 2 6 0 1 109 5 109 10 7 36 6 9 3 5 1 9 3 1 4 26 8 9 256 20 6 3 49 17 15 1 9 1 0 5 14 85 62 39 998720 0 9 0 1 7 2 7 17 0 10 6 3 15 0 92 96
76 CCG 0 1 31 0 79 130 59 31 0 148 17 34 1 10 0 9 5 7 60 1 75 48 998376 18 38 0 9 52 40 15 158 35 4 12 6 2 22 5 5 3 19 4 6 24 1 3 3 0 0 11 0 4 48 3 99 93 0 9 12 7 87 6 10 5
77 TGC 6 2 6 1 16 3 2 5 18 0 24 11 5 6 0 10 1 4 6 14 2 0 9 10 9 89 6 10 4 10 2 15 0 4 4 1 4 6 7 3 6 55 25 2 11 23 54 22 0 52 0 1 0 11 32 26 46 999137 65 50 1 41 2 3
78 GCA 0 4 3 1 23 17 6 25 85 9 53 20 3 0 1 2 68 7 22 9 90 3 22 2 86 59 41 7 4 0 0 5 48 4 88 0 998720 69 119 46 56 16 6 3 10 9 13 0 0 3 0 3 10 23 29 28 0 4 3 3 1 0 6 3
79 GCG 520 120 530 98 13 83 336 7 13 43 131 13 5 530 3 1214 39 34 118 19 1 40 86 27 146 33 33 235 2 0 1 2 29 11 197 23 111 56 994199 36 94 26 391 95 6 12 9 5 0 0 0 4 39 33 83 22 0 19 0 5 1 4 0 15
80 GTT 9 1 1 1 0 4 4 1 18 1 2 10 54 6 1 42 3 4 5 9 0 2 5 2 36 14 37 8 6 3 3 82 1 2 5 4 22 10 2 35 5 24 5 109 84 61 69 999035 0 4 0 7 1 4 3 3 0 11 3 3 11 2 18 83
81 TTA 5 1 88 11 7 16 23 11 6 9 28 1 60 14 67 73 45 19 2 11 15 32 0 49 0 143 48 3 128 68 102 18 205 10 89 24 0 0 17 1 17 19 22 7 68 12 20 15 0 19 0 5 17 11 13 8 15 10 22 12 998077 52 39 71
82 GAT 0 6 10 7 6 46 7 2 8 5 11 2 2 5 2 11 7 8 0 47 9 15 3 0 1 7 10 15 9 3 14 15 8 96 37 999183 0 10 2 31 55 18 7 16 6 26 6 16 0 2 0 126 2 13 11 1 0 5 11 1 8 7 1 2
83 GTT 30 9 51 7 13 4 40 0 23 8 68 43 26 17 54 34 2 28 18 14 17 4 7 21 77 12 28 78 2 5 67 37 22 38 10 58 17 14 51 42 4 22 97 237 163 49 132 994770 0 41 0 85 20 38 93 8 0 10 19 14 61 1756 50 1235
84 GTA 4 6 15 4 60 1 28 5 6 77 5 4 20 4 1 12 50 7 2 5 3 30 6 18 4 11 0 9 31 35 35 3 13 5 10 40 93 43 62 166 11 20 14 22 998500 110 51 48 0 4 0 19 4 65 10 3 0 16 48 0 77 1 44 0
85 ACG 22 46 127 6 24 294 998496 21 10 24 3 13 23 86 25 21 11 7 4 3 4 2 7 17 2 5 8 3 9 9 7 7 0 5 19 3 12 2 141 100 3 2 15 16 8 6 14 35 0 7 0 21 1 28 116 5 0 14 8 26 4 13 14 16
86 GAG 19 0 48 13 1 8 0 1 1 3 15 31 1 0 4 7 9 3 15 1 5 0 3 3 22 3 14 12 23 20 60 16 49 125 999001 9 6 88 66 7 14 8 40 3 6 3 22 0 0 20 21 27 2 2 19 1 0 19 2 9 37 2 31 0
87 GCG 15 26 73 0 14 4 41 24 21 27 17 138 6 2 14 5 6 6 6 25 17 66 46 7 3 0 6 9 3 4 1 8 51 11 148 10 57 364 998255 52 8 8 80 8 10 1 15 37 0 3 0 17 4 10 118 9 0 37 11 0 1 25 5 5
88 GGC 0 7 1 23 2 12 1 5 15 81 6 1 6 0 1 17 4 3 6 3 8 9 4 4 38 8 17 9 2 42 3 12 4 12 23 30 15 124 23 29 23 998954 89 13 44 7 2 1 0 6 0 2 20 10 27 40 0 95 9 27 1 5 15 0
89 AGG 17 8 10 2 16 15 16 7 106 92 998294 113 4 15 19 21 10 0 4 71 4 11 20 8 75 61 101 102 26 43 3 3 2 52 3 7 9 11 26 11 9 2 13 8 4 5 6 9 0 25 0 5 74 21 2 12 0 57 239 2 3 3 61 22
90 GAT 6 43 25 70 8 22 6 2 2 8 13 7 3 0 24 10 2 6 20 7 0 3 0 12 25 13 6 19 50 5 9 0 15 36 45 999057 20 5 79 47 0 21 22 29 4 10 2 37 0 11 0 52 10 1 8 8 0 14 10 19 3 3 3 3
91 TGG 2 0 11 2 3 7 5 5 0 7 25 20 7 0 1 6 19 8 2 8 10 8 3 17 41 66 26 35 24 17 82 47 7 0 2 1 4 5 2 1 135 16 107 2 6 4 1 1 0 36 1 4 2 9 65 3 20 38 998874 55 31 5 41 8
92 CTA 7 13 10 6 0 5 4 7 11 12 0 6 38 5 9 0 3 24 19 5 10 37 23 3 13 3 8 15 998141 114 433 390 1 7 6 5 14 0 6 3 15 0 12 7 62 0 5 5 0 10 0 21 1 9 2 20 0 4 19 34 95 6 257 0
93 TTA 6 3 1 8 5 0 4 12 6 5 5 0 11 0 15 0 8 6 21 6 59 28 6 11 15 0 1 35 279 129 61 18 18 0 2 3 1 0 3 11 2 9 5 24 20 14 16 24 13 1 0 5 24 4 8 8 0 0 12 7 998833 26 121 22
94 TTA 0 2 4 0 19 0 48 15 15 0 9 2 28 0 10 0 22 5 3 0 1 6 12 29 24 12 10 1 58 76 81 19 6 28 2 5 2 6 7 13 1 2 2 0 71 4 13 0 7 5 0 3 38 0 25 2 75 5 10 4 999006 54 70 23
95 GGT 39 0 1 8 6 0 2 8 40 1 0 27 0 2 11 2 7 14 28 1 4 0 7 1 35 49 19 43 4 3 2 1 0 31 0 14 24 11 28 43 70 25 49 999072 39 10 30 21 0 12 0 7 10 4 1 1 0 60 13 19 3 8 25 5
96 GAG 45 1 43 2 1 5 2 1 1 3 30 1 7 4 6 8 13 3 196 5 10 1 8 6 10 9 2 6 2 4 2 5 192 34 998995 7 0 10 34 4 8 24 36 10 5 25 0 11 0 8 5 0 15 9 2 0 0 2 5 43 4 29 17 24
97 GTT 8 6 2 3 1 4 8 15 41 6 13 2 2 0 5 25 0 10 2 5 18 10 7 3 0 56 72 4 21 10 2 19 5 0 1 32 16 14 2 21 15 1 44 24 119 109 109 998972 0 5 0 3 6 3 1 6 0 16 3 13 2 10 63 5
98 CCG 7 5 7 7 16 4 37 63 21 29 38 4 2 5 9 12 12 2 10 0 57 22 998848 80 19 61 81 0 11 41 16 8 3 1 4 1 13 9 6 14 10 2 38 34 7 5 11 5 0 1 0 6 34 44 103 39 0 10 23 4 5 3 29 2
99 GGG 0 0 3 5 0 2 2 7 13 35 152 2 1 6 0 3 11 9 0 3 5 4 3 0 7 15 55 4 26 1 0 2 3 26 4 11 5 11 31 14 49 101 999045 27 34 16 5 6 0 1 0 2 6 7 51 44 0 23 49 29 0 10 10 4
100 CAA 30 2 37 2 0 20 30 12 0 4 7 23 13 3 2 5 998666 73 263 48 102 136 7 34 70 19 36 9 7 8 44 24 4 10 19 7 9 13 5 2 5 2 15 14 14 12 3 1 0 0 0 11 16 2 16 15 0 6 1 2 6 3 47 4
101 GAC 4 9 4 22 12 1 8 6 19 7 7 32 0 1 20 17 17 14 85 5 11 4 8 38 14 12 1 0 3 14 7 4 29 998963 35 176 2 40 23 11 4 10 12 17 2 39 31 5 0 36 0 7 41 24 31 9 0 5 15 4 1 11 11 0
102 TTG 0 9 1 5 9 1 4 5 53 9 46 0 1 4 65 4 14 1 2 0 12 8 8 31 31 18 34 23 77 11 23 71 2 12 4 46 6 1 0 6 10 0 28 6 13 7 8 1 0 0 0 2 2 0 33 8 0 4 9 5 340 17 998831 19
103 CTT 6 4 1 2 4 2 1 5 7 11 0 8 1 6 9 78 4 3 4 24 24 5 6 79 1 3 2 16 87 137 16 999229 5 1 1 2 5 2 0 4 2 3 1 6 0 2 8 11 0 0 0 13 0 13 2 5 0 0 3 8 74 1 16 27
104 AGT 4 54 5 20 2 39 50 14 40 43 48 998900 32 5 17 11 17 2 38 0 8 6 2 2 28 12 32 34 0 5 7 2 1 8 3 1 16 10 7 10 11 30 61 71 12 3 5 9 0 8 0 2 80 25 25 69 0 1 10 16 6 4 7 10
105 TCC 1 2 8 7 3 20 9 9 28 37 12 129 58 67 2 18 2 4 3 8 2 3 4 4 4 36 1 62 41 35 38 40 2 2 3 12 53 121 11 0 4 28 6 0 24 0 8 2 0 65 0 1 186 998552 33 37 0 20 34 7 11 22 53 6
106 CAC 10 194 38 39 84 15 15 43 17 149 40 36 9 12 24 25 293 997297 324 21 71 34 5 14 15 17 35 52 10 57 17 1 5 228 19 141 20 43 8 10 13 6 12 65 3 8 9 1 0 32 0 4 100 5 70 93 0 42 4 29 7 1 9 0
107 CTG 10 2 1 1 4 10 7 7 0 3 21 17 6 10 41 5 10 3 35 0 5 5 88 0 17 3 38 30 167 153 998881 21 2 7 0 6 0 4 1 0 0 5 14 3 32 4 57 4 0 28 0 7 1 0 7 4 0 0 12 4 32 7 153 5
108 GCC 21 5 6 4 9 2 0 20 4 62 2 25 7 7 3 6 0 5 14 7 401 109 15 158 5 2 7 6 11 6 6 19 2 23 9 6 108 998095 61 43 85 79 78 62 2 33 52 24 0 13 0 30 14 50 41 68 0 5 5 29 6 17 1 5
109 CCG 6 0 9 1 25 6 35 27 4 21 4 4 3 9 7 4 32 3 33 0 206 19 998882 152 8 11 36 7 5 26 7 36 0 6 2 13 10 5 3 16 0 1 4 37 20 36 30 16 0 2 0 1 0 10 16 25 0 0 12 16 62 4 22 3
110 GCG 0 0 6 19 3 31 65 46 5 38 1 134 11 1 7 1 4 2 13 27 2 3 15 49 9 2 5 14 7 7 11 6 267 17 151 29 65 177 998206 130 1 6 37 0 3 29 90 9 0 17 0 1 27 48 58 19 0 5 9 24 3 0 17 11
111 GAG 4 2 16 3 3 10 16 13 3 4 11 10 6 16 10 12 22 1 11 4 18 3 10 25 7 23 1 21 96 112 17 18 121 94 998905 58 0 0 6 2 5 4 25 4 46 14 20 28 0 0 32 1 6 2 11 1 0 0 10 0 34 9 24 10
112 AAA 999159 120 13 60 45 19 10 6 33 8 13 14 51 16 4 26 7 12 8 1 2 5 0 6 1 1 4 12 4 9 4 1 55 11 1 2 0 1 4 3 28 3 11 0 1 3 2 7 72 13 0 4 17 13 7 35 0 8 2 3 1 7 5 7
113 GTA 5 2 16 8 38 9 54 32 3 4 7 2 44 32 19 1 15 5 7 1 12 1 3 5 23 3 13 9 59 29 4 0 3 18 12 2 25 13 24 44 26 0 1 6 998961 64 118 136 0 6 0 10 11 7 2 7 0 0 6 1 10 0 16 6
114 AGT 1 10 16 291 13 7 24 27 41 126 69 996207 13 63 4 12 6 5 10 5 10 15 6 50 46 25 275 183 24 26 59 81 5 1 1 0 111 510 120 294 36 45 110 89 11 23 2 9 0 24 0 49 61 52 141 32 0 305 6 177 3 1 25 7
115 ATA 53 7 36 24 173 25 7 8 97 4 13 34 998925 132 15 54 1 4 4 2 5 6 10 6 0 2 13 5 28 6 5 1 7 24 2 11 3 5 3 7 5 4 4 0 39 3 27 22 0 2 0 3 37 5 12 27 0 3 4 9 4 6 9 8
116 ATG 32 3 18 11 69 18 223 6 23 3 32 3 47 82 998872 7 10 0 2 8 4 9 19 0 41 36 62 77 13 3 24 11 10 14 2 5 4 0 4 0 2 1 1 0 39 27 26 38 0 2 0 0 1 19 0 2 0 2 1 3 18 2 6 3
117 GCT 6 5 2 1 0 8 0 79 42 81 6 58 32 3 2 4 45 13 22 6 3 6 8 5 18 5 24 33 3 4 5 3 34 3 74 28 167 62 51 998732 0 55 0 11 36 6 34 42 0 2 0 9 3 13 51 34 0 2 3 3 4 0 2 7
118 GAT 13 2 0 38 5 16 12 11 2 5 2 22 10 6 16 3 24 0 5 11 1 8 10 0 6 3 8 11 2 2 0 14 191 31 6 999286 29 4 4 12 0 1 5 15 3 2 7 9 0 0 0 20 2 23 0 0 0 37 3 5 8 6 6 17
119 GCT 14 13 39 17 11 2 4 36 3 24 8 36 3 0 1 2 0 7 5 0 12 27 3 40 2 5 2 2 32 0 0 6 12 0 70 48 195 44 15 998968 3 4 7 15 4 1 6 65 0 5 0 3 38 29 12 34 0 1 29 1 12 4 19 0
120 ATG 1 3 22 20 25 106 14 21 17 0 88 4 27 86 998013 71 1 1 9 3 10 15 19 6 10 0 37 10 152 131 181 139 1 19 29 24 5 10 14 5 22 40 25 41 6 3 71 5 0 39 0 3 5 6 4 0 0 5 8 3 204 0 145 16
121 AGG 26 0 51 7 72 24 40 54 265 31 998314 55 2 39 34 24 8 3 6 2 46 4 19 4 81 8 54 69 83 11 21 27 12 131 7 4 1 17 17 16 78 1 19 41 1 2 0 28 0 3 0 12 20 13 7 12 0 9 6 1 14 11 21 12
122 CGT 17 2 5 11 45 27 42 8 116 48 155 170 34 3 29 12 1 15 1 42 14 6 1 3 92 31 44 996818 68 231 99 511 3 2 33 53 18 13 21 3 50 24 43 43 12 16 1 4 0 27 0 21 5 44 62 76 0 23 30 67 421 1 179 4
123 TTA 1 3 3 8 20 3 19 7 36 17 4 1 69 10 76 3 20 0 1 8 37 13 11 8 8 2 18 36 21 22 11 68 3 1 5 4 1 3 24 23 5 0 0 8 84 4 4 39 13 25 0 15 4 3 2 15 0 12 4 28 998982 72 49 4
124 CAC 7 123 4 68 78 101 9 109 67 17 84 4 2 21 4 0 33 998060 40 160 41 1 166 5 31 78 7 100 22 45 1 7 8 103 26 2 13 11 13 11 8 4 27 7 1 5 23 21 0 28 0 26 21 20 29 47 0 6 7 1 7 8 1 21
125 ACA 38 38 18 56 998339 78 92 19 8 45 18 52 7 13 9 16 12 11 21 33 114 10 69 19 8 29 28 2 7 7 12 5 9 2 15 14 64 74 55 97 30 53 9 9 7 7 1 3 0 26 0 5 47 66 75 2 0 27 18 20 15 0 11 6
126 CTA 2 0 4 1 1 4 21 10 0 0 7 2 3 8 15 2 34 5 4 10 21 50 7 71 14 6 14 7 998975 110 243 35 5 0 0 9 18 2 4 9 6 1 1 0 83 9 20 17 0 4 0 13 1 3 10 0 0 3 1 2 26 18 42 7
127 GAT 36 13 7 13 0 4 1 7 3 173 4 38 9 0 25 2 17 6 24 18 34 5 12 2 0 22 1 4 3 16 11 14 39 26 52 998649 0 6 2 80 20 5 3 12 1 21 22 1 0 33 0 4 49 75 136 208 0 5 11 4 5 4 3 0
128 CCA 23 5 10 13 37 13 4 4 16 34 19 55 25 19 10 226 40 0 10 18 998717 59 272 26 7 18 17 8 56 17 2 19 5 3 3 12 8 2 1 0 9 10 7 2 3 2 3 3 0 2 0 7 12 0 13 24 0 3 4 2 32 4 24 1
129 GCA 2 1 15 5 37 4 1 7 11 7 24 59 4 17 15 3 6 11 52 5 49 3 28 4 2 34 38 15 2 3 16 19 105 3 24 4 998639 58 12 21 20 12 3 5 37 7 0 20 0 8 0 25 202 75 119 17 0 14 0 6 9 6 44 6
130 ACG 7 14 26 5 338 106 998717 52 11 13 28 9 9 18 9 3 20 9 1 16 27 9 34 21 1 3 3 4 31 13 31 20 1 2 1 8 9 37 19 13 3 7 7 20 8 0 4 2 0 2 0 22 5 9 47 15 0 0 1 6 31 18 90 5
131 TGC 6 5 4 7 9 5 13 14 0 16 4 21 4 1 16 2 1 2 14 19 5 4 6 8 7 18 2 26 24 23 0 4 4 13 7 26 8 0 2 2 13 2 7 4 28 2 0 7 0 12 0 1 13 15 0 34 4 999381 10 55 7 41 5 7
132 CCA 13 7 1 1 77 56 5 4 7 2 2 13 0 4 0 11 184 18 21 4 998772 141 97 38 16 3 11 7 34 7 2 25 5 26 1 2 25 6 18 26 7 3 7 40 0 1 10 2 0 0 0 7 12 14 0 1 0 5 2 8 16 10 149 14
133 TTC 1 1 3 7 7 8 5 26 3 6 0 7 11 10 4 2 17 7 3 0 19 5 5 5 2 3 4 4 5 66 29 11 5 5 34 0 2 1 1 3 5 10 34 8 3 73 1 43 0 77 0 7 5 28 41 11 0 15 2 13 29 999234 18 6
134 GAT 14 12 3 62 1 7 5 16 1 9 1 0 6 10 1 6 142 22 52 6 15 15 19 2 2 4 3 2 2 1 0 7 70 107 54 999066 1 3 4 29 7 24 3 78 6 13 0 7 0 8 0 2 11 14 1 4 0 1 11 5 6 4 9 4
135 CAC 10 35 2 16 0 7 0 20 24 17 17 1 3 0 2 4 16 999384 18 12 17 10 31 21 14 40 10 12 8 11 19 4 31 5 1 9 10 18 2 2 0 3 1 0 16 13 5 0 0 13 0 17 17 0 1 3 0 0 1 7 8 19 10 3
136 CAA 50 1 8 0 53 24 29 40 6 11 74 4 8 7 6 3 998708 19 116 10 257 4 5 6 126 53 57 7 36 1 19 5 42 0 11 2 2 4 2 11 17 7 5 1 4 1 1 1 27 0 0 3 28 4 9 10 0 22 21 0 2 1 3 6
137 GCG 82 3 20 12 2 11 9 14 225 14 552 21 45 1993 376 362 46 0 12 3 2 3 24 21 170 70 536 160 419 396 29 350 40 1 47 14 46 45 991011 27 7 10 18 0 109 116 313 373 0 314 0 483 47 36 23 12 0 14 13 12 296 274 69 248
138 AAA 999033 15 38 46 0 6 0 10 57 2 6 12 77 6 13 3 175 3 15 4 3 3 5 0 28 131 23 17 19 3 0 0 26 0 6 4 6 14 11 3 1 1 4 13 15 4 3 0 4 34 0 4 13 9 16 4 0 2 3 0 1 17 0 29
139 CAC 9 57 24 6 0 40 9 10 12 13 4 3 3 8 1 9 42 998732 206 113 56 85 41 14 7 115 3 8 5 28 4 0 0 53 5 15 22 16 26 2 16 7 12 0 5 6 16 3 0 6 0 2 1 1 13 44 0 4 7 2 9 31 8 1
140 CGA 0 6 3 12 4 6 10 6 24 21 81 10 4 1 5 0 139 11 5 11 10 0 3 2 998542 314 115 77 70 6 23 1 3 5 30 11 1 0 9 2 37 3 34 52 2 0 1 5 0 16 0 0 76 51 56 10 7 0 2 11 1 3 44 6
141 ATA 34 1 7 8 15 18 4 16 17 11 13 13 998447 82 19 80 12 8 14 12 3 12 6 24 19 7 17 3 13 5 30 7 0 2 1 2 19 0 2 3 13 13 0 38 96 393 99 149 0 4 0 4 4 2 2 1 0 32 7 33 12 38 1 53
142 GAA 64 2 20 1 10 6 9 11 3 6 10 0 47 11 4 50 49 13 5 8 2 2 3 0 12 7 6 2 12 2 3 4 998847 153 127 1 3 2 10 9 192 8 35 28 12 6 24 23 65 4 0 11 6 1 2 8 0 5 9 6 1 8 2 8
143 CGA 9 0 0 9 82 72 291 89 117 33 103 26 2 4 78 9 12 30 5 69 91 15 143 40 997713 49 107 66 2 16 11 16 17 3 29 8 11 5 2 8 24 8 4 12 13 47 4 13 0 18 0 2 9 39 47 4 11 163 26 102 23 0 22 17
144 GCA 5 0 4 35 4 8 2 2 8 98 2 149 0 4 1 2 7 0 1 8 43 17 26 1 1 1 0 10 2 1 3 2 63 6 28 12 998870 69 119 21 13 2 2 9 88 10 6 6 0 3 0 0 82 42 6 42 0 2 2 5 5 21 3 16
145 AGA 1 20 4 62 16 0 1 15 998609 146 129 3 35 4 2 4 4 66 9 32 13 1 12 6 40 125 1 23 8 45 0 13 1 6 14 4 7 1 0 17 16 49 47 0 6 3 9 10 0 30 0 20 14 40 11 1 113 13 4 8 46 20 29 12
146 ACT 102 1 11 128 79 121 27 992519 29 79 93 1 165 213 10 389 34 14 27 71 3 2 13 2 6 286 0 9 500 64 1146 504 118 5 427 12 27 25 62 60 31 14 5 20 186 29 37 147 0 21 0 8 39 29 106 20 0 57 5 18 1294 5 536 9
147 CGC 7 6 1 3 1 2 1 7 182 46 27 2 4 0 15 3 28 2 3 5 17 12 9 23 102 998797 21 60 20 12 26 10 16 11 5 13 0 1 1 5 12 101 26 4 2 4 0 20 0 5 0 8 5 42 145 23 0 15 15 9 50 6 2 0
148 ATG 19 0 48 2 17 5 48 1 6 5 100 22 127 119 999019 23 3 12 3 5 0 0 3 7 8 1 0 21 15 21 66 18 6 7 4 12 1 0 15 8 3 1 4 6 6 29 35 45 0 5 0 2 13 2 0 11 0 0 4 1 12 13 6 5
149 GAG 848 22 227 103 11 6 7 0 130 1 19 19 29 254 97 516 46 228 70 44 64 8 13 19 7 24 43 36 58 249 115 180 93 44 994971 10 15 6 25 18 112 7 119 31 21 191 194 13 0 21 3 93 9 57 17 6 0 11 5 125 8 25 249 8
150 GCT 6 2 0 1 18 38 41 18 1 40 66 2 10 1 16 2 53 281 23 28 14 16 9 77 9 1 3 29 6 4 0 4 7 2 11 130 108 13 39 998441 24 3 3 33 8 1 61 34 0 1 0 3 22 38 17 118 0 18 0 19 7 3 0 17
151 GGA 5 57 2 42 12 24 3 20 100 2 35 32 4 2 20 15 0 4 13 21 17 0 5 4 96 18 68 4 7 0 0 6 237 17 144 35 1 1 5 15 998441 73 168 20 28 9 18 17 0 2 0 8 2 1 4 4 4 25 9 46 20 4 4 0
152 CTA 0 3 3 21 13 3 8 16 25 6 7 0 15 4 45 3 91 6 8 3 20 0 5 12 65 5 42 12 998312 283 130 45 4 2 5 4 17 17 3 0 8 3 28 1 71 2 4 13 0 12 0 58 0 11 3 3 0 0 2 16 213 2 279 8
153 GTA 7 7 6 2 2 37 16 13 5 2 0 1 277 53 457 53 7 21 11 30 21 442 26 65 35 1 3 12 96 161 82 38 10 0 0 2 5 8 9 11 60 17 0 3 996575 92 30 188 0 39 0 20 3 25 1 8 0 3 24 35 134 412 187 110
154 GAT 21 16 2 20 10 13 0 2 125 1 68 7 8 0 4 11 3 13 9 5 8 10 4 22 75 70 15 23 1 9 11 9 19 43 6 998684 9 2 5 44 56 16 7 71 10 5 20 81 0 139 0 62 4 12 2 2 0 7 4 4 1 3 25 62
155 CAA 42 3 3 11 2035 632 818 352 51 82 1 35 2064 506 721 1103 978054 32 210 2 56 1 43 53 13 96 67 6 428 296 406 377 863 5 614 16 42 30 13 89 153 33 87 14 517 493 745 553 5 1902 0 471 31 142 32 30 0 290 3427 487 58 29 181 49
156 GAT 8 15 4 25 12 0 10 45 3 9 1 8 0 2 4 11 8 13 10 73 1 17 14 2 24 0 12 4 0 8 19 7 3 104 21 999236 1 2 11 19 6 0 10 73 10 0 7 30 0 26 0 8 1 23 1 1 0 10 17 2 1 2 6 0
157 GAT 0 12 2 92 10 0 0 1 3 5 2 0 2 0 2 1 6 0 3 9 1 2 2 5 9 6 9 14 6 8 1 6 7 190 24 999205 0 7 4 30 3 35 45 31 0 0 1 21 0 33 0 48 16 0 14 12 0 17 6 18 2 5 4 3
158 CTT 12 28 5 0 10 27 12 8 0 5 47 32 3 0 119 2 22 3 3 141 6 44 30 37 4 2 16 74 95 51 44 989272 0 2 0 12 0 0 6 2 12 8 22 6 3 4 20 21 0 1163 0 374 1 21 26 18 0 6 1430 6 130 3754 187 2612
159 GAC 7 13 8 9 9 3 21 10 19 2 15 1 8 1 2 9 0 27 34 9 2 7 8 22 31 32 8 8 2 25 8 4 204 998968 179 94 3 45 6 6 2 13 2 8 4 8 4 2 0 20 0 9 6 0 1 8 0 10 1 4 1 6 22 0
160 GAG 18 62 140 39 10 12 25 6 14 11 56 17 7 0 9 15 722 27 120 22 35 30 13 4 95 112 31 11 12 5 13 16 45 251 997193 71 43 99 4 12 25 2 167 23 10 13 46 25 0 4 41 2 1 3 19 5 0 22 8 81 42 23 7 4
161 GAG 1 1 15 1 8 0 2 6 3 9 10 2 0 10 0 23 25 1 34 9 6 27 14 19 4 2 7 16 6 6 0 6 112 15 999123 46 18 2 49 80 1 10 98 19 14 6 17 13 0 9 41 3 11 0 0 5 0 10 0 4 5 7 4 5
162 CAT 16 504 15 2220 24 36 4 14 34 11 19 1 2 6 0 8 2 16 56 996570 8 4 1 1 0 3 14 28 6 2 4 14 12 6 3 8 3 0 12 16 7 43 23 23 5 0 12 8 0 37 0 23 19 34 0 2 0 23 10 3 14 1 3 7
163 CAA 340 48 29 21 61 83 12 412 12 3 36 12 396 234 3907 447 975202 115 73 74 36 46 11 12 15 39 176 66 562 1989 499 487 745 48 249 81 4 390 478 53 61 2 5 7 1544 2285 549 1751 60 46 0 168 91 122 8 25 0 80 9 66 4429 308 615 266
164 GGG 20 1 0 0 1 1 0 9 7 1 7 21 1 0 20 3 2 32 0 13 6 0 3 7 6 4 41 7 2 2 4 1 0 9 14 3 3 2 4 8 45 60 999321 76 29 28 11 38 0 4 0 2 19 16 2 16 0 12 5 40 4 1 5 1
165 CTG 14 10 29 35 279 101 140 121 21 2 29 11 34 5 12 142 17 27 27 4 11 15 29 83 3 4 34 6 30 105 997556 20 3 0 11 3 25 0 7 14 34 1 3 0 21 96 161 173 0 42 0 167 23 29 6 10 0 14 9 68 24 20 50 30
166 GCG 11 10 49 15 81 6 56 2 58 42 54 29 18 3 7 10 14 1 4 7 12 10 11 2 17 6 12 16 143 74 71 122 90 1 28 22 189 145 997569 141 7 17 32 12 56 19 5 8 0 11 0 8 35 33 19 153 0 14 81 6 201 6 113 6
167 CCC 1 5 1 11 32 110 47 25 125 2 6 18 15 331 17 75 14 54 57 7 45 995636 204 147 25 70 17 12 240 336 533 250 0 3 2 5 50 38 2 21 138 35 9 14 81 136 98 16 0 9 0 68 1 6 6 5 0 14 23 63 115 0 573 1
168 GCG 13 7 98 1 43 32 218 867 53 99 69 682 58 143 156 69 57 22 305 39 9 18 30 12 24 29 21 30 3 16 208 5 108 0 8 0 223 84 993464 96 29 28 2 6 19 14 65 35 0 29 0 5 227 1136 640 226 0 0 2 5 53 9 49 2
169 GAA 9 1 9 9 6 18 5 9 16 0 4 2 3 4 4 1 15 5 38 1 9 6 5 11 1 0 5 18 5 5 22 10 999135 15 26 13 132 9 5 6 90 25 9 17 50 43 34 56 14 0 0 5 5 3 6 1 0 4 4 6 2 12 1 16
170 CTC 5 1 1 3 1 17 4 5 11 2 4 7 3 0 21 3 0 1 4 11 7 161 8 12 20 8 24 41 13 999179 31 116 2 1 7 2 6 14 0 12 8 7 0 3 13 5 11 5 0 3 0 0 2 2 0 1 0 6 4 28 29 82 22 1
171 TTT 7 6 1 2 35 4 1 1 102 20 14 3 10 7 0 29 31 20 7 5 11 0 2 6 1 12 22 6 51 13 85 82 4 8 0 6 18 17 11 4 13 2 14 20 11 17 18 45 0 3 0 51 6 6 11 43 0 5 10 20 42 39 9 998951
172 GCT 13 9 40 28 5 18 24 87 194 17 43 2 0 3 6 1 52 29 73 10 19 5 4 56 143 6 62 45 3 8 1 15 21 37 31 18 219 124 36 998039 7 0 0 110 13 37 30 33 0 13 0 3 39 28 34 44 0 0 5 2 8 19 14 15
173 AGG 10 2 99 13 4 1 26 5 277 13 995909 0 6 4 580 2 126 19 17 4 4 7 34 14 38 79 156 21 417 46 125 124 326 3 48 0 62 60 31 18 19 2 12 1 51 5 19 43 0 11 0 4 14 20 13 98 0 12 73 57 252 0 562 2
174 TTG 2 13 11 6 4 0 1 3 24 8 5 1 1 2 31 12 17 2 1 5 9 14 1 10 1 0 1 0 23 21 382 207 1 0 2 0 0 4 2 0 1 0 2 4 8 1 8 5 0 6 18 10 65 9 24 2 0 33 10 27 115 79 998556 190
175 AAA 997202 62 2 27 54 20 16 2 53 1 9 1 116 0 1 126 59 43 9 2 1 7 13 19 30 0 37 36 66 0 6 81 12 6 12 13 0 5 1 3 5 8 9 1 340 109 48 445 17 8 0 4 0 18 1 12 0 18 33 1 174 16 573 7
176 GCT 3 1 8 7 2 0 5 12 38 27 16 148 15 0 0 33 2 9 8 9 9 14 4 9 6 32 49 1 27 3 2 6 6 4 19 61 68 40 69 998856 3 4 0 12 3 1 14 23 0 9 0 6 5 83 18 93 0 1 4 1 0 17 74 1
177 CGG 19 3372 15 1918 4633 13439 10111 8007 18 833 105 875 1261 561 158 255 693 88 287 1493 21 40 52 7 49 181 915336 83 1061 773 2503 813 107 351 1334 293 978 1453 4058 917 1203 508 3423 313 265 118 101 41 0 315 0 422 778 350 4655 984 0 1392 414 1385 409 1579 2647 147
178 ATG 161 1 355 38 16 132 29 53 242 11 343 0 45 33 991978 33 149 396 350 64 339 584 99 394 609 95 41 249 52 77 109 203 30 17 6 5 10 0 7 1 46 35 20 14 97 84 170 37 0 463 0 582 8 11 4 6 0 31 63 34 439 401 11 88
179 CCC 6 10 15 2 12 145 23 20 27 39 14 44 4 24 4 7 103 3 5 7 13 998745 66 32 5 39 30 114 18 37 18 3 0 1 3 14 3 32 5 18 6 4 16 13 24 17 28 34 0 7 0 16 23 19 4 6 0 10 2 16 30 5 10 0
180 GAC 16 23 9 8 26 17 124 28 20 17 2 1 80 15 3 2 6 12 3 17 13 23 92 13 49 2 3 104 30 9 17 19 26 998093 1 24 28 37 111 31 8 33 20 12 48 85 6 52 0 175 0 11 8 1 32 28 0 6 4 3 9 82 9 214
181 GGT 6 0 8 14 103 97 49 18 17 49 9 34 1 6 7 7 2 11 13 4 1 3 16 4 0 13 27 26 26 7 11 10 6 7 7 16 25 3 6 2 103 69 126 998571 55 125 3 12 0 103 0 12 43 1 18 40 0 3 7 0 3 2 23 10
182 GAA 32 15 15 2 13 25 11 26 45 4 8 12 3 7 9 5 41 1 13 3 4 3 2 3 5 46 12 2 13 1 3 6 998850 26 27 190 33 32 5 33 37 3 20 10 195 17 38 4 0 3 0 0 2 5 17 5 0 28 6 10 2 2 5 5
183 GAT 6 1 6 105 0 7 7 8 45 0 1 0 3 1 1 0 8 1 2 54 5 12 13 0 53 20 19 7 0 3 2 2 10 71 22 999187 1 3 3 14 23 0 25 39 0 2 9 109 0 5 0 40 10 0 4 4 0 8 0 7 0 2 10 0
184 TTG 22 5 5 13 7 9 1 12 8 1 43 1 0 2 5 4 0 3 83 0 55 1 8 54 84 71 24 23 25 21 114 54 2 12 6 1 0 1 9 20 6 0 1 2 1 3 73 1 0 4 22 0 3 1 13 6 0 8 6 1 124 187 998569 160
185 GTG 12 8 11 4 3 7 4 9 0 0 26 3 3 4 15 1 1 4 5 8 2 3 3 11 27 5 5 1 14 6 79 55 5 10 0 0 6 2 17 3 7 23 71 0 81 232 998998 99 0 2 0 12 9 3 6 2 0 7 5 14 18 3 23 3
186 GTA 4 1 8 14 29 4 3 1 25 0 3 10 6 1 3 7 1 5 1 0 26 14 64 4 20 33 12 4 34 17 3 12 2 4 4 4 61 29 91 32 62 4 22 31 999001 63 72 42 0 4 0 1 0 10 5 11 0 4 2 0 24 2 42 2
187 ACT 4 18 11 46 166 177 69 998887 3 12 11 72 2 2 5 43 11 23 1 15 0 3 4 23 18 3 6 15 7 17 10 14 3 3 8 6 32 4 6 24 2 4 0 0 8 19 9 22 0 12 0 2 3 40 11 57 0 9 2 6 2 7 0 1
188 CAT 7 26 0 94 4 0 5 15 7 12 17 14 0 3 1 0 25 11 25 998885 47 7 20 42 18 30 23 37 0 53 101 82 1 14 1 168 0 7 0 2 5 0 6 3 3 0 1 1 0 8 0 57 4 16 7 10 0 41 16 2 3 0 6 7
189 GGG 12 1 5 4 12 15 14 14 10 3 12 5 14 1 2 4 3 7 4 0 3 1 1 6 16 5 53 14 9 5 6 9 2 16 38 11 0 8 4 8 162 89 999022 44 21 14 57 3 0 0 0 12 17 52 18 1 0 62 6 25 11 5 8 14
190 GAT 34 10 0 60 1 0 4 0 2 4 0 5 0 7 3 0 6 13 26 78 3 0 6 2 2 5 3 1 10 15 4 29 24 28 23 999238 0 6 45 62 6 12 19 1 14 4 38 13 0 8 0 61 4 2 6 6 0 9 5 14 15 0 2 2
191 GCC 16 6 26 46 4 10 1 74 54 86 48 50 3 0 17 19 3 138 5 149 10 72 3 6 101 34 23 87 144 7 247 38 24 8 19 4 83 993151 0 12 8 44 12 3 10 100 4 29 0 13 0 13 48 34 29 31 0 1 7 3 225 1442 47 3069
192 TGC 7 7 3 1 747 11730 104 2085 8 24 14 47 231 118 4 17 9 2 11 2 8 37 19 4 3 14 18 12 5 0 0 2 63 23 9 9 10 13 4 17 93 37 38 50 50 17 11 20 0 117 0 5 23 17 7 22 2 983930 4 54 5 55 0 2
193 CTC 21 8 10 1 4 1 6 12 30 2 4 0 1 34 73 2 32 2 29 4 17 42 17 3 56 117 12 19 88 998828 75 188 1 0 4 34 0 7 1 1 1 3 6 6 41 26 3 4 0 0 0 2 6 0 0 2 0 0 0 6 78 5 18 7
194 CCG 0 2 6 3 10 44 37 18 77 29 9 10 0 0 1 11 10 7 13 2 121 140 998933 98 63 1 41 32 4 84 7 20 10 23 2 1 6 10 15 7 0 1 12 1 6 2 2 1 0 2 0 3 6 12 10 4 0 0 4 12 6 0 6 3
195 AAC 31 999080 69 83 13 19 30 8 18 82 26 0 2 85 1 5 4 8 14 1 3 3 2 6 16 5 5 9 17 11 2 16 4 17 1 24 12 0 0 6 2 5 0 3 0 20 7 5 0 60 0 21 19 56 13 15 0 3 0 5 5 16 5 2
196 ATA 80 0 1 1 129 15 1 25 79 60 5 50 998655 50 8 36 27 6 25 1 25 3 3 5 43 0 6 48 46 21 21 21 26 0 2 9 5 2 24 1 1 0 3 11 89 0 4 16 0 1 0 3 60 61 33 41 0 1 29 1 45 21 8 7
197 ATG 3 1 12 2 12 0 39 6 4 4 6 2 30 8 998780 389 175 0 66 6 1 14 7 1 15 10 11 22 6 44 138 7 11 5 1 6 1 9 0 7 1 5 6 3 1 1 35 7 0 3 0 4 3 2 2 9 0 7 0 6 18 5 13 8
198 GTG 3 0 8 1 3 5 3 5 3 7 8 2 4 1 8 5 23 0 14 0 8 0 4 1 7 0 2 18 13 38 161 0 4 1 11 0 9 20 22 7 11 2 27 5 86 14 999328 15 0 0 0 10 13 0 0 0 0 20 1 14 2 7 16 0
199 GAA 48 8 71 4 2 1 31 6 22 40 27 88 0 0 19 3 90 29 5 174 16 5 4 5 19 17 34 27 5 10 4 4 998042 209 93 171 38 72 47 7 100 56 23 5 6 6 6 44 4 8 0 5 25 8 13 47 0 47 7 62 19 1 7 4
200 AAC 26 999055 19 123 7 88 4 27 2 112 9 17 3 23 2 0 1 6 8 25 4 3 0 0 1 2 3 2 9 8 18 18 3 25 1 7 14 4 9 4 8 6 12 1 24 29 6 3 0 18 0 0 32 93 11 9 0 2 4 7 16 3 23 1
201 GGC 5 2 0 4 2 10 6 19 25 4 9 5 0 6 2 12 12 7 1 1 4 12 1 0 0 92 10 36 17 3 3 27 2 87 0 18 0 17 1 0 234 998942 14 49 16 41 8 16 0 13 0 10 36 40 45 7 0 5 3 25 4 5 5 20
202 CGT 88 14 16 6 8 0 41 5 78 5 8 97 26 9 6 30 4 9 6 10 9 0 10 36 183 79 227 998429 7 86 23 79 3 5 8 10 5 9 6 1 10 14 6 9 1 12 1 36 0 1 0 2 34 100 19 14 0 1 6 19 1 11 11 11
203 TTT 2 0 4 3 9 3 2 3 3 0 3 0 0 8 7 47 4 5 5 5 2 9 8 8 1 2 14 8 3 21 35 4 19 1 23 4 2 9 0 0 1 0 2 3 5 19 0 86 0 6 0 13 5 1 27 18 0 3 7 103 18 156 45 999196
204 AGC 17 38 2 13 37 99 26 11 22 998714 81 27 4 85 27 45 5 24 1 30 12 0 0 18 82 6 3 71 8 17 1 2 6 1 39 14 3 9 20 5 1 31 3 13 9 5 5 4 0 17 0 3 5 184 8 35 0 25 17 3 0 4 1 2
205 GGA 4 0 8 3 1 2 2 4 67 39 1 11 0 4 4 1 11 1 26 1 3 2 5 4 37 1 2 9 0 1 7 5 11 15 4 12 9 0 6 7 999273 45 38 8 72 24 27 28 0 0 0 6 21 5 1 2 50 6 7 37 1 2 0 17
206 TTC 0 1 1 3 2 14 15 0 14 23 8 2 1 4 1 3 2 1 0 8 0 15 0 6 15 17 13 19 7 117 8 15 4 4 1 4 2 8 3 0 2 0 4 6 4 25 14 56 0 26 0 0 152 6 6 7 0 51 5 25 1 999202 4 43
207 ATT 14 6 0 9 25 9 24 133 11 1 4 14 155 3 66 999137 46 1 8 10 3 3 4 8 0 9 0 4 2 5 4 8 6 2 0 7 3 11 10 5 17 10 4 17 26 18 12 15 0 6 0 1 0 2 2 14 0 4 2 15 18 30 11 6
208 GAT 2 33 1 94 14 14 26 8 0 12 1 8 9 9 3 23 4 6 0 28 9 7 2 4 2 8 2 2 4 2 5 0 40 36 22 999275 6 8 5 28 10 12 4 33 7 18 7 75 0 1 0 12 2 14 10 6 0 9 0 15 1 1 1 0
209 TGC 2 15 14 21 64 39 27 47 93 31 131 12 3 5 0 2 1 3 33 3 3 11 5 1 21 64 42 89 7 33 33 40 11 4 6 10 16 32 41 93 32 45 32 72 5 10 37 52 0 206 0 8 22 59 5 49 47 997870 30 30 40 109 103 29
210 GGA 0 6 1 0 42 3 12 28 58 14 2 21 6 7 0 10 11 1 12 4 9 4 0 6 61 4 3 5 7 3 5 12 7 3 0 4 10 5 13 4 999106 26 47 248 11 51 3 10 0 0 0 13 21 23 0 0 0 6 0 10 11 8 1 2
211 CGG 5 5 4 5 10 0 1 1 71 2 40 87 14 2 2 17 2 13 29 7 31 6 39 10 82 72 998738 99 42 37 64 65 10 1 6 13 2 4 1 0 14 2 26 23 4 0 5 0 0 5 0 7 66 12 14 46 0 46 54 13 1 1 15 7
212 TTG 7 2 1 10 5 22 10 17 14 2 7 5 2 10 24 0 13 9 2 1 7 12 0 3 8 33 17 3 83 30 72 100 8 0 4 6 0 1 17 3 2 4 11 4 12 7 5 11 0 4 1 5 3 6 5 10 0 16 60 6 197 130 998929 2
213 GGT 4 3 9 6 2 7 0 2 15 1 10 14 5 5 7 10 0 2 5 0 0 11 22 31 12 51 27 93 1 18 3 18 4 19 3 0 42 18 54 24 56 232 126 998715 39 15 52 11 0 19 0 1 11 3 9 0 0 22 1 113 0 9 1 7
214 GTC 3 29 15 7 5 0 1 8 0 7 1 3 0 4 12 19 0 5 12 1 19 1 3 1 6 2 7 4 15 35 21 9 17 6 15 1 5 39 5 1 38 12 89 97 95 998975 52 114 0 4 0 19 1 10 7 10 0 2 4 5 13 88 19 2
215 GCT 13 1 4 1 1 50 24 92 11 120 3 23 2 10 6 18 3 7 4 0 0 2 10 75 19 5 1 7 10 1 3 1 63 2 8 23 31 77 74 998864 7 28 0 67 1 31 3 73 0 8 0 1 18 13 41 15 0 4 0 2 7 7 2 3
216 GAT 1 1 3 27 22 6 0 28 2 20 2 3 0 0 3 0 7 9 2 2 0 8 1 13 2 0 4 3 2 9 14 11 55 48 46 999012 8 114 22 65 39 6 15 49 57 2 48 27 0 76 0 5 5 11 7 11 0 24 0 17 0 4 8 14
217 CGA 15 6 4 3 12 37 5 0 277 34 78 2 5 18 2 4 64 12 13 11 9 9 1 2 998472 370 72 131 31 5 1 13 2 2 3 7 8 12 4 15 34 5 29 3 15 22 0 15 0 3 0 4 3 12 9 9 0 4 9 1 12 2 33 5
218 TAT 2 2 4 26 1 2 8 8 0 54 1 10 6 13 1 4 7 13 1 57 1 13 1 3 4 3 0 1 2 1 1 11 1 37 7 76 1 6 8 3 2 2 17 7 14 5 6 3 148 12 0 999197 36 25 17 33 0 21 2 21 3 10 9 10
219 CAA 16 6 17 2 9 36 27 16 0 1 32 3 4 6 1 20 998808 100 197 139 24 91 6 5 104 23 14 4 22 6 1 5 44 10 2 0 5 10 3 4 12 9 26 7 4 8 12 24 36 10 0 0 5 5 0 4 0 3 5 2 1 0 2 2
220 GAT 19 6 6 107 20 11 20 7 6 5 11 6 0 5 0 6 4 3 12 16 10 10 3 15 8 5 2 10 3 0 0 2 1 122 26 999002 30 11 4 64 5 69 78 11 1 12 8 7 0 35 0 111 2 1 1 6 0 5 2 27 2 9 8 2
221 ATA 25 3 38 6 66 31 105 28 9 37 11 6 996365 103 73 8 26 12 18 5 5 10 14 3 0 1 0 11 714 442 487 352 18 2 3 8 10 1 4 5 4 1 35 5 17 2 13 14 0 1 0 13 37 16 3 4 0 8 18 0 439 11 294 0
222 GCA 2 3 1 6 16 18 16 8 4 2 1 4 18 0 1 5 1 7 10 3 32 0 4 0 26 2 8 2 16 1 2 2 41 16 0 4 999214 89 92 16 10 10 22 12 36 14 9 36 0 4 0 20 21 8 14 23 0 3 4 12 29 2 13 5
223 TTG 7 0 3 1 0 2 1 10 8 3 17 6 1 0 14 0 0 0 1 4 27 16 14 21 15 7 0 2 62 35 43 13 0 7 14 10 5 3 8 26 10 2 1 1 1 1 29 0 0 2 61 0 4 0 30 1 0 5 20 9 153 0 999263 1
224 GCA 5 8 12 0 78 3 2 12 2 9 3 48 4 1 10 4 2 4 2 7 22 8 3 11 18 3 20 13 8 1 2 0 64 10 29 0 998847 170 124 97 3 20 1 22 19 7 4 2 0 16 0 21 77 18 2 57 0 10 8 11 5 0 30 1
225 ACT 1 84 0 15 64 23 48 998778 1 16 7 3 54 129 4 49 4 0 0 5 12 5 3 71 0 6 4 7 9 3 6 6 2 7 5 18 10 6 16 14 11 11 13 4 37 19 22 85 0 2 0 3 33 5 49 36 0 5 9 151 2 2 0 6
226 CGC 1 1 7 4 13 30 1 29 18 74 104 19 16 4 3 4 2 15 1 20 32 11 25 27 121 998668 177 21 1 23 33 63 1 5 1 2 0 4 6 8 7 114 15 14 3 3 3 0 0 8 0 2 56 40 32 46 0 42 0 2 12 3 3 0
227 GAT 5 29 1 3 9 7 5 9 5 68 8 6 8 6 1 11 11 19 0 18 5 9 3 1 15 6 6 6 0 16 4 7 15 171 92 998163 26 5 40 21 34 5 29 29 35 1 41 22 0 75 0 28 191 211 224 40 0 78 11 102 1 0 0 3
228 ATC 3 7 11 12 35 28 68 70 1 16 53 11 58 998917 97 76 10 13 8 0 5 11 5 2 34 10 16 1 21 8 6 6 50 1 12 13 14 1 5 7 11 7 5 4 68 42 11 34 0 0 0 7 18 8 11 9 0 3 1 22 3 2 12 0
229 GCC 5 1 9 0 11 15 4 8 7 41 59 28 2 0 0 1 24 12 9 0 21 24 15 3 12 2 3 22 0 0 2 1 39 10 139 3 14 998935 83 110 5 3 13 1 8 134 23 7 0 1 0 1 46 17 12 17 0 9 6 5 4 7 2 5
230 GAA 36 7 4 3 10 42 174 35 7 219 1 346 5 2 15 1 75 140 5 575 24 2 24 2 11 24 10 8 7 5 7 12 996314 12 246 9 111 79 15 18 31 68 88 18 24 2 2 25 61 24 0 43 343 41 115 426 0 19 5 7 1 12 1 2
231 GAG 5 6 37 18 22 2 7 2 58 12 81 5 33 12 47 18 18 307 36 381 7 4 2 0 26 118 251 34 1 3 2 0 62 8 991974 18 25 10 70 71 2 4 19 23 14 29 15 40 0 4142 0 1632 1 18 0 11 0 1 120 2 4 121 9 0
232 CTT 1 2 18 11 4 7 1 2 5 4 11 15 2 0 59 25 15 0 11 10 69 12 27 116 15 16 8 18 22 21 177 999001 1 15 2 3 0 5 0 0 5 2 0 1 6 8 19 68 0 5 0 21 11 3 1 2 0 14 0 2 41 2 4 54
233 GGT 1 3 0 1 15 3 0 1 18 9 11 4 12 4 0 5 6 1 3 2 0 4 17 4 31 11 0 33 10 9 8 0 8 3 2 17 1 0 3 77 76 28 26 999164 34 3 22 81 0 17 0 14 38 21 29 8 0 50 7 1 31 0 12 1
234 GGT 1203 85 1390 346 138 149 216 6 51 59 94 141 11 26 31 37 218 337 125 31 1155 276 82 136 28 196 187 7 155 15 7 36 152 412 129 28 865 6 50 52 130 225 28 989659 3 210 38 193 0 34 0 24 27 12 190 25 0 49 315 129 29 0 11 1
235 GAA 51 5 2 1 2 2 2 3 6 8 1 10 1 6 10 7 68 4 7 4 20 5 1 0 9 10 11 6 2 3 2 10 999222 66 61 15 80 12 19 9 81 13 22 1 1 5 7 11 31 14 0 18 7 1 3 11 0 1 3 5 0 0 0 2
236 TGG 1 0 8 1 3 3 4 6 12 11 75 2 2 3 13 16 7 3 3 2 2 4 4 4 17 5 7 11 38 149 7 13 3 4 8 3 9 3 4 5 6 49 201 69 17 2 3 7 0 6 4 0 20 22 19 15 55 31 998705 29 30 11 219 5
237 GCA 1 6 1 5 7 27 0 1 0 5 1 12 9 5 0 4 18 3 1 0 1 1 1 4 1 4 15 0 3 5 3 3 37 4 1 2 998886 207 178 28 30 0 1 2 216 2 25 0 0 3 0 11 27 38 85 6 0 4 4 3 0 16 25 12
238 GAC 85 12 317 22 21 18 31 15 55 18 564 55 133 155 218 203 1921 262 143 59 21 23 14 14 383 56 18 62 48 203 43 84 588 991490 1376 57 122 150 34 9 1 13 7 0 58 60 29 51 0 69 0 39 75 126 39 26 0 20 15 1 101 43 47 78
239 AGA 49 8 2 12 44 39 58 42 998836 19 100 40 22 6 1 22 6 7 3 16 9 16 0 0 28 77 51 74 27 21 6 2 5 3 15 1 6 4 0 12 34 16 22 22 10 4 13 2 0 15 0 0 18 11 16 21 31 12 1 8 13 0 37 5
240 TTT 4 1 23 0 27 1 18 2 6 6 55 6 6 38 7 31 53 1 12 1 3 3 7 4 1 1 4 2 14 3 0 5 10 6 3 16 12 13 10 5 1 0 4 2 48 45 66 17 0 9 0 311 3 10 2 7 0 24 3 79 20 88 29 998812
241 TTA 7 5 4 3 11 1 8 2 10 6 12 7 3 2 39 0 1 1 9 1 4 38 13 22 0 20 4 5 88 102 14 11 6 23 1 12 3 1 3 0 0 2 4 3 13 0 1 0 2 0 0 0 23 4 2 1 1 2 1 2 999319 2 111 5
242 GTT 31 15 252 121 452 332 395 341 475 250 112 5 3 1 593 98 300 78 211 8 19 22 0 14 76 116 258 306 24 24 61 14 206 22 294 238 245 285 276 86 0 14 0 4 45 41 38 992175 0 103 0 58 261 40 94 29 0 46 147 37 29 70 55 55
243 CTG 18 6 15 3 3 1 4 0 14 16 197 29 1 0 10 0 9 10 19 14 57 50 9 0 63 115 12 71 8 112 998462 59 182 5 54 27 36 5 0 4 1 5 2 4 26 1 28 7 0 8 0 2 6 18 2 11 0 1 3 10 80 0 85 0
244 TAT 18 2 6 1 7 3 11 0 20 2 1 4 13 0 9 1 4 2 7 36 0 3 6 5 6 1 1 18 16 26 3 7 12 12 1 4 2 3 12 4 0 17 10 4 12 2 5 11 1 80 0 999335 4 3 9 114 0 9 9 38 4 10 11 23
245 GGT 4 4 9 3 14 4 3 3 11 4 56 105 0 1 0 3 0 6 6 0 0 11 3 11 99 77 5 183 13 36 3 41 1 5 11 14 18 1 3 6 134 5 35 998307 62 49 75 72 0 3 0 6 23 30 8 16 0 47 2 227 37 7 65 13
246 ATC 14 12 9 0 11 18 13 13 5 34 64 51 63 998764 36 25 26 11 30 11 2 25 2 8 17 13 15 1 51 48 33 40 3 3 20 24 1 0 12 14 6 4 0 3 7 18 6 25 0 9 0 23 41 37 21 72 0 36 14 4 42 49 31 10
247 GCG 57 160 46 38 50 34 35 15 18 45 6 45 8 6 0 0 18 30 32 12 0 2 80 14 94 78 39 87 31 2 56 12 14 22 31 33 96 51 997869 48 82 7 19 24 10 21 23 17 0 5 0 15 49 75 49 106 0 65 1 3 1 27 63 24
248 GCA 4 18 62 10 61 2 18 80 6 17 12 21 7 21 50 8 102 96 34 61 130 23 52 14 1 17 14 10 398 167 17 15 21 53 71 22 997479 73 75 11 79 19 37 28 10 11 5 16 0 31 0 7 18 47 17 66 0 6 12 2 77 8 60 91
249 CCA 1 1 29 44 5 11 1 44 23 4 1 11 2 1 2 8 7 8 7 13 998771 17 133 122 172 19 39 36 2 9 35 5 3 3 0 19 60 32 9 59 17 6 9 16 26 4 23 9 0 6 0 5 36 0 9 24 0 9 10 4 1 1 14 3
250 GAC 0 12 0 3 2 10 6 11 1 17 7 11 2 10 15 9 19 18 79 1 11 2 15 15 1 2 0 4 1 9 1 6 3 999109 12 35 1 11 24 7 14 122 15 23 19 8 14 16 0 137 0 26 14 8 8 9 0 31 2 1 1 17 7 6
251 TCT 41 26 15 11 68 22 10 34 28 38 41 46 48 63 37 243 4 6 23 462 4 12 16 49 159 105 45 104 19 85 24 61 29 17 9 80 6 78 6 48 10 9 0 10 2 6 12 34 0 65 0 393 432 231 34 995492 0 22 410 11 116 326 22 141
252 CAG 35 24 16 24 22 35 6 8 2 3 10 10 0 0 3 5 24 76 998207 119 0 52 144 24 24 4 22 11 11 21 114 4 36 103 118 341 25 7 4 2 8 18 4 4 14 8 0 0 0 13 11 0 21 50 50 28 0 0 6 34 11 6 13 5
253 CGT 39 9 227 2 6 14 8 0 49 15 25 140 15 9 29 11 1 5 6 5 1 2 2 10 56 27 124 998161 48 12 65 265 19 10 9 27 12 6 6 4 3 1 2 34 13 25 24 8 0 5 0 4 4 8 23 25 0 63 3 142 94 6 27 5
254 ATC 2 15 1 4 12 123 12 4 3 9 24 6 37 999068 8 93 13 2 17 1 1 2 0 5 4 14 7 1 11 102 37 21 9 5 5 18 20 3 3 2 8 1 0 1 1 41 0 6 0 2 0 0 25 5 5 5 0 4 2 9 17 104 27 13
255 GCC 0 3 3 2 49 23 3 6 9 44 18 51 16 1 0 3 19 4 0 10 1 3 13 5 14 18 16 2 7 7 2 5 21 12 23 6 63 998883 90 73 29 110 27 44 20 20 4 11 0 29 0 4 32 17 86 9 0 1 3 2 0 10 7 7
256 TTT 31 5 2 7 18 13 14 7 17 1 0 17 1 5 7 28 0 2 90 2 25 0 1 1 5 7 18 10 2 5 50 24 15 7 6 5 0 24 8 16 3 1 11 7 3 25 7 14 0 135 0 529 32 92 17 70 0 1 2083 10 22 50 78 996314
257 TAT 1 3 0 9 6 2 7 24 4 7 0 6 3 2 7 6 34 23 5 17 4 7 0 1 0 0 1 2 1 6 2 8 1 4 7 1 6 4 1 8 2 2 4 4 6 16 6 0 7 49 2 999561 9 6 0 14 0 13 6 7 3 0 9 44
258 AGA 29 15 9 1 34 2 5 2 998572 79 60 119 41 2 0 6 9 50 2 5 8 13 1 5 73 190 48 103 40 21 3 1 4 4 4 11 11 10 6 2 44 23 41 40 4 9 0 3 0 0 0 3 2 41 7 56 35 6 10 18 10 9 33 6
259 TTA 2 1 9 0 1 4 3 4 1 1 8 10 5 9 20 5 1 8 1 2 9 14 1 5 23 5 1 2 105 27 21 40 2 2 6 0 6 5 1 0 4 1 3 3 22 15 9 10 129 13 0 2 51 4 8 4 7 10 0 11 999174 36 108 6
260 CTA 5 6 5 2 6 5 1 4 8 0 7 2 30 3 38 4 11 0 0 13 15 14 13 10 21 1 25 6 999131 175 2 46 7 0 1 0 4 1 4 3 12 0 0 0 14 19 0 10 0 1 0 5 3 0 1 11 0 5 4 0 229 9 47 1
261 GAC 16 106 4 6 6 17 15 5 7 8 4 0 6 1 11 8 10 0 1 2 0 4 5 2 15 0 1 6 1 1 8 8 8 999427 5 79 11 19 1 0 16 6 14 15 11 7 2 3 0 38 0 3 3 6 1 13 0 10 1 3 2 0 9 3
262 GAG 13 6 26 0 6 17 1 3 41 5 2 12 3 7 1 5 26 13 2 2 4 9 5 4 5 2 5 3 9 0 0 2 34 46 999200 41 10 20 114 5 12 19 137 6 7 2 25 12 0 1 8 21 12 3 0 1 0 1 10 2 3 2 4 3
263 TTC 11 4 6 6 3 0 4 3 6 9 7 9 1 0 4 4 7 0 0 7 2 1 3 4 5 7 5 3 47 56 10 0 1 13 0 1 17 9 4 9 6 3 1 0 2 67 7 14 0 34 0 3 21 2 1 13 0 7 5 0 8 999184 208 126
264 TTC 1 3 1 5 2 3 4 11 2 23 7 7 3 207 9 6 1 0 2 1 10 13 1 1 0 1 9 8 12 15 30 23 1 0 5 6 1 3 1 5 4 9 1 1 21 13 18 3 0 59 0 11 9 15 5 20 0 28 1 6 94 999033 108 98
