# POSITION WT AAA AAC AAG AAT ACA ACC ACG ACT AGA AGC AGG AGT ATA ATC ATG ATT CAA CAC CAG CAT CCA CCC CCG CCT CGA CGC CGG CGT CTA CTC CTG CTT GAA GAC GAG GAT GCA GCC GCG GCT GGA GGC GGG GGT GTA GTC GTG GTT TAA TAC TAG TAT TCA TCC TCG TCT TGA TGC TGG TGT TTA TTC TTG TTT
1 ATG 162 17 18 4 195 17 153 0 111 8 36 23 12 121 996463 25 42 52 15 12 9 53 36 17 47 20 43 64 69 29 37 84 44 105 77 36 122 182 249 4 45 103 60 0 44 96 31 30 64 40 60 115 26 16 37 47 30 125 12 52 72 8 9 65
2 ATT 16 47 17 87 78 26 24 73 4 72 7 5 14 66 49 995966 56 88 234 2 46 221 18 104 15 102 6 79 21 61 18 43 16 166 112 85 10 225 32 26 106 4 200 37 42 116 74 142 31 83 17 28 13 67 59 78 76 94 222 66 4 18 56 30
3 GAG 23 14 83 7 76 23 25 135 4 95 128 2 34 19 3 62 112 62 89 31 11 66 25 1 29 26 59 33 223 31 5 52 68 45 996698 77 70 64 12 6 37 24 38 78 38 14 42 103 52 12 71 7 138 1 29 119 37 35 114 11 197 77 35 63
4 CAA 37 30 112 95 33 22 88 320 17 71 3 78 8 40 5 35 996726 11 36 113 8 60 24 24 9 200 32 127 14 193 61 32 9 13 29 53 58 34 26 0 2 42 73 108 63 0 8 5 102 89 75 124 75 37 12 17 40 103 62 33 1 10 7 26
5 GAC 87 93 254 206 30 47 20 12 2 68 320 43 154 14 36 80 85 41 77 2 79 84 242 69 97 36 3 39 23 53 2 40 34 995787 118 224 25 30 39 3 33 75 213 36 115 74 174 103 44 11 54 15 1 10 24 24 42 35 78 43 33 23 7 35
6 GGC 32 165 98 3 0 41 3 15 43 69 56 1 27 66 52 26 21 31 54 144 82 37 11 23 125 117 13 24 4 54 59 11 260 21 22 6 22 5 13 78 52 996964 95 48 58 45 88 132 29 38 39 12 92 70 2 11 24 27 40 0 36 46 72 46
7 CTT 40 29 77 66 19 9 68 17 57 8 48 151 56 32 44 38 11 178 28 4 19 29 67 52 67 11 138 7 0 39 137 996922 54 31 58 37 65 37 61 13 41 14 23 53 107 53 101 1 41 33 5 21 24 40 48 118 108 19 29 47 65 65 30 90
8 CAT 7 114 134 154 79 42 87 10 20 55 87 18 6 219 146 50 9 127 12 996493 64 107 52 79 57 10 65 11 81 57 49 1 62 13 82 218 1 3 54 11 18 100 39 71 7 39 9 74 52 17 3 4 32 16 67 29 2 7 85 103 29 19 164 68
9 GCA 38 183 14 106 83 36 82 10 1 42 21 22 72 273 39 81 21 89 80 47 189 40 17 52 14 73 13 24 3 44 24 11 51 106 109 1 996778 21 62 21 36 44 97 134 82 73 10 5 40 31 28 89 30 24 45 33 82 2 4 3 26 52 11 26
10 GGA 124 76 76 55 118 1 25 156 27 32 7 47 28 45 104 16 60 3 9 58 129 18 50 32 21 14 25 16 173 49 46 73 18 41 6 45 62 205 14 18 996236 27 68 5 29 10 106 159 0 14 55 40 25 103 371 66 4 173 84 52 79 54 12 106
11 TCT 27 78 74 71 24 28 31 41 18 10 11 121 19 72 371 73 9 188 86 52 38 45 49 74 31 53 54 30 161 24 182 55 29 93 37 36 16 13 33 46 40 107 19 32 28 133 1 46 23 66 34 33 21 22 81 996283 156 32 113 51 97 45 18 16
12 CCC 110 167 36 143 79 56 19 125 56 13 16 60 265 10 54 16 12 64 32 57 91 995863 3 15 39 66 21 14 71 81 68 41 61 172 139 113 108 111 20 36 9 40 60 20 21 81 148 51 88 48 54 90 50 30 62 61 154 109 128 64 18 66 22 3
13 GCT 33 27 58 40 50 79 103 104 32 112 67 86 16 27 97 73 194 100 17 16 49 148 91 26 84 141 1 14 2 2 13 10 6 203 104 116 142 1 33 996138 133 29 41 39 74 48 19 180 96 79 22 3 42 81 49 32 170 109 48 19 2 1 10 19
14 GCA 159 32 48 63 53 95 66 72 30 23 40 74 11 27 85 134 134 16 27 34 24 129 30 35 90 50 73 90 209 74 46 47 20 32 80 256 995604 173 48 62 56 170 25 15 6 13 72 41 180 28 129 53 44 31 66 63 135 55 24 48 182 84 41 44
15 TGG 47 46 104 51 17 78 165 26 109 102 29 32 54 120 15 47 21 70 84 9 55 42 11 22 75 46 117 326 32 75 30 3 103 6 32 1 10 40 42 119 10 19 19 79 24 73 205 14 8 15 8 4 228 16 79 32 75 17 996343 90 5 30 138 56
16 GTG 88 68 21 43 40 85 45 72 95 6 10 54 133 147 56 39 115 192 141 33 99 44 59 9 128 2 3 125 32 67 41 75 10 24 138 100 26 116 22 41 8 63 139 4 73 28 996118 34 1 107 21 51 10 36 76 28 2 10 18 87 10 276 148 8
17 GAA 12 44 44 26 43 214 44 7 8 74 39 4 12 141 70 27 164 134 161 40 22 25 59 10 92 134 28 30 7 31 70 62 996204 7 60 26 34 131 150 60 99 56 77 21 17 106 28 91 164 18 32 78 253 35 6 12 37 8 81 48 36 14 53 80
18 CGT 13 47 82 10 10 111 6 14 27 92 69 88 21 42 36 15 123 6 189 23 23 215 9 50 107 25 122 996163 14 75 52 102 63 28 17 65 54 56 9 128 103 91 123 101 26 79 38 150 35 81 39 2 27 22 34 11 57 190 60 97 47 147 5 34
19 TTG 60 3 96 42 50 53 45 31 36 17 72 5 49 2 103 26 207 24 51 58 49 88 3 5 59 8 70 32 153 80 56 81 35 19 150 22 4 181 43 72 150 14 92 61 5 27 24 19 47 15 46 50 24 49 42 52 76 9 2 5 82 33 996777 59
20 TTC 1 31 11 7 72 17 48 234 103 45 119 18 123 97 127 14 16 51 30 49 0 14 105 8 32 98 3 143 52 14 243 109 27 46 70 64 10 60 102 71 41 42 34 83 82 155 40 13 98 54 5 23 16 26 41 71 87 43 26 33 56 996330 49 68
21 GGA 87 77 32 135 22 3 94 56 129 43 55 85 1 75 63 51 56 71 28 23 48 107 4 39 40 36 41 28 18 65 47 7 21 45 51 60 43 32 43 18 996422 9 126 36 16 64 204 13 57 147 80 11 11 47 194 105 18 62 72 4 162 75 21 65
22 TAT 91 42 36 182 13 50 7 42 31 34 16 19 56 103 11 76 138 43 64 78 160 47 68 24 96 43 34 78 19 96 3 35 94 153 177 120 44 58 135 165 30 24 13 121 22 34 41 32 13 23 9 996199 17 92 18 15 104 17 59 1 70 54 155 56
23 GAT 87 23 7 179 16 66 33 81 74 67 46 136 21 71 175 61 31 46 84 117 31 25 25 51 110 99 37 9 120 3 36 26 56 11 14 996470 34 21 17 27 51 136 31 123 51 25 58 54 3 75 14 11 86 25 145 74 78 60 71 0 31 28 125 2
24 TGG 4 75 5 77 140 14 140 112 44 61 32 47 56 80 40 5 40 57 8 80 8 100 13 12 330 11 173 196 33 33 54 90 87 15 12 110 58 18 41 82 106 44 45 34 42 191 15 22 32 12 67 71 71 57 70 3 2 29 995835 263 132 15 137 112
25 GCA 6 42 50 58 47 83 8 58 84 199 4 14 12 0 11 55 89 9 46 0 10 49 29 32 162 25 29 24 47 45 5 65 2 88 110 37 997297 14 30 12 13 64 22 99 55 24 118 80 142 53 32 1 80 6 12 5 82 18 4 50 23 21 3 6
26 CAA 8 121 39 69 65 75 83 7 40 37 85 46 10 144 42 58 995732 80 77 70 5 58 158 69 398 165 1 126 79 26 12 96 107 90 14 32 46 18 45 48 43 120 49 0 76 211 9 20 20 39 49 50 114 2 125 176 22 49 16 24 91 102 25 87
27 CAA 33 2 84 34 60 11 15 2 41 62 56 0 2 43 64 200 996319 23 18 10 50 108 30 76 82 13 17 21 159 38 38 81 70 133 0 195 109 73 168 223 66 91 24 5 39 26 56 1 36 2 163 88 10 60 50 19 42 38 72 112 119 12 40 66
28 ACA 60 129 8 49 996108 158 78 2 5 32 62 76 67 74 19 83 18 149 37 5 36 29 10 50 56 4 44 35 10 158 17 64 91 44 59 61 45 146 87 119 65 100 4 7 4 25 13 38 41 379 0 14 87 78 200 109 103 31 16 75 33 106 49 39
29 ATC 11 63 52 80 198 20 29 5 87 14 23 22 41 996362 121 41 73 8 53 4 30 318 105 36 8 28 41 64 20 55 93 21 34 27 158 21 65 16 39 15 50 76 23 40 131 30 18 39 19 135 64 247 11 3 1 221 18 64 64 18 78 45 50 54
30 GGC 104 26 106 4 197 47 50 91 154 60 64 207 17 70 12 133 13 116 40 195 182 133 11 7 186 111 5 28 141 94 17 98 51 2 114 175 34 36 10 21 35 995443 47 66 49 127 56 42 127 34 24 74 50 65 89 39 166 20 36 38 72 9 6 124
31 TGC 74 96 3 84 27 62 44 76 27 83 186 10 85 121 28 89 31 67 51 123 79 2 7 20 98 64 4 78 58 39 95 58 253 11 10 21 48 47 14 167 106 18 128 73 106 67 45 77 26 60 15 35 26 11 26 14 69 996240 108 6 57 73 26 48
32 AGT 127 194 3 32 151 111 37 141 88 39 62 995913 70 23 57 233 41 24 164 0 8 454 35 58 50 94 72 5 19 73 86 126 95 23 42 17 22 15 107 14 15 95 15 9 57 57 18 27 6 63 1 70 35 173 3 98 35 18 58 34 40 10 63 75
33 GAC 46 153 250 92 129 173 165 61 114 68 209 174 354 129 13 85 38 1 15 124 19 110 33 43 127 154 50 25 86 104 127 7 27 994985 130 35 28 60 84 14 43 66 19 8 14 42 20 62 3 23 9 89 145 81 92 130 0 93 25 117 93 53 67 65
34 GCC 27 79 51 1 26 31 73 33 47 62 22 53 101 60 110 183 120 150 29 101 43 57 18 45 153 0 2 71 67 83 31 74 96 26 9 114 0 996510 60 23 30 101 69 49 31 11 14 19 48 4 53 51 2 72 157 0 18 103 27 28 10 70 111 81
35 GCC 12 141 6 53 84 23 30 21 5 88 20 31 14 22 138 168 0 246 3 13 197 30 6 8 28 34 6 57 28 80 74 46 89 49 37 29 69 996188 53 203 163 24 50 11 127 46 123 111 97 1 153 18 87 6 193 5 126 23 82 7 1 71 7 39
36 GTA 241 107 25 14 79 114 36 43 91 137 179 52 92 14 83 128 68 22 25 209 185 0 24 24 12 13 11 150 20 191 65 0 13 12 2 8 77 39 57 80 3 1 157 25 996274 86 15 15 94 0 14 5 63 26 26 8 31 21 165 80 37 19 51 42
37 TTT 248 12 22 249 47 6 6 50 36 49 58 41 80 9 90 65 41 35 5 27 38 2 190 78 179 61 94 42 23 46 39 16 37 42 102 29 81 77 22 7 92 7 30 16 22 7 45 169 5 72 61 30 105 68 127 34 31 50 139 25 14 34 76 996360
38 CGC 73 164 57 20 55 150 14 17 10 109 93 0 88 24 48 1 55 58 29 94 28 80 22 19 85 996125 22 16 101 35 129 143 87 3 85 77 10 3 44 46 69 93 65 62 9 25 179 70 56 26 35 38 30 86 12 100 5 125 325 22 26 9 27 187
39 CTT 165 6 60 10 9 14 10 58 2 34 111 14 108 99 19 110 80 156 20 5 40 19 15 52 2 8 225 77 49 15 20 996779 14 70 21 49 21 34 41 40 54 56 80 6 91 29 18 15 45 131 20 39 22 14 59 66 50 128 50 5 32 166 69 74
40 AGT 29 63 25 96 2 19 10 25 4 79 17 996577 111 76 48 4 8 27 84 97 27 70 83 26 41 39 23 130 151 20 39 35 106 1 25 99 33 83 22 125 14 168 91 94 27 52 8 205 16 63 8 26 48 37 13 81 14 17 169 71 33 68 20 78
41 GCT 8 64 10 17 73 5 1 20 2 20 27 47 202 32 11 38 40 49 207 104 43 41 106 25 9 15 49 73 129 82 15 73 253 12 28 7 220 43 54 996566 27 4 17 50 21 238 28 92 140 41 18 45 44 44 55 35 0 94 23 11 5 39 42 67
42 CAG 5 44 8 101 33 76 212 1 20 136 22 14 19 27 52 23 55 1 996122 43 79 174 122 17 78 41 206 31 64 7 73 169 4 21 77 79 19 51 31 2 81 53 4 137 88 37 91 17 110 6 29 13 38 128 50 73 55 23 41 21 111 191 199 45
43 GGA 18 225 21 14 20 35 108 28 127 126 49 29 3 37 3 109 20 142 11 135 40 70 81 7 164 36 88 15 10 63 21 26 47 20 18 1 6 13 37 163 996451 18 27 41 122 21 43 87 85 37 12 13 27 63 8 63 97 6 137 22 61 85 202 86
44 AGG 148 16 12 46 23 81 1 108 26 24 996121 27 27 24 28 44 68 14 10 11 138 133 40 64 4 114 142 27 62 4 72 55 8 37 40 244 117 190 29 40 98 59 127 63 19 42 14 53 109 5 161 115 6 75 35 33 35 194 51 0 5 55 36 191
45 CCG 26 129 26 56 62 50 101 18 73 28 98 28 66 0 123 13 85 40 142 45 69 9 996391 90 114 31 103 98 110 14 35 62 17 20 48 9 14 52 122 45 96 113 34 137 25 51 18 65 10 203 15 11 78 17 3 60 159 51 5 33 47 12 70 25
46 GTG 7 101 8 4 17 48 22 26 11 92 57 88 51 39 63 101 39 24 34 26 21 71 19 15 8 57 165 1 33 36 47 11 81 86 38 63 123 131 130 51 47 7 72 32 0 23 996310 77 148 120 93 12 24 74 3 30 186 100 118 71 200 79 56 73
47 TTG 87 8 135 9 100 33 30 112 3 27 9 3 62 103 36 29 78 19 107 148 56 57 49 5 92 50 155 36 15 38 53 139 17 108 42 7 25 4 69 78 58 184 9 48 9 42 7 227 49 11 34 19 49 13 9 5 22 21 41 44 16 23 996765 62
48 TTC 6 24 1 194 71 49 25 98 4 116 57 17 25 368 123 46 38 23 32 63 272 29 30 17 10 14 49 26 12 177 70 15 3 16 73 41 24 53 29 20 92 7 80 96 189 76 14 28 21 53 114 40 111 1 0 36 19 10 96 17 34 996479 4 23
49 GTT 41 3 72 70 94 45 104 44 3 33 16 11 23 9 45 70 24 83 85 16 8 206 13 38 36 11 110 34 150 13 145 65 335 77 36 70 71 58 53 25 12 70 70 16 66 221 83 995680 127 186 43 269 15 3 70 9 88 160 89 24 45 33 125 51
50 AAG 85 66 995812 91 58 24 21 3 16 120 23 27 31 67 52 61 54 135 42 226 68 54 49 24 12 86 7 75 64 5 98 71 21 102 58 25 115 1 105 114 19 132 4 85 105 9 101 19 97 307 16 32 48 12 169 6 93 66 24 125 12 287 19 45
51 ACC 106 37 9 76 58 995784 22 105 145 97 36 12 51 35 58 78 43 20 62 22 116 33 27 58 38 158 76 31 234 77 302 60 8 49 100 52 99 15 154 176 53 93 12 72 116 60 37 17 18 0 39 130 97 23 25 77 116 4 74 3 95 33 19 68
52 GAT 11 41 13 52 6 16 113 112 37 220 26 10 33 103 217 86 50 126 44 16 59 48 12 11 21 170 17 94 2 47 173 49 9 21 8 996397 65 70 129 30 136 34 17 56 27 92 31 14 15 25 95 46 43 8 36 134 79 52 7 210 7 8 53 11
53 TTG 73 17 113 95 56 20 160 49 53 69 54 19 99 60 82 27 44 43 5 6 69 30 131 80 163 1 11 37 16 26 68 6 30 109 54 160 63 72 27 119 25 65 39 90 100 90 11 60 98 80 14 56 23 90 184 86 64 13 143 142 14 62 995999 36
54 TCT 24 15 36 243 22 32 6 18 117 29 93 113 12 42 92 18 43 106 11 15 124 64 13 107 265 93 8 45 29 48 29 65 49 50 13 90 106 1 13 109 23 26 14 67 109 51 196 22 57 5 30 23 235 101 21 996092 81 69 28 105 117 11 52 57
55 GGG 23 93 126 23 100 127 6 182 86 29 37 56 12 77 9 50 98 5 41 103 23 26 66 7 32 78 72 31 10 83 129 9 52 40 97 29 11 89 45 358 51 72 995794 40 223 58 3 65 167 9 10 52 22 16 68 17 238 25 114 56 175 101 8 46
56 GCG 25 59 17 58 90 63 49 164 46 26 45 9 121 31 85 62 9 16 23 264 75 20 20 56 80 30 20 25 18 29 32 24 41 89 13 87 37 44 996775 47 24 46 278 16 6 2 18 18 8 6 29 41 11 17 285 17 0 31 19 36 78 166 10 14
57 CTA 10 184 53 41 52 133 7 64 121 158 44 47 31 22 19 6 43 264 90 124 83 70 9 23 110 18 8 191 995482 41 95 35 85 34 41 73 53 152 33 42 106 56 18 52 128 64 48 30 268 29 77 16 38 33 24 55 39 27 67 18 143 405 34 34
58 AAC 187 995940 9 88 14 206 173 56 12 19 97 0 28 8 55 34 8 51 86 68 113 75 10 51 39 12 98 97 36 49 28 6 84 20 59 53 22 37 131 47 13 43 112 199 16 393 137 6 16 50 34 75 18 71 85 28 110 34 82 0 9 31 188 44
59 GAG 115 95 74 69 167 66 118 2 71 253 133 138 17 28 136 123 12 52 59 25 41 4 307 44 72 75 41 29 34 126 97 13 102 1 995891 245 43 35 54 48 4 11 29 24 14 6 29 12 85 17 19 227 33 2 28 70 15 14 133 11 9 42 20 91
60 CTG 57 18 34 45 24 25 34 39 17 132 48 80 59 78 39 45 83 95 97 17 72 51 85 16 11 86 45 5 54 3 995921 65 10 204 38 100 127 1 93 202 67 248 0 20 19 85 13 159 38 82 65 34 105 40 49 34 233 11 92 216 6 40 11 78
61 CAA 117 38 9 91 29 239 17 32 102 170 157 57 35 15 25 52 995760 144 34 33 7 10 159 33 38 25 53 53 15 17 39 175 115 178 26 99 45 106 12 45 89 23 18 161 120 59 59 4 49 20 6 38 135 27 4 122 26 61 48 80 62 109 121 153
62 GAT 39 77 62 42 430 81 167 58 35 21 20 161 57 24 33 45 53 35 54 8 30 69 16 116 23 17 25 26 3 25 292 0 11 6 127 996420 8 31 21 20 53 2 42 9 110 30 31 75 102 1 24 19 9 31 3 66 4 50 58 178 73 30 162 50
63 GAG 158 123 47 56 117 3 42 18 117 96 46 83 41 49 15 106 24 91 63 142 47 242 83 36 187 111 69 48 16 19 172 9 3 57 995874 163 8 40 68 31 54 4 224 39 46 46 55 64 20 27 15 29 0 84 59 47 95 72 48 31 79 33 87 22
64 GCG 41 8 199 86 13 21 91 14 122 4 92 28 86 19 36 35 9 122 67 16 55 67 22 33 51 33 75 36 11 32 85 15 88 21 67 151 21 6 996793 44 18 119 30 2 42 4 69 38 63 16 109 22 31 283 6 93 10 48 32 15 71 35 28 1
65 GCC 45 64 10 83 121 11 28 49 35 3 18 92 6 20 17 67 21 3 31 19 36 16 58 42 94 16 23 84 61 10 14 27 25 35 152 19 5 997027 76 12 45 24 106 37 56 54 33 66 5 46 24 45 165 2 163 19 9 192 80 49 130 8 12 55
66 CGA 94 32 32 174 23 37 166 18 10 104 6 69 55 49 17 42 119 19 104 106 38 10 28 2 996676 60 34 65 42 21 50 2 38 67 71 7 42 3 20 2 32 1 52 97 22 85 43 10 30 19 274 60 105 33 25 14 186 52 14 63 30 72 124 3
67 CTT 71 83 36 157 22 35 63 0 61 48 18 199 9 182 24 43 17 92 39 125 205 190 68 0 37 8 3 15 25 23 4 996544 14 90 12 27 52 27 66 33 42 51 10 73 67 18 30 156 19 13 14 83 60 123 70 187 47 22 7 48 14 31 6 42
68 TCG 163 23 48 112 134 64 181 14 166 0 138 23 1 156 236 48 214 16 44 50 48 41 43 18 109 273 4 257 162 24 82 95 43 36 37 33 45 31 61 56 7 78 45 73 11 0 79 54 44 282 59 40 153 7 995266 120 29 76 42 38 3 69 43 53
69 TGG 34 40 22 9 104 43 270 40 36 33 43 67 75 42 17 26 40 39 99 86 19 25 52 22 33 40 57 7 56 2 66 18 126 26 20 104 31 56 38 86 59 98 14 145 27 129 50 42 0 40 73 63 8 9 57 13 79 19 996707 28 149 55 80 7
70 CTG 128 36 26 32 16 11 4 16 79 46 135 178 41 37 89 37 9 150 16 35 41 48 131 9 118 39 19 32 4 7 996647 128 32 51 18 17 29 11 118 48 62 20 30 62 66 8 236 17 82 32 1 0 40 24 1 61 70 74 100 57 1 80 87 121
71 GCC 187 69 17 60 7 101 65 12 74 70 187 79 39 29 22 11 1 14 138 5 107 148 37 166 57 58 93 5 21 105 99 27 24 98 23 7 39 996181 67 165 79 226 40 30 120 17 17 57 17 49 42 0 34 201 28 25 16 142 23 9 25 30 11 48
72 ACA 24 16 26 144 995640 61 162 152 50 172 16 69 53 18 64 55 35 319 92 11 77 20 17 4 12 0 39 207 133 15 9 94 113 41 86 175 23 23 96 28 33 34 136 82 26 31 22 78 28 54 234 28 47 95 2 29 53 328 18 13 14 68 15 141
73 ACA 32 59 54 31 996243 9 247 58 49 4 20 0 40 109 21 23 119 7 75 56 91 122 43 12 53 42 25 13 0 7 14 13 133 31 100 99 52 30 26 33 97 108 24 116 58 49 19 3 62 65 27 132 118 178 8 49 35 62 211 16 95 119 121 33
74 GGG 88 19 19 54 96 17 40 104 11 19 20 78 105 40 58 26 79 10 28 13 46 142 48 14 3 37 18 11 66 17 57 6 93 119 105 81 51 40 6 31 81 91 996566 257 10 18 41 19 46 15 218 19 28 59 0 26 3 12 94 28 62 188 194 10
75 GTT 27 49 7 40 185 55 66 45 10 14 86 60 3 35 68 35 80 13 99 39 47 53 7 10 77 39 20 92 15 15 68 34 12 40 109 10 10 31 40 24 49 52 0 82 118 78 23 997117 31 5 2 1 66 13 73 93 76 105 2 92 78 3 50 22
76 CCG 41 6 4 49 139 66 15 30 67 32 36 47 7 73 7 27 31 152 109 117 16 1 996314 72 163 13 26 43 117 23 133 28 52 32 98 70 41 127 18 24 14 31 127 118 48 29 9 148 90 10 6 62 31 27 126 190 20 11 106 110 45 82 59 35
77 TGC 69 40 15 28 58 90 7 32 37 43 127 38 84 33 16 139 11 42 0 49 91 80 19 5 44 2 53 10 49 24 55 175 23 32 209 107 4 3 37 136 53 250 97 8 229 104 227 33 98 29 26 57 97 47 189 61 18 995517 16 169 112 8 435 4
78 GCA 1 135 69 39 51 118 354 19 22 9 14 34 21 101 78 24 46 56 40 45 17 27 137 30 126 25 127 12 33 53 66 16 35 68 19 225 995676 11 39 83 32 26 12 114 146 40 48 3 26 11 95 116 32 161 77 15 31 105 5 42 345 181 187 49
79 GCG 9 19 47 130 46 26 86 1 24 60 34 29 61 37 27 41 90 166 36 41 62 11 115 100 61 25 28 14 69 78 19 87 40 10 41 40 44 10 996671 42 154 74 41 45 109 35 12 193 24 48 43 63 8 22 46 118 27 20 37 29 30 77 158 10
80 GTT 109 107 77 69 104 42 14 36 141 94 32 66 14 6 108 36 32 22 60 174 65 52 74 33 39 63 53 16 4 66 43 47 54 34 5 68 76 30 15 83 87 24 28 15 180 62 22 996150 43 9 131 7 40 76 15 194 89 158 17 112 30 46 159 43
81 TTA 80 58 135 268 61 19 2 198 8 3 4 43 94 29 39 49 53 112 84 32 51 93 24 40 53 50 48 72 84 109 16 31 146 14 17 14 89 105 42 70 84 5 41 76 9 15 19 44 27 201 9 68 76 20 79 33 26 32 72 0 996275 19 141 90
82 GAT 63 30 91 64 98 30 30 55 85 51 106 29 84 81 30 20 36 34 79 32 33 53 24 11 15 70 93 83 67 28 33 6 32 29 28 996413 64 49 133 9 65 34 55 40 64 23 44 42 12 74 269 204 122 4 107 33 99 68 47 63 21 3 80 26
83 GTT 87 13 25 25 38 71 76 36 57 83 137 101 39 88 69 143 132 28 108 26 29 6 5 102 38 57 29 168 41 58 174 10 23 47 26 92 9 13 151 2 83 70 45 24 34 17 78 996172 15 80 33 13 76 62 50 22 25 89 24 64 102 65 66 229
84 GTA 47 86 26 48 78 28 98 8 103 95 38 106 70 46 55 52 67 153 15 10 158 7 45 75 71 13 39 43 22 20 16 13 89 76 4 22 85 25 0 33 26 15 9 30 996855 26 17 129 40 62 61 75 117 13 85 36 23 76 28 49 22 74 28 19
85 ACG 6 33 28 102 31 128 996325 0 95 13 26 155 43 52 124 168 23 8 6 79 53 46 53 67 39 14 93 111 118 25 32 38 50 68 40 44 25 72 78 102 5 71 3 6 61 49 121 17 5 82 27 16 67 103 81 64 92 94 66 143 52 91 32 39
86 GAG 13 113 25 204 28 46 24 16 0 31 41 3 103 56 101 3 2 20 3 1 49 23 153 5 66 18 9 9 43 31 70 6 53 43 997196 11 49 4 68 50 7 78 79 208 14 130 53 8 3 31 24 18 23 75 7 106 9 16 29 29 7 35 153 69
87 GCG 15 36 180 132 199 3 64 95 25 112 17 30 9 236 101 198 54 123 42 11 133 211 11 53 77 17 152 33 364 19 176 63 28 32 1 38 13 30 995540 169 0 9 27 40 12 51 117 60 38 25 7 16 16 26 54 54 59 44 87 39 155 112 58 52
88 GGC 32 92 87 164 18 78 43 36 46 23 2 80 61 74 50 33 10 9 35 40 7 47 1 63 13 36 4 23 60 127 63 49 144 160 45 56 40 33 40 95 31 996526 5 87 52 5 12 83 136 76 28 60 58 55 185 60 66 13 39 39 121 13 128 3
89 AGG 83 19 183 376 24 178 81 48 14 29 996096 9 7 30 3 4 11 106 125 164 40 40 44 15 38 151 240 10 6 18 10 7 118 2 97 36 51 8 35 13 110 124 33 58 4 40 160 60 56 105 16 21 6 210 23 86 53 98 14 37 22 80 2 13
90 GAT 38 62 19 11 23 89 65 22 114 169 75 247 30 1 15 105 62 92 36 30 59 71 21 41 9 68 99 42 12 4 24 64 7 124 89 996264 29 156 52 15 17 46 227 86 35 96 65 4 13 69 2 31 70 69 87 1 50 78 75 109 63 30 88 34
91 TGG 45 132 99 5 59 6 98 17 17 217 48 259 2 54 51 123 250 78 11 62 10 138 8 32 25 48 120 47 16 43 89 45 65 19 1 60 112 219 52 71 77 62 61 40 58 85 37 10 39 88 54 21 67 5 72 22 36 73 995757 274 25 85 48 51
92 CTA 125 74 5 94 52 39 38 0 118 27 17 73 51 22 32 33 86 120 36 7 92 45 42 80 32 60 47 22 996247 147 3 55 43 32 113 22 120 73 73 170 75 25 6 24 40 188 18 53 10 100 33 85 26 129 1 6 110 112 15 171 129 53 17 7
93 TTA 40 94 7 67 86 110 77 48 11 29 99 58 93 25 84 113 26 27 91 38 26 124 80 82 103 27 29 57 24 159 54 77 128 1 40 31 39 18 3 90 32 194 33 4 41 12 79 147 26 56 218 0 180 82 17 29 76 14 65 85 995971 153 29 42
94 TTA 62 15 16 27 117 72 99 243 39 53 126 203 104 57 81 121 72 13 28 22 104 40 28 64 106 25 42 27 77 40 90 7 24 16 20 19 19 17 28 37 18 29 11 10 92 65 50 93 70 85 158 33 24 24 109 65 40 60 65 57 996317 76 4 45
95 GGT 6 37 39 42 57 57 27 225 45 44 123 17 47 225 82 1 22 33 32 96 75 172 47 88 63 18 22 15 21 64 43 97 34 55 88 61 34 5 4 9 109 40 20 996173 95 108 109 96 51 28 34 109 23 109 31 31 22 4 106 116 146 64 7 97
96 GAG 276 8 144 15 16 58 69 29 69 44 44 38 40 45 5 74 27 42 38 75 61 16 63 3 104 10 127 46 10 154 39 165 101 40 995587 5 451 25 68 108 111 15 241 16 111 134 40 79 147 46 53 38 152 18 43 28 59 87 6 3 73 88 50 23
97 GTT 62 12 20 70 94 20 64 144 117 11 13 70 40 6 29 114 109 41 0 152 209 190 144 3 6 256 43 59 131 82 9 124 90 103 20 85 48 29 38 93 139 170 14 62 68 20 17 995447 19 128 244 13 28 44 56 11 26 70 66 179 130 8 8 83
98 CCG 15 28 4 42 44 78 15 15 12 35 89 111 17 17 148 35 27 2 28 47 20 23 996590 31 82 37 132 202 66 26 40 116 76 49 0 71 171 55 28 51 23 63 82 105 122 51 76 25 39 55 6 42 14 20 29 5 8 30 76 207 78 3 114 52
99 GGG 24 168 96 36 23 34 12 27 119 11 3 71 127 243 43 22 168 26 66 41 26 71 1 10 9 137 100 152 100 18 64 66 31 46 7 86 17 68 232 16 88 125 996160 78 1 45 71 54 86 25 7 76 17 107 16 87 1 74 18 46 3 46 74 78
100 CAA 156 52 19 66 40 52 92 95 55 53 21 107 72 60 158 24 996431 36 12 40 74 39 26 137 16 110 36 91 6 36 53 32 129 61 164 27 25 18 99 3 51 57 61 9 26 21 8 0 212 17 29 78 9 91 15 72 24 57 90 24 165 40 7 14
101 GAC 2 34 88 73 12 54 58 57 16 157 9 61 66 9 82 2 9 181 31 64 5 41 5 52 39 135 116 126 44 38 49 52 20 996444 1 128 27 6 99 170 111 19 4 117 43 113 165 19 49 35 50 47 131 41 10 28 14 144 2 16 61 52 27 40
102 TTG 96 90 58 28 119 27 14 54 4 29 158 28 86 9 96 218 135 77 2 104 17 3 130 62 159 40 65 67 26 15 49 129 129 100 59 42 184 22 159 160 6 55 26 20 93 43 12 20 20 80 36 142 76 155 82 81 184 126 143 101 262 233 994887 68
103 CTT 42 47 82 25 29 47 76 5 17 52 56 4 53 42 51 36 31 128 20 147 16 63 181 26 69 9 14 139 7 168 76 996170 21 45 1 103 34 25 236 55 2 21 41 53 50 58 44 128 44 79 173 0 236 151 85 111 8 116 76 14 15 15 8 24
104 AGT 21 106 43 28 119 157 2 55 46 43 48 995432 48 25 70 276 41 8 76 65 12 325 59 123 195 2 40 34 16 13 12 74 4 53 35 151 41 56 64 150 165 94 49 73 123 1 48 169 78 181 6 94 3 33 76 16 95 76 15 41 128 106 65 97
105 TCC 7 203 110 13 15 8 16 7 21 54 23 1 40 5 99 42 48 73 33 104 5 66 43 4 81 34 26 49 16 15 28 31 111 117 62 121 1 3 70 76 294 22 69 27 47 69 56 36 75 5 77 19 54 996635 144 40 70 4 93 2 26 47 193 15
106 CAC 19 8 5 28 47 53 19 42 34 39 33 48 34 135 103 70 99 996100 204 14 48 68 236 64 115 19 55 11 38 2 21 33 39 71 211 78 23 10 19 205 51 42 133 26 38 38 52 40 24 28 44 92 7 21 14 52 170 82 137 48 148 6 20 187
107 CTG 60 90 22 15 181 45 16 14 97 2 4 59 115 13 18 20 71 13 72 91 3 5 185 11 48 62 68 48 81 30 996303 128 76 255 67 30 15 52 24 44 69 48 49 35 24 89 92 53 81 0 11 37 27 74 17 79 70 82 7 7 307 116 40 33
108 GCC 184 44 21 0 62 36 7 26 14 98 107 23 55 4 78 53 53 46 98 1 319 70 25 40 119 0 7 42 2 82 36 43 97 1 99 53 54 996425 18 59 82 47 24 25 31 33 22 153 29 39 7 21 20 38 6 205 31 48 201 38 11 83 158 47
109 CCG 1 36 101 32 10 118 3 2 53 16 43 96 3 21 102 124 123 27 14 16 0 87 997096 113 44 114 5 25 128 0 22 58 3 12 52 32 68 18 20 32 26 66 2 16 224 38 27 1 52 18 7 70 12 19 71 43 50 56 9 35 15 95 15 163
110 GCG 275 2 31 30 158 5 12 19 61 56 147 17 6 20 18 38 56 65 12 34 33 178 92 203 46 24 36 1 62 143 5 193 20 3 10 158 17 3 996156 59 13 132 3 6 15 78 11 7 33 7 24 65 12 45 91 124 76 85 19 325 73 125 49 78
111 GAG 70 48 8 23 122 70 1 139 94 4 12 75 16 106 68 73 35 91 34 259 182 24 47 36 40 45 45 51 6 34 52 45 65 29 996298 123 32 10 14 44 103 16 43 110 25 8 64 22 43 25 93 0 176 52 17 102 81 58 60 173 65 24 44 26
112 AAA 996478 3 26 66 23 38 31 34 47 97 3 18 21 117 8 198 5 16 33 39 96 94 18 52 90 12 146 19 59 25 50 79 12 18 71 105 22 9 27 4 19 70 49 36 12 15 63 35 15 175 258 44 10 59 0 65 191 192 22 159 24 36 69 73
113 GTA 59 4 90 32 91 127 138 28 54 45 23 5 19 50 79 4 155 36 40 57 22 49 13 123 61 87 69 22 66 14 152 158 6 60 15 9 54 17 31 27 77 20 116 113 996025 72 96 90 0 38 13 249 62 61 35 50 57 210 16 146 82 58 11 112
114 AGT 55 111 24 22 111 72 46 30 24 23 74 996803 27 33 47 41 71 20 35 32 189 128 44 30 48 4 33 0 7 31 23 59 77 91 56 12 103 122 13 103 19 80 33 36 45 38 16 201 22 53 19 41 54 24 69 11 12 125 8 16 75 44 66 19
115 ATA 141 0 79 78 26 33 39 25 8 0 132 160 996808 55 32 14 126 14 12 82 45 39 34 94 19 80 14 142 74 20 9 29 87 44 8 79 58 65 39 41 54 101 43 35 18 15 22 49 76 22 23 19 79 49 35 111 11 60 8 22 187 52 12 13
116 ATG 15 54 19 58 27 16 8 10 17 12 6 91 15 53 996664 7 112 13 55 43 254 85 27 80 126 18 62 96 79 42 62 11 18 68 17 24 24 41 45 44 12 38 24 27 100 78 51 84 65 64 8 52 16 26 73 189 111 85 103 35 16 146 25 54
117 GCT 55 73 60 68 130 47 42 64 195 17 180 142 43 54 31 79 66 38 50 22 36 131 66 54 36 114 42 116 234 21 88 89 21 0 13 92 37 0 94 996133 20 72 5 36 28 21 96 44 14 22 41 70 11 13 67 45 214 65 90 10 19 71 36 17
118 GAT 65 2 57 5 43 132 49 24 89 87 122 29 158 45 45 88 130 35 99 16 10 80 66 50 57 29 60 35 200 62 25 26 19 126 63 995690 14 154 101 11 72 176 30 19 150 5 129 89 30 74 81 26 159 51 73 25 66 150 19 13 126 12 13 214
119 GCT 17 94 24 12 13 5 233 67 9 18 56 64 13 31 84 65 66 53 21 29 52 163 52 11 2 82 13 123 23 70 33 24 91 77 50 33 36 60 140 996591 33 44 46 3 29 78 11 35 91 8 199 1 34 54 163 16 55 41 34 78 10 4 135 98
120 ATG 18 79 17 29 214 2 23 139 12 72 13 256 67 36 996146 15 17 39 241 8 14 42 46 45 157 35 61 140 11 47 48 0 118 56 111 82 7 16 25 28 59 303 30 56 74 24 45 82 62 1 11 171 15 6 40 19 0 73 174 4 51 77 21 70
121 AGG 19 31 61 0 0 79 32 201 198 174 995627 42 182 30 5 324 23 22 60 104 78 102 6 84 72 67 4 15 130 80 12 62 33 35 14 0 23 74 61 114 157 37 36 11 52 135 61 53 27 113 119 192 86 24 27 109 37 6 42 6 165 80 49 96
122 CGT 5 96 9 36 95 31 179 0 97 8 38 236 36 13 39 12 8 36 44 65 0 28 28 221 90 137 12 995845 14 99 60 84 84 5 65 81 41 197 41 56 87 194 8 57 60 83 115 85 37 27 27 29 110 124 15 166 12 15 119 29 185 3 137 5
123 TTA 32 1 51 13 55 44 57 66 112 17 5 125 2 20 67 256 8 67 93 151 24 50 23 11 39 50 24 107 4 59 53 36 70 193 73 33 6 141 4 111 72 287 44 42 174 83 65 32 12 53 64 80 4 119 25 224 13 117 186 31 995741 55 102 22
124 CAC 153 27 14 44 26 14 75 41 68 21 65 23 56 90 39 36 102 996573 20 82 16 28 60 62 71 43 3 0 134 30 99 95 2 78 120 55 7 4 78 2 48 83 74 46 7 28 32 38 76 23 129 23 47 53 114 64 45 26 10 95 20 99 157 107
125 ACA 5 26 11 102 996921 11 57 13 52 113 9 66 4 94 3 13 0 0 7 31 6 33 70 44 8 76 92 108 5 124 9 36 7 8 1 229 46 121 6 95 37 58 32 9 42 83 28 40 7 35 93 60 79 49 36 85 66 60 96 36 145 22 88 52
126 CTA 11 45 2 83 18 38 71 8 47 31 20 1 43 59 39 11 87 47 46 17 220 56 2 14 153 76 72 14 996724 18 35 60 3 13 87 75 27 17 68 47 54 31 13 55 39 97 80 106 43 98 148 1 107 46 17 117 55 153 0 60 0 94 41 40
127 GAT 30 74 130 3 167 12 25 20 8 6 1 25 12 155 25 44 87 0 106 22 24 89 24 28 86 95 62 59 11 10 21 73 57 124 38 996743 3 41 28 42 31 60 10 55 55 77 86 89 40 50 30 130 69 26 53 51 122 101 12 13 66 4 13 147
128 CCA 8 37 47 37 38 25 131 61 50 110 37 2 18 6 63 24 19 14 50 12 996620 59 30 46 84 11 70 46 68 27 36 142 53 7 33 234 96 60 1 87 85 60 45 35 21 19 56 40 9 3 259 140 30 65 24 70 72 9 58 61 23 9 83 125
129 GCA 75 136 80 5 13 18 121 45 44 13 52 18 112 46 40 31 38 94 16 57 30 144 32 61 23 44 18 71 70 113 105 10 27 55 52 63 996507 119 67 102 135 58 27 109 60 5 12 16 31 163 112 13 31 0 144 60 28 11 53 40 1 72 2 50
130 ACG 92 4 79 158 118 42 996691 13 63 230 149 12 7 85 132 40 29 2 7 0 25 198 144 24 119 1 20 17 27 28 144 112 76 14 27 13 18 26 6 49 55 47 62 48 112 36 31 26 82 75 23 26 0 29 46 1 4 24 63 1 99 13 35 21
131 TGC 27 44 16 93 77 105 137 55 108 46 67 3 39 4 91 42 64 76 63 9 63 61 6 0 18 11 29 8 34 152 26 105 51 140 162 82 78 30 27 102 78 24 54 11 112 33 2 14 6 11 55 224 122 28 46 61 30 996569 19 18 3 53 47 29
132 CCA 39 72 101 231 36 83 42 70 174 5 92 87 26 53 29 32 47 40 4 36 996178 68 98 36 36 4 21 176 21 65 88 53 18 67 8 116 140 45 31 17 48 38 3 91 52 17 12 5 59 91 84 15 109 134 50 246 129 34 25 5 54 47 6 61
133 TTC 161 88 50 0 59 40 60 62 31 38 46 26 104 49 38 116 2 28 7 22 0 33 11 11 30 5 37 66 19 70 4 50 21 95 12 67 170 1 39 60 9 3 37 14 38 13 13 7 69 19 41 81 42 14 0 19 14 56 253 107 170 997120 20 13
134 GAT 59 5 19 81 149 87 65 22 8 17 5 77 49 73 6 49 29 34 97 51 58 86 84 41 114 57 47 30 100 19 0 101 57 107 58 996635 128 56 131 10 34 94 3 2 72 42 28 97 17 44 51 5 29 40 65 19 139 1 169 11 38 53 19 27
135 CAC 77 65 112 38 34 198 115 46 34 40 25 44 127 4 34 47 309 996618 6 48 2 212 48 144 45 1 50 12 0 7 32 53 86 39 35 37 93 24 84 11 51 174 20 15 62 40 86 3 38 1 3 65 3 94 40 0 40 4 1 38 42 77 38 29
136 CAA 25 32 58 88 151 12 14 209 20 7 84 53 87 85 182 121 996070 42 108 38 35 15 23 44 9 4 2 9 3 93 163 68 49 85 52 32 98 115 12 41 46 60 15 78 13 74 113 102 47 76 72 54 136 21 106 12 99 49 23 119 18 41 54 134
137 GCG 52 23 24 11 287 16 116 409 31 16 100 36 40 1 31 58 187 55 133 103 17 37 86 44 36 50 1 52 28 62 15 75 55 50 13 67 90 21 995672 157 20 54 31 201 7 141 29 15 61 19 109 161 29 2 9 41 84 119 177 109 55 109 57 4
138 AAA 996665 73 55 131 15 46 31 24 62 11 86 192 11 9 77 7 7 64 184 22 123 38 7 54 10 77 69 40 27 65 33 3 39 31 48 28 69 197 47 112 9 27 38 5 20 4 77 18 67 123 62 19 57 51 51 80 144 45 143 4 21 13 9 24
139 CAC 1 71 156 73 35 56 30 71 69 61 163 25 78 5 44 108 144 995637 56 41 39 17 46 80 67 17 40 108 73 103 27 165 9 70 124 186 75 77 9 59 3 23 85 80 188 81 22 50 46 49 92 0 14 218 159 14 16 128 83 51 79 108 32 64
140 CGA 11 165 136 48 7 1 0 374 40 19 5 38 82 3 68 3 41 73 59 4 51 96 66 97 996754 3 9 13 80 40 53 91 13 23 40 15 37 4 12 64 29 163 3 200 1 29 62 106 1 36 5 18 10 18 24 88 35 5 124 15 137 41 85 27
141 ATA 53 32 29 97 95 7 25 97 37 93 94 16 996233 142 156 76 34 3 7 224 4 6 23 42 62 162 6 33 119 152 30 117 13 137 11 64 29 52 2 61 39 89 54 47 36 24 12 25 80 37 8 131 4 36 141 88 50 46 2 115 157 17 58 29
142 GAA 114 83 11 19 144 4 134 41 52 42 123 29 35 50 231 24 25 37 23 45 247 39 23 250 6 9 38 43 30 48 7 106 996549 71 7 105 20 15 12 16 28 53 76 43 10 52 46 56 64 174 87 56 23 17 35 8 26 12 49 103 0 25 25 25
143 CGA 58 5 12 90 133 15 6 181 27 70 2 56 243 21 36 208 56 156 15 34 67 54 36 19 996003 54 71 60 180 8 102 8 25 16 103 22 224 90 9 73 89 77 80 184 56 31 129 92 15 8 98 1 69 19 30 106 16 0 32 7 64 121 14 14
144 GCA 165 8 58 250 53 46 48 9 23 5 162 28 181 116 28 131 20 9 158 9 17 58 27 46 8 42 15 35 69 26 7 14 54 5 27 44 996441 36 106 38 3 42 41 6 21 43 123 48 68 64 133 86 44 14 14 44 38 79 63 105 9 264 6 20
145 AGA 148 22 3 34 13 25 69 12 996898 11 34 23 11 35 54 10 20 43 54 135 73 39 35 102 86 42 89 165 186 57 88 28 52 8 62 17 27 74 117 30 83 35 42 51 1 56 50 34 4 4 4 8 115 3 55 13 44 65 46 47 77 102 9 21
146 ACT 51 24 231 114 79 22 8 995935 123 45 42 65 15 4 7 6 52 146 51 95 68 23 163 16 39 108 145 3 66 19 53 8 116 70 65 140 114 159 3 106 68 114 53 31 116 38 33 189 134 17 26 123 47 7 39 59 10 67 35 22 64 71 17 21
147 CGC 59 44 164 18 43 58 27 69 111 9 52 90 11 28 39 64 6 26 45 116 44 34 33 125 16 996107 27 26 80 2 83 283 46 4 30 31 43 24 56 46 38 50 138 68 55 128 17 157 263 100 78 132 4 13 108 9 54 69 18 39 39 50 67 87
148 ATG 41 161 46 36 5 110 5 34 13 51 11 67 65 16 997113 45 47 108 87 63 18 3 46 16 29 75 31 23 1 31 29 21 67 119 34 83 46 82 7 26 72 33 42 27 236 9 4 4 23 35 11 93 34 50 38 32 22 40 2 13 26 11 10 222
149 GAG 141 70 98 57 32 10 89 100 0 37 78 25 56 9 9 132 148 42 52 3 1 10 14 1 8 45 37 41 58 47 61 186 44 45 995914 134 17 159 38 60 265 46 11 346 17 25 55 15 12 26 88 71 8 302 39 52 73 138 17 16 10 36 20 204
150 GCT 161 19 53 9 42 32 60 88 42 97 33 37 20 125 65 9 175 101 117 30 23 187 80 11 68 21 340 22 8 33 165 27 103 54 63 45 21 134 196 995808 24 15 105 102 0 117 59 37 20 98 24 100 86 62 157 56 24 13 66 18 22 46 5 20
151 GGA 107 135 100 22 52 114 1 9 30 25 127 55 41 38 49 71 9 76 2 60 61 73 30 43 79 110 43 18 117 58 152 15 102 20 61 53 57 11 76 39 996220 72 117 34 141 53 20 44 61 71 67 99 49 25 150 70 34 52 117 44 28 75 8 8
152 CTA 21 3 60 54 8 35 36 6 24 53 31 99 47 80 135 29 62 26 16 29 170 32 11 5 18 5 44 54 996215 76 236 137 64 221 146 33 31 82 31 45 9 183 40 0 37 60 71 41 86 9 69 140 67 80 14 196 25 73 35 36 12 1 28 178
153 GTA 13 54 7 112 209 67 72 21 87 43 49 62 53 59 44 50 1 6 103 41 53 290 52 179 123 46 29 127 37 68 173 177 60 18 59 9 157 15 12 15 83 82 28 90 995428 128 96 3 22 123 7 31 74 53 123 73 97 132 66 10 150 88 95 66
154 GAT 14 99 25 17 43 110 49 98 17 122 130 47 15 95 26 48 10 39 84 26 121 35 49 223 9 59 58 1 12 204 8 48 60 21 6 996808 34 13 11 14 104 48 30 64 18 116 95 48 35 27 86 15 74 25 139 24 3 34 17 37 12 17 6 18
155 CAA 66 36 30 55 43 5 51 65 260 11 44 59 27 41 99 46 996285 62 5 24 26 106 40 50 8 32 3 52 5 158 8 3 21 8 46 111 117 55 19 101 54 20 160 13 30 207 34 10 42 107 197 114 64 76 11 31 52 25 192 17 3 164 18 76
156 GAT 14 50 165 4 4 43 40 29 63 10 32 125 39 7 22 30 32 62 11 47 104 16 27 6 21 17 184 113 13 137 15 96 10 1 103 996330 91 40 125 155 81 3 17 36 80 59 12 17 86 277 10 50 25 17 84 93 140 145 62 67 76 12 116 2
157 GAT 58 56 57 56 7 58 54 72 9 0 42 46 35 31 34 32 48 53 18 29 19 3 20 16 4 40 57 59 102 46 25 24 121 11 28 996631 206 124 228 2 104 8 24 90 121 49 158 32 122 23 13 100 72 62 8 1 47 88 82 109 33 3 70 20
158 CTT 48 227 31 25 65 41 9 58 74 8 49 6 71 29 101 81 70 23 64 50 11 2 137 4 76 44 264 11 65 7 109 996565 53 1 60 1 50 23 101 23 83 81 65 13 31 59 30 76 45 38 62 120 38 26 41 24 175 77 24 49 4 5 39 58
159 GAC 107 34 50 62 105 7 45 94 53 202 11 1 140 16 52 11 43 24 98 69 37 16 21 1 163 7 88 78 24 158 19 13 31 996900 85 8 10 4 68 46 3 45 80 102 7 89 19 15 3 313 2 18 0 45 21 33 13 36 9 19 25 61 4 37
160 GAG 55 92 64 68 72 10 146 21 10 145 66 70 28 37 16 33 47 135 8 82 51 9 32 57 82 27 46 20 3 22 114 70 65 84 996635 86 59 114 31 38 11 55 5 53 29 8 41 34 112 37 42 150 143 26 29 4 20 43 27 35 9 68 67 102
161 GAG 58 65 69 88 24 27 49 110 31 77 242 23 174 1 75 135 173 27 24 79 83 30 86 2 6 15 10 38 12 28 10 110 31 0 996497 31 16 67 8 34 13 52 13 100 1 68 6 24 142 45 74 54 59 144 118 21 9 67 63 81 64 16 76 25
162 CAT 79 26 3 124 258 4 63 142 29 106 35 17 144 32 64 35 3 56 126 996346 76 31 29 17 14 52 127 3 65 93 36 4 18 207 13 2 47 2 69 55 153 8 62 155 5 60 59 28 10 5 71 76 39 15 125 2 6 9 20 37 183 80 134 6
163 CAA 60 43 22 6 236 114 109 26 49 21 228 5 7 56 54 22 995980 21 11 52 53 114 102 9 148 45 97 65 6 117 11 69 8 43 15 20 33 71 19 41 7 105 69 144 44 73 23 10 95 155 67 199 82 22 71 29 40 292 56 122 11 40 8 28
164 GGG 90 55 41 49 41 272 10 161 183 25 41 18 23 35 48 209 40 8 58 14 58 121 95 57 201 21 42 1 63 57 86 28 44 14 147 83 103 30 23 45 88 70 995393 93 164 31 35 100 258 151 85 108 127 37 0 42 175 49 25 110 23 73 1 22
165 CTG 8 76 28 101 19 29 6 12 45 58 3 36 38 25 51 55 6 35 70 25 361 56 43 27 85 124 26 14 7 18 996512 103 22 59 46 50 143 112 18 39 4 30 4 104 92 174 46 72 120 37 33 50 34 22 0 3 34 47 4 45 241 31 82 100
166 GCG 39 82 77 77 27 58 53 1 62 4 76 31 10 93 10 105 54 39 8 42 31 170 27 24 1 7 6 1 62 93 31 6 54 78 188 28 8 17 996805 70 24 0 18 149 4 121 27 30 42 41 8 96 31 63 8 10 217 67 10 103 120 79 73 4
167 CCC 31 150 215 58 122 44 30 50 21 2 72 27 103 24 67 174 101 6 68 2 131 996133 35 26 69 74 58 1 22 21 126 20 67 90 125 43 14 19 26 15 43 14 113 19 56 95 166 113 5 39 146 154 25 38 54 76 10 11 13 131 116 5 38 38
168 GCG 99 55 0 41 11 105 45 17 0 5 45 21 24 112 5 28 9 12 0 73 47 97 63 9 32 120 134 9 77 29 56 8 3 36 90 23 34 49 997389 138 57 43 35 0 29 21 63 42 13 14 26 6 18 34 7 29 69 12 127 30 37 39 8 91
169 GAA 39 65 17 32 7 65 143 243 21 109 114 329 21 32 60 28 45 41 124 95 92 234 65 91 107 23 89 33 69 154 38 35 995263 0 83 81 36 14 37 5 23 63 124 195 73 32 7 63 135 23 319 57 73 75 44 3 7 97 4 103 222 49 24 6
170 CTC 55 51 12 5 16 66 9 21 24 1 16 9 66 65 131 94 59 70 93 130 16 309 27 109 22 53 20 25 39 996164 147 39 90 75 8 90 79 199 0 10 35 97 82 89 74 111 24 75 12 11 44 5 169 18 41 50 80 183 13 24 3 23 47 176
171 TTT 34 43 16 11 7 205 54 102 16 88 281 35 11 38 184 58 34 5 74 40 51 34 44 129 28 142 10 13 320 32 93 59 100 42 42 108 97 1 20 46 29 41 159 112 31 58 174 19 39 46 60 16 104 31 106 90 103 6 43 19 39 2 43 995883
172 GCT 5 20 44 63 33 52 65 24 107 3 45 17 121 37 68 162 88 23 11 36 16 300 30 43 75 4 16 67 3 115 35 30 44 49 48 54 6 19 29 996731 42 67 0 3 102 19 64 114 91 1 89 44 4 69 0 12 64 74 202 17 26 26 110 22
173 AGG 174 141 19 8 13 75 42 67 149 38 996074 118 20 36 92 60 110 54 78 12 51 18 70 16 1 81 172 79 15 72 36 80 20 55 2 3 7 15 72 46 112 49 51 32 75 20 57 268 43 7 60 64 124 14 62 166 17 66 155 3 116 20 77 51
174 TTG 21 13 39 87 5 58 69 22 2 3 3 27 41 120 82 9 36 38 66 61 23 25 22 41 62 126 27 9 15 48 12 86 59 1 15 133 75 110 28 58 45 99 92 187 40 69 11 67 39 63 70 9 17 98 8 5 31 16 131 171 26 29 996872 28
175 AAA 995864 14 94 2 114 34 21 26 11 51 26 80 0 39 93 10 104 25 27 60 5 195 101 10 38 1 34 11 185 64 107 207 59 123 65 22 37 6 19 49 172 157 47 194 59 131 4 56 134 167 79 3 29 5 169 101 41 12 11 103 159 83 12 39
176 GCT 18 139 66 22 170 62 5 13 39 4 9 29 49 161 15 81 100 77 9 97 97 3 100 25 130 121 123 95 56 48 43 69 100 137 45 30 108 72 40 995864 102 57 83 75 35 175 19 98 23 73 12 28 30 111 17 82 81 96 19 10 35 61 199 8
177 CGG 29 13 0 24 17 88 5 36 39 27 125 134 57 65 95 31 46 3 34 52 124 81 45 110 101 81 995520 232 83 25 97 82 15 69 164 42 8 58 72 55 23 19 138 56 121 8 176 85 138 1 362 35 33 29 105 12 217 25 97 53 77 160 27 19
178 ATG 138 23 25 15 101 325 21 56 74 41 1 103 145 58 995623 98 5 64 37 57 16 32 35 76 22 19 66 182 132 102 22 46 33 26 48 5 71 14 297 27 71 1 52 51 44 11 80 58 17 190 2 106 28 96 70 104 58 51 202 138 85 166 3 35
179 CCC 17 50 64 12 14 91 35 17 216 216 196 46 71 79 38 123 82 3 95 105 37 995503 145 139 145 69 27 93 22 159 23 17 52 38 29 39 31 109 316 9 47 31 51 3 49 108 12 67 101 60 56 9 57 259 86 9 62 50 79 37 39 55 61 40
180 GAC 12 26 107 101 128 7 34 66 126 21 91 36 153 25 5 20 33 51 84 59 148 3 10 19 57 9 40 8 10 75 92 174 261 996239 10 116 53 62 58 46 108 93 2 34 47 26 53 63 77 11 36 39 12 12 87 10 111 33 125 21 10 97 135 83
181 GGT 94 26 14 9 49 59 11 8 150 42 38 268 26 75 9 45 120 7 8 62 115 25 6 34 137 55 96 130 20 108 10 12 188 1 50 62 48 234 131 57 4 27 12 995878 28 183 3 98 97 12 48 123 38 52 6 77 90 314 37 63 9 76 83 3
182 GAA 25 14 27 56 28 21 116 142 37 149 8 39 278 39 35 59 37 50 200 85 5 56 19 70 3 70 10 19 99 35 3 20 996239 80 59 52 43 10 39 62 26 82 139 195 26 54 97 16 35 15 77 33 35 108 255 94 24 34 19 9 101 49 22 17
183 GAT 40 66 101 56 56 44 134 163 43 43 120 13 256 40 31 192 46 13 53 120 16 38 35 40 4 19 185 24 180 2 28 11 17 10 30 995828 65 13 9 151 79 50 112 85 171 119 112 14 38 27 350 48 103 26 32 0 39 79 0 15 99 29 37 1
184 TTG 107 427 79 37 144 1 9 20 6 32 77 114 6 53 27 8 24 5 223 22 56 38 8 181 32 68 15 36 0 49 27 82 147 48 85 48 31 13 67 23 127 18 60 10 44 30 183 31 44 145 89 74 93 15 39 108 33 44 35 53 18 99 996116 17
185 GTG 32 65 31 16 55 90 35 55 120 77 43 304 36 145 27 112 6 110 70 117 13 38 5 157 73 170 53 17 21 57 39 53 8 78 17 40 135 78 326 10 5 54 26 20 39 98 995976 9 74 4 16 102 9 128 28 51 20 28 45 142 141 18 4 29
186 GTA 32 105 74 62 20 14 7 3 33 40 28 32 51 28 105 253 27 24 57 11 31 32 178 86 27 52 0 22 42 93 104 31 24 34 62 53 25 63 41 101 47 5 23 91 996840 28 24 91 37 3 40 30 25 13 59 145 82 123 23 42 44 8 33 37
187 ACT 95 28 174 5 6 80 7 996718 35 86 115 41 45 69 0 18 20 11 58 79 2 64 84 14 21 120 35 13 36 15 72 4 39 68 27 2 13 44 10 32 22 2 102 73 29 47 113 36 5 178 32 92 32 98 16 154 75 62 12 54 137 35 61 128
188 CAT 3 8 59 31 36 13 17 29 88 33 9 50 128 294 89 49 102 21 33 996059 25 33 20 93 10 44 111 154 25 73 183 68 7 100 52 69 39 69 60 5 63 50 37 35 57 82 6 88 57 90 64 489 32 31 74 21 73 114 14 11 8 37 29 47
189 GGG 21 124 37 17 36 156 34 19 11 108 12 151 229 19 22 55 97 70 49 44 30 169 46 5 11 26 70 2 77 164 17 31 16 11 28 12 30 33 10 98 25 19 996705 87 159 30 96 82 30 9 2 79 141 69 6 6 6 5 58 3 62 45 31 48
190 GAT 56 12 82 56 70 113 91 16 147 24 119 2 16 71 12 26 21 62 64 67 11 51 93 50 61 110 68 21 49 18 6 115 35 86 129 996623 15 39 2 16 25 31 41 171 15 21 78 30 26 62 44 5 16 167 2 55 8 176 19 110 42 92 9 30
191 GCC 51 15 13 166 47 10 4 9 16 57 24 20 36 85 130 68 39 167 13 10 15 55 51 43 39 61 20 18 108 40 0 33 21 28 31 68 27 996805 127 64 67 30 34 72 23 15 53 119 31 129 44 146 15 66 80 8 24 13 40 81 48 172 25 31
192 TGC 22 41 68 115 31 4 136 65 88 25 140 59 18 58 3 18 185 3 4 16 22 12 2 69 79 70 18 153 80 121 18 6 41 75 8 17 103 130 106 157 24 18 113 20 6 28 29 35 22 66 97 52 10 5 60 19 8 996740 9 28 25 9 103 88
193 CTC 8 50 36 26 12 25 153 47 4 88 45 35 56 18 192 40 234 66 1 54 20 32 88 232 24 231 65 2 9 995313 171 41 20 20 55 17 54 39 261 22 8 54 66 44 73 63 216 101 40 83 272 14 89 28 106 18 115 17 180 79 184 84 61 99
194 CCG 6 75 46 40 58 55 175 1 28 99 45 44 65 24 68 166 122 57 33 35 3 35 996350 106 52 49 6 17 0 135 54 12 21 7 8 158 113 66 38 1 86 52 21 63 108 41 35 40 117 65 82 19 3 53 65 49 146 127 41 12 130 31 109 32
195 AAC 130 996183 124 73 103 129 52 16 54 130 37 99 65 5 0 33 30 42 107 32 117 16 65 106 76 51 43 100 29 131 4 32 18 52 17 21 101 34 122 59 6 28 126 40 4 16 146 7 41 0 85 366 63 47 9 20 1 18 18 26 106 150 20 19
196 ATA 19 115 42 104 43 34 15 25 36 120 80 93 996041 66 100 335 73 105 41 33 47 32 40 26 95 179 86 42 4 50 5 22 3 39 20 63 11 74 3 28 34 18 168 102 8 13 21 20 48 87 24 51 171 16 104 86 119 105 33 82 147 6 14 134
197 ATG 54 34 121 4 93 85 60 76 55 1 4 7 4 25 996804 40 127 174 142 63 23 71 102 17 44 3 23 4 84 10 5 25 16 136 138 186 116 58 102 16 8 33 11 27 30 52 74 7 7 82 32 18 26 19 29 1 31 39 78 66 55 84 27 12
198 GTG 149 22 12 71 16 28 54 81 72 27 81 18 36 211 75 32 65 190 23 110 40 225 58 41 110 133 85 37 15 37 46 9 138 131 10 54 124 31 33 26 42 54 151 67 175 45 995802 81 85 72 13 18 91 24 2 140 5 5 0 61 20 95 83 113
199 GAA 41 5 60 66 41 149 49 2 62 102 19 24 37 39 29 82 32 11 33 9 46 95 192 62 14 2 44 115 36 18 98 56 995952 31 22 19 53 5 10 218 10 291 53 65 65 22 6 77 101 246 214 6 35 244 14 66 18 27 97 90 49 66 54 104
200 AAC 35 995893 11 110 41 243 72 2 89 24 70 27 203 18 26 16 15 84 16 128 29 24 56 75 47 37 43 129 42 9 437 6 157 66 17 27 21 159 92 30 17 29 16 18 73 70 32 66 92 27 144 200 22 15 15 21 141 32 5 57 56 83 25 118
201 GGC 30 25 70 122 31 66 121 241 29 50 91 33 16 34 29 133 49 57 12 8 0 37 28 43 62 62 22 116 10 49 38 95 10 42 38 193 127 25 77 105 275 995783 40 192 28 17 16 1 58 39 159 48 62 6 209 10 32 154 227 6 7 149 55 1
202 CGT 39 125 104 6 164 30 11 22 90 2 200 32 0 97 30 50 44 42 15 14 63 10 18 50 26 41 153 996283 14 6 238 31 13 41 145 19 8 16 23 13 17 178 7 53 8 1 69 37 5 119 89 6 32 81 154 25 24 109 10 84 130 8 402 24
203 TTT 16 10 14 38 95 27 9 44 13 26 19 9 5 66 17 60 52 16 48 20 10 23 1 94 141 141 150 47 44 17 6 244 10 13 82 53 80 122 152 98 141 55 87 36 5 75 67 58 17 10 103 16 40 8 74 2 102 57 102 331 109 148 69 996156
204 AGC 46 90 65 115 45 35 44 53 80 996357 5 72 10 70 45 166 94 22 24 70 56 127 39 11 84 59 71 25 31 11 21 120 66 51 94 143 5 70 3 47 101 11 110 46 27 16 76 49 14 38 21 4 51 68 72 73 190 177 43 56 9 41 52 13
205 GGA 33 15 74 129 39 30 116 51 22 16 164 16 210 14 1 60 23 57 108 6 28 38 25 21 26 88 12 46 8 15 106 54 105 2 35 16 12 28 3 15 996838 186 49 22 15 183 55 12 61 9 23 113 23 21 49 4 269 42 16 16 6 85 23 13
206 TTC 6 34 11 25 25 30 38 6 40 82 86 35 24 35 97 37 96 51 3 115 0 18 13 43 1 157 93 21 87 174 49 7 31 58 43 25 92 110 3 8 226 70 45 2 171 7 107 36 70 11 82 154 79 11 90 60 49 3 26 94 49 996471 133 45
207 ATT 61 43 61 43 43 125 118 44 61 68 8 46 64 21 28 995593 8 114 95 135 57 7 129 15 33 115 91 120 29 72 88 1 24 59 37 84 142 7 84 116 10 65 95 39 20 3 80 42 266 110 326 18 44 160 2 48 25 195 14 146 44 43 31 85
208 GAT 57 89 19 14 2 100 187 94 19 6 39 104 11 92 28 29 80 50 8 57 18 253 42 72 45 79 128 39 79 74 0 125 207 42 53 995618 154 111 97 103 80 20 186 164 46 11 60 70 8 10 18 77 6 98 12 32 167 2 100 45 68 22 210 64
209 TGC 1 172 39 22 9 76 176 95 59 145 104 94 3 208 123 96 10 41 30 12 61 39 278 82 29 60 1 118 39 129 42 49 53 51 100 12 0 29 29 145 16 11 1 89 17 9 4 1 66 8 9 122 30 23 54 18 15 996381 25 40 20 29 50 101
210 GGA 234 11 10 24 21 59 33 26 34 5 37 109 26 267 30 47 21 87 18 110 60 30 15 14 20 50 21 88 3 5 14 28 203 239 24 54 44 52 32 138 995805 96 39 147 111 190 146 120 178 160 23 14 52 40 9 49 6 18 68 10 19 12 4 341
211 CGG 119 104 3 9 3 68 263 26 24 46 37 0 39 12 27 37 77 27 15 53 127 128 0 21 19 64 996472 59 136 59 124 44 21 25 26 12 65 64 45 56 44 21 58 72 139 59 50 74 7 24 40 66 76 47 24 112 1 59 44 125 4 60 89 149
212 TTG 54 16 17 75 80 301 14 153 112 11 51 17 26 2 18 249 3 26 123 42 111 48 7 27 107 10 33 97 98 23 34 25 31 59 23 68 171 61 41 12 32 21 57 189 12 39 28 103 22 118 89 0 211 128 31 49 63 53 50 0 30 20 996164 15
213 GGT 42 39 7 107 3 8 6 168 7 30 192 47 45 14 22 61 3 32 139 69 176 47 151 35 71 43 1 91 0 53 98 133 11 44 13 38 22 120 119 79 75 33 6 996242 66 30 1 87 2 49 16 45 107 161 77 56 35 35 51 217 16 140 3 64
214 GTC 51 11 36 12 6 110 29 39 7 55 84 102 22 83 235 9 52 14 30 58 3 85 25 40 16 292 36 23 26 12 72 44 34 20 57 16 39 21 106 250 47 17 138 20 28 996495 33 39 108 20 44 12 121 125 36 82 35 71 7 119 35 91 1 14
215 GCT 26 165 6 253 5 5 241 111 121 19 38 10 108 54 1 30 39 45 56 36 64 40 116 56 102 21 41 62 12 107 73 213 44 10 17 10 91 24 2 996221 54 94 94 74 22 96 11 20 73 17 98 25 159 27 17 11 74 110 89 4 19 23 52 42
216 GAT 48 42 84 115 57 17 34 118 11 57 158 69 4 39 20 32 17 38 78 54 65 45 103 47 28 21 9 19 98 10 139 37 6 41 19 996666 9 29 6 108 61 51 64 18 34 27 116 59 42 98 5 78 106 48 215 17 16 4 5 37 3 18 278 3
217 CGA 34 9 103 9 111 40 81 36 6 78 51 156 67 2 70 107 127 3 15 164 15 57 59 19 995362 52 53 9 39 104 21 105 191 325 205 72 232 27 7 149 70 101 49 33 95 49 147 26 8 28 172 4 101 31 3 120 100 31 25 42 122 107 43 121
218 TAT 63 101 10 24 42 84 410 3 67 51 89 131 45 105 148 117 174 2 25 26 407 52 110 8 27 30 110 37 83 90 68 48 78 55 54 7 23 226 8 21 10 8 188 113 23 26 56 52 27 64 11 995414 50 7 64 58 47 27 6 50 76 1 341 22
219 CAA 96 46 11 13 149 30 6 18 28 96 9 35 169 183 90 76 996046 216 324 6 38 229 7 1 63 43 82 16 163 6 38 49 90 40 33 19 28 147 13 0 91 32 14 10 32 4 44 79 96 34 130 78 56 3 91 42 0 55 67 21 4 74 184 7
220 GAT 76 2 119 41 22 2 32 34 17 49 12 264 71 110 53 106 47 69 72 11 67 120 25 10 30 90 121 50 7 26 19 136 31 47 11 995993 42 112 1 176 74 51 62 78 4 54 14 154 44 7 29 30 13 95 35 6 66 329 11 26 60 271 121 43
221 ATA 45 16 18 121 0 98 53 128 63 13 4 65 995890 65 28 36 64 108 46 52 55 68 35 19 118 12 78 34 144 188 26 120 94 37 141 26 42 43 63 41 120 10 49 304 0 91 84 6 151 24 64 39 15 57 222 6 20 95 33 105 36 51 18 103
222 GCA 8 37 13 26 120 50 21 58 16 14 51 54 23 268 3 57 58 168 3 11 18 36 31 28 6 5 124 162 15 8 23 74 6 91 1 73 996961 29 88 32 124 31 21 10 66 21 18 175 23 131 3 15 5 56 7 1 7 67 59 179 37 1 52 21
223 TTG 29 29 0 35 57 12 13 40 109 26 46 46 42 54 19 124 74 128 55 16 15 18 22 11 6 89 12 12 170 31 37 144 12 19 52 54 86 91 30 8 24 23 84 6 39 136 53 141 39 73 2 29 22 47 27 19 103 29 34 76 108 20 996989 4
224 GCA 86 34 61 187 25 51 71 40 3 78 21 120 60 30 105 80 1 32 24 1 51 31 76 49 10 47 136 38 94 110 252 92 242 126 67 61 995730 21 42 24 90 19 51 47 43 117 136 9 12 50 50 23 33 57 94 49 54 46 77 135 149 49 76 125
225 ACT 121 51 21 5 13 16 9 996533 45 14 41 13 76 6 46 9 63 78 98 55 78 3 0 124 10 14 75 79 138 23 11 34 34 19 20 117 93 36 25 26 7 68 59 31 196 23 162 57 103 103 90 100 65 47 14 21 40 18 92 26 25 108 33 240
226 CGC 56 48 38 111 70 65 30 46 173 37 74 25 41 60 18 20 78 19 204 138 61 16 92 41 134 996108 24 44 81 14 91 128 12 36 185 62 16 31 67 16 83 10 108 30 129 37 14 75 47 133 5 46 117 89 107 68 8 71 7 5 75 0 70 56
227 GAT 18 7 21 8 58 174 24 82 194 8 54 164 113 4 19 17 111 118 52 195 55 189 18 0 160 246 55 41 46 6 44 89 70 74 50 995847 95 0 88 25 14 2 13 6 173 181 87 189 18 45 25 0 1 56 1 51 80 53 12 18 6 75 172 83
228 ATC 200 99 119 75 82 55 7 58 47 486 160 147 21 995213 83 76 71 34 5 12 23 158 9 3 89 23 8 139 7 33 124 8 84 200 26 25 7 94 112 187 53 47 23 5 48 27 105 37 34 135 138 95 74 181 22 15 74 6 135 26 183 49 58 21
229 GCC 29 17 10 9 24 75 62 70 49 49 161 86 76 63 18 45 8 43 148 94 158 41 86 24 28 30 65 54 34 91 23 95 42 184 63 21 28 995924 52 78 33 155 0 29 97 72 157 12 7 210 178 39 24 11 79 59 109 25 85 28 32 52 133 117
230 GAA 134 18 31 61 84 122 3 169 75 186 16 6 83 10 48 30 9 59 26 31 80 31 134 21 61 28 19 91 63 94 108 45 996101 19 81 132 74 28 41 58 7 112 94 9 24 80 12 48 136 16 55 16 29 10 345 22 12 24 153 133 9 16 114 14
231 GAG 54 35 86 110 37 1 19 42 127 32 105 25 121 60 13 76 1 105 109 138 9 55 49 11 107 199 55 35 25 35 4 42 6 5 996387 36 73 1 107 48 115 4 35 37 4 138 91 9 62 70 8 152 105 118 44 3 33 108 22 27 30 50 108 42
232 CTT 110 6 38 3 54 70 16 15 101 118 109 33 75 82 10 33 21 10 72 14 19 68 45 110 27 30 55 295 4 117 60 995956 107 92 11 97 138 135 95 30 27 22 200 156 84 58 34 24 35 162 3 45 28 3 149 196 18 71 56 20 10 44 53 21
233 GGT 36 11 50 29 40 15 136 197 80 30 2 31 139 161 74 110 2 19 105 15 17 11 73 11 45 65 6 5 37 40 26 2 62 58 8 15 155 130 55 66 20 91 30 995854 78 19 124 28 212 362 137 12 98 170 147 2 17 52 24 132 31 76 6 109
234 GGT 33 141 30 54 1 190 9 34 9 13 41 16 94 40 137 54 35 36 52 42 94 216 66 31 11 5 48 78 8 6 27 47 5 49 174 60 111 64 186 80 62 224 3 996074 49 55 24 107 40 84 10 20 9 42 47 154 22 45 48 90 12 106 226 20
235 GAA 140 91 108 174 82 56 130 111 35 79 108 106 108 8 92 38 56 36 4 102 146 21 75 30 38 88 14 4 13 9 226 254 995809 21 66 25 25 18 106 93 104 50 15 76 96 42 12 47 83 21 67 7 9 47 11 127 60 69 13 57 45 60 52 85
236 TGG 45 32 21 122 39 16 38 2 62 43 96 37 12 28 59 73 154 101 50 49 58 99 88 7 36 81 193 2 149 25 73 124 11 17 87 169 52 16 26 44 136 66 20 8 13 199 128 36 17 55 70 68 20 87 52 166 6 63 996177 20 77 21 6 53
237 GCA 41 28 18 111 81 5 41 89 6 42 6 226 78 24 64 1 105 39 47 134 9 48 3 37 122 227 28 269 1 103 66 39 11 43 41 20 995971 165 41 37 90 101 3 45 65 4 70 79 4 20 142 136 79 168 62 115 26 103 51 73 9 66 12 10
238 GAC 14 375 57 77 75 20 29 79 71 90 37 219 167 306 41 55 18 144 22 5 13 41 124 213 59 37 86 43 31 81 30 45 135 995368 32 28 87 75 8 67 31 23 32 24 41 95 105 48 66 100 43 3 88 35 64 57 133 57 3 197 30 18 16 187
239 AGA 40 21 63 52 109 24 17 100 996690 40 13 19 86 56 3 54 67 31 20 27 226 161 7 20 133 2 183 26 57 2 27 68 34 25 64 12 122 62 16 172 21 56 25 5 54 43 10 69 5 6 60 74 25 56 56 25 44 94 65 51 41 46 110 8
240 TTT 167 81 305 100 72 41 22 215 19 74 39 36 41 27 139 72 12 5 12 44 122 134 165 17 6 20 2 48 1 43 63 6 5 17 126 278 63 11 4 69 137 27 4 96 83 59 23 49 102 39 133 117 49 2 69 60 219 1 41 99 71 197 0 995600
241 TTA 45 11 32 259 49 71 48 21 39 96 115 125 60 73 12 152 16 33 67 31 36 84 50 43 144 29 138 110 6 49 58 81 27 38 30 27 36 28 20 49 103 75 9 48 66 42 134 22 99 144 10 78 243 3 54 6 86 33 20 118 996000 38 72 59
242 GTT 19 26 110 62 47 10 45 72 59 12 14 12 15 60 68 77 3 112 19 32 70 196 48 175 176 58 17 75 2 44 26 37 37 8 68 0 24 0 136 20 45 8 108 7 42 151 13 996574 7 15 50 104 23 147 98 125 7 6 50 66 53 91 90 29
243 CTG 96 35 10 94 62 53 32 13 0 34 5 60 37 22 29 17 30 31 175 18 72 102 31 2 22 40 71 76 24 67 996452 101 31 8 18 150 87 74 36 140 8 92 58 56 114 98 88 24 37 4 87 69 23 28 32 58 5 34 121 181 25 128 103 70
244 TAT 183 27 49 125 13 118 28 32 11 27 4 18 9 71 128 112 35 17 48 36 172 9 52 4 122 6 138 3 26 254 26 22 49 47 244 24 136 131 73 61 139 71 32 20 62 14 117 23 27 23 89 995976 70 7 8 33 1 40 204 68 3 183 57 43
245 GGT 34 43 2 52 6 6 94 57 222 10 7 8 58 73 64 101 138 27 102 2 17 34 100 43 1 31 76 67 21 25 59 43 26 25 54 80 23 160 210 334 271 50 100 996178 75 68 23 61 22 9 92 14 10 7 37 154 19 71 71 53 6 23 1 50
246 ATC 18 40 68 19 85 48 32 117 232 19 33 194 75 995868 8 40 10 10 69 123 33 24 152 19 138 2 72 22 27 6 21 54 67 142 18 48 135 48 59 34 0 116 80 64 159 47 8 32 39 30 79 175 147 94 129 22 85 96 15 84 55 85 5 125
247 GCG 18 27 125 90 64 44 149 60 59 28 102 337 25 3 105 70 32 38 39 125 241 17 0 113 73 68 20 41 41 1 17 90 44 174 28 12 6 17 995649 56 45 4 110 31 43 146 51 18 66 43 45 150 220 26 23 124 51 93 2 29 181 73 45 133
248 GCA 92 30 60 7 107 10 20 139 89 32 20 113 29 25 77 60 47 14 19 14 24 141 83 11 49 82 100 82 108 43 10 42 11 58 23 164 996424 49 34 32 95 71 65 71 38 149 71 58 8 54 193 5 36 94 4 35 27 31 59 2 90 127 31 12
249 CCA 7 52 10 15 48 0 118 41 122 109 15 81 50 12 96 80 92 139 35 59 996226 70 3 53 33 1 162 77 111 47 46 34 16 18 36 31 4 36 163 88 48 19 173 49 66 19 27 14 88 77 35 38 17 16 79 41 278 40 5 124 201 49 5 56
250 GAC 28 81 25 22 108 60 136 51 64 108 89 35 91 34 53 13 88 47 191 38 66 31 91 19 46 103 26 74 53 125 143 49 91 995698 37 27 82 190 15 10 19 61 51 31 36 19 182 157 6 64 3 64 91 116 8 27 6 42 22 70 127 60 56 344
251 TCT 12 45 48 15 38 22 95 194 19 84 38 24 20 3 23 84 122 33 18 3 31 17 98 1 52 139 152 75 13 14 215 126 73 117 50 32 11 12 93 45 45 18 103 80 96 18 46 25 36 83 15 8 12 96 23 996520 13 171 92 39 70 28 17 40
252 CAG 32 76 32 41 47 37 2 24 29 0 51 43 10 131 3 30 4 38 997136 179 22 13 16 19 14 47 67 15 4 11 22 58 22 117 1 93 56 21 28 18 8 28 4 12 86 64 55 11 4 20 76 162 45 1 112 62 32 43 3 19 63 218 208 55
253 CGT 27 18 3 35 29 14 11 38 23 103 28 100 144 32 176 171 141 16 7 54 43 48 90 78 67 0 7 996398 6 80 9 53 9 144 12 79 10 54 152 99 45 69 185 43 0 111 224 13 51 60 44 39 46 21 21 93 21 26 69 21 10 55 88 37
254 ATC 162 122 95 12 47 23 20 98 38 249 90 13 31 996255 13 3 83 43 76 58 28 117 9 43 21 24 213 1 8 29 21 24 69 40 104 1 124 77 17 93 2 42 112 2 0 24 95 145 219 7 52 21 23 107 25 112 16 0 38 14 119 92 72 67
255 GCC 34 114 69 31 10 117 0 99 111 93 44 108 116 0 28 82 1 8 43 35 13 5 91 63 32 42 22 82 125 12 23 22 75 92 6 69 7 996320 49 155 94 62 0 17 37 0 59 54 154 20 136 74 17 102 5 76 36 174 50 135 39 150 26 35
256 TTT 94 19 7 218 38 117 21 9 48 61 128 17 36 200 259 115 301 146 111 72 116 24 266 34 168 27 175 59 99 29 50 143 27 42 111 26 39 1 66 11 52 1 50 16 8 27 48 8 50 65 147 102 77 71 50 63 58 62 28 2 38 11 13 995423
257 TAT 37 26 29 19 4 18 11 80 24 19 3 9 38 108 227 50 12 147 142 119 221 43 22 189 40 58 76 6 70 73 8 67 8 81 49 107 140 6 50 60 52 0 75 8 42 88 54 53 57 11 179 996011 79 60 53 54 192 43 13 34 138 8 45 155
258 AGA 44 81 304 14 58 25 25 20 995956 27 35 15 36 21 130 27 46 95 198 138 19 40 41 133 112 32 60 23 110 83 1 32 197 29 108 73 85 64 25 135 111 0 48 46 16 9 26 16 20 37 19 53 119 135 6 21 66 14 91 123 179 8 5 135
259 TTA 0 10 69 197 144 36 9 17 147 169 31 101 9 137 80 6 7 39 99 96 18 43 79 5 17 49 109 79 51 5 37 117 10 19 137 102 12 88 28 69 20 24 96 10 12 59 81 81 21 147 61 52 20 40 48 37 133 99 25 71 996133 132 118 3
260 CTA 48 22 98 127 9 103 20 21 25 29 32 153 27 67 50 57 135 16 170 26 18 16 5 25 41 115 31 54 996564 193 13 19 4 182 46 19 21 64 6 63 9 157 19 4 9 159 10 85 62 6 12 44 50 0 67 48 27 30 251 33 2 13 89 80
261 GAC 44 7 99 46 10 51 9 134 136 153 62 26 59 129 20 5 157 47 33 140 65 39 34 97 123 17 68 27 71 14 16 13 68 996633 17 1 113 15 29 50 52 50 28 26 18 39 208 28 11 114 25 6 22 46 183 29 34 18 47 52 5 35 4 43
262 GAG 165 159 60 85 120 14 11 24 133 52 39 98 105 29 101 20 119 37 82 175 27 102 26 17 20 209 63 16 7 40 76 60 32 64 995550 37 2 80 20 45 35 4 155 0 138 29 153 96 57 53 63 129 240 167 22 85 116 93 10 49 67 33 60 25
263 TTC 2 28 91 104 96 61 241 51 37 119 1 28 32 297 1 67 87 1 220 31 52 77 48 8 37 68 12 34 7 5 70 59 30 33 79 8 25 62 86 88 13 124 15 72 100 56 18 32 49 75 22 47 49 64 73 71 70 112 70 82 147 996027 19 110
264 TTC 130 83 122 84 30 10 1 36 15 13 0 59 24 32 19 25 199 171 3 130 82 36 31 6 15 65 28 46 63 1 18 27 117 21 80 102 0 116 13 13 34 76 96 103 40 51 109 117 14 36 44 90 77 43 48 23 29 121 1 245 30 996433 46 28
