# POSITION WT AAA AAC AAG AAT ACA ACC ACG ACT AGA AGC AGG AGT ATA ATC ATG ATT CAA CAC CAG CAT CCA CCC CCG CCT CGA CGC CGG CGT CTA CTC CTG CTT GAA GAC GAG GAT GCA GCC GCG GCT GGA GGC GGG GGT GTA GTC GTG GTT TAA TAC TAG TAT TCA TCC TCG TCT TGA TGC TGG TGT TTA TTC TTG TTT
1 ATG 382 51 38 17 382 21 307 1 231 17 108 28 39 248 1.9923e+06 181 70 124 28 36 18 135 62 27 85 39 95 149 108 49 69 138 107 190 132 65 214 333 515 9 84 201 114 3 116 217 405 63 109 106 86 252 56 38 61 76 47 287 21 95 169 21 104 121
2 ATT 169 62 200 318 74 9 123 36 198 74 284 107 295 75 37 1.99115e+06 76 474 52 20 90 582 52 354 68 47 61 10 115 26 101 13 13 84 49 322 369 83 13 73 4 66 5 126 438 76 5 70 412 266 216 74 513 236 195 133 9 185 36 141 49 69 81 240
3 GAG 105 193 75 224 129 2 55 75 14 164 142 441 251 75 218 16 658 127 236 355 446 2 28 42 6 19 164 18 552 463 48 175 68 135 1.99114e+06 8 25 77 251 128 423 16 183 157 193 49 45 79 381 38 115 39 193 85 116 75 111 65 2 60 63 20 142 1
4 CAA 89 120 76 89 47 8 85 179 50 61 43 62 109 225 64 12 1.99297e+06 41 256 54 272 384 387 114 82 162 57 17 29 9 79 16 91 137 0 9 160 68 5 77 23 18 64 58 46 188 135 17 315 21 4 190 477 244 110 238 187 32 129 35 21 108 418 124
5 GAC 217 26 10 120 90 39 166 26 16 232 182 12 224 150 116 50 68 38 150 76 574 31 32 140 28 208 10 234 420 30 30 14 226 1.99136e+06 137 4 18 40 323 81 367 93 330 40 552 30 41 12 221 69 24 30 17 156 60 259 326 128 32 247 144 255 363 252
6 GGC 168 142 41 71 32 227 34 89 104 30 778 52 99 17 79 59 171 57 12 395 297 105 25 295 36 135 133 229 114 157 104 25 124 22 164 103 103 5 158 18 165 1.99347e+06 1 17 121 33 37 178 65 147 20 87 13 134 115 29 19 18 65 40 126 73 3 13
7 CTT 21 93 131 143 403 125 33 84 173 16 47 107 28 70 31 185 5 50 11 51 13 87 91 343 521 30 65 80 258 119 118 1.99307e+06 129 27 58 137 17 129 12 60 29 10 217 11 83 120 124 14 91 128 31 170 77 21 115 104 69 405 282 234 221 165 86 22
8 CAT 177 29 11 100 63 28 533 63 27 63 55 16 110 3 379 63 63 73 600 1.99341e+06 49 8 207 60 376 67 43 64 13 60 14 141 68 3 80 28 39 268 84 65 32 15 66 271 59 24 9 147 187 96 273 47 383 30 32 153 101 171 64 100 6 31 50 51
9 GCA 9 140 138 398 52 133 162 70 141 74 29 19 102 136 105 73 108 78 181 198 82 171 53 242 121 102 55 505 143 315 28 13 177 27 264 53 1.99222e+06 57 80 95 115 101 331 36 140 39 121 110 28 119 35 186 245 50 30 134 311 15 194 66 44 112 194 90
10 GGA 26 150 94 175 290 54 120 79 183 69 75 90 165 4 194 19 259 5 9 88 87 48 145 370 112 798 105 280 307 150 112 71 151 47 49 32 63 36 17 0 1.99254e+06 156 184 123 112 15 28 131 35 111 66 108 261 161 142 8 22 190 27 17 115 136 179 3
11 TCT 182 31 240 37 367 102 71 291 17 597 238 94 44 49 17 59 99 69 223 94 383 52 70 129 274 78 103 13 207 90 33 75 13 44 157 118 256 11 149 117 9 415 46 36 164 115 81 3 292 50 16 317 318 326 81 1.9914e+06 167 102 111 11 175 89 45 335
12 CCC 394 71 159 291 303 24 189 222 9 93 131 322 184 30 10 121 247 75 33 113 148 1.99111e+06 32 105 69 346 19 174 276 135 224 113 199 161 71 124 105 462 299 98 37 128 272 198 212 69 165 43 15 5 73 44 160 30 58 242 219 66 307 49 16 195 74 32
13 GCT 5 26 118 89 123 163 48 147 64 20 53 168 14 124 204 194 232 131 151 30 213 65 71 62 42 150 7 71 158 361 45 232 136 58 442 91 45 75 343 1.9915e+06 72 73 33 404 8 173 74 256 2 56 66 93 123 73 120 621 430 285 11 14 72 14 357 304
14 GCA 71 85 27 50 412 178 73 67 14 87 202 81 57 0 111 4 54 7 91 297 81 60 32 188 65 204 115 87 7 217 4 126 82 22 73 105 1.9937e+06 82 113 89 89 136 101 167 371 5 35 90 212 87 59 74 122 42 61 273 59 95 39 37 240 41 44 105
15 TGG 40 77 35 52 34 205 70 3 94 92 214 341 94 273 198 130 72 183 8 196 88 159 219 79 62 82 21 45 249 204 83 435 33 178 60 13 382 13 91 123 43 35 76 216 113 33 131 531 43 181 52 504 138 37 109 142 35 279 1.99157e+06 44 150 289 37 179
16 GTG 118 26 288 48 126 31 80 94 92 155 89 113 40 374 48 11 37 45 206 9 113 253 72 13 123 284 10 132 76 136 102 21 232 20 24 150 83 122 82 72 29 237 380 121 105 360 1.99255e+06 115 50 33 417 8 100 60 210 20 72 120 221 171 55 197 116 104
17 GAA 136 54 163 28 60 732 48 337 118 85 139 28 33 85 179 186 218 170 310 261 370 92 371 3 356 119 59 35 17 122 86 412 1.99033e+06 132 153 19 66 214 114 47 134 156 21 151 190 57 786 50 164 96 191 58 295 235 84 94 363 28 81 40 79 18 34 109
18 CGT 17 94 223 61 77 235 146 83 218 249 53 743 167 28 249 95 97 76 186 134 30 122 72 342 49 226 270 1.99208e+06 45 26 104 177 16 19 5 123 27 50 61 432 316 101 18 210 248 79 92 134 41 240 53 114 49 53 63 119 122 139 42 108 100 22 24 3
19 TTG 27 27 140 33 29 51 35 69 101 76 41 7 52 90 152 88 38 6 134 42 135 102 112 15 220 102 358 151 21 126 63 145 148 372 66 189 45 43 238 23 120 438 8 114 10 37 137 55 102 7 102 26 19 64 226 177 61 280 57 2 159 22 1.99373e+06 137
20 TTC 287 35 83 115 746 10 17 184 162 363 199 214 54 31 154 60 172 115 98 51 11 48 202 34 18 61 60 183 19 111 19 229 417 107 459 4 141 169 163 98 735 49 14 46 59 44 15 23 5 167 1 287 47 141 148 23 93 55 28 52 280 1.99134e+06 401 244
21 GGA 136 231 14 129 21 289 19 95 327 29 102 52 197 243 203 87 24 103 71 149 123 204 36 29 305 264 123 153 112 4 45 15 28 142 67 89 304 41 126 89 1.99276e+06 17 82 158 206 74 71 27 133 5 548 59 43 3 86 182 77 36 77 45 216 39 108 130
22 TAT 360 251 83 262 10 113 38 47 55 25 247 194 282 149 481 59 119 0 105 184 192 109 87 186 19 4 115 18 5 17 90 209 56 121 83 69 31 101 84 33 8 109 261 139 75 59 49 100 171 34 87 1.9923e+06 48 241 165 46 138 69 282 227 19 272 146 261
23 GAT 295 225 88 145 197 21 78 8 254 11 23 81 43 27 120 20 57 52 260 53 63 173 23 36 143 17 97 243 27 197 442 244 133 124 62 1.99169e+06 7 227 24 209 156 14 125 410 34 42 342 161 329 62 11 358 86 290 80 86 33 478 130 248 65 99 15 106
24 TGG 252 68 180 153 60 34 108 25 136 10 384 252 61 103 77 170 26 47 175 24 165 82 115 128 101 387 419 13 51 71 13 53 139 359 12 25 124 64 147 70 41 124 41 79 380 53 351 41 90 173 128 401 99 69 583 275 198 23 1.99137e+06 144 118 60 196 77
25 GCA 158 91 139 290 115 128 114 135 44 218 132 168 239 63 14 45 82 0 50 68 7 57 225 36 170 72 74 178 189 86 12 407 138 303 38 124 1.99148e+06 215 280 309 22 70 224 135 85 140 158 187 28 217 43 359 185 365 171 82 85 38 30 51 273 112 144 106
26 CAA 97 39 348 119 1 114 156 230 52 68 35 26 215 356 278 24 1.99118e+06 182 81 49 198 261 59 561 310 35 31 78 18 105 129 79 309 34 45 311 17 124 21 232 168 176 152 122 98 12 190 40 12 58 339 1 487 195 95 47 434 40 171 201 42 187 34 89
27 CAA 323 11 6 46 176 262 370 105 193 98 275 87 219 21 257 162 1.99056e+06 61 52 123 23 71 20 278 25 29 361 36 232 16 67 20 159 167 298 269 15 329 181 74 81 53 124 101 52 277 300 1 52 93 296 52 260 397 775 100 19 260 9 38 82 150 225 128
28 ACA 282 423 102 35 1.99191e+06 206 89 92 102 73 91 120 312 194 5 56 23 125 0 206 141 83 58 372 24 240 79 207 11 106 68 46 133 2 34 54 319 70 259 81 236 32 156 36 70 87 41 55 149 74 32 587 244 89 389 21 205 107 34 125 59 181 140 21
29 ATC 154 98 90 158 84 13 27 122 61 512 29 204 209 1.99278e+06 160 142 89 109 107 63 1 188 46 8 11 87 65 117 96 165 98 86 69 88 90 172 13 27 46 92 295 36 285 15 103 76 29 88 85 196 216 5 169 38 268 164 40 413 75 108 186 91 100 145
30 GGC 55 117 82 214 176 69 145 53 48 194 124 427 192 413 252 389 129 137 125 67 10 151 4 111 214 171 353 355 21 352 202 325 16 440 99 552 35 138 1 226 398 1.98984e+06 150 20 37 178 95 181 162 117 48 103 71 82 49 46 98 48 154 208 363 132 125 115
31 TGC 357 117 81 438 79 15 129 139 44 255 52 13 84 175 113 53 457 224 22 45 56 206 20 4 151 136 232 51 700 214 52 3 80 116 113 54 48 87 0 283 38 226 72 15 42 176 44 179 22 132 182 263 241 29 125 141 469 1.99173e+06 61 53 76 47 74 65
32 AGT 40 20 2 115 319 181 23 23 132 185 30 1.99127e+06 148 41 281 37 304 69 621 65 120 41 148 13 25 23 497 119 107 34 50 229 150 150 367 276 92 61 77 31 14 183 33 28 172 82 75 95 8 319 122 332 167 16 42 25 181 869 120 283 17 153 99 50
33 GAC 92 1 287 399 82 24 30 102 68 28 90 28 88 45 137 75 18 90 4 101 231 45 50 22 75 126 44 47 9 60 439 74 567 1.9923e+06 215 134 68 162 23 182 129 87 412 30 163 320 242 93 50 22 86 244 53 116 93 146 66 72 194 197 91 147 100 188
34 GCC 198 45 67 132 142 309 90 54 50 194 112 50 328 151 240 115 134 9 131 191 94 7 72 142 214 135 43 362 14 153 61 3 70 94 161 93 439 1.99244e+06 55 79 103 112 139 104 240 108 84 82 66 103 256 15 184 65 176 98 80 36 31 85 135 6 129 86
35 GCC 370 58 29 47 5 149 127 194 47 19 29 10 18 69 9 187 95 80 176 89 16 205 100 80 164 65 313 70 183 8 45 25 64 586 64 200 128 1.99286e+06 158 19 60 245 57 102 50 510 259 266 85 96 153 18 84 179 65 19 24 204 1 55 58 13 199 34
36 GTA 292 320 79 234 160 233 35 290 12 72 139 90 99 31 394 10 24 235 153 105 55 150 26 52 100 184 78 301 24 49 447 125 78 194 58 72 248 218 68 52 193 54 130 234 1.99133e+06 118 126 139 143 39 209 69 17 122 16 233 388 23 71 41 107 349 16 251
37 TTT 92 88 52 54 145 14 76 74 45 23 220 133 157 143 49 14 152 168 36 207 95 468 350 281 132 113 313 195 70 76 270 157 176 63 36 122 288 61 316 179 51 121 7 321 0 272 178 408 318 76 202 51 109 50 126 91 77 56 68 572 152 65 73 1.99085e+06
38 CGC 38 133 137 52 351 25 398 201 130 15 106 145 1 20 144 62 152 171 58 2 64 121 206 107 244 1.99194e+06 90 146 64 38 175 102 157 30 74 62 36 62 63 261 43 244 214 168 336 174 406 68 80 169 75 229 54 154 202 202 12 331 21 175 19 85 42 115
39 CTT 151 139 90 68 174 155 76 177 92 264 5 152 196 57 12 132 112 178 29 177 26 35 161 10 60 5 112 136 225 365 61 1.99268e+06 220 108 82 140 84 36 108 46 235 115 42 7 81 53 571 100 94 69 78 3 113 331 171 100 67 165 69 19 148 67 64 106
40 AGT 172 508 184 242 143 148 24 64 275 143 38 1.99112e+06 23 64 186 62 151 55 109 150 112 304 70 69 214 98 51 374 219 103 112 59 461 70 171 40 88 83 39 136 79 57 137 63 265 714 78 64 200 194 53 45 71 18 23 45 197 207 14 295 118 189 39 106
41 GCT 92 0 231 305 15 67 140 41 427 35 113 27 190 34 97 236 220 213 248 11 192 68 74 223 80 46 8 41 60 4 312 177 10 45 141 54 302 97 212 1.99271e+06 112 282 154 157 114 177 43 161 53 31 49 73 39 38 29 75 49 176 238 58 3 74 183 33
42 CAG 226 433 15 230 319 231 118 76 49 189 146 76 26 38 84 41 59 179 1.99102e+06 181 37 277 243 188 92 161 289 30 206 95 400 236 0 159 48 38 177 34 108 205 441 32 56 212 45 67 35 91 511 198 56 3 100 58 142 87 135 203 522 40 42 22 122 25
43 GGA 196 79 150 74 335 116 135 117 28 185 31 39 50 38 200 214 7 240 35 30 55 110 153 220 105 70 89 402 210 69 7 2 853 64 101 134 113 108 47 538 1.99081e+06 63 212 83 21 136 82 104 120 111 12 242 16 84 218 127 723 36 446 108 35 205 112 146
44 AGG 180 9 347 35 122 17 28 142 275 24 1.99152e+06 81 183 142 60 144 198 29 194 37 218 17 247 221 5 80 39 215 192 88 161 76 88 46 206 48 153 132 263 77 455 151 77 414 215 135 118 44 39 363 17 17 128 85 383 18 66 91 51 122 14 464 111 81
45 CCG 133 180 384 210 10 289 179 126 2 245 45 188 2 65 345 295 50 83 163 11 453 22 1.99129e+06 38 34 44 269 317 36 91 249 127 175 201 71 47 67 173 298 193 53 164 48 230 71 432 90 107 51 6 58 41 53 81 169 377 43 76 130 22 40 332 11 119
46 GTG 143 37 75 337 93 417 48 79 46 61 282 95 54 19 178 282 39 83 29 23 480 107 48 38 168 242 278 72 108 374 133 196 13 4 179 90 181 45 222 276 272 6 37 28 193 292 1.99128e+06 167 235 58 96 11 215 5 2 114 222 24 62 173 321 225 77 211
47 TTG 179 52 204 9 16 95 98 57 114 239 113 80 2 37 94 206 349 230 322 1 101 29 1 30 92 145 129 188 118 73 32 227 114 60 53 82 130 58 150 196 40 452 11 26 34 59 340 52 91 240 82 53 72 139 332 117 306 35 202 113 81 42 1.99243e+06 142
48 TTC 22 105 135 72 48 99 23 34 67 205 194 119 66 84 182 11 226 326 26 32 5 152 80 493 57 13 175 94 190 66 184 170 197 62 49 51 72 27 76 320 41 339 3 251 94 155 342 72 111 213 37 72 2 148 164 10 18 172 116 141 62 1.99252e+06 119 190
49 GTT 158 237 194 152 175 144 86 28 84 149 110 67 61 138 121 138 130 39 342 302 93 162 45 78 155 32 198 148 96 77 130 3 5 37 15 180 99 322 589 51 122 49 4 111 113 406 52 1.99153e+06 170 113 215 106 55 74 146 36 208 34 156 408 78 86 180 182
50 AAG 13 487 1.99113e+06 14 15 52 158 40 76 48 63 8 115 367 197 154 226 116 116 77 203 48 56 35 48 29 183 56 151 28 102 257 268 125 118 101 47 267 92 17 244 6 423 31 396 35 52 323 110 292 311 75 346 28 118 122 35 144 108 79 604 201 21 195
51 ACC 87 82 89 117 293 1.99219e+06 94 129 104 225 80 286 55 104 19 27 15 49 38 44 95 43 32 249 53 59 342 202 149 30 326 142 33 208 2 21 32 410 133 72 45 510 79 179 105 10 129 80 122 202 72 158 92 509 137 22 85 79 40 38 27 34 180 310
52 GAT 129 130 35 58 16 216 136 61 201 137 188 116 44 128 79 10 137 22 158 59 52 154 61 39 116 517 112 40 140 338 62 190 466 246 42 1.99185e+06 132 24 346 266 11 121 111 147 109 113 206 21 0 98 85 112 176 124 199 387 194 81 49 172 60 65 7 95
53 TTG 78 68 4 88 11 115 337 272 57 182 140 105 244 56 26 54 33 44 149 80 7 1400 82 2 255 108 237 160 41 29 144 23 2 155 70 60 392 122 108 226 71 369 33 96 19 95 42 27 87 6 245 389 146 68 152 634 53 103 158 51 49 45 1.99124e+06 60
54 TCT 135 74 59 75 265 240 383 15 6 3 41 52 88 35 16 55 74 233 234 49 22 9 126 407 146 7 165 85 95 28 16 35 139 39 112 8 44 64 450 100 158 258 4 68 169 275 52 92 44 50 119 304 115 136 229 1.993e+06 112 113 84 124 92 55 36 81
55 GGG 24 60 3 99 18 6 49 156 533 15 112 11 111 8 2 187 200 96 82 103 70 20 39 54 1 82 59 61 6 248 5 152 206 36 406 51 25 199 108 4 215 72 1.99305e+06 48 540 30 52 204 134 272 85 48 178 0 228 183 79 200 104 54 124 38 203 150
56 GCG 91 163 112 340 51 95 32 91 313 15 37 431 14 131 82 345 72 80 184 418 145 121 361 87 166 57 37 103 10 16 25 170 85 17 107 28 132 103 1.99183e+06 51 168 207 49 165 199 209 151 124 54 240 233 31 28 197 358 26 95 7 126 344 69 23 37 108
57 CTA 204 229 139 347 49 9 191 201 197 58 87 271 158 106 220 233 38 30 95 66 231 129 275 44 70 9 40 226 1.99103e+06 116 35 27 193 135 4 267 194 188 108 163 46 311 23 270 72 38 44 73 263 148 96 34 355 819 145 152 74 148 140 5 190 23 86 36
58 AAC 62 1.99152e+06 87 238 389 222 231 261 404 147 9 21 1 115 302 14 140 304 122 190 34 158 348 57 207 164 25 392 322 301 48 89 139 53 113 8 84 185 9 68 36 265 23 131 22 21 54 175 216 19 148 98 3 93 51 144 60 18 218 123 195 31 231 47
59 GAG 125 230 7 145 31 61 226 92 438 99 4 50 67 3 35 21 348 35 161 51 167 39 110 155 5 40 125 46 141 85 90 107 79 164 1.99327e+06 79 54 75 30 115 147 129 0 13 111 22 106 13 239 0 223 122 37 169 8 466 353 9 391 152 75 5 2 2
60 CTG 18 11 151 153 40 47 57 195 413 51 371 34 143 22 128 34 17 65 104 77 161 182 189 2 230 148 149 9 64 30 1.99234e+06 192 73 62 4 17 199 204 97 108 87 251 128 72 6 35 90 2 300 23 301 97 303 165 68 199 85 262 24 234 86 127 320 148
61 CAA 93 121 47 105 34 14 125 22 113 94 145 57 141 76 148 4 1.99326e+06 87 338 175 68 124 98 206 38 109 15 77 119 39 30 174 157 86 10 210 100 16 32 175 45 92 136 93 133 232 153 75 107 24 158 76 153 379 110 132 116 186 50 23 56 0 252 139
62 GAT 10 165 0 208 76 5 150 47 165 5 283 4 159 102 23 62 62 100 9 29 122 49 426 15 179 21 26 20 40 275 49 83 207 377 241 1.99268e+06 300 161 39 50 306 69 27 69 342 113 13 125 66 59 39 81 95 1 206 112 531 79 7 20 185 169 51 210
63 GAG 161 69 69 44 289 137 143 95 205 31 101 137 57 118 4 19 251 28 92 110 275 13 92 49 55 212 49 14 186 126 50 67 399 207 1.99236e+06 72 156 134 315 49 9 105 24 213 184 140 268 80 78 163 94 226 65 70 87 104 350 217 74 22 113 88 176 8
64 GCG 186 75 155 59 92 68 8 99 165 266 12 119 87 409 76 390 70 2 45 25 109 97 168 143 88 41 284 26 22 113 100 120 10 292 137 169 211 134 1.99300e+06 76 286 95 44 134 53 28 10 142 369 129 54 120 116 17 260 84 41 48 29 23 16 18 20 111
65 GCC 119 362 39 30 105 87 76 198 130 148 123 97 107 67 42 92 225 13 577 65 176 38 6 48 25 301 203 349 56 175 10 183 78 349 92 249 117 1.99026e+06 145 41 366 123 62 124 236 420 79 408 80 48 414 258 209 233 98 282 115 225 54 128 63 15 235 127
66 CGA 9 39 164 167 94 399 247 177 56 151 157 130 12 218 311 103 514 15 306 124 74 126 120 100 1.99112e+06 353 299 50 136 54 214 113 184 66 186 29 152 481 17 59 30 67 327 47 101 122 16 126 66 48 34 143 240 62 320 221 213 146 99 67 27 21 17 113
67 CTT 224 181 86 184 98 98 82 108 47 26 103 75 484 402 188 297 47 3 52 260 127 306 34 170 233 89 16 63 190 17 132 1.99161e+06 36 174 158 19 122 26 12 376 31 188 53 192 60 390 0 79 70 113 25 84 63 111 115 255 85 12 268 39 111 457 30 217
68 TCG 87 57 169 165 12 42 58 18 116 100 515 227 79 219 139 25 111 60 270 1 35 142 72 96 102 7 118 9 215 319 299 94 5 47 9 108 202 67 109 125 51 38 24 140 79 65 32 174 66 76 258 61 81 31 1.99308e+06 164 9 19 484 118 102 100 83 13
69 TGG 36 426 244 51 21 40 12 137 241 199 89 65 22 27 62 207 23 189 2 15 165 72 120 194 51 239 78 0 70 43 444 247 492 2 102 147 115 106 50 74 98 163 261 222 8 61 287 49 381 31 34 39 2 51 134 83 124 16 1.99261e+06 105 149 20 65 87
70 CTG 70 47 221 131 136 217 42 68 65 107 150 21 273 122 330 59 71 2 114 123 276 18 94 25 37 78 313 88 71 183 1.9921e+06 368 9 196 131 106 285 76 69 183 268 302 181 140 78 250 128 24 181 25 43 8 34 154 203 34 385 198 13 50 15 75 46 88
71 GCC 47 63 523 453 13 37 144 346 28 109 165 255 40 298 82 270 18 247 97 139 16 48 375 11 13 71 156 185 132 35 75 6 68 115 127 108 217 1.99165e+06 191 98 194 128 24 126 15 123 1 157 444 175 75 109 203 125 20 74 36 64 36 198 131 58 374 38
72 ACA 51 234 79 68 1.99107e+06 374 182 32 79 175 299 50 314 5 450 13 363 158 104 416 292 159 50 79 651 33 5 134 84 6 125 44 1 27 40 103 231 15 346 29 70 28 11 85 274 172 765 53 14 70 112 143 47 117 93 99 36 32 39 88 165 224 139 150
73 ACA 239 40 257 143 1.9924e+06 114 308 25 19 256 234 78 447 109 58 23 37 79 127 23 134 41 123 159 210 72 157 4 57 69 131 68 476 22 23 178 65 20 83 40 286 171 82 37 104 116 20 271 121 83 11 121 116 86 196 55 307 116 49 59 81 87 178 104
74 GGG 192 35 16 98 64 173 115 65 328 274 364 101 107 40 191 77 64 219 172 64 7 13 35 110 140 313 53 195 164 19 14 55 188 96 51 71 68 259 113 37 753 113 1.99244e+06 30 27 48 18 152 20 147 66 165 246 123 51 52 50 76 22 8 5 487 14 122
75 GTT 43 340 149 19 108 129 41 95 113 31 40 45 9 337 80 223 62 299 160 144 370 107 118 147 165 31 86 59 104 26 32 434 460 75 92 111 95 86 2 83 152 43 113 103 7 78 18 1.9925e+06 44 210 153 22 131 33 117 229 16 85 235 49 54 40 240 175
76 CCG 154 83 447 38 360 666 232 167 3 407 78 143 24 344 13 277 20 95 152 3 10 56 1.98996e+06 37 99 0 129 191 129 59 324 137 98 231 148 47 636 172 300 116 131 56 100 297 3 121 71 2 50 381 30 76 145 14 457 286 43 196 262 86 318 105 55 126
77 TGC 192 12 202 50 160 18 28 30 186 12 364 102 81 66 20 263 27 72 141 249 13 17 128 218 102 120 68 131 66 116 46 148 16 37 65 33 64 159 234 69 37 20 214 11 130 161 334 215 66 210 1 43 3 296 338 301 43 1.99295e+06 137 105 24 193 23 21
78 GCA 8 113 50 62 194 149 42 276 244 63 139 197 194 1 89 11 534 142 146 104 122 108 462 46 253 174 139 22 204 7 15 85 108 70 487 39 1.99183e+06 173 73 72 422 188 115 28 24 77 178 5 97 82 1 192 62 146 205 207 108 191 27 77 34 7 182 98
79 GCG 150 177 157 122 42 179 297 23 7 66 57 31 0 147 163 341 57 79 154 77 7 208 37 94 55 12 9 108 68 19 30 40 52 90 327 129 285 162 1.99285e+06 227 204 58 413 147 82 131 192 20 294 51 70 121 78 50 178 33 141 139 70 30 9 27 96 229
80 GTT 220 135 49 58 82 80 122 11 55 47 10 235 167 21 46 119 22 125 172 325 20 167 129 33 99 31 140 37 31 17 16 47 13 20 228 226 109 89 15 233 22 128 121 671 169 164 296 1.99334e+06 23 118 164 124 81 120 35 25 142 44 34 42 69 94 57 119
81 TTA 44 49 588 203 24 75 138 100 18 163 87 42 161 33 193 178 237 180 26 111 83 113 3 196 1 458 112 19 462 122 196 30 400 62 169 166 16 28 116 17 109 105 160 34 125 101 152 101 238 146 126 49 161 81 128 147 60 56 359 85 1.99137e+06 327 19 346
82 GAT 28 49 131 85 72 475 57 42 131 208 295 10 67 140 39 143 137 89 13 253 181 283 69 3 35 64 131 185 179 76 225 284 73 205 188 1.99221e+06 15 166 28 21 595 121 87 130 157 391 111 74 21 5 170 71 18 156 117 8 112 38 179 40 114 126 40 30
83 GTT 252 53 337 56 124 10 283 3 38 26 149 133 159 135 131 204 36 113 200 160 177 91 87 262 164 24 96 154 5 28 189 62 120 514 44 125 19 36 108 63 16 49 240 754 211 108 104 1.99032e+06 207 306 35 608 56 145 281 14 284 168 201 124 170 275 182 174
84 GTA 21 68 165 70 370 6 169 17 89 517 58 23 106 31 11 67 61 118 2 48 56 437 172 283 12 112 27 187 89 177 186 10 89 165 68 388 103 113 163 316 14 137 100 165 1.99175e+06 186 95 77 42 49 185 274 14 336 40 30 242 73 410 3 340 22 237 13
85 ACG 328 217 134 56 78 585 1.9906e+06 41 94 140 41 58 164 477 489 156 86 102 55 50 68 36 36 184 34 97 162 28 115 155 57 45 8 101 361 22 72 32 296 579 84 66 234 129 69 67 54 277 235 125 37 434 4 135 474 47 137 77 103 188 55 203 133 192
86 GAG 135 5 56 149 14 85 0 38 13 62 134 225 38 3 55 111 38 85 35 39 57 24 61 50 123 49 100 128 150 191 384 172 97 267 1.99387e+06 121 24 384 30 14 91 96 184 3 66 24 321 5 6 150 196 273 46 26 170 24 26 144 20 133 215 11 145 5
87 GCG 59 180 315 2 173 62 367 423 204 89 183 302 52 8 32 111 31 41 25 167 61 464 37 29 60 1 71 155 47 24 24 120 116 124 324 148 76 281 1.99247e+06 61 29 15 118 14 126 0 88 163 329 30 158 188 33 42 76 31 41 415 179 34 12 240 48 75
88 GGC 21 189 60 242 35 113 39 125 67 109 19 23 58 24 16 253 76 9 47 56 64 83 38 56 178 37 57 41 23 751 56 166 46 91 443 166 98 65 173 269 67 1.99312e+06 100 6 341 192 23 37 144 55 30 9 96 48 177 221 15 254 107 83 18 84 271 25
89 AGG 124 162 79 118 205 327 147 140 340 326 1.99121e+06 38 32 102 118 279 86 25 31 326 32 132 199 56 162 192 139 192 133 202 23 22 119 576 38 124 153 190 390 114 68 11 35 39 77 43 58 92 18 222 18 80 295 94 21 83 321 266 152 10 22 11 314 243
90 GAT 120 196 478 147 55 111 57 12 16 146 176 68 85 10 315 348 32 136 188 94 3 139 6 128 258 231 91 282 848 74 100 33 28 41 44 1.99118e+06 130 25 453 286 7 142 169 504 42 77 41 89 1 65 223 273 105 66 172 96 78 108 76 208 60 92 62 72
91 TGG 73 13 125 133 88 74 147 46 3 114 124 142 136 15 61 88 144 56 34 145 96 112 159 301 288 394 151 282 99 58 488 130 131 2 85 141 65 61 101 14 405 53 110 4 66 113 43 34 279 348 136 74 14 41 244 30 170 223 1.99193e+06 265 155 78 113 150
92 CTA 88 236 130 79 31 127 95 169 126 178 1 110 158 33 51 16 44 452 116 153 104 216 169 34 92 68 93 216 1.99063e+06 246 701 165 42 172 87 124 204 19 109 42 133 0 211 163 135 54 65 147 56 363 5 415 18 125 34 349 69 73 432 337 303 65 513 8
93 TTA 135 75 41 156 63 5 94 184 54 50 60 5 178 24 95 12 117 98 545 75 256 109 40 71 72 5 15 141 351 252 136 26 303 12 7 69 45 32 71 221 84 210 14 343 126 121 139 185 63 68 90 193 25 48 122 65 4 15 115 72 1.99310e+06 216 125 152
94 TTA 4 109 109 22 111 18 204 87 64 14 82 34 95 8 50 60 262 163 58 5 6 47 98 100 166 103 71 2 135 152 149 53 74 580 69 138 70 112 134 325 72 138 40 14 267 79 238 29 9 164 130 117 297 1 590 30 34 81 118 151 1.99289e+06 70 154 147
95 GGT 118 4 2 123 125 35 37 159 160 4 12 102 3 27 431 64 81 279 263 37 52 80 202 23 105 145 75 150 57 18 44 1 4 399 62 205 429 167 372 166 53 29 95 1.99251e+06 186 37 136 197 84 202 4 149 54 27 7 36 115 275 413 86 53 170 166 97
96 GAG 291 54 184 93 9 69 71 10 43 54 258 19 144 33 54 105 21 55 422 51 147 8 188 61 99 217 76 114 33 54 12 84 289 37 1.99164e+06 93 15 117 217 41 62 139 281 69 106 184 8 266 36 296 202 25 378 164 37 7 231 51 74 506 53 485 243 516
97 GTT 66 130 44 83 8 140 100 163 141 73 75 44 56 37 184 87 17 223 12 72 269 178 94 90 4 279 267 21 147 75 17 33 57 2 1 508 181 253 32 300 170 29 488 78 156 124 113 1.99248e+06 39 73 11 142 145 92 26 58 74 162 62 163 34 283 364 66
98 CCG 52 106 81 140 43 19 162 198 74 139 183 31 72 153 91 221 35 51 91 41 118 68 1.99165e+06 333 84 264 114 2 108 253 48 36 55 86 88 6 200 255 104 398 67 24 338 288 82 42 204 59 133 8 1 87 185 260 557 222 271 99 370 44 42 101 215 47
99 GGG 21 23 51 84 17 92 37 215 167 148 64 4 55 138 7 125 295 91 41 97 101 92 65 62 30 130 61 54 423 38 8 148 131 196 96 116 47 94 114 99 26 259 1.99376e+06 32 234 108 19 21 157 39 57 35 17 67 241 140 20 72 388 108 6 108 151 60
100 CAA 92 50 167 22 6 150 233 90 15 30 61 243 293 55 24 101 1.9919e+06 204 394 256 143 486 41 180 84 156 193 69 48 39 190 93 115 272 133 107 123 177 75 39 102 29 352 264 225 232 68 39 55 22 73 153 164 17 169 100 87 56 217 24 16 101 238 49
101 GAC 198 68 219 140 246 11 114 169 377 52 176 172 0 50 168 418 84 31 219 44 94 85 112 407 420 107 48 11 61 135 108 64 266 1.99164e+06 217 193 2 56 90 51 30 55 142 150 5 167 170 19 342 141 45 20 218 138 172 37 203 94 101 94 38 270 199 22
102 TTG 6 111 26 106 106 22 104 114 192 192 135 36 11 78 25 55 131 65 57 2 94 40 41 131 178 61 144 76 190 19 36 141 64 61 49 434 22 9 7 55 71 12 219 55 113 60 83 39 99 0 48 68 29 38 505 145 434 62 17 144 609 315 1.99326e+06 149
103 CTT 103 186 31 51 135 47 44 125 55 119 23 43 41 103 60 273 42 66 63 188 287 91 111 304 21 58 37 50 115 135 34 1.9946e+06 44 27 33 75 121 27 4 92 59 38 55 110 22 8 87 112 322 4 28 347 17 158 20 23 28 8 51 106 165 40 24 108
104 AGT 80 506 115 275 10 99 133 252 166 79 231 1.99183e+06 251 80 91 83 87 59 282 4 200 137 10 140 137 55 155 41 7 84 131 35 37 118 50 25 202 194 254 221 66 182 297 309 223 53 46 259 0 116 96 27 186 48 34 129 39 13 186 222 61 41 125 296
105 TCC 29 11 224 115 24 403 81 115 134 88 66 231 424 385 60 124 27 96 67 186 60 60 72 64 13 153 4 264 188 195 168 186 100 19 26 128 440 211 97 6 18 131 30 9 409 60 146 26 80 337 63 3 58 1.99179e+06 48 55 143 109 470 34 55 230 270 78
106 CAC 54 290 296 76 521 46 136 337 41 270 124 71 64 227 175 301 229 1.99134e+06 339 23 207 165 17 18 28 31 108 210 153 264 295 24 17 56 23 369 135 358 78 91 93 38 35 319 49 77 103 14 26 196 27 22 175 16 99 158 132 229 136 197 52 16 182 4
107 CTG 89 64 19 49 150 142 76 288 6 50 321 459 57 175 50 51 81 63 260 11 12 29 344 0 203 33 83 245 337 288 1.99152e+06 78 50 149 10 165 9 119 47 29 38 191 262 112 254 9 377 37 93 610 113 107 17 8 89 75 316 71 313 58 64 130 374 69
108 GCC 326 92 83 137 62 145 15 87 27 200 68 89 80 136 70 141 10 99 443 127 563 135 18 197 119 50 219 112 183 141 100 306 38 130 60 223 248 1.99129e+06 109 144 203 32 138 137 5 41 235 106 18 211 12 533 29 112 97 177 150 36 93 212 189 298 29 83
109 CCG 132 9 102 35 160 55 58 106 46 171 63 43 153 263 62 111 141 77 180 58 222 80 1.99311e+06 250 51 199 76 53 24 92 26 119 16 134 56 244 77 57 19 153 38 7 31 475 92 169 120 73 193 105 157 43 14 64 113 227 62 23 163 340 226 74 60 50
110 GCG 1 19 78 161 55 349 384 435 124 115 30 486 151 2 179 22 57 34 119 288 26 26 89 619 409 32 84 240 72 103 154 55 529 138 261 168 182 128 1.9906e+06 222 48 103 123 3 21 187 150 47 218 375 9 40 80 201 168 50 95 31 162 228 38 10 209 182
111 GAG 91 41 221 99 15 80 121 129 17 103 106 197 60 177 156 103 156 44 73 103 243 39 147 502 32 284 1 179 262 340 56 51 178 153 1.99308e+06 183 3 12 41 24 57 28 57 23 260 69 39 152 64 30 143 20 82 32 114 14 174 7 125 13 75 257 78 184
112 AAA 1.99164e+06 146 50 225 371 196 118 40 68 92 250 150 272 118 75 264 53 294 100 52 24 142 36 219 24 12 43 255 59 156 70 24 245 129 7 54 31 51 64 68 329 27 150 1 30 57 24 110 156 387 71 85 212 260 159 381 45 374 30 227 48 244 150 159
113 GTA 177 115 482 253 135 40 179 115 38 95 68 7 110 511 177 19 301 110 180 60 213 47 42 146 224 32 160 172 182 252 11 20 51 159 156 33 171 71 236 252 49 11 61 81 1.99203e+06 233 29 171 42 121 115 214 75 174 24 52 258 5 165 6 46 0 141 98
114 AGT 30 113 118 23 104 45 203 157 30 219 13 1.9926e+06 77 310 26 101 73 98 83 73 73 96 92 462 126 57 739 71 82 65 177 245 54 26 15 52 46 175 47 133 84 101 314 257 62 66 4 83 6 154 174 353 78 127 237 83 66 64 72 110 2 12 78 83
115 ATA 228 84 227 348 136 216 39 65 419 33 206 235 1.99186e+06 212 72 28 95 127 52 29 102 115 261 189 17 11 106 127 350 148 85 22 156 188 19 106 116 92 120 220 102 71 74 21 108 16 111 100 5 115 152 99 415 85 97 249 20 67 185 194 82 95 110 169
116 ATG 327 38 22 300 257 68 41 30 78 108 76 197 171 323 1.99125e+06 201 105 6 60 102 155 260 542 104 192 154 194 232 272 50 150 236 173 202 36 88 80 41 61 35 181 34 85 90 227 151 246 240 69 109 367 3 44 395 6 26 33 15 23 67 458 16 39 58
117 GCT 67 140 2 31 9 119 8 263 274 266 45 242 546 43 7 43 251 343 115 116 38 217 277 156 195 12 157 186 38 99 131 46 114 82 226 253 103 170 180 1.99168e+06 8 572 1 123 327 30 396 72 148 22 53 46 58 72 205 48 49 50 101 45 84 46 102 57
118 GAT 425 17 24 547 89 200 133 165 40 73 60 263 203 177 350 101 286 3 33 79 54 251 220 10 120 89 344 324 11 87 8 262 200 19 116 1.99212e+06 216 10 49 41 42 32 98 99 29 6 35 59 39 21 15 60 18 240 25 3 36 237 60 30 208 228 110 450
119 GCT 194 309 503 241 193 46 48 98 166 151 230 181 156 63 15 48 33 141 127 30 262 331 34 125 41 28 68 29 763 47 44 96 78 10 318 37 76 44 35 1.9916e+06 33 54 130 41 64 20 109 277 82 152 168 117 232 138 57 255 0 62 220 13 186 78 455 17
120 ATG 17 49 183 282 108 395 40 60 148 12 396 64 62 310 1.99209e+06 73 64 42 80 20 102 138 234 104 76 2 287 99 107 131 164 105 17 155 203 163 64 123 192 69 130 318 238 361 45 20 157 42 177 397 93 28 18 51 49 73 108 59 98 34 149 15 63 244
121 AGG 179 10 191 69 325 101 218 276 73 96 1.99137e+06 133 30 375 217 295 65 45 19 47 287 10 106 29 162 20 104 159 345 38 104 124 122 448 72 28 49 219 182 151 535 28 152 215 19 24 2 337 185 95 348 165 69 45 32 51 112 81 170 11 55 155 70 154
122 CGT 69 51 9 139 304 174 278 60 206 144 344 499 204 11 176 84 11 83 13 87 202 44 21 8 124 60 64 1.99242e+06 20 84 37 305 57 20 229 231 120 56 146 38 179 138 241 81 127 92 20 11 0 219 63 175 11 167 180 199 199 239 86 77 164 14 74 14
123 TTA 13 50 33 56 217 50 233 88 114 462 20 15 241 151 429 39 292 10 31 196 258 97 73 30 17 6 36 132 40 67 13 142 44 9 73 46 25 144 440 394 140 5 5 152 121 36 37 183 65 506 31 275 95 43 27 207 150 181 23 317 1.99225e+06 201 98 29
124 CAC 77 75 63 200 238 261 12 287 213 106 295 57 75 236 33 26 182 1.99094e+06 293 148 69 245 396 17 125 182 75 321 288 324 39 118 116 127 241 7 95 103 132 67 112 84 273 60 5 43 290 191 189 114 74 104 128 112 121 321 108 80 94 27 165 145 11 248
125 ACA 140 70 151 109 1.99308e+06 225 222 43 22 124 53 138 80 109 17 62 35 43 85 308 147 31 206 58 14 84 115 30 82 68 133 138 42 29 73 108 205 193 155 285 144 219 48 26 131 95 57 90 4 191 13 86 72 158 229 6 97 332 102 147 229 8 161 44
126 CTA 3 7 183 53 19 10 330 187 8 7 89 34 39 200 31 32 479 187 77 220 98 133 38 221 152 51 175 56 1.99273e+06 157 498 61 29 16 56 172 503 89 108 168 112 38 30 31 44 76 133 114 56 38 386 87 51 76 153 29 55 59 8 47 56 339 70 202
127 GAT 302 101 63 35 13 60 47 160 41 136 78 38 243 43 263 64 153 25 190 180 270 35 84 2 2 237 29 40 56 208 89 175 260 111 304 1.99309e+06 0 78 23 131 170 42 23 68 23 354 295 29 380 220 18 31 33 39 94 148 146 32 144 73 53 39 55 34
128 CCA 180 66 89 190 13 143 19 18 184 286 146 581 69 82 150 664 216 56 78 489 1.99146e+06 202 516 54 21 143 92 60 197 104 31 224 88 56 40 216 101 65 26 26 133 166 70 33 39 69 81 85 121 14 72 148 53 3 81 227 379 71 68 34 271 70 193 76
129 GCA 29 12 212 32 193 32 39 88 38 12 109 108 72 337 100 29 55 124 294 59 333 32 279 81 16 143 199 70 4 45 49 103 225 58 133 102 1.99337e+06 112 18 39 147 160 54 59 230 86 4 94 66 46 31 129 320 129 246 52 84 116 20 76 65 63 276 58
130 ACG 50 69 75 22 306 223 1.9924e+06 270 155 72 72 70 122 197 38 24 173 161 12 136 331 134 142 531 20 21 46 79 164 48 205 164 12 56 13 96 72 374 64 131 63 99 183 322 100 16 42 116 72 29 42 288 51 94 14 85 76 9 43 99 131 177 446 57
131 TGC 109 179 84 149 101 88 110 162 1 180 52 160 121 33 242 27 52 20 174 253 105 129 71 139 126 54 8 238 253 276 8 129 84 179 121 455 132 15 20 61 92 147 66 44 319 51 13 93 78 77 46 24 113 43 1 266 173 1.99265e+06 345 64 90 203 60 44
132 CCA 328 91 41 15 247 206 21 16 49 29 23 170 8 127 27 177 363 286 117 40 1.99215e+06 316 172 110 9 24 113 33 92 41 34 130 79 270 27 50 20 33 82 134 133 74 62 584 25 3 267 49 269 19 95 175 102 159 12 10 83 72 45 97 180 131 802 254
133 TTC 24 46 180 156 57 157 135 252 102 80 31 83 276 157 22 10 307 227 67 13 277 53 118 141 18 62 86 64 62 98 258 92 125 97 443 34 47 39 15 67 41 125 552 160 56 182 21 266 25 34 62 122 96 274 438 79 6 281 18 343 57 1.99206e+06 95 29
134 GAT 292 76 74 345 36 273 78 259 4 171 15 46 22 124 41 66 216 167 76 97 223 235 312 68 21 145 50 29 61 61 18 121 92 221 261 1.99263e+06 2 126 172 7 77 160 25 91 173 262 43 118 79 57 104 17 203 182 71 80 257 28 175 132 112 27 161 37
135 CAC 186 192 53 96 6 97 9 274 248 388 144 49 17 9 47 175 173 1.99157e+06 271 5 271 26 323 228 123 288 76 66 132 99 186 71 751 17 28 110 75 221 32 49 35 47 38 3 445 282 205 37 156 147 39 117 233 4 8 26 49 3 21 108 161 369 165 121
136 CAA 18 12 16 3 211 93 128 155 22 66 204 43 183 114 106 27 1.99327e+06 58 333 80 53 57 34 58 253 147 175 32 168 215 633 135 199 59 60 60 76 60 59 178 379 155 76 17 75 24 34 15 72 35 142 30 135 14 42 63 34 340 207 12 34 41 44 124
137 GCG 124 47 39 85 36 201 138 181 88 29 170 63 4 211 186 35 178 17 42 34 21 52 104 238 58 17 142 55 281 289 22 256 119 59 117 253 141 85 1.99287e+06 74 51 78 184 16 72 54 231 232 115 67 186 106 201 114 15 72 210 108 76 62 212 175 56 150
138 AAA 1.99248e+06 76 75 179 117 68 14 99 179 17 26 165 0 74 429 54 145 44 216 57 61 68 140 62 120 309 93 37 391 95 10 64 269 6 75 74 95 159 75 24 74 8 79 194 391 140 45 4 104 220 83 31 214 107 291 78 44 42 85 14 14 411 17 567
139 CAC 76 145 109 16 1 366 78 72 95 160 15 34 25 118 24 176 53 1.99286e+06 587 141 249 324 159 67 31 87 11 89 25 8 13 3 6 293 107 91 80 47 84 9 288 182 246 0 48 107 143 39 196 17 394 8 43 23 160 569 164 81 64 44 64 147 34 9
140 CGA 28 46 28 94 116 105 99 75 46 71 165 26 119 6 180 35 44 108 180 131 59 2 84 52 1.99298e+06 544 26 139 210 62 79 22 35 157 334 180 18 3 159 53 325 48 232 330 27 19 31 167 234 255 114 11 278 153 153 14 142 5 64 105 9 66 240 76
141 ATA 64 50 150 103 81 118 20 129 167 72 211 109 1.99348e+06 66 178 46 33 93 42 115 58 77 56 312 235 80 163 17 128 96 226 107 8 13 52 18 204 2 5 38 83 173 3 509 59 203 61 61 145 106 59 102 32 34 16 37 94 172 93 184 171 155 7 215
142 GAA 73 125 77 35 224 209 257 152 68 187 355 0 278 85 68 245 107 207 50 111 42 46 70 8 247 56 90 71 170 55 52 75 1.99102e+06 62 160 42 33 54 121 102 812 54 221 148 322 28 227 289 107 221 111 425 164 48 12 99 102 118 247 158 26 330 30 207
143 CGA 166 19 7 190 56 39 185 48 153 82 203 75 43 36 171 171 88 104 30 194 278 45 461 197 1.9932e+06 105 129 64 1 43 44 61 226 134 396 98 154 50 12 159 78 72 58 186 16 120 6 34 60 263 129 28 36 142 199 7 30 122 111 71 97 6 74 136
144 GCA 43 7 81 656 109 75 27 48 141 300 69 530 3 36 72 97 125 1 21 39 300 139 288 10 23 42 35 337 134 39 115 41 240 116 99 224 1.99143e+06 73 125 42 190 96 44 85 201 166 59 91 470 75 172 100 71 138 17 133 132 101 57 199 283 297 74 414
145 AGA 1 41 118 159 205 10 49 315 1.99388e+06 14 54 41 9 60 16 68 45 175 91 105 205 48 188 126 134 259 4 48 44 148 6 52 17 72 248 128 51 41 11 110 162 286 243 9 60 31 160 153 110 89 205 46 68 214 45 17 140 70 130 53 139 75 63 36
146 ACT 127 5 16 92 86 83 57 1.99372e+06 40 227 105 60 52 90 26 162 14 16 16 92 35 26 119 124 8 334 0 7 168 28 392 150 60 49 196 139 65 59 222 111 225 71 33 123 80 20 11 64 42 269 2 144 150 75 284 52 83 69 62 14 400 61 163 122
147 CGC 63 87 16 88 19 56 42 160 348 51 59 20 152 24 240 59 107 54 22 29 200 159 75 257 201 1.99337e+06 27 109 87 96 137 37 218 165 51 159 4 30 31 107 63 226 55 37 47 143 58 242 42 48 25 175 16 124 441 45 163 78 246 52 289 108 44 19
148 ATG 147 48 106 61 169 45 200 7 83 80 335 300 201 383 1.99304e+06 54 56 192 26 59 10 7 96 197 194 34 9 293 61 133 80 128 166 129 64 154 64 17 354 188 112 27 114 84 53 172 35 303 43 79 171 62 135 104 7 136 21 10 49 10 79 101 33 93
149 GAG 691 13 165 50 103 91 137 4 219 14 44 72 28 140 50 308 56 139 113 23 399 34 81 109 31 52 64 55 59 227 96 143 193 139 1.99248e+06 16 177 72 162 197 246 17 260 76 32 235 242 5 57 38 127 193 57 242 92 55 173 19 88 199 12 100 173 16
150 GCT 71 31 9 3 146 381 325 124 30 131 637 16 151 42 234 27 170 187 84 11 90 178 50 175 100 21 31 255 188 178 11 168 17 52 30 177 229 36 89 1.9927e+06 313 46 78 142 29 15 373 206 59 12 29 34 117 262 86 194 44 37 4 69 153 18 23 73
151 GGA 64 98 57 65 154 234 21 342 114 66 101 303 66 31 157 388 13 41 55 261 106 27 39 52 310 77 278 12 184 7 6 75 194 96 156 225 9 12 30 209 1.99258e+06 116 333 53 96 21 74 61 216 24 196 185 45 11 52 25 195 118 162 158 372 87 73 9
152 CTA 9 17 12 158 181 64 110 301 110 32 52 11 16 108 163 54 721 135 148 69 179 19 41 129 349 19 261 80 1.99217e+06 542 23 69 29 20 84 98 179 151 30 2 93 50 339 29 257 12 19 114 27 35 246 259 10 157 77 22 48 37 12 195 233 67 495 224
153 GTA 88 100 120 44 13 250 129 109 102 59 6 6 226 48 131 45 105 130 145 200 18 337 9 51 354 39 34 93 190 116 65 17 51 2 7 95 4 43 104 70 316 157 7 27 1.99228e+06 196 108 385 32 512 56 272 84 314 3 225 525 21 213 121 95 134 138 20
154 GAT 199 140 10 196 217 148 1 34 402 20 185 138 124 11 67 331 107 191 147 85 91 141 64 290 209 235 51 88 28 115 124 101 115 35 26 1.9927e+06 71 18 60 65 233 100 29 100 43 22 90 88 41 581 1 113 92 318 6 19 42 83 57 48 8 12 234 263
155 CAA 270 50 14 127 349 101 133 56 239 239 4 106 288 74 143 130 1.99141e+06 113 275 9 176 3 150 137 75 360 194 23 289 187 212 187 157 110 51 143 266 166 59 444 214 61 115 18 56 44 67 46 104 440 20 119 84 353 74 70 90 38 76 56 41 65 97 136
156 GAT 195 70 97 61 40 0 38 199 36 109 58 59 8 55 54 239 9 59 36 422 4 207 146 41 339 8 115 85 5 208 219 128 45 1 24 1.99422e+06 9 62 93 38 99 13 145 39 106 9 130 165 132 90 139 40 4 213 18 22 139 144 290 28 27 66 74 31
157 GAT 15 143 126 370 202 38 4 38 55 63 119 6 60 44 68 98 110 28 53 345 36 88 72 27 123 162 167 344 163 224 119 145 22 381 266 1.9927e+06 8 175 21 40 10 192 235 219 0 11 30 57 46 147 85 190 136 8 84 191 171 259 58 263 63 109 78 93
158 CTT 147 247 45 1 42 94 60 40 9 60 230 199 63 31 300 76 88 18 26 128 13 227 221 52 31 15 103 417 125 15 71 1.99338e+06 7 12 22 97 6 42 117 72 215 66 359 55 40 65 131 96 297 129 10 51 6 188 174 167 133 42 103 42 241 61 333 43
159 GAC 123 54 160 98 36 18 77 66 136 98 66 34 344 71 51 179 2 332 275 141 63 172 257 257 104 199 38 63 43 356 104 49 614 1.99289e+06 97 147 17 186 106 133 34 111 24 61 38 28 32 10 1 106 3 58 82 3 36 119 148 199 28 26 54 224 315 3
160 GAG 89 318 525 218 98 144 322 71 42 78 149 147 101 4 146 155 207 404 35 273 328 239 94 28 269 273 50 16 71 23 58 74 50 127 1.99109e+06 19 225 514 32 60 74 5 585 65 124 156 169 289 102 99 65 28 7 34 140 32 75 43 104 186 176 180 21 73
161 GAG 20 54 65 34 211 17 25 134 70 132 75 61 2 84 1 343 141 47 164 75 37 225 171 201 19 18 60 157 97 225 30 122 89 33 1.99366e+06 218 68 3 221 257 7 59 55 130 148 43 47 162 242 211 74 127 178 27 45 37 13 135 23 58 146 68 240 58
162 CAT 184 63 166 306 184 325 83 130 199 68 134 11 23 103 17 96 69 23 195 1.99324e+06 261 69 6 22 5 22 84 144 121 30 68 357 254 27 125 230 9 15 92 116 9 73 27 26 62 23 156 14 57 221 26 189 74 247 2 34 194 118 70 14 349 38 118 179
163 CAA 509 257 34 104 53 62 4 335 61 2 73 32 29 18 314 26 1.99032e+06 196 155 281 227 376 78 101 46 157 604 264 85 246 65 77 621 244 186 354 5 143 182 26 371 7 19 73 164 239 72 195 96 19 77 66 213 283 13 82 93 107 22 97 552 57 67 60
164 GGG 522 39 25 5 14 12 110 250 86 7 100 195 113 20 435 185 34 138 9 63 115 0 74 97 47 68 250 78 34 57 128 25 17 61 230 71 34 15 3 72 143 146 1.99369e+06 146 160 113 33 184 157 62 78 47 136 79 67 132 208 47 106 187 104 18 107 13
165 CTG 213 40 303 99 357 136 149 149 205 21 280 99 50 4 123 256 57 224 64 29 41 59 35 331 52 22 15 45 95 164 1.99234e+06 178 54 104 125 49 249 18 89 166 517 21 111 6 21 65 122 151 40 64 126 257 224 249 32 174 237 26 13 162 43 22 199 31
166 GCG 35 102 76 114 225 14 207 3 364 68 335 55 83 9 55 74 108 5 26 72 222 215 73 54 92 32 50 69 235 153 113 191 356 10 114 93 275 258 1.99186e+06 45 55 248 230 139 150 80 83 23 86 120 153 129 69 83 33 441 44 109 380 88 387 54 189 92
167 CCC 43 166 5 110 98 368 205 74 781 15 37 105 10 260 41 47 47 28 162 45 67 1.99313e+06 53 79 153 292 119 66 67 89 123 55 15 45 44 27 130 149 5 47 371 84 27 46 75 104 88 12 44 45 1 373 17 234 68 61 198 38 313 208 27 6 133 21
168 GCG 19 56 197 38 46 35 193 825 166 29 243 181 92 236 169 106 93 66 395 97 40 159 258 99 97 103 73 116 11 27 555 9 287 22 8 10 332 137 1.99124e+06 440 189 206 9 23 68 35 242 150 244 114 171 23 53 351 219 65 123 27 4 86 134 61 93 5
169 GAA 118 21 60 54 104 443 149 269 197 13 66 84 87 38 107 19 32 146 212 26 200 148 124 299 52 35 40 326 96 119 292 213 1.99254e+06 143 37 236 89 61 97 67 233 167 37 88 68 137 126 170 167 15 76 112 66 109 139 47 15 29 50 89 69 217 11 299
170 CTC 64 45 99 190 34 343 150 145 60 71 37 221 108 1 253 10 3 8 87 266 31 15 64 48 130 103 167 302 23 1.99338e+06 14 215 61 30 139 23 254 306 65 195 174 135 17 96 321 230 166 60 68 185 5 2 124 56 49 84 37 20 38 47 56 170 32 64
171 TTT 185 104 36 58 654 111 71 34 362 179 54 62 170 233 6 275 289 154 46 45 113 9 19 66 5 58 105 28 163 43 255 200 138 122 11 79 295 284 199 74 82 11 137 157 103 80 146 174 68 106 108 318 67 82 72 490 51 43 79 86 195 78 41 1.99183e+06
172 GCT 40 82 129 326 34 133 161 115 317 126 76 43 11 170 87 89 88 168 213 94 447 153 85 158 227 15 73 46 73 83 33 266 25 264 37 158 518 127 1 1.99192e+06 158 24 9 147 29 95 87 121 47 212 51 23 202 114 238 36 53 70 175 58 157 193 315 180
173 AGG 161 41 58 275 65 50 252 100 538 76 1.99193e+06 3 151 186 103 207 126 106 13 11 52 58 224 126 63 132 274 45 271 43 114 113 195 94 16 36 216 228 122 107 167 17 113 31 193 40 111 248 22 107 31 19 47 88 39 334 65 73 148 351 195 26 493 62
174 TTG 54 231 366 113 153 37 24 54 247 78 70 24 47 164 80 170 271 15 40 84 100 106 9 67 8 49 51 18 37 33 399 423 71 3 74 2 9 43 51 2 27 64 26 116 113 55 242 114 154 76 171 252 645 111 273 28 39 156 10 127 209 270 1.9925e+06 343
175 AAA 1.9929e+06 53 9 183 224 173 151 13 138 25 53 26 249 3 36 230 151 590 8 32 21 70 198 246 123 4 126 133 40 0 7 52 91 71 90 231 38 120 21 59 75 102 58 9 275 94 39 377 26 98 16 42 29 242 37 122 54 209 215 34 134 146 430 146
176 GCT 118 9 142 49 19 52 73 92 185 105 72 510 319 1 65 472 12 153 22 272 145 112 58 174 29 99 254 5 228 40 11 89 91 24 241 219 162 55 472 1.9917e+06 39 49 0 134 37 19 201 179 100 76 324 89 24 282 63 347 22 15 297 33 9 158 550 6
177 CGG 44 213 61 95 65 208 152 143 60 35 237 37 100 57 22 25 204 19 81 252 173 262 110 90 121 333 1.99253e+06 143 101 65 288 73 13 126 172 130 84 122 360 70 100 36 240 25 181 54 61 23 22 38 273 39 27 21 234 58 365 74 67 84 30 219 229 22
178 ATG 144 22 389 332 17 229 133 81 136 190 249 9 60 316 1.99189e+06 305 81 287 184 44 172 278 48 189 361 54 17 130 38 48 101 186 85 123 15 33 137 1 135 8 166 224 85 58 127 103 268 27 62 206 31 264 73 102 48 60 43 28 50 39 467 128 59 26
179 CCC 20 415 76 65 32 440 95 82 93 246 34 328 10 52 199 19 375 333 19 246 7 1.99127e+06 79 108 24 126 54 366 71 195 121 31 21 71 143 241 108 396 99 222 99 73 285 192 143 101 161 226 134 153 40 264 140 197 32 80 80 123 18 237 118 102 40 31
180 GAC 318 24 87 48 85 44 431 130 78 76 5 0 169 29 14 3 142 138 74 129 24 85 526 50 150 13 5 367 292 85 148 234 106 1.99258e+06 34 25 97 128 339 101 33 235 131 79 311 56 49 398 148 12 60 20 39 0 154 120 10 75 5 46 117 107 95 289
181 GGT 25 20 115 273 289 336 166 78 72 156 35 108 34 176 123 161 59 162 189 99 64 70 172 35 2 48 115 165 239 22 143 148 134 143 148 37 261 42 44 92 102 76 80 1.99332e+06 96 238 3 30 155 231 40 33 107 4 53 122 23 21 136 0 30 21 225 56
182 GAA 42 107 123 6 66 110 55 203 279 56 51 227 64 115 219 152 355 62 220 94 86 67 33 36 33 312 84 30 207 96 74 84 1.99281e+06 49 92 348 155 149 30 142 360 38 147 48 176 101 198 15 92 51 61 6 75 125 276 64 25 112 86 56 66 52 85 164
183 GAT 112 72 180 136 27 95 175 309 184 55 17 2 63 35 18 1 131 47 65 107 41 380 407 4 275 113 80 58 22 28 128 49 174 117 22 1.99298e+06 56 212 30 186 221 6 169 30 31 88 163 192 191 84 112 286 212 6 82 97 154 161 70 80 43 68 254 2
184 TTG 336 86 102 112 152 243 27 320 19 58 169 27 13 81 66 70 0 57 235 23 260 3 54 273 274 251 70 61 38 50 84 121 95 221 79 24 25 7 128 452 261 13 65 78 66 38 265 27 6 40 104 5 69 12 98 169 168 132 133 17 116 91 1.99285e+06 414
185 GTG 417 191 192 153 79 168 156 201 9 8 249 47 78 139 164 54 66 159 272 122 73 136 78 430 280 61 90 17 107 40 17 449 33 253 16 18 59 36 146 17 158 295 117 21 250 382 1.9903e+06 180 99 210 140 238 133 42 87 46 588 377 103 387 160 59 176 168
186 GTA 142 33 157 216 254 42 17 11 298 19 81 347 115 4 26 165 8 130 21 12 346 219 710 95 195 548 109 50 276 133 18 38 67 106 33 64 343 103 348 174 61 20 206 205 1.99103e+06 133 136 338 71 33 54 38 27 234 153 283 84 85 100 30 132 126 242 110
187 ACT 83 147 225 275 319 366 101 1.98972e+06 92 106 270 288 61 17 206 149 291 110 118 131 18 163 63 422 282 60 65 189 314 307 452 429 122 37 106 214 159 53 31 73 86 108 11 13 99 235 165 255 84 262 59 54 10 224 63 401 247 181 128 154 59 325 64 79
188 CAT 164 72 33 153 73 14 137 234 62 103 137 179 4 71 9 17 141 9 81 1.99436e+06 172 27 83 33 133 165 84 179 2 249 505 10 35 101 43 17 28 142 7 49 124 13 116 42 53 10 22 44 39 60 91 146 54 245 40 107 44 122 277 22 12 8 37 151
189 GGG 384 89 146 76 127 158 210 131 52 15 148 37 126 3 25 70 75 216 88 27 105 64 21 156 143 38 312 227 191 71 50 80 94 192 382 103 14 97 120 91 270 83 1.99209e+06 258 165 82 110 24 187 11 13 325 134 283 63 7 41 241 120 123 192 51 83 286
190 GAT 689 86 29 69 45 6 186 14 27 84 17 67 15 280 73 79 187 110 440 82 106 30 201 40 65 97 115 38 103 208 65 348 70 9 184 1.99227e+06 18 50 272 46 78 166 196 84 93 49 452 178 14 72 40 122 55 74 113 161 44 269 59 378 182 25 47 128
191 GCC 156 38 298 559 16 65 8 461 245 392 268 219 78 19 271 253 63 60 72 74 86 416 13 24 566 200 152 500 209 7 259 51 79 98 92 64 203 1.99038e+06 11 31 105 15 221 21 39 49 19 167 119 37 406 81 197 114 104 172 49 29 157 85 244 144 76 297
192 TGC 67 155 26 71 29 408 7 79 163 148 131 477 230 107 34 7 58 88 58 20 65 319 108 24 69 14 292 117 72 4 24 23 549 157 57 47 196 143 31 327 403 72 122 215 223 95 85 87 275 142 136 19 186 71 89 141 128 1.99234e+06 85 4 71 1 10 3
193 CTC 468 120 185 20 89 41 154 378 139 71 18 56 63 38 364 114 309 181 352 83 170 67 118 43 209 518 56 83 148 1.99152e+06 165 333 37 5 65 210 28 177 42 16 16 73 182 198 419 307 17 34 197 1 69 120 237 23 8 31 85 108 10 72 171 64 46 258
194 CCG 4 95 109 92 57 153 18 87 221 360 23 120 10 71 33 157 29 261 363 153 112 475 1.99159e+06 177 185 18 127 103 43 736 249 204 264 207 133 26 150 115 101 50 2 35 260 28 142 20 93 63 150 48 208 61 98 113 107 133 173 22 202 331 58 8 42 126
195 AAC 145 1.99099e+06 130 172 153 59 282 64 229 262 296 1 8 127 48 93 43 169 421 67 62 79 165 260 267 85 31 164 249 192 13 285 78 29 16 106 418 30 7 141 153 105 114 117 16 225 45 117 40 373 94 182 253 464 69 120 235 37 2 85 122 423 60 111
196 ATA 522 0 19 84 68 191 10 227 340 199 25 147 1.99108e+06 45 60 235 143 168 152 46 532 79 45 78 207 4 50 258 155 110 142 143 335 3 41 152 41 95 508 38 18 47 82 334 204 3 14 36 13 14 355 126 210 267 112 83 179 25 316 112 129 310 42 192
197 ATG 41 76 72 149 112 11 138 49 34 125 70 40 39 15 1.99304e+06 68 404 24 201 117 35 407 182 63 66 90 69 95 59 360 72 85 308 75 65 43 36 373 12 138 49 86 61 69 8 6 136 26 11 77 486 94 107 30 55 145 343 113 2 119 115 115 52 241
198 GTG 95 29 211 52 167 95 103 126 10 183 82 30 129 60 80 103 198 28 79 10 277 24 239 49 50 12 26 220 76 200 374 13 53 96 169 15 44 123 104 33 104 62 85 94 102 10 1.99379e+06 14 187 0 18 130 237 12 29 4 121 240 27 143 14 372 123 14
199 GAA 148 73 481 14 102 4 447 105 156 123 151 301 54 14 291 57 145 20 44 100 407 105 157 68 105 128 219 175 76 64 151 193 1.99031e+06 617 123 576 139 243 173 21 39 300 132 53 70 77 28 308 171 227 284 85 55 18 50 168 85 67 64 102 444 6 203 83
200 AAC 56 1.99279e+06 9 16 55 147 48 164 124 460 88 60 195 25 130 9 22 68 187 307 116 117 25 1 24 77 72 31 132 39 199 104 195 73 24 111 296 101 282 122 205 122 236 57 89 200 47 33 67 108 228 31 108 310 57 23 153 97 91 277 104 75 165 20
201 GGC 155 20 28 151 54 123 87 201 136 28 54 15 86 113 44 228 202 140 63 88 22 307 53 5 2 92 55 288 247 45 31 288 91 49 8 105 11 645 32 49 453 1.99207e+06 157 76 50 221 65 61 158 367 134 136 229 230 197 47 151 77 77 110 68 33 141 252
202 CGT 249 245 54 164 95 21 548 78 138 19 21 124 329 158 36 456 149 54 159 259 101 10 82 162 340 125 346 1.99096e+06 33 295 88 206 94 166 206 222 122 206 171 66 112 147 54 84 13 312 30 676 34 21 24 33 94 284 43 35 129 8 43 47 29 166 42 183
203 TTT 87 53 102 74 278 27 112 96 107 5 97 58 13 150 100 65 81 145 91 210 75 76 160 158 134 12 260 282 20 134 302 1 188 25 342 136 58 115 17 7 38 27 85 51 105 127 12 134 13 200 148 62 95 41 292 230 35 42 138 150 227 374 198 1.99272e+06
204 AGC 259 72 19 80 108 31 69 18 152 1.99103e+06 411 38 16 183 342 162 62 506 34 376 103 1 6 195 234 48 5 267 138 350 23 11 105 21 880 307 14 83 200 99 22 257 11 118 332 60 77 41 333 277 159 65 18 330 3 62 227 93 271 59 3 84 22 20
205 GGA 120 37 226 68 10 132 152 49 706 262 25 105 31 143 131 48 104 37 189 41 59 43 152 94 125 94 2 74 16 18 83 74 252 234 62 185 97 18 121 51 1.99281e+06 168 8 16 310 153 143 134 117 0 287 184 109 30 12 17 211 47 164 212 18 55 20 306
206 TTC 21 40 95 129 76 416 487 0 115 170 128 27 46 22 31 28 102 64 3 242 65 378 40 188 198 227 168 267 43 440 101 255 77 55 54 131 97 181 50 24 12 18 71 157 33 13 116 331 435 144 244 41 745 12 44 18 16 19 159 96 34 1.99172e+06 49 189
207 ATT 258 52 8 93 300 87 175 291 310 51 52 41 299 9 149 1.99234e+06 238 37 49 164 72 81 114 151 19 263 24 65 40 102 30 0 124 44 37 184 27 250 231 86 319 236 82 271 108 103 32 105 62 119 37 54 25 65 21 278 94 61 23 267 228 213 198 50
208 GAT 54 243 6 135 102 66 259 85 32 199 4 171 108 90 66 323 109 75 4 118 187 81 20 83 91 283 41 72 55 71 103 5 453 17 176 1.99289e+06 41 48 47 154 63 109 22 142 73 309 89 103 277 21 103 14 35 198 220 232 73 180 8 315 26 82 95 41
209 TGC 46 447 231 577 105 93 54 101 394 208 639 82 41 42 3 25 35 46 577 91 32 178 76 5 72 197 254 434 46 246 269 192 135 76 78 71 42 54 129 223 136 30 161 384 18 19 140 202 281 152 55 70 106 291 46 295 237 1.98815e+06 426 448 331 570 680 128
210 GGA 11 114 1 0 591 54 97 227 150 83 24 120 115 167 17 292 95 40 66 65 256 94 23 169 229 33 71 28 107 43 42 79 165 140 12 53 57 72 296 46 1.99336e+06 91 139 332 44 273 24 76 76 4 148 156 161 137 2 6 142 38 20 77 99 158 36 60
211 CGG 114 111 44 152 269 21 23 24 138 10 78 327 337 26 19 393 73 198 196 79 401 63 307 159 192 38 1.99144e+06 334 207 177 38 208 351 15 255 179 127 161 49 71 187 43 162 184 65 7 78 21 162 47 81 105 191 39 68 142 85 228 329 75 14 109 48 124
212 TTG 148 29 2 370 86 269 183 258 136 33 100 58 29 163 111 7 171 224 57 42 82 121 3 31 103 304 158 26 169 53 222 186 252 6 67 168 3 28 455 126 77 82 229 104 82 104 91 95 80 135 21 184 113 131 108 130 179 223 106 70 188 76 1.99227e+06 81
213 GGT 113 137 161 194 57 264 35 81 80 40 41 198 184 134 219 303 65 53 292 20 25 195 444 419 35 239 105 85 26 188 86 191 63 165 18 38 363 180 443 262 353 106 263 1.98948e+06 218 94 284 78 58 616 382 104 154 58 246 77 74 64 85 402 14 335 2 212
214 GTC 63 714 241 140 122 34 78 221 2 209 25 89 21 51 105 126 12 141 147 23 240 48 137 27 137 76 230 83 70 129 91 27 182 436 174 41 54 51 37 19 105 149 347 335 129 1.99195e+06 15 169 8 71 43 215 61 233 199 230 128 80 143 101 70 246 59 64
215 GCT 256 14 58 18 67 408 217 475 286 423 101 146 69 183 149 318 238 65 125 30 41 21 112 52 312 153 69 146 209 49 80 34 227 30 6 243 51 21 180 1.99186e+06 30 244 18 45 51 245 38 94 168 236 76 83 72 38 110 204 89 110 18 25 197 177 32 60
216 GAT 46 12 90 108 173 27 12 237 100 295 76 49 38 5 112 150 357 148 54 134 3 149 16 225 36 0 130 133 66 181 181 74 186 90 180 1.99189e+06 78 677 109 417 249 33 116 101 290 24 350 252 73 281 49 11 31 121 70 98 22 253 8 90 13 21 215 182
217 CGA 183 153 183 48 113 424 100 16 465 171 156 16 96 530 70 137 101 90 236 137 78 109 40 20 1.9907e+06 320 118 15 46 32 22 102 39 84 92 110 214 401 132 345 67 31 238 54 226 221 30 207 45 130 221 149 25 65 55 53 766 27 227 17 90 49 315 246
218 TAT 189 59 96 137 59 16 152 195 0 275 50 43 174 238 53 84 51 139 11 106 39 549 30 60 151 54 54 35 117 7 54 387 27 79 79 189 27 39 110 71 43 55 288 148 238 92 81 82 209 19 54 1.99268e+06 155 150 46 121 59 224 54 325 139 93 265 91
219 CAA 56 116 63 77 39 182 128 53 11 22 129 126 86 164 24 404 1.99163e+06 192 294 143 189 703 49 31 312 94 38 13 410 103 37 203 112 285 15 36 168 287 101 119 119 247 305 117 35 99 209 286 165 188 84 6 113 77 2 84 63 214 149 56 29 5 76 30
220 GAT 665 141 205 221 293 173 317 86 154 214 154 79 61 123 30 244 40 53 419 128 155 194 46 248 237 87 115 148 117 2 6 110 228 304 34 1.99043e+06 250 99 32 375 17 295 296 84 14 140 156 143 105 149 31 332 37 13 34 123 29 91 77 287 55 196 208 70
221 ATA 393 42 588 27 252 107 273 54 93 67 310 12 1.99287e+06 315 1 10 202 129 141 38 54 167 214 97 13 13 10 273 120 81 107 83 219 20 42 98 108 17 22 51 70 60 520 72 80 7 94 96 52 46 56 179 108 39 7 8 117 176 251 50 80 59 42 1
222 GCA 52 77 59 129 42 197 199 105 62 20 8 18 371 18 44 69 15 181 143 92 344 3 247 5 357 56 165 34 444 74 92 19 86 122 9 23 1.9921e+06 214 21 33 118 95 158 78 54 57 37 176 66 151 198 229 263 57 122 214 29 29 56 107 745 47 430 138
223 TTG 163 12 51 39 26 133 97 274 10 46 116 178 23 11 202 12 20 28 44 115 188 88 92 133 83 47 13 27 132 68 58 28 15 86 245 144 113 93 132 551 313 24 21 28 23 86 134 27 42 58 148 43 59 16 210 23 412 66 25 146 207 21 1.99382e+06 114
224 GCA 93 221 253 0 133 25 75 158 66 46 55 127 67 41 274 57 96 73 36 67 168 86 38 101 210 59 437 207 282 28 45 49 271 164 87 9 1.99182e+06 217 255 21 15 115 3 191 117 76 40 25 209 201 52 460 84 44 20 219 80 117 291 114 158 28 804 22
225 ACT 140 265 6 19 85 28 80 1.99246e+06 50 76 166 40 122 313 71 54 126 12 46 84 101 105 43 252 20 127 78 224 240 67 213 265 44 35 50 95 99 23 152 14 137 149 150 36 169 93 109 283 134 50 409 149 115 43 253 333 170 9 132 382 32 59 5 112
226 CGC 22 15 164 290 75 265 22 362 33 265 197 43 136 54 77 35 83 136 15 157 247 355 194 273 254 1.99267e+06 379 238 31 101 124 291 43 97 15 17 20 92 66 109 46 156 123 113 36 82 56 20 34 111 34 36 187 154 110 180 54 38 71 23 66 131 39 40
227 GAT 74 132 34 14 176 151 45 136 59 73 104 7 110 295 36 251 150 120 7 77 193 154 19 58 184 122 78 41 2 436 107 106 139 363 92 1.99177e+06 230 55 353 179 246 39 264 46 222 18 285 132 33 297 43 192 225 279 251 26 34 127 253 156 34 9 20 41
228 ATC 25 71 372 75 143 60 228 220 19 164 492 97 88 1.99143e+06 92 140 16 257 41 8 92 330 121 149 329 75 157 18 143 32 72 27 258 25 82 243 259 21 51 61 125 127 90 139 306 189 63 139 33 37 161 193 120 95 90 71 506 97 101 467 31 136 96 6
229 GCC 34 102 90 10 90 76 58 114 45 243 505 183 62 57 11 5 304 319 61 9 219 117 150 18 107 39 29 242 39 29 49 29 53 182 194 62 260 1.99322e+06 215 134 76 89 141 3 68 109 191 71 17 32 35 36 358 37 54 72 76 83 212 42 98 79 66 189
230 GAA 290 102 22 82 11 47 191 58 104 89 48 152 164 45 133 99 193 70 12 398 224 15 160 5 157 368 216 146 106 85 147 231 1.99134e+06 63 191 117 183 300 41 44 126 265 310 54 168 64 64 408 8 131 344 371 127 8 35 188 87 325 69 142 10 166 19 58
231 GAG 7 60 45 202 245 28 153 32 57 238 87 63 288 90 48 186 169 103 58 126 165 71 44 32 19 150 301 28 47 30 13 41 126 86 1.99361e+06 174 59 43 129 243 6 25 41 129 47 129 79 104 118 321 58 126 33 284 17 117 52 47 136 71 55 182 123 0
232 CTT 51 53 527 440 76 150 114 103 105 28 119 211 53 10 265 127 144 47 127 308 230 24 73 333 180 235 102 217 112 96 260 1.99108e+06 25 309 79 40 41 264 56 26 82 86 55 73 63 45 151 221 79 100 175 486 225 169 54 23 151 372 63 80 93 5 14 293
233 GGT 24 51 4 81 392 107 5 60 189 44 114 23 133 45 24 145 55 51 63 41 6 151 446 89 245 103 10 258 54 63 10 27 284 77 63 294 50 54 14 133 111 74 9 1.99256e+06 122 8 87 149 223 283 9 295 317 206 301 68 307 166 257 2 169 41 70 85
234 GGT 208 94 236 342 115 107 192 2 94 75 127 139 27 43 36 57 111 335 72 35 350 91 24 43 40 281 206 16 441 69 24 109 84 422 74 25 212 4 13 145 225 365 99 1.99201e+06 3 184 35 153 17 81 68 56 20 24 205 27 379 154 522 86 86 33 34 11
235 GAA 66 66 70 15 53 30 96 34 122 213 10 105 53 148 155 60 158 139 69 147 317 190 20 7 215 173 295 186 37 99 80 225 1.99244e+06 379 116 125 337 44 90 62 176 149 400 43 66 63 142 336 190 70 111 94 144 71 88 144 137 41 72 167 2 0 16 36
236 TGG 90 23 122 90 25 108 177 223 130 144 87 20 80 66 457 230 125 61 72 54 76 48 36 136 82 33 52 73 147 462 32 56 82 166 174 68 135 53 77 107 30 194 389 239 169 20 46 75 38 234 145 16 168 182 181 142 119 32 1.99207e+06 89 60 232 637 12
237 GCA 49 78 12 51 134 420 2 15 26 13 36 69 239 105 108 107 210 29 15 6 108 39 15 220 48 72 181 2 117 73 34 47 112 63 11 151 1.99352e+06 325 147 105 115 51 58 91 3 23 263 3 50 20 120 172 139 230 489 33 65 135 99 34 5 245 308 137
238 GAC 19 23 106 79 99 95 145 67 30 49 248 94 172 197 309 245 489 193 35 49 236 221 133 65 164 18 3 22 53 247 67 98 276 1.99161e+06 955 97 267 164 69 35 8 172 49 1 153 246 88 128 184 233 96 44 103 186 59 35 85 128 10 31 156 62 57 143
239 AGA 295 90 23 297 94 185 305 212 1.99233e+06 79 214 246 348 63 9 284 177 52 107 93 155 177 0 3 49 159 76 119 108 64 50 3 122 70 281 22 157 77 28 335 186 28 126 114 164 85 282 185 85 89 171 5 93 54 75 135 102 79 2 44 43 14 145 134
240 TTT 74 45 340 15 527 29 353 50 44 44 521 72 108 768 204 22 169 49 72 59 127 130 176 107 5 24 44 15 244 98 19 81 327 77 27 418 138 175 218 64 33 24 124 59 182 199 270 34 15 230 54 92 18 90 27 97 35 94 86 236 326 329 37 1.99123e+06
241 TTA 76 122 162 16 259 51 162 83 68 52 96 144 181 48 170 20 33 14 65 68 24 142 61 77 4 142 32 18 188 219 16 33 307 211 18 88 18 24 57 21 10 62 220 90 125 19 76 31 32 14 132 11 357 31 49 47 47 64 41 74 1.99471e+06 81 13 71
242 GTT 22 36 156 248 187 115 181 133 275 240 84 2 50 26 571 336 320 58 226 8 188 161 6 129 33 64 134 157 73 83 181 131 69 9 100 146 146 178 171 32 30 230 16 30 68 113 9 1.99141e+06 450 203 67 76 306 29 109 28 363 163 134 151 122 119 237 76
243 CTG 441 193 183 66 23 6 30 2 40 267 512 336 27 8 38 9 77 179 176 227 300 270 77 1 187 323 41 188 37 94 1.99211e+06 121 71 81 31 403 216 17 0 46 24 33 28 102 142 15 197 51 255 108 119 54 91 231 57 174 69 40 120 152 131 2 301 48
244 TAT 282 144 157 88 103 42 128 29 452 79 12 40 295 51 63 59 85 21 92 66 35 83 137 132 117 12 17 298 99 143 9 68 280 128 31 19 32 117 246 142 26 478 290 128 180 101 132 208 544 23 259 1.99187e+06 39 24 137 133 13 94 204 308 22 60 53 242
245 GGT 124 31 182 67 188 78 58 77 51 13 251 233 18 68 11 48 8 170 142 0 25 193 83 216 442 288 13 139 89 167 17 211 9 91 241 66 165 11 71 171 96 9 130 1.99125e+06 129 139 230 18 244 60 377 150 118 252 116 170 359 174 112 293 161 191 465 233
246 ATC 151 176 96 4 83 49 170 179 18 20 295 215 169 1.99155e+06 430 43 156 156 177 275 36 329 17 54 113 79 73 8 126 143 119 133 42 98 329 280 21 1 293 306 83 23 30 34 47 174 50 143 303 76 99 169 154 152 96 297 329 118 222 19 140 39 110 85
247 GCG 215 234 164 55 250 168 125 52 62 80 46 90 145 86 6 3 27 290 111 228 10 26 318 97 293 245 127 331 126 12 201 70 107 116 11 216 122 92 1.99144e+06 138 335 31 360 84 77 285 199 133 164 43 14 226 102 155 141 252 81 111 25 9 14 159 203 263
248 GCA 19 99 165 101 96 5 31 147 84 39 108 74 39 87 105 59 72 179 27 132 98 262 463 215 10 305 207 118 270 120 13 12 31 150 105 70 1.99195e+06 98 188 62 193 151 325 284 95 135 56 113 351 188 65 26 75 137 44 199 212 80 100 19 56 116 40 529
249 CCA 30 1 348 375 58 35 7 151 50 111 2 130 15 20 75 83 6 140 31 227 1.99371e+06 21 195 34 367 36 71 105 65 48 176 56 118 54 7 250 192 124 49 218 192 44 92 138 154 42 160 98 13 87 124 63 31 7 128 262 150 56 155 42 26 39 84 23
250 GAC 76 178 14 23 58 146 108 133 38 345 83 244 24 93 244 30 57 202 262 18 218 41 240 364 61 51 6 90 16 182 10 185 50 1.99216e+06 159 46 43 131 104 51 133 146 176 167 143 84 127 187 36 248 113 70 262 202 121 147 61 239 89 24 21 337 163 117
251 TCT 70 105 40 96 113 40 10 68 48 94 68 95 107 94 9 387 1 5 5 402 62 133 251 97 225 180 64 130 8 103 25 60 238 47 65 204 24 232 34 34 94 65 8 76 28 107 119 417 10 31 135 196 802 338 81 1.99226e+06 122 351 61 232 110 137 26 122
252 CAG 167 108 46 156 152 309 73 46 14 34 68 54 9 7 79 67 6 270 1.99188e+06 332 2 213 371 94 78 8 88 27 49 163 540 72 39 123 197 349 298 119 100 23 155 254 65 56 282 142 5 23 217 228 23 36 116 273 208 208 193 17 165 228 87 35 113 44
253 CGT 80 172 882 48 148 298 60 6 122 78 43 215 351 184 295 186 32 98 211 401 8 57 43 136 59 44 131 1.9893e+06 247 26 310 85 327 231 312 560 332 87 60 107 17 0 9 182 171 356 347 96 23 53 111 134 48 62 131 153 101 422 145 180 417 247 114 105
254 ATC 32 365 156 118 262 41 183 41 18 68 225 23 55 1.99338e+06 65 188 69 52 99 33 85 76 41 290 16 159 136 46 31 146 104 72 46 81 49 299 386 101 53 35 118 22 48 46 40 86 11 37 86 27 55 28 124 31 15 27 196 186 29 201 73 547 68 175
255 GCC 14 40 123 47 289 122 35 43 170 196 150 188 410 15 1 41 237 37 10 135 23 40 195 105 230 189 168 6 95 112 20 86 78 83 68 53 200 1.9929e+06 145 112 80 152 51 100 129 88 76 147 78 55 47 9 81 245 296 33 240 27 83 146 3 387 165 74
256 TTT 329 162 28 135 222 223 229 223 151 15 2 73 20 207 140 200 11 47 1144 38 381 5 24 6 13 79 96 88 16 27 178 121 216 102 47 52 3 186 55 122 51 38 116 59 35 129 32 180 114 90 17 189 217 409 51 554 26 5 144 95 8 55 199 1.99177e+06
257 TAT 8 361 17 344 89 27 184 462 102 125 6 199 60 61 263 80 375 166 81 138 126 243 12 25 19 23 53 201 46 153 47 163 90 39 178 69 258 114 21 184 63 29 98 264 107 233 76 13 53 93 83 1.99215e+06 180 143 8 52 182 85 190 227 120 88 130 118
258 AGA 412 441 157 7 1 193 150 69 1.98975e+06 405 50 110 303 55 20 171 189 413 60 64 173 272 14 42 131 383 83 207 180 140 24 28 139 63 60 299 438 261 186 17 235 110 213 185 208 315 2 173 177 22 54 96 24 182 55 279 1 228 298 392 32 186 215 161
259 TTA 83 83 112 0 151 139 49 170 51 12 207 181 236 387 141 71 76 145 38 82 63 182 13 35 336 64 9 92 184 59 62 54 31 31 122 16 162 210 12 8 73 39 121 100 91 239 126 122 334 391 320 187 91 97 214 120 48 112 7 197 1.99254e+06 67 157 43
260 CTA 130 214 358 94 105 126 41 110 64 30 122 134 445 55 210 87 243 15 34 405 44 143 55 55 297 31 432 61 1.99149e+06 271 25 5 306 13 42 11 192 31 159 118 313 35 3 66 263 269 14 78 101 25 212 207 51 27 93 354 217 98 41 35 417 107 95 75
261 GAC 150 177 91 63 99 191 191 60 118 278 114 11 184 11 269 128 112 68 24 74 20 205 143 12 289 3 11 169 15 54 153 94 236 1.99201e+06 210 106 550 305 40 14 126 102 144 165 137 116 93 147 130 200 40 13 36 85 101 226 176 366 31 87 44 74 158 152
262 GAG 120 142 158 9 170 318 42 54 497 65 30 330 62 101 51 81 493 346 140 92 51 99 76 59 40 8 51 61 247 7 38 66 105 195 1.99235e+06 12 94 220 151 110 134 101 252 62 107 24 146 137 117 116 121 560 230 39 0 48 35 9 152 42 18 19 96 91
263 TTC 256 203 109 97 87 32 95 56 153 71 258 101 30 47 141 29 182 56 7 95 55 77 106 308 172 255 152 94 589 52 146 2 38 359 5 23 248 280 55 275 174 108 115 64 61 150 146 254 105 105 6 81 218 22 23 107 109 50 77 133 65 1.9916e+06 409 426
264 TTC 19 86 8 67 92 48 75 187 57 138 187 15 133 104 329 102 63 69 61 74 137 138 15 45 48 70 155 93 45 126 235 132 134 0 191 190 36 106 12 77 110 117 28 9 156 97 98 13 224 16 57 34 23 149 29 96 291 126 62 77 351 1.9936e+06 34 308
