# POSITION WT AAA AAC AAG AAT ACA ACC ACG ACT AGA AGC AGG AGT ATA ATC ATG ATT CAA CAC CAG CAT CCA CCC CCG CCT CGA CGC CGG CGT CTA CTC CTG CTT GAA GAC GAG GAT GCA GCC GCG GCT GGA GGC GGG GGT GTA GTC GTG GTT TAA TAC TAG TAT TCA TCC TCG TCT TGA TGC TGG TGT TTA TTC TTG TTT
1 ATG 29 2 6 1 25 2 20 0 4 1 2 2 8 77 99468 15 4 16 0 0 0 7 3 2 3 3 2 8 4 3 3 4 7 18 12 5 16 28 42 0 8 14 16 0 8 8 4 3 0 7 0 16 4 4 4 6 0 11 2 8 17 0 0 8
2 ATT 10 13 15 19 6 4 2 7 0 6 1 0 2 8 4 99547 3 42 34 1 0 2 0 4 0 5 0 5 1 2 0 0 0 2 2 3 1 48 6 9 1 0 3 0 9 22 15 48 0 27 0 3 2 2 2 5 0 0 14 1 0 14 4 14
3 GAG 8 4 22 3 43 9 11 53 2 33 67 0 3 2 0 6 47 52 28 28 1 10 3 0 12 17 25 20 38 3 1 6 8 6 99099 12 1 1 0 0 4 5 2 9 1 0 2 1 0 5 0 10 39 2 4 22 0 7 4 2 34 76 8 79
4 CAA 13 8 48 27 3 3 6 28 2 3 0 4 1 6 0 4 99515 0 5 2 1 10 11 5 0 14 3 11 4 73 30 13 1 1 8 3 6 1 1 0 0 13 18 38 14 1 1 3 0 4 0 0 3 0 0 1 0 6 18 2 0 0 4 0
5 GAC 154 98 431 247 29 21 22 2 0 124 42 54 104 2 0 56 39 5 31 2 29 39 97 22 18 5 0 6 56 111 9 61 8 97408 54 26 6 6 4 0 26 56 146 21 18 13 28 17 0 2 0 1 1 16 40 46 0 3 16 6 61 13 23 19
6 GGC 159 382 449 13 2 109 8 56 7 129 11 1 76 218 83 88 3 0 4 4 429 182 83 114 39 27 3 10 0 10 7 6 190 9 16 7 21 4 20 92 5 96103 6 6 14 20 21 41 0 48 0 15 226 169 2 27 0 4 100 0 6 54 8 54
7 CTT 15 1 15 1 0 0 1 0 4 0 2 13 1 0 3 0 0 4 1 0 1 2 3 4 5 0 11 0 0 3 14 99743 15 2 16 1 6 3 5 1 6 2 4 11 3 5 4 0 0 1 0 1 4 2 4 9 0 4 0 25 10 1 6 2
8 CAT 0 12 7 10 2 2 2 1 2 1 14 0 0 3 23 3 0 19 0 99393 65 104 44 69 7 1 5 1 17 9 17 0 21 1 29 12 0 1 3 1 1 8 2 10 0 1 1 9 0 3 0 0 1 0 3 1 0 1 2 15 8 2 30 1
9 GCA 9 22 2 16 4 0 3 0 0 3 1 0 23 71 4 15 2 5 2 0 48 8 6 22 1 8 1 1 0 13 4 0 4 2 12 0 99587 2 3 2 5 6 10 26 12 13 2 1 0 1 0 3 1 2 0 4 0 0 0 0 2 2 4 0
10 GGA 3 2 2 2 6 0 0 7 1 0 0 1 0 2 2 0 4 0 1 0 5 0 1 1 0 0 1 1 4 1 1 3 1 2 0 1 2 3 0 0 99864 2 8 0 5 0 12 20 0 0 0 2 1 3 4 1 0 8 2 3 2 2 0 1
11 TCT 1 4 3 1 13 34 13 19 77 1 89 3 56 193 717 200 11 209 169 59 58 48 69 100 273 365 441 182 595 76 684 160 7 49 24 19 1 0 0 3 6 20 1 1 12 83 0 28 0 569 0 193 2 1 5 93243 0 134 3 156 282 110 86 39
12 CCC 1 0 0 0 1 2 1 5 3 0 0 2 3 0 0 0 0 1 1 2 8 99932 0 1 0 3 0 0 0 1 0 0 0 8 1 2 4 3 2 1 0 0 1 0 0 0 0 0 0 0 0 0 1 0 2 1 0 1 1 0 1 3 1 0
13 GCT 8 1 13 1 8 13 7 12 2 13 8 20 0 1 0 4 12 7 2 1 1 1 0 1 5 19 0 1 1 2 4 4 1 47 5 34 14 0 3 99644 6 0 3 2 13 3 1 19 0 0 0 0 4 12 4 4 0 3 2 0 2 0 1 1
14 GCA 22 6 8 6 4 12 4 12 3 0 4 4 0 0 10 1 1 1 0 0 4 14 8 7 4 1 4 8 1 2 0 0 2 1 5 14 99722 20 7 6 4 14 2 1 1 1 4 4 0 2 0 2 4 4 6 10 0 5 0 6 0 1 0 1
15 TGG 2 1 2 3 1 1 7 0 7 3 0 0 0 1 0 1 0 0 5 2 1 0 0 2 3 2 5 20 4 8 5 0 1 0 0 0 0 1 1 0 3 1 0 10 0 0 7 0 0 0 0 0 9 0 0 0 0 1 99862 3 1 0 13 1
16 GTG 114 11 12 9 4 20 15 20 51 3 5 17 2 4 2 0 26 5 34 1 0 0 1 1 64 1 2 86 2 7 3 5 5 1 38 9 2 40 11 14 2 14 33 1 11 2 99190 3 0 13 0 5 1 9 34 6 0 2 4 5 3 3 12 0
17 GAA 1 0 0 0 1 8 0 0 1 12 0 0 0 2 3 0 14 3 19 4 1 1 5 3 4 11 2 2 0 3 1 1 99813 0 9 1 0 4 1 3 4 2 3 1 0 2 0 4 0 3 0 0 27 8 2 2 0 0 6 1 0 1 1 0
18 CGT 9 2 53 3 0 0 2 0 2 2 8 11 1 1 1 0 2 0 0 5 0 10 0 0 5 2 15 99726 0 2 3 12 26 4 6 7 0 0 0 6 7 7 13 9 1 1 2 2 0 1 0 0 2 3 4 0 0 11 4 5 0 1 0 1
19 TTG 2 0 1 0 0 0 0 0 0 0 9 0 1 0 8 1 1 0 0 0 0 2 0 0 4 0 1 2 16 2 4 6 0 0 3 0 1 3 1 0 1 0 1 0 0 0 1 0 0 0 0 0 1 0 0 0 0 1 0 0 5 1 99921 0
20 TTC 0 1 8 0 10 1 6 63 59 1 88 0 19 16 22 2 3 12 4 12 1 1 23 2 17 80 3 78 5 2 21 5 7 13 34 14 3 14 26 10 3 0 0 2 5 14 3 3 0 4 0 1 1 2 4 9 0 16 1 9 8 99216 6 7
21 GGA 1 0 1 6 0 1 2 2 3 2 1 2 0 2 2 1 1 1 0 1 0 2 0 1 0 0 2 1 1 0 2 0 0 2 0 3 1 4 1 1 99883 0 13 4 0 2 9 1 0 4 0 0 1 3 15 8 0 1 1 0 4 1 0 0
22 TAT 0 0 0 2 0 2 0 1 1 2 1 0 1 1 0 0 5 1 4 1 3 1 0 0 1 1 1 2 0 2 0 2 2 6 4 3 0 1 2 4 0 0 0 0 1 1 0 1 0 1 0 99923 0 2 1 2 0 1 0 0 3 0 4 3
23 GAT 4 1 0 9 3 8 2 9 3 2 1 1 1 5 1 3 0 0 3 4 0 0 1 1 2 7 3 1 4 0 0 1 4 0 1 99877 0 0 1 1 3 2 1 3 4 1 1 0 0 3 0 0 3 0 5 0 0 3 1 0 0 0 6 0
24 TGG 0 0 0 1 1 2 3 0 1 2 1 1 0 3 0 0 2 1 1 0 1 0 0 0 16 1 4 5 1 5 3 11 1 0 0 5 0 0 0 0 7 1 3 1 1 1 0 1 0 0 0 1 1 0 2 0 0 2 99874 13 11 1 7 1
25 GCA 2 2 6 0 1 5 3 4 3 7 1 1 3 0 0 9 8 0 3 0 0 2 2 1 3 1 3 0 1 2 0 2 0 10 15 5 99838 2 1 0 0 1 1 5 8 0 13 15 0 1 0 0 2 3 0 0 0 1 0 2 0 1 1 0
26 CAA 0 3 1 1 2 0 1 0 2 2 6 2 1 4 0 1 99807 8 6 11 0 2 7 3 38 14 0 5 14 3 2 3 5 3 0 0 1 1 0 1 0 0 1 0 0 3 0 0 0 0 0 2 3 0 4 6 0 3 0 0 6 5 6 1
27 CAA 2 0 3 3 9 1 0 1 2 0 5 0 4 31 2 176 99680 4 2 0 2 1 0 10 2 0 1 2 0 2 0 1 2 0 0 1 0 1 1 1 3 1 0 0 7 8 18 0 0 0 0 1 0 2 1 0 0 2 2 0 2 1 0 0
28 ACA 0 5 0 1 99805 14 7 0 0 2 5 1 1 2 0 4 0 18 1 0 1 0 0 5 3 0 0 2 1 6 0 1 3 0 1 2 9 21 10 17 0 1 0 1 0 2 0 0 0 20 0 0 4 6 8 4 0 0 0 0 2 1 2 1
29 ATC 0 2 1 0 2 0 0 0 0 2 0 2 8 99926 1 2 9 0 3 0 0 4 0 0 0 1 0 0 0 2 4 0 0 1 0 1 0 0 0 0 0 3 0 1 4 1 0 2 0 0 0 2 1 0 0 10 0 0 0 0 2 1 2 0
30 GGC 2 0 3 0 4 0 0 1 7 4 4 6 0 0 1 1 0 1 2 0 3 4 0 0 6 4 0 2 1 1 0 0 1 0 1 2 0 3 0 0 6 99880 3 7 0 6 2 3 0 1 0 5 4 1 5 1 0 0 0 4 2 0 0 6
31 TGC 689 3 56 3 0 1 0 2 5 6 54 1 1 2 0 3 77 2 116 2 0 0 0 0 25 14 0 17 13 11 20 21 10 0 0 1 2 1 0 5 0 1 3 2 4 4 1 3 0 1 0 2 3 0 1 1 0 98776 4 1 20 2 4 4
32 AGT 0 3 0 2 4 2 1 7 4 4 3 99885 1 1 0 7 0 0 1 0 0 2 2 0 1 2 3 0 0 3 1 3 0 0 0 1 0 0 3 0 0 1 1 0 4 4 0 2 0 1 0 0 3 22 2 12 0 0 1 0 0 0 0 1
33 GAC 6 9 24 2 103 114 162 72 18 34 21 139 7 7 0 3 2 0 4 4 5 41 11 13 19 20 7 2 4 9 7 2 0 98681 6 3 2 1 13 1 28 28 21 3 0 2 0 4 0 1 0 8 90 62 66 77 0 2 2 6 13 1 7 1
34 GCC 0 2 0 0 1 0 0 1 0 8 0 1 3 0 0 5 5 0 3 0 1 2 1 2 7 0 0 2 1 0 0 0 5 0 1 4 0 99901 5 6 0 0 2 4 1 1 0 1 0 0 0 0 0 3 13 0 0 3 1 0 0 0 0 4
35 GCC 0 25 0 4 48 27 34 28 0 25 1 6 1 5 4 35 0 27 0 2 12 0 0 1 4 2 0 1 2 3 3 1 11 1 3 0 12 99501 7 14 8 1 2 0 11 2 12 3 0 0 0 0 35 2 47 2 0 0 0 1 0 11 1 12
36 GTA 2 2 0 0 0 2 0 1 3 1 10 0 2 0 3 0 3 1 0 1 3 0 0 0 0 0 0 5 1 10 2 0 1 1 0 0 1 0 1 0 0 1 11 1 99912 5 1 3 0 0 0 0 1 0 2 0 0 0 1 0 1 1 3 1
37 TTT 3 0 2 1 0 0 0 2 0 2 0 1 0 0 0 1 0 0 0 0 1 0 2 1 2 0 0 0 1 1 0 1 0 2 1 0 0 1 0 1 1 0 0 0 0 0 1 4 0 2 0 0 3 4 6 2 0 1 1 0 0 6 3 99940
38 CGC 2 1 2 0 0 4 0 0 1 8 5 0 1 1 0 0 1 1 0 2 1 2 0 0 9 99903 3 0 3 1 7 8 0 0 1 1 0 0 2 1 1 0 2 1 0 0 2 0 0 1 0 0 1 4 1 7 0 2 1 2 2 0 1 1
39 CTT 4 0 1 1 0 0 0 1 0 0 4 0 1 1 1 2 0 2 0 0 3 0 0 1 0 0 3 2 3 2 0 99922 0 0 0 1 1 0 0 0 9 7 10 0 1 0 0 0 0 0 0 0 0 2 1 3 0 2 0 0 2 3 2 2
40 AGT 2 0 1 3 1 7 5 12 0 5 1 99845 3 7 1 0 0 0 7 3 0 0 1 1 4 4 1 8 1 0 0 0 2 0 0 1 0 0 0 0 0 4 3 4 1 2 0 6 0 2 0 1 4 5 2 7 0 0 31 0 1 0 0 1
41 GCT 0 5 0 0 9 0 0 3 0 0 1 6 1 0 0 0 3 0 13 2 1 2 2 0 0 1 0 3 0 0 0 0 13 0 1 0 32 4 2 99829 0 0 0 0 2 2 0 0 0 0 0 0 1 3 3 1 0 51 0 3 0 1 0 0
42 CAG 1 0 1 1 9 6 40 1 3 14 2 2 1 0 0 1 6 0 99672 2 15 25 12 5 11 3 21 5 3 0 5 13 0 1 23 8 0 7 2 0 2 2 0 3 3 2 2 1 0 0 0 0 4 27 6 7 0 0 1 0 5 6 6 2
43 GGA 1 50 1 0 2 1 12 1 5 223 1 31 0 0 0 2 0 16 1 2 1 1 3 0 11 0 4 3 1 1 0 0 4 0 0 1 0 2 0 3 99308 1 5 8 3 2 3 5 0 0 0 0 29 101 24 107 0 0 2 0 0 4 7 7
44 AGG 13 0 5 0 0 1 0 2 2 0 99884 0 0 1 0 1 2 0 0 0 2 5 0 0 0 13 16 1 7 0 3 3 0 0 0 3 0 2 0 0 4 5 11 5 0 0 0 1 0 0 0 0 0 0 0 0 0 3 0 0 1 0 1 3
45 CCG 3 10 6 1 5 2 3 0 13 2 9 0 3 0 3 0 6 3 10 1 7 0 99833 11 7 4 8 5 1 0 0 1 3 0 8 0 0 2 2 2 2 1 1 0 1 0 0 1 0 4 0 0 7 0 0 2 0 3 0 0 1 0 3 0
46 GTG 0 13 0 0 18 37 15 22 0 23 1 15 0 0 2 1 0 1 0 0 7 15 5 1 0 0 2 0 1 0 0 0 0 7 2 3 52 66 58 23 11 1 16 5 0 8 99503 6 0 3 0 0 2 9 0 5 0 14 1 16 10 0 0 0
47 TTG 11 0 15 0 1 0 1 0 0 0 1 0 0 2 4 0 2 3 3 25 4 5 2 0 6 3 9 1 2 4 8 15 0 1 1 0 0 0 0 0 0 5 0 1 1 2 0 6 0 2 0 3 0 0 0 0 0 5 0 6 2 4 99817 17
48 TTC 1 0 1 4 1 1 0 3 0 8 0 1 1 2 1 0 0 0 1 2 3 2 1 0 1 0 1 0 1 6 4 1 0 0 2 1 0 0 0 0 3 0 1 3 3 2 0 0 0 2 0 2 6 0 0 2 0 0 3 0 1 99919 1 2
49 GTT 0 0 1 1 2 0 0 0 0 1 0 0 1 0 2 1 1 2 0 0 0 2 0 0 1 0 1 2 3 1 7 4 5 0 2 1 2 1 1 0 1 2 4 0 2 28 11 99892 0 0 0 4 0 0 0 0 0 0 2 0 2 0 7 0
50 AAG 9 1 99922 1 6 1 0 0 1 5 1 1 0 0 2 1 2 0 0 1 0 0 0 0 2 10 1 3 0 0 0 1 0 1 1 1 3 0 0 1 0 0 1 1 0 0 1 1 0 3 0 0 2 0 6 0 0 1 1 1 0 3 1 0
51 ACC 0 2 0 5 6 99896 2 9 7 3 0 0 2 2 1 0 2 1 3 0 3 0 0 0 0 1 2 1 3 0 9 1 0 1 0 1 0 0 3 4 0 3 1 4 0 0 0 0 0 0 0 2 5 3 0 4 0 0 3 1 2 1 0 1
52 GAT 0 3 0 4 1 9 77 93 0 165 0 6 13 40 5 39 16 4 17 0 1 2 0 0 0 1 0 0 0 4 7 4 1 1 6 98538 114 139 237 45 8 4 1 6 14 19 10 1 0 1 0 1 39 3 44 109 0 25 1 120 0 0 2 0
53 TTG 48 1 77 14 5 1 17 9 25 12 20 1 8 3 10 0 3 18 2 2 0 0 12 2 66 2 3 13 2 2 7 1 8 4 12 6 17 33 7 31 2 4 0 5 63 47 3 32 0 40 0 16 9 18 33 13 0 1 18 4 0 18 99164 6
54 TCT 0 0 0 12 0 0 0 0 9 1 3 12 1 2 0 1 0 13 0 1 3 1 0 1 11 7 0 5 0 0 0 0 4 1 0 0 2 0 0 1 0 1 0 1 2 1 4 1 0 0 0 1 24 11 5 99849 0 3 0 1 0 0 5 0
55 GGG 1 1 2 0 1 3 0 4 8 1 0 0 0 0 0 4 4 3 3 37 0 0 1 0 4 6 0 3 0 10 11 1 0 3 3 0 0 3 2 9 4 8 99812 2 9 1 0 4 0 1 0 3 1 0 1 0 0 1 0 5 16 2 2 0
56 GCG 0 1 2 1 2 1 2 5 0 4 1 1 3 0 1 4 0 1 2 19 2 0 3 6 2 0 1 1 0 1 0 0 4 25 0 19 7 3 99844 5 0 0 2 0 1 0 0 0 0 0 0 0 0 1 16 4 0 0 0 0 1 1 1 0
57 CTA 0 1 0 1 0 2 0 3 5 1 2 2 0 0 3 0 1 9 1 3 7 4 0 0 10 0 2 16 99870 2 8 2 1 1 0 1 0 4 0 1 0 0 0 1 0 1 1 0 0 0 0 1 2 1 0 0 0 1 1 1 17 7 3 0
58 AAC 15 99848 1 20 0 2 1 1 2 0 4 1 2 0 3 1 0 1 5 3 2 1 0 0 3 0 6 7 1 0 1 1 4 0 2 6 2 4 15 2 0 1 7 5 0 10 1 0 0 2 0 0 0 0 3 0 0 0 2 0 0 0 2 0
59 GAG 4 0 1 1 0 0 1 0 0 6 1 3 1 0 0 2 1 0 2 0 0 0 4 1 0 0 1 1 0 0 5 1 10 0 99932 7 0 2 3 0 0 0 1 0 0 0 0 0 0 0 0 0 0 0 3 1 0 1 2 0 1 0 0 1
60 CTG 0 0 2 0 0 0 1 2 1 7 2 2 1 5 6 2 0 0 0 0 3 3 5 0 1 8 2 0 4 0 99867 11 0 15 0 6 4 0 4 6 0 3 0 1 0 0 0 4 0 1 0 2 3 2 0 2 0 0 3 2 2 1 2 2
61 CAA 19 0 0 1 2 6 1 0 5 3 4 2 3 1 3 2 99779 16 3 6 0 0 7 1 2 1 7 2 0 0 0 6 9 35 5 14 1 7 0 0 1 0 0 5 6 2 2 0 0 2 0 15 1 0 0 1 0 3 1 1 0 2 1 4
62 GAT 1 8 0 2 9 0 2 1 0 1 0 5 2 0 0 0 3 0 0 0 0 0 0 4 1 0 2 2 0 0 7 1 3 0 54 99856 0 0 0 1 4 0 1 0 4 0 2 4 0 1 0 0 0 0 0 1 0 3 3 2 0 0 10 0
63 GAG 8 2 1 0 3 1 0 0 6 2 3 3 1 0 0 1 2 0 7 0 0 2 2 0 6 1 2 1 1 2 16 1 1 0 99872 8 1 2 1 1 2 0 8 1 3 2 1 0 0 1 0 1 0 1 2 1 0 3 2 0 5 2 5 0
64 GCG 1 0 8 1 0 0 1 0 2 0 3 2 3 0 1 2 1 1 0 0 1 3 0 1 0 0 0 0 0 0 0 0 3 1 5 3 1 1 99912 8 1 5 1 0 2 0 1 0 0 0 0 0 1 21 1 2 0 0 0 0 0 0 0 0
65 GCC 0 0 0 1 5 0 0 1 0 0 0 4 0 0 0 0 1 0 0 0 0 0 3 3 0 0 0 1 3 2 2 0 1 0 3 0 1 99826 7 3 4 0 2 0 32 28 15 20 0 1 0 0 8 0 7 0 0 11 2 2 1 0 0 0
66 CGA 0 2 0 2 0 0 2 0 2 7 2 1 0 0 0 0 1 0 1 3 1 1 1 0 99918 6 5 5 1 0 4 0 1 1 0 1 3 0 0 0 0 0 3 2 0 0 2 0 0 0 0 0 6 1 2 4 0 1 0 1 0 1 6 0
67 CTT 0 0 1 2 0 1 2 0 3 2 1 3 0 2 1 0 1 4 0 4 13 13 6 0 2 0 0 2 3 1 2 99901 3 0 1 2 0 1 1 1 1 2 1 2 1 1 1 1 0 0 0 2 0 2 1 5 0 0 0 0 1 0 0 0
68 TCG 21 1 9 4 3 3 4 1 28 0 22 2 0 8 4 1 27 0 7 1 2 1 1 0 11 51 0 34 2 0 2 1 1 2 1 0 3 3 6 5 0 7 2 4 1 0 3 2 0 7 0 1 11 1 99677 5 0 1 2 2 0 0 2 0
69 TGG 0 0 0 0 2 1 2 0 2 3 2 3 1 0 1 0 2 2 3 0 0 0 3 0 1 0 2 0 4 0 4 3 2 1 0 2 1 3 1 2 1 4 1 14 0 2 2 0 0 2 0 6 0 2 3 0 0 1 99890 0 12 2 5 0
70 CTG 2 0 1 0 0 0 0 1 3 0 0 3 1 1 2 0 0 0 0 1 0 1 3 1 4 0 1 1 0 0 99919 8 0 3 2 0 1 0 4 2 1 0 0 1 3 1 10 0 0 2 0 0 0 1 0 0 0 1 1 2 0 1 9 2
71 GCC 2 2 0 2 0 0 0 1 2 5 7 8 0 0 0 0 0 0 5 0 1 4 2 1 1 0 3 0 1 0 0 0 2 2 3 0 3 99866 9 23 1 6 1 0 4 1 0 1 0 0 0 0 1 17 1 2 0 9 0 0 0 0 0 1
72 ACA 2 0 0 1 99893 9 17 8 1 9 0 1 0 0 1 0 0 6 2 1 5 1 1 0 0 0 1 0 0 0 0 1 3 1 0 2 0 2 2 0 3 3 3 3 0 1 1 0 0 0 0 0 0 4 0 0 0 10 0 1 0 0 0 1
73 ACA 0 0 0 0 99915 1 30 5 0 0 0 0 0 10 0 1 1 0 0 1 3 0 1 1 0 0 0 1 0 0 0 0 1 0 0 0 1 2 1 3 1 1 1 0 1 0 1 0 0 4 0 4 1 5 0 0 0 1 0 0 0 1 1 0
74 GGG 1 0 0 0 0 0 0 1 0 0 0 0 0 0 1 0 2 0 1 0 0 2 0 0 0 0 0 0 0 0 2 0 0 0 1 1 1 5 1 0 8 14 99923 27 1 1 1 0 0 0 0 0 1 0 0 0 0 1 0 3 1 0 0 0
75 GTT 2 0 0 1 4 2 2 1 0 0 0 1 0 0 2 0 1 0 9 0 1 0 0 0 0 1 0 0 0 3 5 2 0 2 1 0 0 0 2 2 1 0 0 0 4 6 3 99926 0 0 0 0 0 0 1 0 0 3 0 1 7 0 4 0
76 CCG 0 0 0 0 12 1 1 2 4 0 6 5 1 2 0 0 1 1 9 3 0 0 99883 10 10 0 0 3 4 2 1 1 0 2 2 1 0 0 0 0 0 0 2 1 0 1 0 0 0 0 0 0 1 0 7 15 0 0 0 1 4 0 1 0
77 TGC 0 0 0 0 3 1 1 1 3 2 1 1 3 0 0 2 0 0 0 0 0 1 1 0 3 0 2 0 0 0 0 2 0 0 4 1 0 0 1 3 5 5 3 0 6 6 3 1 0 0 0 0 4 1 5 0 0 99902 0 17 2 0 4 0
78 GCA 0 0 1 0 1 1 7 1 0 1 0 0 0 0 0 0 0 1 2 1 1 1 2 1 11 2 4 0 1 1 1 0 0 0 1 2 99920 0 4 6 0 0 0 2 2 1 2 0 0 0 0 1 2 3 2 0 0 3 0 0 3 1 4 0
79 GCG 5 4 40 24 3 1 6 0 11 7 12 1 40 14 0 23 7 13 8 0 5 0 6 5 22 9 7 6 0 0 0 2 2 0 6 1 7 0 99633 3 19 8 5 4 1 0 0 4 0 0 0 0 1 4 2 13 0 0 1 0 0 1 4 0
80 GTT 1 0 0 0 0 0 0 0 10 0 1 0 2 1 4 4 0 0 1 0 1 3 1 1 0 2 3 3 0 2 0 5 0 0 0 0 4 1 0 0 2 0 0 0 13 12 0 99911 0 0 0 1 0 1 0 1 0 2 2 1 0 0 3 1
81 TTA 3 2 2 6 3 0 0 6 1 0 0 0 8 2 7 3 0 1 5 0 0 3 0 1 3 4 2 2 9 13 2 2 18 0 3 1 1 3 1 1 5 0 1 5 0 2 3 0 0 2 0 3 0 1 1 1 0 0 0 0 99846 0 12 0
82 GAT 0 1 0 4 1 2 0 0 2 2 1 1 1 1 1 0 1 2 1 1 3 0 0 1 0 0 1 0 1 0 0 0 0 1 1 99932 0 1 5 0 2 2 0 1 4 0 0 0 0 5 0 14 1 0 0 1 0 0 1 1 0 0 0 0
83 GTT 3 0 0 0 4 1 1 0 11 9 8 10 0 2 7 5 3 0 5 1 0 0 1 1 3 3 2 19 4 3 8 0 2 2 0 2 1 2 14 1 5 8 5 1 4 0 8 99444 0 2 0 0 2 5 4 3 0 0 2 0 2 110 8 249
84 GTA 0 1 0 0 3 0 5 2 2 3 1 2 2 0 0 0 16 3 0 0 2 0 0 0 4 0 0 0 0 1 4 0 2 0 0 0 4 5 0 2 0 0 0 0 99902 3 0 5 0 3 0 0 7 0 3 4 0 4 0 4 0 1 0 0
85 ACG 0 2 2 3 2 8 99909 0 1 0 0 4 4 0 0 10 0 0 0 1 1 0 0 1 0 0 1 3 2 0 0 0 0 0 2 2 1 2 4 5 0 0 0 0 1 1 4 1 0 0 0 0 1 4 1 0 0 5 1 4 1 4 1 1
86 GAG 0 1 1 4 1 2 0 0 0 1 1 0 1 1 0 0 0 0 0 0 1 1 2 0 2 0 0 0 1 1 2 0 5 2 99922 2 1 0 2 1 0 1 9 7 0 5 2 1 0 0 0 0 0 1 0 3 0 1 1 1 0 4 5 1
87 GCG 1 0 8 3 2 1 0 2 1 7 1 2 0 4 15 1 0 7 0 0 4 7 0 2 1 0 2 3 5 1 0 0 1 1 0 0 2 1 99881 13 0 1 0 2 0 1 4 1 0 0 0 0 1 3 3 0 0 0 0 0 0 2 0 3
88 GGC 0 3 1 2 0 0 1 0 1 1 0 2 1 1 0 0 0 0 0 1 0 0 0 0 0 2 0 2 0 1 0 1 0 3 1 4 1 1 1 2 4 99912 0 15 1 1 1 5 0 0 0 0 3 3 14 2 0 1 0 0 1 0 4 0
89 AGG 0 0 1 3 0 2 2 0 0 0 99884 1 0 0 0 0 0 4 1 7 1 2 1 0 5 18 20 1 0 0 0 0 0 0 0 0 0 1 0 0 8 7 3 1 0 0 1 0 0 1 0 2 0 15 0 4 0 0 0 1 2 1 0 0
90 GAT 0 2 0 0 0 7 3 4 1 1 0 6 1 0 0 2 2 1 2 0 2 1 0 0 0 2 2 0 0 0 1 3 0 15 2 99911 1 6 1 0 0 0 3 2 0 0 2 0 0 1 0 0 1 2 0 0 0 1 4 2 0 0 3 0
91 TGG 1 1 1 0 0 0 0 0 1 5 2 8 0 1 1 0 6 1 0 1 0 0 0 0 2 2 4 1 0 0 1 2 0 0 0 0 0 1 2 0 3 0 5 1 0 1 0 0 0 4 0 0 1 0 0 0 0 1 99922 13 0 1 3 1
92 CTA 0 1 0 0 0 0 0 0 2 0 0 1 0 1 1 2 3 0 1 0 3 0 1 1 2 1 3 0 99921 14 0 10 0 0 0 0 1 1 0 0 0 2 0 0 0 0 1 1 0 1 0 0 0 1 0 0 0 2 0 1 15 2 4 0
93 TTA 0 1 0 2 4 0 2 0 0 0 3 1 2 0 3 1 1 0 2 0 0 7 3 4 4 2 0 3 0 14 6 5 3 0 0 1 0 0 0 1 0 1 1 1 1 1 3 6 0 1 0 0 2 1 1 1 0 0 1 3 99893 7 0 1
94 TTA 0 0 0 0 1 2 4 14 2 1 5 3 0 0 2 0 2 1 0 0 1 1 0 3 3 1 2 2 14 4 9 1 0 0 0 0 0 1 0 3 0 0 0 0 0 1 0 0 0 1 0 0 0 0 0 0 0 1 2 0 99911 1 0 1
95 GGT 0 0 6 0 1 0 0 0 9 0 9 1 3 3 0 0 1 0 1 0 1 0 0 0 1 1 0 3 1 0 0 1 0 2 0 0 0 0 0 0 11 3 2 99916 7 1 4 1 0 0 0 2 0 1 0 2 0 0 2 2 1 0 0 1
96 GAG 10 0 4 0 0 0 1 0 0 1 0 0 0 1 0 0 1 1 7 2 0 0 1 0 1 0 1 2 0 1 0 3 11 0 99916 0 9 0 1 3 4 0 3 1 2 3 2 0 0 1 0 0 1 0 1 0 0 3 0 0 0 2 0 0
97 GTT 0 0 0 0 1 0 1 5 6 0 1 2 1 0 0 1 0 0 0 0 1 3 1 0 0 14 2 4 2 1 0 5 2 3 1 1 2 0 0 4 1 6 0 1 5 2 0 99913 0 0 0 0 0 0 0 1 0 0 0 3 4 0 0 0
98 CCG 0 0 0 1 0 6 0 0 0 0 3 2 0 0 0 0 2 0 3 0 0 1 99919 0 5 1 8 8 2 0 2 5 1 0 0 0 2 1 0 1 1 2 1 4 2 0 2 0 0 0 0 0 0 0 3 0 0 0 0 8 2 0 2 0
99 GGG 0 0 0 0 0 2 1 0 0 1 0 4 2 3 0 0 1 0 0 0 1 1 0 0 1 7 2 5 0 0 1 0 2 3 0 0 0 2 6 0 6 11 99894 15 0 2 5 1 0 1 0 0 1 7 0 1 0 3 0 4 0 0 2 2
100 CAA 8 0 1 1 2 2 3 4 2 1 0 4 0 0 1 0 99917 1 0 1 3 4 1 6 0 1 2 2 1 4 2 0 1 0 8 0 0 0 0 0 0 0 2 1 0 0 0 0 0 0 0 0 1 1 0 3 0 1 1 0 5 0 1 1
101 GAC 0 1 0 1 2 0 1 1 0 6 0 2 0 1 1 0 3 0 0 0 0 0 0 1 0 0 0 4 2 1 2 1 0 99903 0 14 1 0 4 9 1 0 0 3 1 5 13 2 0 2 0 1 3 2 0 0 0 5 0 0 0 1 0 0
102 TTG 2 1 1 0 1 0 0 1 0 1 4 0 1 0 3 1 2 0 0 1 0 0 3 3 11 1 3 3 6 0 2 16 1 1 0 3 3 3 5 5 0 1 1 1 3 1 1 0 0 0 0 1 1 0 0 0 0 2 0 0 38 1 99861 0
103 CTT 0 0 2 0 0 2 4 0 0 0 0 0 0 0 3 0 0 0 0 3 0 3 1 1 1 0 0 2 1 15 3 99939 0 0 0 1 0 0 1 0 0 0 0 0 0 0 0 2 0 3 0 0 8 0 2 2 0 1 0 0 0 0 0 0
104 AGT 0 1 0 0 7 10 0 5 2 4 2 99892 0 0 1 7 0 1 2 1 0 2 0 1 7 0 1 0 1 0 0 5 0 1 0 0 0 0 0 2 6 2 1 3 5 0 0 3 0 1 0 1 1 6 11 2 0 0 0 0 1 0 2 0
105 TCC 0 4 1 0 0 0 0 1 2 5 2 0 2 1 0 0 0 2 0 3 0 0 0 1 2 0 0 4 0 0 1 1 0 5 1 3 0 0 2 1 10 3 2 1 0 0 0 0 0 0 0 0 2 99905 11 5 0 0 2 0 1 0 14 0
106 CAC 2 0 0 3 0 2 1 0 4 4 2 13 1 2 2 1 2 99804 12 2 7 8 25 4 12 1 3 1 0 1 0 1 3 6 20 9 1 0 0 4 2 3 4 0 0 0 3 0 0 1 0 2 0 5 2 5 0 1 1 0 1 0 1 6
107 CTG 1 1 0 0 2 0 1 0 3 0 0 0 2 0 2 1 2 1 2 0 0 1 8 1 0 1 0 0 8 4 99899 14 1 2 0 0 0 0 0 0 0 0 0 0 2 3 1 0 0 0 0 0 0 0 0 1 0 1 0 0 35 0 0 0
108 GCC 1 0 0 0 0 2 0 1 0 4 0 3 1 0 1 0 1 1 1 0 46 11 7 9 1 0 0 1 0 1 0 0 2 0 3 0 7 99817 1 11 8 3 5 2 4 4 0 8 0 0 0 1 2 5 1 19 0 0 2 0 0 1 2 0
109 CCG 0 0 0 0 0 4 0 0 1 1 0 2 0 0 3 1 5 0 1 0 0 8 99920 12 0 1 0 0 14 0 0 2 0 0 0 0 4 1 0 0 0 0 0 1 12 1 1 0 0 0 0 0 0 0 1 0 0 0 0 0 0 1 1 2
110 GCG 1 0 1 0 0 0 0 1 0 5 3 1 0 0 0 0 2 0 1 3 0 3 0 3 0 0 0 0 0 4 0 1 5 0 1 9 2 1 99924 2 0 1 0 0 0 4 1 0 0 0 0 0 2 1 2 4 0 3 0 6 1 0 2 0
111 GAG 0 1 0 1 0 3 0 4 0 0 0 1 0 3 1 0 1 0 3 1 2 0 1 0 0 1 2 0 0 1 2 7 4 0 99924 6 2 0 0 0 7 0 1 4 1 2 0 0 0 1 0 0 1 0 0 1 0 0 0 3 7 0 1 0
112 AAA 99959 0 3 0 1 2 1 2 0 2 0 0 1 1 0 3 0 2 0 0 1 2 1 1 1 0 3 0 0 0 2 2 0 0 2 1 0 1 1 0 0 1 1 1 0 0 0 0 0 0 0 0 0 1 0 0 0 0 0 0 0 0 1 0
113 GTA 0 0 1 0 2 8 7 1 0 0 0 0 0 0 2 0 3 0 0 0 0 0 0 2 2 6 1 2 1 0 2 1 1 1 0 0 0 1 1 0 0 0 3 3 99906 5 16 7 0 0 0 3 0 1 1 1 0 3 1 2 1 0 0 2
114 AGT 2 0 1 2 2 0 0 1 1 2 11 99594 1 3 2 1 0 0 0 2 4 3 0 2 2 0 2 0 0 2 2 4 2 1 4 0 53 70 5 38 3 8 3 4 2 2 0 6 0 1 0 1 3 2 7 2 0 112 0 13 5 1 5 1
115 ATA 5 0 3 1 2 0 0 0 0 0 1 2 99936 9 0 2 3 0 0 1 1 0 0 3 0 1 0 3 1 0 0 0 4 0 0 3 0 2 0 2 0 1 0 0 1 0 0 4 0 0 0 0 3 1 1 1 0 1 0 0 1 1 0 0
116 ATG 0 0 0 2 1 0 0 0 1 0 0 1 1 7 99927 0 2 0 0 0 3 2 0 3 5 1 2 10 0 0 1 1 0 2 1 0 0 0 0 0 0 0 0 0 7 5 2 2 0 1 0 1 0 0 1 1 0 2 2 0 1 2 0 0
117 GCT 2 0 0 0 2 1 1 2 6 0 8 8 0 0 1 2 3 0 1 0 0 1 1 0 2 3 2 2 3 0 0 0 1 0 1 1 4 0 9 99921 1 3 0 2 0 0 1 0 0 0 0 0 0 0 2 1 0 0 0 0 0 1 1 0
118 GAT 0 0 0 0 0 2 0 0 0 3 1 0 1 0 0 2 3 1 2 3 0 0 1 0 1 0 0 0 3 0 0 0 0 15 2 99924 0 5 6 1 2 1 0 0 3 0 6 0 0 3 0 0 3 0 2 0 0 1 1 0 1 0 0 1
119 GCT 0 1 0 1 0 0 2 2 1 0 0 1 0 0 1 2 0 0 0 1 0 2 0 0 0 1 0 1 0 0 0 0 2 0 2 1 1 8 17 99936 0 0 1 0 1 2 0 0 0 0 0 0 1 2 5 1 0 2 0 0 0 0 1 1
120 ATG 0 1 0 0 8 0 1 6 0 1 0 5 8 2 99854 3 1 1 6 0 1 0 1 3 5 1 3 5 7 13 12 0 1 1 2 1 0 0 0 0 2 11 2 1 2 1 1 2 0 0 0 1 0 0 0 1 0 1 3 0 9 1 6 3
121 AGG 1 0 3 0 0 6 1 15 18 9 99859 1 0 0 0 5 0 1 2 0 2 3 0 1 6 11 1 4 3 1 1 1 0 1 0 0 0 1 0 2 7 2 2 0 0 1 2 0 0 2 0 4 2 1 0 2 0 0 0 0 10 0 6 0
122 CGT 1 0 0 0 3 0 6 1 8 1 5 15 0 0 1 0 0 2 1 3 0 1 0 0 8 8 0 99548 10 35 26 50 3 0 1 2 0 5 3 3 10 5 0 0 2 3 2 1 0 0 0 0 7 11 1 9 0 1 11 2 107 0 78 0
123 TTA 0 0 0 0 1 0 2 1 8 0 1 3 0 1 4 2 0 0 0 3 1 0 0 1 2 2 3 9 1 1 4 5 1 3 5 2 0 3 0 2 3 1 0 0 4 6 4 2 0 0 0 2 0 0 0 1 0 1 6 2 99893 1 3 0
124 CAC 7 1 0 2 0 1 7 0 3 1 5 0 1 2 1 0 4 99881 2 14 1 3 4 1 5 4 0 0 1 1 0 3 0 7 2 7 0 0 5 0 0 0 4 3 1 0 1 0 0 1 0 0 0 1 4 1 0 0 1 2 0 2 1 2
125 ACA 0 2 0 9 99849 2 10 4 6 6 0 6 1 0 1 0 0 0 0 1 1 3 6 5 0 3 8 4 0 0 0 1 0 0 0 3 4 11 0 9 0 4 4 0 1 1 0 1 0 1 0 1 10 5 3 3 0 4 4 0 0 0 2 1
126 CTA 0 1 0 0 0 0 0 0 1 0 1 0 1 1 3 1 0 0 1 0 11 3 0 0 0 1 3 1 99932 2 4 10 0 0 0 2 0 0 1 0 2 1 1 0 0 3 3 2 0 0 0 0 1 1 0 0 0 1 0 0 0 0 5 0
127 GAT 1 3 2 0 1 0 0 0 0 1 0 3 0 0 1 0 3 0 4 1 0 1 1 0 2 1 3 0 1 0 0 2 0 14 1 99885 1 1 0 1 0 2 0 2 1 3 1 1 0 2 0 6 14 6 16 8 0 1 0 1 0 0 1 1
128 CCA 0 1 0 1 0 1 3 5 0 2 0 0 2 0 1 1 2 0 1 0 99945 4 0 3 6 0 0 2 1 0 0 2 0 0 0 4 0 1 0 0 1 0 2 1 1 1 0 0 0 0 0 2 0 0 0 1 0 0 0 1 0 0 2 0
129 GCA 1 4 0 0 0 1 1 0 1 0 2 2 2 0 0 0 1 0 1 1 1 2 2 0 0 0 0 4 2 2 7 0 1 0 1 3 99874 12 3 13 3 3 0 1 0 0 3 1 0 8 0 1 4 0 17 7 0 0 0 3 0 2 0 3
130 ACG 3 0 2 6 11 5 99916 0 0 6 3 0 0 0 4 1 0 0 0 0 0 4 3 0 1 0 0 0 1 0 3 6 3 1 1 1 0 1 1 1 0 0 2 0 1 2 0 0 0 0 0 1 0 0 2 0 0 1 0 0 5 0 2 0
131 TGC 0 1 0 2 4 4 5 1 3 3 3 0 0 0 2 0 1 0 0 0 0 0 0 0 0 1 0 0 1 2 0 1 1 3 0 2 0 1 0 1 2 0 0 0 2 1 0 0 0 1 0 2 2 1 2 1 0 99933 0 4 0 3 0 4
132 CCA 0 0 5 2 3 4 0 5 2 1 5 2 1 0 0 1 6 1 0 0 99894 5 13 1 1 0 2 7 0 1 7 0 0 1 1 2 7 0 0 0 0 1 0 1 0 0 0 0 0 1 0 1 4 2 1 4 0 0 0 0 2 0 0 3
133 TTC 2 0 0 0 2 0 1 0 0 1 0 1 1 1 1 1 0 0 0 0 0 2 0 2 0 0 0 0 0 2 1 1 0 0 0 1 0 0 1 0 1 0 0 0 0 0 1 0 0 0 0 0 1 0 0 0 0 0 3 0 2 99969 0 2
134 GAT 2 0 0 4 0 1 1 0 0 0 1 2 0 1 0 1 2 0 5 0 0 3 1 0 2 1 0 0 0 0 0 0 0 4 1 99952 2 0 1 0 1 1 0 0 1 0 0 1 0 0 0 0 1 1 0 1 0 0 4 0 1 1 0 0
135 CAC 0 4 1 4 1 0 2 0 2 0 0 1 0 0 0 0 5 99949 0 5 0 2 2 2 2 0 1 0 0 1 1 0 0 0 0 0 2 0 0 0 0 0 1 1 1 1 3 0 0 0 0 1 0 2 2 0 0 0 0 1 0 0 0 0
136 CAA 0 0 3 3 6 0 0 9 0 0 8 2 3 0 1 2 99915 4 4 1 1 1 0 1 1 1 0 0 0 1 4 0 2 0 5 0 1 1 0 0 1 0 0 2 0 0 0 0 0 0 0 0 3 1 7 1 0 1 0 1 0 0 0 3
137 GCG 7 0 4 0 2 0 1 5 26 1 59 1 92 4 13 158 11 1 11 1 1 1 1 1 31 36 0 37 6 20 1 20 2 0 1 0 6 1 99151 9 0 0 2 3 1 29 8 4 0 20 0 138 1 0 0 3 0 3 2 3 23 29 7 2
138 AAA 99940 0 10 0 0 1 0 0 3 0 3 1 0 0 0 0 0 1 0 0 1 0 0 2 1 3 4 0 0 0 0 0 1 0 0 0 3 5 3 3 0 0 0 0 0 0 1 1 0 7 0 1 0 2 0 2 0 1 0 0 0 0 0 0
139 CAC 0 7 3 6 1 2 0 0 1 1 8 2 0 0 1 1 8 99864 3 7 2 3 3 6 0 2 2 1 2 4 0 4 0 3 2 6 4 2 0 3 0 0 2 0 3 1 2 1 0 1 0 0 2 1 7 0 0 1 0 3 3 7 0 2
140 CGA 0 2 0 0 0 0 0 5 4 1 0 2 1 0 1 0 1 2 2 0 0 2 0 0 99932 0 2 2 3 5 1 4 0 1 1 0 1 0 0 0 1 2 0 1 0 1 0 0 0 1 0 0 0 3 3 9 0 0 0 0 1 0 1 2
141 ATA 0 0 0 3 3 0 1 0 4 0 0 0 99877 13 2 8 0 0 0 4 0 0 0 0 1 2 0 1 3 1 0 0 0 6 0 1 1 2 0 0 0 4 0 0 18 8 10 14 0 0 0 1 0 0 1 1 0 1 0 3 3 1 1 1
142 GAA 4 1 1 0 4 0 1 0 1 0 0 0 1 2 2 1 0 1 1 0 1 1 0 1 0 0 0 0 0 3 0 1 99954 0 2 1 0 0 0 0 2 3 1 2 0 2 0 0 0 0 0 0 1 0 1 0 0 0 1 3 0 0 0 0
143 CGA 0 0 0 1 44 1 3 64 2 4 0 3 0 0 2 1 2 7 1 0 6 5 1 1 99735 9 7 3 12 0 12 0 0 0 2 1 3 2 0 2 2 1 5 6 3 4 13 6 0 0 0 0 5 1 2 4 0 0 3 2 3 1 3 0
144 GCA 1 0 0 4 0 2 1 0 1 0 0 1 3 2 0 0 0 0 2 0 0 0 0 3 0 0 0 0 0 0 0 0 5 0 3 1 99936 1 14 4 0 1 2 0 0 1 0 0 0 0 0 1 1 3 1 2 0 1 0 0 0 3 0 0
145 AGA 4 0 0 5 0 0 1 1 99857 0 2 2 0 0 0 0 0 3 1 11 0 1 0 0 9 6 10 24 10 2 8 1 0 0 0 0 1 3 3 1 3 1 4 3 0 0 0 0 0 0 0 0 3 0 2 1 0 1 0 2 7 4 0 3
146 ACT 10 0 36 11 4 0 0 99322 22 3 10 6 9 1 1 4 17 24 17 19 2 0 1 1 5 16 21 1 29 8 29 6 46 4 22 4 9 7 1 10 5 3 0 0 52 19 12 95 0 0 0 2 2 0 1 7 0 15 0 3 33 2 11 0
147 CGC 0 0 1 0 0 0 0 0 5 0 10 5 0 0 0 1 0 0 4 2 2 1 0 4 1 99902 1 2 3 0 3 6 0 0 0 0 0 0 1 0 2 2 7 5 1 1 0 2 0 1 0 3 1 1 12 1 0 3 0 1 0 0 1 2
148 ATG 3 1 0 2 1 3 0 1 0 3 0 0 7 0 99930 3 4 1 0 1 0 0 0 0 1 2 1 0 0 3 0 1 1 2 0 4 1 0 0 0 1 0 1 0 12 1 0 0 0 0 0 0 0 2 1 0 0 1 0 0 1 0 0 4
149 GAG 29 32 20 40 1 0 1 4 1 1 6 1 22 4 2 36 20 16 6 2 0 1 0 0 1 4 4 2 15 10 17 48 6 5 99485 13 0 4 0 1 17 3 1 30 0 6 9 3 0 2 0 8 0 10 0 3 0 23 0 2 1 2 8 12
150 GCT 0 0 1 1 1 1 0 2 1 0 0 0 0 0 1 0 10 32 4 7 0 6 2 1 0 0 11 0 0 0 2 1 5 0 4 0 3 8 19 99845 0 1 1 0 0 3 1 2 0 1 0 1 2 2 11 1 0 2 0 1 0 1 1 1
151 GGA 0 20 1 1 1 0 0 2 3 2 7 0 0 0 0 0 0 0 0 1 2 3 0 0 3 6 2 4 3 0 0 0 15 1 7 1 1 0 0 2 99861 9 18 2 7 0 0 2 0 1 0 3 2 1 2 0 0 1 0 2 0 0 0 1
152 CTA 1 0 6 2 0 0 0 0 1 0 1 0 0 0 3 0 0 0 0 0 3 2 0 0 2 0 1 1 99902 9 27 14 0 1 2 0 1 1 0 0 0 3 0 0 0 1 0 1 0 1 0 6 2 0 0 2 0 0 0 0 0 0 1 3
153 GTA 0 0 0 3 6 2 1 1 0 2 0 0 15 10 23 12 0 1 3 0 13 74 16 61 3 0 0 0 10 19 47 52 1 0 0 0 3 0 0 0 3 1 1 0 99408 10 10 0 0 4 0 1 2 2 1 0 0 9 0 0 26 69 35 40
154 GAT 0 2 0 0 0 1 0 2 1 0 17 1 0 2 1 0 0 0 1 0 0 0 1 3 1 2 6 1 0 4 0 1 2 5 0 99919 3 1 0 0 6 3 1 3 0 1 4 1 0 0 0 1 0 0 1 0 0 1 0 0 1 0 0 0
155 CAA 1 0 1 0 72 9 64 112 15 0 3 5 40 61 91 73 96697 3 0 3 0 7 3 4 1 2 0 3 0 48 5 2 70 0 128 3 9 3 0 8 12 2 21 3 72 432 76 23 0 105 0 98 5 0 0 0 0 45 1507 30 2 12 4 5
156 GAT 0 4 2 0 0 2 1 3 1 2 0 2 1 0 0 2 1 2 2 0 3 1 2 0 0 0 3 3 0 2 0 1 0 0 2 99904 5 1 7 9 1 0 0 1 0 1 0 0 0 14 0 1 0 0 0 3 0 4 2 0 2 0 3 0
157 GAT 2 1 0 0 0 0 1 0 0 0 0 0 0 0 0 0 1 0 0 0 0 0 0 0 0 0 0 1 1 1 0 0 2 2 0 99965 1 0 3 0 6 0 0 2 4 1 2 0 0 0 0 3 0 0 0 0 0 0 0 0 0 0 1 0
158 CTT 0 1 0 1 2 2 0 2 3 0 3 0 2 1 12 0 6 2 2 1 0 0 4 0 1 1 13 0 12 1 12 98720 0 0 1 0 0 1 0 1 1 1 0 0 0 2 0 1 0 25 0 141 1 0 0 2 0 2 48 0 0 127 3 839
159 GAC 0 1 0 2 8 0 2 7 1 5 1 0 2 0 0 0 0 1 3 1 0 0 0 0 3 1 3 7 0 1 0 0 5 99904 4 0 0 0 1 0 0 1 0 3 0 3 2 2 0 21 0 1 0 0 1 1 0 0 0 0 0 1 1 0
160 GAG 2 1 4 1 0 0 2 0 1 3 6 1 2 0 0 0 41 2 4 1 1 1 0 2 4 1 3 0 0 0 3 2 8 39 99785 33 5 6 1 2 0 5 0 3 0 0 1 0 0 0 0 6 3 0 2 0 0 4 1 3 0 3 0 2
161 GAG 3 3 2 0 0 1 1 1 0 0 4 0 2 0 0 2 8 0 1 3 0 0 0 0 0 0 0 1 0 0 0 2 2 0 99945 0 2 1 0 1 2 1 0 0 0 2 0 1 0 1 0 1 1 1 0 1 0 0 0 2 0 0 2 0
162 CAT 2 30 0 147 4 0 1 6 0 3 0 0 1 1 1 0 0 6 1 99709 1 0 0 0 1 0 6 0 4 0 0 0 1 4 0 0 1 0 3 0 28 2 2 20 0 1 1 0 0 0 0 1 0 0 3 0 0 1 0 3 1 1 3 0
163 CAA 8 2 3 0 43 27 27 2 4 0 17 0 41 161 128 76 98376 1 2 5 1 3 0 0 5 2 2 3 15 191 18 109 2 2 3 3 20 46 13 21 0 2 2 13 71 126 37 11 0 72 0 106 7 1 12 2 0 40 5 17 23 34 15 22
164 GGG 0 2 1 0 0 0 1 0 4 1 1 0 0 0 1 0 0 1 0 0 1 0 1 0 4 0 0 0 0 0 0 0 0 0 2 1 1 0 0 1 12 1 99920 6 9 2 2 5 0 1 0 2 4 0 0 1 0 2 0 8 0 2 0 0
165 CTG 0 3 1 7 4 6 0 3 2 1 0 0 4 3 9 8 0 3 3 0 15 5 6 2 4 2 0 0 1 2 99718 5 1 0 0 0 3 5 1 1 0 1 0 0 22 34 11 12 0 10 0 7 0 1 0 0 0 7 1 7 24 4 7 24
166 GCG 4 2 6 1 1 5 6 0 1 1 2 2 0 7 0 2 0 1 0 2 0 1 0 0 0 1 0 0 3 14 1 0 1 1 5 1 4 0 99880 7 1 0 0 1 0 3 0 2 0 1 0 2 4 2 0 0 0 2 0 2 12 0 6 0
167 CCC 0 1 4 0 6 2 1 4 1 0 3 3 32 7 7 28 4 0 4 0 14 99450 2 4 3 4 2 0 13 15 101 11 0 0 1 1 1 0 1 2 3 2 5 6 17 18 38 29 0 2 0 3 0 2 0 4 0 0 0 13 97 0 28 1
168 GCG 14 0 0 0 3 27 12 3 0 5 3 18 4 18 1 4 3 1 0 5 0 0 1 0 3 5 13 0 2 2 6 1 1 0 11 0 4 7 99718 11 2 2 1 0 3 4 1 3 0 1 0 1 9 18 1 20 0 0 14 1 2 3 0 8
169 GAA 0 3 2 1 0 1 1 3 0 1 4 2 0 0 1 0 0 0 4 2 1 2 1 0 0 0 1 0 0 5 0 0 99921 0 4 4 1 0 0 0 0 1 3 7 2 7 0 4 0 0 0 0 1 1 1 1 0 1 0 2 3 0 1 0
170 CTC 0 0 0 0 0 1 0 1 1 0 1 0 1 0 3 2 0 0 1 1 0 10 1 5 1 2 0 1 5 99910 15 3 1 0 0 4 0 0 0 0 1 3 0 2 0 3 0 0 0 0 0 0 0 0 1 1 0 10 0 0 0 0 4 5
171 TTT 0 0 1 0 0 1 0 0 0 4 12 1 1 0 2 0 1 0 0 1 2 0 1 4 2 9 0 0 23 3 7 5 0 0 0 0 4 1 1 1 2 1 4 1 0 2 9 0 0 0 0 0 3 0 3 0 0 0 0 0 5 0 4 99879
172 GCT 0 0 1 2 0 1 1 0 14 0 4 2 0 0 2 2 6 0 0 1 0 3 0 0 7 0 2 7 0 0 1 3 7 3 6 1 1 0 4 99880 0 0 0 0 10 1 8 12 0 0 0 0 0 2 0 1 0 0 0 0 0 1 3 1
173 AGG 2 2 0 0 0 2 1 2 11 3 99643 6 0 0 101 0 22 2 13 0 1 0 2 0 0 8 13 10 1 19 7 21 6 0 0 0 0 3 6 4 1 0 2 1 2 0 4 5 0 1 0 1 4 0 4 9 0 2 1 0 37 0 15 0
174 TTG 1 0 0 1 0 1 0 0 0 0 0 0 0 1 3 0 0 0 1 1 1 1 1 2 1 2 0 0 0 3 0 14 1 0 0 0 0 1 0 0 0 0 0 2 0 1 0 0 0 0 0 1 0 2 1 0 0 1 2 3 1 1 99949 0
175 AAA 99712 0 10 0 2 2 1 0 0 2 0 1 1 2 0 2 7 0 3 0 0 2 1 0 1 0 1 0 38 18 26 57 0 2 2 0 0 0 1 0 3 1 2 2 3 27 0 7 0 3 0 0 1 0 0 0 0 1 2 1 48 2 2 1
176 GCT 0 2 1 1 2 2 0 0 2 0 0 1 0 2 0 0 4 0 1 0 0 0 1 0 3 0 3 6 0 0 1 2 1 7 1 1 6 6 2 99896 3 0 2 1 0 2 0 1 0 1 0 1 1 9 5 12 0 0 0 1 0 1 6 0
177 CGG 5 37 0 94 206 994 98 425 1 97 13 548 157 142 120 70 31 5 10 70 6 1 1 1 11 5 92675 16 238 75 182 219 47 37 234 17 32 127 170 117 80 58 339 170 41 3 57 21 0 5 0 65 145 134 470 50 0 107 115 227 165 299 75 40
178 ATG 34 1 6 0 5 44 3 10 42 0 0 1 6 3 99128 3 1 12 18 12 10 21 18 28 10 11 29 62 34 30 8 5 4 0 3 0 0 2 5 0 0 0 2 3 6 1 14 11 0 77 0 55 0 3 0 2 0 5 55 28 23 89 0 17
179 CCC 0 1 2 0 1 4 2 0 12 4 10 0 5 9 0 10 5 0 9 1 3 99833 15 17 7 2 3 8 0 4 0 2 0 0 0 0 1 0 4 0 0 0 1 0 0 2 1 5 0 0 0 0 1 8 0 1 0 1 0 0 5 0 0 1
180 GAC 0 1 2 5 4 0 2 6 16 2 8 2 14 2 0 4 2 1 0 0 6 0 0 2 5 2 2 1 1 0 0 4 10 99789 0 14 6 3 8 4 4 4 2 1 2 0 2 4 0 1 0 3 0 1 2 2 0 0 7 1 0 16 5 15
181 GGT 0 0 0 0 0 2 1 0 4 3 3 19 0 3 0 1 2 0 0 1 1 0 0 0 2 4 5 7 2 3 0 0 1 0 0 1 1 10 0 1 0 3 1 99838 4 13 0 16 0 0 0 11 3 6 0 5 0 19 0 1 0 3 0 0
182 GAA 0 1 1 5 1 1 6 6 0 0 0 0 1 0 1 1 0 0 4 3 0 0 0 2 0 1 0 0 1 1 0 1 99918 2 6 1 4 0 1 5 0 3 11 2 0 2 0 1 0 0 0 0 0 1 4 0 0 0 0 1 1 0 0 0
183 GAT 1 0 0 0 0 1 1 3 1 1 4 1 2 0 2 1 1 0 0 2 0 0 0 0 0 2 7 0 1 0 0 0 0 0 0 99965 0 0 0 0 0 0 1 2 0 0 0 1 0 0 0 0 0 0 0 0 0 0 0 0 0 0 0 0
184 TTG 2 2 0 0 0 0 0 0 0 0 1 2 0 0 1 0 1 0 11 0 0 2 1 6 1 3 2 1 0 8 2 4 1 0 4 0 0 0 1 0 2 0 0 0 1 0 1 0 0 4 0 1 1 0 0 1 0 0 0 0 1 2 99930 0
185 GTG 1 0 1 0 0 1 0 0 2 3 1 2 0 2 1 3 0 0 0 0 0 1 0 0 0 5 0 0 0 1 1 0 0 0 0 0 1 3 6 0 0 0 0 0 6 5 99940 4 0 0 0 1 0 3 0 1 0 0 0 0 3 1 0 1
186 GTA 0 3 0 0 1 0 1 0 0 0 0 0 1 1 0 2 0 0 0 0 0 1 2 1 0 1 0 0 4 1 2 0 0 0 0 0 2 2 2 5 1 0 0 3 99939 2 6 11 0 0 0 0 0 0 1 0 0 2 0 0 2 0 1 0
187 ACT 1 0 0 0 0 11 1 99952 0 0 1 0 0 0 0 0 1 0 1 2 0 0 0 1 0 1 1 1 0 1 0 0 0 1 0 0 1 2 0 1 0 0 0 0 2 0 2 0 0 1 0 2 1 1 0 8 0 2 0 0 1 0 0 0
188 CAT 0 0 0 1 0 1 0 1 2 0 0 0 0 0 1 0 4 2 4 99918 2 1 2 2 1 1 5 5 3 8 3 1 0 1 0 1 0 3 0 0 0 0 0 0 0 1 0 0 0 2 0 10 2 1 1 0 0 7 0 1 1 0 0 1
189 GGG 0 2 0 1 0 1 0 0 1 12 1 4 4 0 0 0 0 0 1 0 0 2 0 1 1 1 1 0 3 1 0 0 1 0 0 0 2 0 1 2 4 1 99930 7 2 0 2 3 0 0 0 0 4 2 0 1 0 0 0 0 1 0 0 0
190 GAT 0 0 1 0 0 1 1 0 0 1 3 0 0 0 1 0 0 1 0 1 0 1 2 0 2 1 0 0 0 0 0 4 1 2 7 99958 0 1 0 0 0 0 0 3 0 0 1 1 0 0 0 0 0 1 0 0 0 1 2 2 0 0 0 0
191 GCC 0 0 0 1 1 0 0 0 2 3 0 2 0 0 0 0 1 87 0 5 0 1 2 1 2 3 0 1 18 10 0 3 1 0 1 0 0 99396 9 2 2 0 1 1 3 0 2 5 0 7 0 12 2 5 8 0 0 0 0 0 11 318 4 67
192 TGC 0 0 3 2 160 39 770 346 0 1 1 1 7 21 0 1 4 0 0 0 0 0 0 1 1 1 1 6 1 3 0 0 1 5 0 0 1 0 1 3 1 0 6 3 0 4 1 4 0 1 0 2 0 0 2 0 0 98583 0 2 1 0 1 8
193 CTC 0 0 0 0 0 0 0 0 1 1 2 0 0 0 11 1 7 0 0 0 0 1 4 7 1 5 4 0 2 99897 15 4 0 2 0 2 0 0 2 0 0 0 0 0 1 1 2 5 0 1 0 0 0 0 0 0 0 0 0 1 15 1 4 0
194 CCG 1 0 0 0 5 2 13 0 2 4 3 0 0 0 0 2 6 0 1 0 0 4 99914 7 3 2 0 2 0 4 1 0 1 0 0 3 1 1 1 1 1 0 0 1 0 1 1 0 0 2 0 0 0 1 1 2 0 0 0 0 1 1 4 0
195 AAC 5 99925 3 5 2 1 1 0 0 5 2 4 2 0 0 0 0 2 0 0 1 0 2 1 1 2 0 2 1 1 0 0 0 2 0 1 0 2 1 2 0 0 0 0 0 1 3 0 0 0 0 12 3 1 1 1 0 0 0 0 1 1 0 0
196 ATA 0 1 0 0 0 0 0 0 1 6 1 6 99871 7 1 23 2 1 0 0 1 0 1 1 6 14 10 0 0 2 0 1 0 0 0 1 0 2 0 0 0 0 1 0 2 2 3 2 0 0 0 0 15 0 10 4 0 0 0 0 2 0 0 0
197 ATG 0 0 5 0 5 4 2 0 3 0 0 0 0 5 99915 4 11 1 13 0 0 0 3 0 0 0 4 0 0 0 0 0 0 3 0 5 0 1 1 0 0 0 0 0 1 1 5 0 0 1 0 0 0 0 0 0 0 0 2 2 2 1 0 0
198 GTG 1 0 0 1 0 0 0 2 2 0 2 0 0 3 0 0 0 1 2 1 1 1 0 1 3 3 1 0 0 0 5 1 2 2 0 0 4 0 3 2 0 1 4 1 14 1 99917 8 0 1 0 2 1 0 0 1 0 0 0 2 1 0 2 0
199 GAA 2 1 0 4 0 1 0 0 1 4 0 0 1 1 2 1 1 2 0 1 2 1 0 0 1 0 2 6 2 0 1 0 99894 2 1 2 2 0 0 9 0 6 1 2 1 0 0 8 0 3 0 0 1 8 0 4 0 3 0 12 0 2 0 2
200 AAC 1 99923 0 15 1 9 2 0 1 1 2 3 1 0 0 0 1 4 0 2 0 0 0 0 0 0 0 1 1 0 8 0 1 0 0 1 0 0 0 0 0 0 0 0 3 1 0 2 0 1 0 4 0 1 4 0 0 0 0 0 2 1 2 1
201 GGC 0 0 1 0 1 0 1 4 1 1 4 1 0 0 0 1 1 1 0 0 0 1 3 0 1 1 0 1 0 0 0 0 0 1 0 2 2 0 1 3 22 99888 4 23 1 1 1 0 0 0 0 0 3 0 8 2 0 10 1 0 0 3 0 0
202 CGT 10 1 6 0 1 1 0 0 5 0 24 2 0 2 0 2 0 0 0 0 5 1 0 1 4 2 12 99858 0 0 8 2 0 1 2 0 0 0 0 0 0 2 0 0 0 0 1 1 0 1 0 0 2 1 8 2 0 6 0 1 7 0 18 0
203 TTT 0 1 0 1 0 1 0 0 1 0 0 0 0 1 0 0 1 0 0 0 1 0 0 0 3 0 1 0 0 2 0 6 0 0 2 0 0 2 0 0 1 0 1 0 0 1 1 1 0 0 0 0 0 1 0 0 0 1 3 11 5 10 3 99938
204 AGC 0 1 2 5 4 1 3 2 3 99875 0 10 0 8 0 13 0 1 0 0 2 0 1 0 1 4 5 1 0 0 0 0 1 0 1 1 0 0 0 0 5 1 7 0 2 0 2 1 0 0 0 0 2 13 9 7 0 3 2 0 0 1 0 0
205 GGA 0 0 0 0 0 1 0 0 0 0 2 0 2 0 0 0 2 0 1 1 0 0 0 0 1 0 0 2 0 1 1 0 1 0 0 0 0 0 0 1 99948 16 5 2 0 7 2 0 0 0 0 0 1 0 1 0 0 0 0 1 0 0 0 1
206 TTC 0 0 0 0 0 0 1 0 0 4 1 1 0 0 0 0 1 0 0 1 0 0 2 0 0 1 2 0 2 2 0 0 0 0 0 0 0 2 0 0 1 0 0 0 3 0 2 0 0 0 0 2 2 0 3 4 0 0 0 4 0 99955 1 3
207 ATT 0 0 1 0 1 1 1 0 0 0 0 0 5 4 0 99957 0 2 2 2 0 0 0 0 0 3 1 0 1 1 1 0 0 1 0 1 1 0 1 0 0 0 0 0 0 0 2 1 0 0 0 0 1 0 0 1 0 3 0 2 0 2 0 1
208 GAT 1 3 0 1 0 2 7 4 0 0 0 2 0 3 1 0 1 1 0 1 1 1 0 0 1 0 2 0 0 1 0 1 3 3 3 99921 7 6 3 2 2 0 3 5 0 0 0 3 0 0 0 1 0 2 0 0 0 0 0 0 0 0 1 1
209 TGC 0 0 1 0 0 6 11 13 2 3 6 4 0 2 0 1 0 0 1 1 0 1 3 1 1 2 0 1 2 4 0 2 2 0 3 1 0 4 1 4 1 2 0 8 1 0 0 0 0 0 0 4 1 0 2 0 0 99884 0 2 1 1 4 6
210 GGA 0 0 0 0 0 0 2 0 1 0 0 4 0 4 0 0 1 0 2 2 0 1 0 0 0 0 2 2 1 0 0 2 0 2 0 0 0 2 1 1 99913 12 4 11 3 4 5 10 0 1 0 0 1 0 0 2 0 0 0 0 2 0 0 2
211 CGG 3 0 0 0 0 0 1 0 2 1 6 0 0 0 0 1 0 0 0 1 3 0 0 0 0 6 99918 8 8 4 6 5 0 0 0 0 1 0 1 0 1 0 2 1 0 1 1 2 0 0 0 1 2 0 1 4 0 2 0 3 0 0 4 0
212 TTG 0 1 0 2 2 4 0 1 2 1 2 0 0 0 1 3 0 0 2 0 2 1 1 0 6 0 0 5 13 5 2 2 0 1 0 1 1 0 1 0 0 1 0 1 1 1 0 3 0 0 0 0 2 4 0 0 0 0 0 0 3 0 99922 0
213 GGT 0 0 1 0 0 1 0 1 0 0 12 0 0 0 0 0 0 0 1 0 2 0 2 1 2 2 0 8 0 0 0 3 1 1 0 1 0 3 4 3 7 3 2 99919 2 1 0 2 0 0 0 1 0 0 1 2 0 2 1 7 0 1 0 0
214 GTC 0 0 0 0 0 1 0 1 0 0 0 1 0 4 3 0 0 0 0 0 0 1 1 0 0 1 1 0 0 0 4 5 0 0 1 1 0 0 3 5 5 0 8 4 4 99930 8 2 0 0 0 0 2 2 0 1 0 0 0 0 0 1 0 0
215 GCT 0 1 0 2 0 0 4 3 0 0 1 0 3 0 0 2 0 1 0 0 3 1 4 1 2 0 0 1 0 0 0 1 1 0 0 1 11 4 0 99933 0 2 1 0 1 3 0 2 0 0 0 1 6 0 1 0 0 1 0 1 1 0 0 0
216 GAT 2 2 1 0 3 0 0 10 0 2 0 2 0 1 0 0 0 1 0 0 0 0 1 0 0 0 0 0 0 1 2 2 0 4 1 99920 0 0 0 2 4 3 1 1 1 0 0 4 0 8 0 8 2 1 1 0 0 1 0 3 0 0 5 0
217 CGA 1 0 1 0 2 0 0 1 1 2 3 8 0 0 0 3 0 0 0 2 0 0 0 0 99930 4 4 3 2 2 0 3 0 0 0 0 1 1 0 0 1 3 2 1 2 2 0 0 0 0 0 0 1 0 0 5 0 1 0 1 3 2 0 2
218 TAT 1 0 0 0 0 0 3 0 0 1 3 6 0 1 1 1 3 0 0 3 4 0 2 0 1 0 1 0 1 0 2 0 2 4 2 1 0 1 0 0 0 0 3 1 0 1 1 0 0 13 0 99928 0 1 2 3 0 0 0 0 1 0 0 2
219 CAA 4 0 0 0 4 3 0 1 2 2 0 1 3 2 0 1 99899 16 32 0 0 9 0 0 4 1 1 1 3 1 1 0 1 0 1 0 0 0 1 0 0 0 0 0 0 0 1 0 0 0 0 2 0 0 1 0 0 0 0 0 0 0 2 0
220 GAT 0 0 2 1 0 0 2 0 0 0 0 3 0 2 1 1 0 1 0 0 2 1 0 0 1 1 3 1 0 0 1 5 0 8 0 99934 1 2 0 2 3 4 0 3 0 1 0 1 0 1 0 1 0 0 0 0 0 4 1 0 1 4 0 1
221 ATA 0 2 0 2 0 4 2 6 0 2 0 6 99318 5 0 6 0 0 0 0 2 1 1 0 1 0 0 0 155 222 30 130 4 0 1 0 0 1 1 0 0 1 2 5 0 2 3 0 0 0 0 0 1 3 17 0 0 1 0 1 46 0 15 1
222 GCA 1 1 0 0 1 0 1 2 2 0 1 1 0 2 0 0 0 2 0 0 0 1 0 0 0 0 4 4 0 0 0 0 1 2 0 4 99932 1 8 4 4 1 1 2 3 0 0 6 0 0 0 0 0 2 0 0 0 1 0 3 2 0 0 0
223 TTG 0 0 0 0 2 0 0 0 2 0 2 0 0 1 0 3 0 0 0 0 0 0 1 0 0 2 1 1 18 1 4 10 0 0 1 0 1 1 0 0 0 1 0 0 0 3 0 0 0 0 0 0 1 0 0 0 0 0 0 1 11 1 99931 0
224 GCA 2 0 0 1 1 1 1 0 0 5 0 4 0 0 2 1 0 1 0 0 0 1 1 1 0 0 0 0 0 0 2 0 15 1 2 1 99909 6 4 2 2 1 4 3 2 3 1 0 0 0 0 0 2 1 5 3 0 3 1 1 0 1 1 2
225 ACT 1 6 0 0 2 1 1 99917 0 1 0 2 7 1 2 1 0 2 0 0 1 0 0 0 0 0 2 0 1 0 0 1 1 3 0 3 2 1 1 2 1 0 1 0 8 1 11 5 0 0 0 1 1 0 0 1 0 2 2 2 1 0 0 1
226 CGC 1 0 2 1 0 0 2 2 23 2 8 0 0 0 0 0 0 0 3 3 1 0 1 1 17 99867 1 3 5 0 2 6 1 0 2 0 0 0 0 0 5 0 3 0 1 1 0 0 0 0 0 0 6 8 6 5 0 2 0 1 3 0 5 0
227 GAT 0 0 0 1 1 3 0 0 3 2 1 17 0 0 0 0 4 3 3 9 0 4 0 0 1 3 1 1 0 0 1 1 6 6 1 99870 3 0 2 0 0 0 0 0 2 6 2 7 0 0 0 0 0 7 0 14 0 7 0 4 0 0 0 4
228 ATC 2 4 0 3 8 2 0 4 1 15 1 4 0 99904 0 10 0 1 0 0 0 1 0 0 1 1 0 0 0 2 2 0 2 1 1 0 0 1 0 2 3 0 0 0 1 0 8 1 0 1 0 0 4 2 0 0 0 0 2 1 1 1 2 0
229 GCC 0 0 0 0 1 1 0 2 0 0 1 5 1 1 0 1 0 0 2 1 4 1 2 0 0 0 1 2 1 0 0 0 7 1 4 1 4 99920 5 7 0 4 0 1 1 2 6 0 0 1 0 0 2 0 1 0 0 2 1 0 1 1 0 1
230 GAA 2 1 0 0 5 25 2 18 0 74 0 7 0 0 0 0 1 26 1 14 2 1 5 1 0 0 0 3 0 0 2 0 99552 0 9 1 5 2 2 3 2 7 9 0 0 0 0 0 0 1 0 1 9 6 168 22 0 1 4 4 0 0 2 0
231 GAG 8 0 9 2 2 0 1 1 16 1 19 0 2 1 0 2 0 47 3 69 0 0 2 0 26 23 9 4 0 0 1 3 1 0 99116 1 6 0 7 2 1 0 0 0 1 3 5 0 0 169 0 407 5 0 2 0 0 1 7 0 0 9 2 4
232 CTT 0 0 0 0 0 2 1 0 1 2 2 0 0 0 1 0 0 0 3 1 3 7 0 6 1 1 0 4 2 11 5 99916 0 0 0 1 1 1 0 1 0 0 0 1 3 2 0 1 0 0 0 1 2 0 0 6 0 0 1 0 1 5 3 1
233 GGT 1 0 0 0 0 0 0 1 1 0 0 0 1 1 1 0 0 1 1 0 0 0 0 0 0 3 0 0 1 1 1 0 0 0 0 0 0 2 0 0 2 13 4 99938 3 2 5 1 0 5 0 0 2 1 2 0 0 2 0 4 0 0 0 0
234 GGT 60 22 30 10 0 54 4 7 0 2 10 2 6 4 15 8 15 8 23 8 44 120 46 19 0 0 6 10 0 2 2 5 0 7 58 8 75 48 123 44 4 22 0 98916 11 5 3 34 0 10 0 1 1 12 10 27 0 3 10 8 0 2 16 0
235 GAA 1 0 4 1 0 1 1 1 1 1 3 1 0 0 2 0 1 0 1 1 1 0 2 0 0 0 1 0 0 0 2 3 99947 0 5 1 1 1 0 5 1 0 0 1 1 0 0 0 0 1 0 2 0 0 1 0 0 0 1 0 1 0 0 2
236 TGG 2 1 1 3 0 1 0 0 2 1 6 0 0 0 1 0 2 3 0 0 2 1 2 0 0 4 5 0 5 0 5 7 0 1 0 4 0 0 1 0 6 4 2 0 0 2 3 0 0 2 0 0 0 2 1 3 0 2 99907 1 4 1 0 0
237 GCA 0 0 0 2 2 0 1 0 1 1 0 9 1 0 1 0 3 1 0 0 0 2 0 0 1 3 0 5 0 0 6 0 0 0 0 0 99912 16 4 6 0 0 0 0 2 0 1 2 0 2 0 1 3 6 0 1 0 2 0 1 0 1 1 0
238 GAC 10 23 49 5 3 3 0 2 34 10 22 29 22 60 4 6 11 48 18 1 1 1 5 10 28 10 35 32 6 10 7 2 42 99308 15 3 1 9 0 5 2 0 1 1 7 7 4 5 0 14 0 0 9 5 8 8 0 0 2 3 5 2 4 23
239 AGA 1 0 0 0 4 1 0 1 99892 0 1 1 1 1 0 0 2 0 0 0 5 3 0 1 17 0 21 1 4 1 1 3 0 0 2 0 0 0 0 2 1 2 0 0 1 0 0 0 0 0 0 1 2 6 2 4 0 4 0 3 2 0 6 0
240 TTT 0 1 6 1 3 1 0 5 1 0 1 1 0 0 1 1 0 0 2 0 3 0 1 0 0 0 0 0 0 0 0 0 0 0 1 2 1 0 0 0 3 0 0 1 9 1 1 2 0 1 0 0 0 0 2 1 0 0 0 3 0 10 0 99934
241 TTA 1 0 0 1 0 0 0 0 1 2 6 1 0 0 0 0 0 1 2 0 1 5 2 2 7 0 7 2 0 4 4 10 0 1 0 0 1 1 0 0 0 0 0 0 1 0 0 0 0 0 0 0 3 0 1 0 0 0 0 3 99923 0 7 0
242 GTT 4 3 45 6 28 5 14 34 18 3 3 2 0 2 20 0 1 43 5 14 0 2 0 7 63 27 10 11 0 4 1 1 13 0 37 0 11 0 41 7 1 0 3 0 3 26 1 99350 0 1 0 9 2 29 23 16 0 1 18 1 7 11 8 5
243 CTG 0 0 1 2 1 0 1 0 0 0 0 0 2 0 2 0 3 0 9 0 2 2 0 0 4 0 2 2 3 16 99857 12 13 1 6 2 3 3 3 6 0 0 0 1 5 5 1 0 0 0 0 0 1 1 3 2 0 1 1 5 4 1 10 1
244 TAT 1 0 1 1 0 3 0 0 0 0 0 0 0 0 3 2 1 0 0 1 1 0 0 0 4 0 1 0 0 10 2 0 1 0 1 0 0 2 2 0 0 0 0 0 1 0 1 1 0 0 0 99941 2 1 0 1 0 1 4 2 0 4 2 2
245 GGT 0 0 0 0 1 0 1 1 6 0 1 0 2 0 0 1 0 0 1 0 0 0 1 0 0 1 3 2 1 1 1 1 0 0 1 2 0 2 2 6 29 3 5 99902 6 4 1 2 0 0 0 0 0 0 0 2 0 3 1 3 0 0 1 0
246 ATC 0 1 0 0 1 0 0 0 8 0 2 8 8 99886 0 4 0 1 1 4 0 0 2 0 3 0 2 2 0 0 2 0 1 1 0 0 1 0 0 0 0 0 0 2 8 3 0 0 0 0 0 5 15 4 5 2 0 4 1 5 1 6 0 1
247 GCG 2 3 6 13 1 1 6 1 3 6 7 33 0 0 0 2 1 1 2 4 5 0 0 3 3 1 0 2 0 0 2 3 2 5 1 0 0 1 99795 4 1 0 4 1 1 2 2 0 0 0 0 4 19 4 0 16 0 10 0 4 10 0 1 2
248 GCA 4 0 4 1 12 0 1 13 2 4 0 5 0 0 4 3 10 0 4 1 0 1 4 0 0 3 1 0 36 15 4 8 3 2 4 7 99757 6 8 2 1 1 0 2 1 3 2 2 0 5 0 0 2 5 0 3 0 2 1 0 21 2 18 0
249 CCA 1 0 0 0 1 0 9 1 10 1 0 0 0 0 0 1 8 1 2 1 99885 5 0 4 3 0 10 5 3 2 2 0 0 1 0 1 1 4 9 3 0 1 3 0 2 1 0 1 0 0 0 0 3 1 2 1 0 1 0 4 6 0 0 0
250 GAC 0 0 1 1 2 1 5 1 0 1 0 0 1 0 0 0 5 1 17 1 0 0 0 0 1 0 0 1 1 4 0 1 0 99921 0 1 3 3 1 1 0 2 1 0 2 0 4 2 0 1 0 3 2 2 0 1 0 0 0 2 0 1 1 1
251 TCT 2 2 5 1 9 1 10 30 2 5 5 5 3 0 11 13 46 6 9 0 0 1 1 0 9 29 25 12 6 2 25 18 1 5 3 2 0 1 2 2 2 1 4 0 0 0 0 0 0 32 0 3 5 7 2 99450 0 4 139 0 12 12 2 16
252 CAG 0 3 0 0 4 0 0 0 0 0 3 1 0 1 1 0 1 4 99876 9 2 1 0 1 1 5 2 0 0 0 0 1 2 37 0 14 0 0 0 1 0 1 0 1 0 3 0 0 0 0 0 1 1 0 6 1 0 1 0 0 1 9 3 2
253 CGT 1 0 1 0 0 1 0 0 2 5 0 4 0 0 1 2 1 0 0 2 1 1 0 0 9 0 0 99928 0 4 0 0 0 0 0 0 0 0 2 0 0 4 12 1 0 0 3 2 0 0 0 1 0 0 0 6 0 0 1 0 1 1 2 1
254 ATC 2 0 1 0 0 0 0 0 0 6 1 1 3 99942 0 1 1 0 4 0 0 1 0 0 0 0 2 0 0 0 1 4 0 0 2 0 1 0 0 0 0 0 0 0 0 0 0 1 0 0 0 0 0 2 2 2 0 0 0 1 5 3 10 1
255 GCC 0 1 0 0 0 8 0 5 0 4 0 6 0 0 0 0 0 0 0 0 0 0 0 0 1 0 1 4 0 0 0 0 4 4 0 4 0 99899 3 17 7 7 0 1 0 0 2 0 0 0 0 8 0 2 0 6 0 1 1 0 1 1 1 1
256 TTT 2 0 0 3 2 1 1 0 0 4 3 2 0 1 4 0 4 3 1 1 2 0 2 1 3 1 6 2 9 2 3 7 1 1 3 0 0 0 1 0 1 0 0 1 0 0 0 0 0 21 0 31 2 4 3 0 0 4 121 0 0 2 1 99733
257 TAT 0 0 0 0 0 0 0 0 0 0 0 0 1 1 2 0 0 7 3 2 1 0 0 2 0 0 0 0 0 0 0 1 0 1 1 0 0 0 1 0 0 0 0 0 1 1 0 1 0 1 0 99969 0 1 0 0 0 0 0 0 0 1 0 2
258 AGA 0 1 6 0 0 0 0 0 99908 1 7 0 0 1 1 0 1 3 6 1 0 0 1 1 10 1 1 6 2 9 0 1 2 0 0 1 1 0 0 4 1 0 5 0 0 1 0 0 0 0 0 0 5 5 0 0 0 2 1 1 3 0 0 0
259 TTA 0 0 0 1 2 0 0 1 0 1 0 0 0 0 7 0 1 1 2 0 0 2 1 0 0 0 1 3 4 0 3 5 0 0 0 1 0 2 0 0 0 0 0 0 0 2 1 3 0 0 0 0 0 1 0 0 0 1 0 1 99943 0 10 0
260 CTA 0 0 0 0 0 0 0 0 0 0 0 1 0 1 2 0 2 0 2 1 0 2 0 0 0 3 0 1 99937 21 1 1 0 1 2 0 0 0 1 1 0 1 0 0 0 1 1 2 0 0 0 1 0 0 2 0 0 0 1 1 0 0 9 1
261 GAC 0 0 2 1 0 1 0 1 1 1 1 0 1 1 1 0 6 0 0 1 1 2 0 1 2 0 0 0 0 0 0 0 0 99957 2 0 1 1 0 0 1 1 0 0 0 0 5 0 0 3 0 0 0 1 2 1 0 0 0 0 0 0 0 1
262 GAG 4 3 5 2 0 0 0 0 1 0 0 3 1 0 0 0 4 0 0 0 1 0 1 0 0 2 1 0 0 1 2 0 3 1 99943 0 0 0 0 1 1 0 6 1 0 1 4 0 0 1 0 0 3 0 0 0 0 1 0 1 0 0 2 0
263 TTC 0 0 0 1 0 0 0 1 0 2 0 1 0 3 1 0 1 0 3 0 1 2 0 1 0 2 0 0 0 0 4 0 0 0 0 0 1 0 0 1 0 2 0 0 2 1 0 1 0 0 0 0 0 1 1 1 0 0 1 3 3 99949 0 10
264 TTC 0 1 0 1 1 0 0 0 0 1 0 3 0 1 0 0 5 0 0 2 2 0 1 0 0 0 0 1 2 0 2 1 0 1 0 1 0 0 1 0 0 1 3 0 0 0 5 3 0 2 0 6 3 1 1 0 0 5 0 5 2 99935 1 0
