# POSITION WT AAA AAC AAG AAT ACA ACC ACG ACT AGA AGC AGG AGT ATA ATC ATG ATT CAA CAC CAG CAT CCA CCC CCG CCT CGA CGC CGG CGT CTA CTC CTG CTT GAA GAC GAG GAT GCA GCC GCG GCT GGA GGC GGG GGT GTA GTC GTG GTT TAA TAC TAG TAT TCA TCC TCG TCT TGA TGC TGG TGT TTA TTC TTG TTT
1 ATG 92 10 14 2 107 11 74 0 75 7 8 13 2 57 498274 12 14 33 8 4 7 32 16 9 20 10 22 33 37 11 11 39 30 49 34 11 64 73 110 3 22 34 25 1 26 48 18 14 30 21 24 58 11 10 15 18 5 66 4 30 43 4 4 31
2 ATT 9 17 10 50 36 25 12 52 4 35 7 8 5 37 21 497947 37 43 107 1 28 120 9 53 3 51 3 51 10 26 6 15 9 82 43 53 10 107 15 16 61 2 89 24 21 67 40 82 17 40 13 11 9 28 30 42 31 44 103 32 1 10 18 12
3 GAG 13 2 39 4 40 8 4 58 2 50 59 5 19 8 0 29 64 32 59 9 1 25 6 1 13 14 29 21 120 15 1 18 30 22 498399 26 32 48 5 3 26 17 18 38 13 9 15 41 23 4 29 8 77 1 13 49 37 20 54 8 85 36 22 24
4 CAA 21 8 48 49 19 9 26 151 9 31 0 36 8 21 4 16 498381 5 12 64 6 23 7 9 7 92 13 68 4 101 30 23 2 2 17 18 34 17 15 0 0 31 38 52 19 6 7 4 63 49 34 53 45 21 4 9 39 55 34 13 0 6 3 9
5 GAC 40 55 120 110 11 26 10 2 0 27 167 12 81 6 23 47 39 16 40 3 39 34 89 38 45 15 1 22 18 25 1 14 18 497967 43 98 10 12 19 2 23 37 113 19 46 41 73 40 20 4 29 8 0 3 21 11 28 15 48 18 23 10 7 18
6 GGC 10 101 46 4 0 15 0 18 15 35 19 0 13 28 27 9 11 12 16 72 36 24 6 9 59 54 9 13 3 25 42 7 130 14 15 2 12 1 4 37 28 498500 52 17 22 22 51 75 15 23 18 6 54 35 0 5 8 15 15 1 16 16 36 17
7 CTT 18 14 34 30 7 1 35 9 30 1 27 76 29 9 26 31 9 103 13 4 16 14 20 23 40 8 77 1 1 13 73 498442 24 17 36 20 26 19 45 5 19 8 12 26 48 22 55 1 17 26 1 8 10 22 22 66 45 4 11 21 26 37 21 46
8 CAT 4 58 65 79 41 22 32 6 12 19 46 10 3 113 75 29 4 68 5 498209 30 57 27 42 28 13 39 4 37 27 34 2 39 6 37 87 0 4 33 12 18 56 22 40 4 19 1 32 26 5 3 2 9 7 43 18 1 2 41 56 6 9 86 36
9 GCA 20 69 6 64 51 26 45 2 0 7 11 8 22 125 11 37 9 41 42 31 107 19 18 26 4 28 6 8 3 21 8 3 19 47 47 2 498498 10 28 8 14 20 42 48 40 32 5 0 28 13 21 55 12 7 22 9 34 1 1 0 16 28 1 14
10 GGA 43 30 38 36 65 0 8 79 15 18 2 29 10 24 56 10 25 3 6 31 59 12 28 13 14 10 11 13 81 12 27 49 12 17 0 20 26 121 6 11 498091 9 41 7 20 6 62 72 0 4 25 12 12 61 189 39 1 94 43 22 47 23 5 45
11 TCT 10 60 38 31 14 21 15 24 3 4 6 68 6 28 184 40 2 75 61 23 20 14 40 50 24 21 31 16 75 13 94 23 12 38 20 21 7 11 23 22 37 57 11 14 21 77 0 17 15 42 14 16 15 12 37 498055 93 11 60 12 56 18 16 6
12 CCC 59 79 32 64 46 24 11 69 34 4 11 29 129 3 19 10 8 35 7 39 47 497897 5 4 22 55 6 7 27 37 32 17 18 107 66 51 49 60 12 17 9 23 44 11 10 55 73 29 36 17 18 31 28 20 34 27 70 47 76 41 9 29 10 5
13 GCT 20 14 28 25 22 45 39 33 19 65 25 45 13 16 40 40 106 58 10 12 23 72 41 20 61 70 1 8 0 2 5 5 2 92 61 54 62 2 17 498094 56 6 24 20 33 21 9 78 65 34 10 2 12 37 16 11 93 58 29 6 1 4 3 5
14 GCA 88 20 30 32 23 39 35 38 16 6 20 36 6 21 43 55 69 7 14 20 18 48 17 23 38 34 34 48 117 38 21 25 10 17 37 127 497851 81 24 26 16 68 13 19 6 13 27 9 75 13 53 36 30 12 26 34 66 23 17 26 85 44 14 23
15 TGG 14 16 46 31 11 38 95 8 56 42 17 18 40 57 6 16 7 45 54 5 29 19 14 8 24 23 66 120 23 39 23 2 56 3 12 1 4 19 13 51 9 6 8 41 12 32 105 5 8 9 1 2 110 10 44 14 46 7 498191 37 2 25 77 28
16 GTG 35 34 4 22 10 35 28 30 56 2 7 27 72 66 28 20 53 105 72 17 48 18 38 6 73 2 3 67 8 36 22 43 2 11 69 45 18 60 15 18 6 36 78 3 28 19 498025 17 2 41 13 33 11 24 29 15 3 10 9 52 7 149 60 5
17 GAA 7 22 31 6 15 118 31 1 5 28 28 1 8 89 29 13 84 55 101 13 6 10 28 8 35 71 13 10 10 20 30 28 498100 4 26 11 10 64 72 50 39 41 22 10 12 59 10 44 79 7 19 38 131 18 5 2 12 4 39 23 20 11 29 35
18 CGT 9 31 48 4 3 45 3 2 9 55 30 28 10 24 12 4 62 2 98 16 11 114 5 23 61 8 67 498101 14 23 34 55 32 25 5 38 23 30 4 63 45 30 67 40 16 41 21 67 10 38 15 0 10 16 16 11 14 109 48 53 17 67 1 17
19 TTG 41 0 53 17 21 26 22 20 23 1 40 5 25 1 57 13 85 19 30 21 33 37 0 3 21 8 29 12 56 45 28 48 27 5 66 15 2 106 43 37 61 8 46 32 2 13 11 10 21 15 26 29 9 22 30 28 34 3 0 2 43 22 498361 31
20 TTC 2 8 4 6 32 7 16 107 51 9 70 6 57 51 63 12 17 48 17 34 0 8 44 2 12 61 0 69 42 2 143 40 8 27 47 20 4 32 50 39 20 17 19 40 39 67 21 3 57 21 1 9 5 22 21 29 42 17 8 17 32 498175 25 26
21 GGA 32 45 8 73 24 4 45 34 61 27 26 45 1 49 24 19 34 23 9 8 17 55 2 16 14 21 24 7 14 29 27 2 4 31 25 19 21 10 13 13 498257 7 66 15 9 29 86 11 36 60 44 11 8 20 78 50 6 32 60 4 90 29 9 28
22 TAT 57 15 18 93 8 34 3 22 19 16 6 9 30 54 5 32 66 17 37 34 84 31 33 15 43 22 12 46 8 48 3 18 45 62 88 75 24 29 66 81 16 15 8 79 11 15 20 6 1 5 8 498103 9 42 10 12 47 8 25 1 37 22 61 31
23 GAT 35 12 4 94 9 33 13 55 35 44 22 79 8 27 107 18 18 21 60 61 13 13 14 24 40 62 28 2 53 5 18 14 24 4 4 498202 16 13 12 15 26 76 11 47 22 18 23 25 0 41 8 4 52 17 75 29 55 26 31 0 10 13 58 2
24 TGG 8 38 8 31 61 19 65 62 23 22 17 38 30 31 18 1 19 35 5 42 4 59 8 5 160 11 76 89 19 27 34 55 60 2 4 56 24 5 33 56 52 26 17 25 25 96 8 16 13 5 43 45 27 28 23 0 0 6 497869 110 66 10 74 56
25 GCA 4 26 40 24 21 39 3 23 31 77 5 7 11 0 8 34 35 1 30 1 3 20 17 9 87 18 12 8 19 36 3 35 2 46 47 16 498696 6 11 6 15 22 15 41 31 10 64 25 62 23 12 1 35 5 7 4 45 13 3 27 9 9 3 2
26 CAA 3 59 22 34 31 38 53 6 13 15 47 19 9 73 15 29 497915 35 43 32 3 35 92 34 197 94 0 55 39 13 4 48 56 45 8 13 25 8 17 27 21 48 25 0 39 99 5 12 8 21 18 19 44 0 65 90 8 24 16 4 46 43 6 35
27 CAA 14 1 34 16 40 6 6 0 15 27 33 0 0 14 17 97 498214 15 6 2 31 34 16 40 43 3 11 10 86 15 28 56 25 58 0 90 43 40 97 113 33 42 12 1 17 18 23 1 22 3 86 37 3 28 24 7 13 17 34 54 58 12 20 39
28 ACA 25 56 1 28 498146 68 33 2 3 21 17 34 38 35 10 30 8 72 26 0 9 21 6 17 26 5 26 8 5 75 7 32 61 16 36 26 24 70 41 54 26 45 1 3 5 13 10 18 26 162 3 6 38 45 98 61 39 5 4 37 16 58 34 29
29 ATC 9 43 30 39 86 10 18 1 29 2 14 16 21 498205 64 33 35 5 19 0 14 146 51 21 6 18 23 31 10 23 46 13 13 9 73 4 29 4 12 9 20 43 13 33 70 13 3 20 12 64 47 116 12 2 0 111 9 29 30 12 37 17 18 35
30 GGC 49 10 56 4 81 25 35 36 86 30 32 90 8 33 12 70 10 69 23 111 94 60 7 4 138 43 2 18 69 36 10 60 20 1 57 74 16 24 13 11 23 497660 23 23 27 69 40 30 81 9 11 39 27 27 41 13 76 5 20 22 29 11 7 60
31 TGC 38 46 3 34 13 31 26 40 19 43 84 11 38 65 14 40 19 31 29 75 34 0 3 8 44 33 3 35 27 20 50 24 131 6 14 10 33 25 2 82 51 9 55 37 55 36 23 38 13 26 5 16 9 3 6 7 34 498136 45 3 26 42 12 30
32 AGT 67 111 3 23 53 68 15 77 53 18 23 497889 46 6 29 126 25 14 80 2 4 192 18 36 17 47 30 1 14 64 44 63 52 9 22 10 14 12 72 10 8 49 12 2 10 29 7 10 1 39 0 41 21 76 1 37 20 12 38 21 26 9 35 37
33 GAC 22 92 137 43 47 71 84 34 65 32 107 94 170 78 7 47 14 1 10 43 16 59 18 31 64 50 19 14 37 47 72 7 18 497490 65 19 16 27 53 4 38 26 9 1 5 27 16 33 0 19 1 36 52 41 44 57 0 36 15 63 62 27 24 44
34 GCC 17 40 26 1 10 17 38 11 14 24 13 26 45 35 42 83 48 69 10 61 33 33 9 16 81 1 1 24 28 37 23 35 58 9 8 59 0 498313 28 10 22 44 22 21 17 6 5 2 26 0 28 38 1 46 80 0 6 44 22 13 4 28 51 38
35 GCC 5 86 6 24 48 17 23 17 1 46 13 14 9 11 73 64 0 131 0 8 104 18 3 7 11 29 4 27 20 43 40 32 51 15 11 14 36 498013 35 87 82 9 20 6 60 26 61 60 49 0 91 12 78 3 87 4 59 4 27 4 1 40 6 15
36 GTA 133 37 7 16 42 36 18 34 61 69 112 25 39 10 55 73 22 18 11 99 90 0 10 8 7 10 2 89 19 82 31 1 4 13 1 3 29 16 26 36 2 2 75 13 498134 36 8 7 52 0 7 5 29 9 11 12 14 9 77 35 22 5 28 14
37 TTT 123 9 16 154 32 5 6 29 17 21 38 25 45 1 32 30 22 17 2 18 11 4 92 41 98 32 41 19 7 27 21 2 19 19 51 17 34 34 14 5 44 5 17 15 8 7 17 79 3 37 24 13 55 28 63 14 12 22 65 18 8 14 41 498161
38 CGC 31 69 40 5 26 91 13 7 6 48 38 0 42 12 23 0 27 41 18 36 15 42 13 12 66 497968 18 4 37 13 78 76 43 2 49 32 6 1 28 35 40 39 33 42 8 8 88 35 34 18 15 13 11 52 7 54 1 60 187 10 15 6 14 99
39 CTT 109 1 42 5 12 6 3 24 2 15 48 2 52 43 10 79 34 81 5 0 24 15 4 20 2 4 121 28 18 7 11 498392 1 35 6 28 9 17 10 22 26 37 35 4 41 9 7 6 24 59 14 24 10 9 36 39 16 57 33 4 16 92 26 29
40 AGT 17 33 21 55 0 7 6 21 2 45 10 498379 40 30 27 7 4 13 42 57 13 29 47 10 19 20 11 66 85 11 16 17 46 0 11 43 23 33 8 47 5 72 33 45 14 26 7 83 7 32 0 16 24 22 8 22 1 10 89 39 11 22 8 33
41 GCT 3 45 5 6 39 3 4 9 2 5 14 27 99 23 11 19 27 26 86 59 31 15 58 10 1 5 31 34 70 51 1 31 107 9 15 2 128 19 28 498232 25 2 5 29 17 132 6 46 56 15 8 28 18 42 33 11 1 42 14 5 4 22 18 31
42 CAG 1 11 6 37 29 22 107 2 11 57 13 6 10 9 27 13 32 2 498126 25 43 80 49 8 36 21 83 15 28 1 42 96 3 7 39 52 12 22 20 0 38 15 0 71 37 19 50 8 60 6 22 8 16 68 14 39 36 15 11 12 50 100 86 16
43 GGA 6 115 9 11 6 20 49 25 57 69 25 13 0 17 9 48 8 78 4 70 18 31 33 9 74 14 49 12 4 28 15 21 25 11 11 1 9 5 20 61 498265 7 13 30 72 14 22 41 37 16 4 6 10 30 6 31 39 3 73 7 18 38 85 43
44 AGG 65 6 5 24 16 32 0 65 12 13 498081 14 15 14 14 25 25 11 3 4 68 56 28 36 3 51 79 16 36 2 33 24 4 20 25 120 62 103 15 15 40 33 78 26 9 25 7 18 60 2 73 63 1 49 10 17 20 89 16 2 3 30 13 76
45 CCG 15 60 10 22 29 24 53 5 45 24 45 10 29 0 54 4 40 16 57 33 21 1 498251 32 47 12 51 49 59 12 18 32 13 3 22 8 11 30 63 26 40 42 20 58 16 40 10 21 7 117 6 10 31 7 2 24 80 26 1 20 21 2 47 16
46 GTG 3 48 7 3 11 14 9 12 5 61 35 39 22 13 27 46 18 13 23 13 20 41 12 5 9 17 83 3 12 19 26 6 36 33 18 29 53 70 71 27 13 3 26 7 1 17 498212 39 65 53 42 6 15 35 3 11 101 66 63 33 87 31 32 27
47 TTG 48 1 71 3 49 13 8 46 1 12 4 3 15 68 23 11 41 9 42 53 21 29 19 3 51 27 68 19 7 18 24 66 13 54 21 8 9 1 28 50 36 95 11 31 8 17 2 116 40 7 11 9 27 4 0 4 17 10 17 26 8 18 498401 28
48 TTC 3 15 2 101 45 27 9 49 2 67 29 14 9 189 61 29 23 17 7 23 147 16 8 8 5 5 25 16 5 108 28 3 1 11 41 21 8 23 20 13 46 3 35 51 100 43 4 19 6 21 71 16 49 0 0 19 6 0 52 10 10 498191 2 13
49 GTT 22 0 38 43 42 23 55 27 0 16 8 6 8 5 19 43 5 46 51 3 6 105 9 19 12 2 37 30 65 5 78 34 155 52 18 34 35 30 34 9 14 42 48 8 35 135 48 497796 81 87 24 118 10 2 44 7 36 71 62 7 23 15 42 16
50 AAG 37 38 497967 46 25 17 7 2 10 57 21 18 11 40 30 36 28 50 16 121 47 27 15 15 5 43 4 39 25 7 51 23 7 48 38 12 66 0 56 44 10 62 1 32 64 5 52 7 49 138 8 12 19 5 79 2 45 31 13 64 1 114 9 29
51 ACC 49 20 6 32 24 497937 18 47 65 31 29 5 23 22 31 42 16 5 34 8 36 25 15 33 22 70 33 19 130 37 135 18 9 25 53 29 59 8 73 91 18 45 8 32 63 24 19 11 12 1 20 62 46 10 12 57 46 4 37 1 26 28 14 40
52 GAT 6 17 3 34 4 10 84 58 24 120 11 5 20 44 106 30 27 64 12 12 33 17 18 8 12 81 11 49 3 32 91 29 2 4 3 498167 27 33 61 11 68 18 15 34 22 46 11 2 4 12 50 16 22 3 24 66 38 21 8 102 6 7 19 3
53 TTG 41 11 57 44 17 9 88 36 24 36 26 8 40 34 29 18 7 38 4 5 27 8 56 45 82 2 6 24 8 20 31 7 13 58 21 75 39 45 16 53 6 39 24 45 62 50 5 34 57 33 13 33 13 45 84 46 24 13 50 85 6 44 497973 8
54 TCT 17 12 18 120 10 22 7 6 58 19 57 55 8 17 62 10 13 46 3 3 53 38 11 59 122 34 6 15 21 25 11 40 19 35 4 41 46 0 1 58 11 10 10 21 46 25 99 9 30 3 12 19 117 48 12 498084 43 38 10 39 42 10 27 33
55 GGG 18 60 64 6 34 73 5 97 57 19 24 30 11 35 1 28 45 3 13 56 12 10 30 6 19 45 34 10 3 55 70 2 38 18 37 12 9 42 23 166 17 42 497766 21 127 28 7 54 86 5 10 23 5 4 34 18 126 15 74 31 79 69 9 30
56 GCG 11 25 5 19 51 34 29 82 18 10 36 4 75 10 24 33 3 4 11 125 40 11 18 41 45 21 8 7 7 12 14 17 18 49 8 49 23 21 498373 16 14 25 133 17 3 1 7 7 9 4 14 20 11 8 135 7 0 17 8 9 32 96 8 8
57 CTA 4 62 20 26 17 68 4 38 49 80 19 22 23 9 18 2 25 124 37 58 32 37 10 6 78 10 7 89 497785 20 61 15 38 21 30 47 22 67 13 29 63 23 16 17 48 37 40 17 100 16 37 13 24 16 18 30 21 12 43 15 60 174 24 14
58 AAC 89 497989 3 44 10 89 104 23 3 10 35 3 11 5 39 14 2 24 48 35 61 43 4 42 17 14 56 50 9 33 14 3 56 6 31 22 11 22 61 20 11 23 64 95 8 197 46 1 9 25 14 28 10 24 34 12 52 9 42 1 4 17 95 24
59 GAG 48 38 31 29 84 37 60 2 22 116 70 64 13 18 67 64 7 29 29 13 25 1 134 24 31 18 21 8 16 70 49 4 47 0 498023 134 19 17 32 13 1 6 12 9 10 2 12 4 64 4 10 118 15 2 11 28 9 6 58 8 8 24 9 43
60 CTG 20 4 14 21 17 10 12 13 11 74 20 42 17 38 22 14 40 45 52 6 37 27 49 7 6 30 29 2 23 1 497968 45 6 99 12 47 55 1 64 134 41 115 0 9 10 47 9 95 20 36 26 24 48 12 27 14 110 11 50 100 2 28 5 27
61 CAA 59 21 3 57 10 112 17 15 60 79 87 28 13 6 8 33 497903 58 28 20 1 10 49 17 20 9 31 30 3 10 26 83 49 105 17 47 21 67 2 25 64 8 2 83 54 24 22 2 23 9 4 28 69 8 4 62 14 12 23 38 29 40 65 74
62 GAT 22 29 33 16 229 31 61 31 11 4 7 82 28 9 13 29 24 29 22 2 12 46 6 65 10 7 6 15 1 5 147 0 6 3 64 498282 5 15 12 6 16 0 18 9 52 10 28 38 35 1 6 9 5 14 0 28 2 32 34 93 27 16 67 35
63 GAG 60 51 19 27 63 0 16 7 45 50 13 57 15 21 12 61 11 57 35 73 25 139 33 18 99 64 33 27 19 13 79 4 1 25 497929 84 4 23 27 12 36 1 103 19 20 19 33 24 13 8 7 25 0 38 27 21 70 28 29 22 37 14 41 14
64 GCG 20 4 100 41 6 12 46 7 65 1 50 15 41 7 13 13 6 62 28 6 37 32 12 12 28 16 42 13 8 13 36 9 40 18 32 52 9 4 498468 22 4 59 19 0 19 1 32 15 23 9 37 13 14 144 8 41 2 27 14 5 36 14 17 1
65 GCC 18 31 11 29 72 8 12 34 14 3 12 40 0 15 14 34 15 2 15 8 18 2 27 21 49 10 13 54 40 6 9 13 9 17 71 9 6 498440 52 13 16 8 50 21 34 27 20 27 5 22 8 27 87 1 103 9 1 93 41 35 62 6 9 22
66 CGA 51 6 15 91 10 20 76 11 5 43 8 40 18 24 8 18 68 13 53 49 16 7 16 4 498380 21 24 38 22 7 22 0 11 30 35 6 16 3 9 0 17 0 28 51 13 43 15 2 5 8 151 25 61 17 14 6 70 25 9 36 15 28 66 1
67 CTT 27 39 18 81 11 29 32 1 21 19 10 96 2 89 18 19 8 45 17 62 93 99 32 1 15 11 4 8 15 11 4 498281 6 46 3 21 17 19 29 13 18 20 2 23 23 5 15 79 11 1 2 60 36 57 35 107 38 8 1 34 8 19 1 25
68 TCG 82 6 34 54 73 35 80 9 81 5 63 16 0 84 96 19 111 3 19 28 22 26 22 10 42 149 3 116 73 17 42 55 22 25 26 16 17 7 34 36 6 36 29 46 5 0 32 33 29 144 34 25 83 6 497604 56 13 28 18 12 4 41 30 28
69 TGG 19 18 11 5 61 22 126 17 12 18 23 29 49 17 7 9 12 14 45 44 8 10 33 12 11 22 36 3 19 0 31 9 56 20 10 65 13 20 18 33 34 36 3 87 10 64 38 29 1 18 31 24 5 3 41 3 37 9 498384 13 75 23 41 4
70 CTG 69 11 17 14 11 6 2 12 33 18 82 77 20 22 38 20 12 66 6 11 9 32 63 6 57 18 12 13 2 3 498286 58 16 39 10 6 10 10 50 29 26 10 13 34 39 3 151 12 33 20 1 1 21 18 0 32 43 40 54 27 0 23 50 73
71 GCC 100 37 7 28 5 57 39 17 41 30 84 41 20 18 14 6 4 8 65 8 69 58 15 84 30 24 44 1 19 50 67 20 12 38 15 2 18 498086 32 59 30 105 18 13 62 6 12 26 13 31 16 2 21 107 21 15 5 49 9 5 11 10 10 31
72 ACA 16 7 12 77 497851 30 82 67 23 76 12 34 18 6 41 26 18 148 58 2 36 10 6 5 2 0 12 95 62 6 7 50 66 27 39 64 13 20 40 7 24 25 59 37 10 12 14 38 18 33 120 15 24 58 0 10 36 148 9 9 6 29 4 91
73 ACA 12 27 26 16 498105 3 136 31 18 2 9 1 16 77 15 8 56 9 41 27 58 56 22 11 23 16 13 13 0 5 6 4 68 13 41 53 28 18 19 20 57 47 11 60 22 24 6 5 29 21 15 43 61 96 4 35 24 28 104 8 40 72 51 15
74 GGG 48 13 8 32 33 3 20 58 6 15 5 28 44 16 36 12 30 10 9 9 20 74 15 7 1 23 8 8 33 10 25 5 56 74 46 38 20 17 5 10 41 58 498300 123 9 15 15 9 31 6 106 8 19 28 1 14 1 2 38 14 36 99 90 7
75 GTT 19 22 3 29 77 19 38 18 3 13 40 17 0 18 28 12 29 9 44 16 22 34 2 12 41 19 7 64 18 5 25 11 5 21 47 9 5 7 18 17 24 23 0 35 60 37 10 498630 14 1 1 0 22 5 20 45 42 69 0 44 38 3 20 14
76 CCG 26 5 1 22 81 25 3 18 31 16 20 27 6 31 6 9 21 80 61 66 14 0 498114 32 91 11 17 26 57 9 56 12 19 18 44 34 28 72 4 13 3 18 67 53 29 19 5 86 38 2 1 27 18 16 61 97 8 2 31 75 28 53 23 14
77 TGC 24 18 13 11 39 46 6 23 24 24 62 19 44 8 6 76 4 31 0 14 46 43 13 4 14 1 25 5 20 21 37 77 10 22 93 60 0 5 16 65 37 125 42 6 104 56 115 21 43 9 8 32 49 27 98 35 7 497787 7 63 49 5 199 7
78 GCA 2 78 29 34 24 53 155 15 10 4 6 20 9 37 51 7 23 27 15 21 8 12 62 11 51 20 62 3 12 29 24 11 11 44 13 114 497893 4 16 57 22 14 7 54 78 22 34 1 15 4 37 45 22 82 36 5 16 53 4 15 158 104 75 20
79 GCG 4 8 21 82 18 13 37 0 12 24 21 17 29 14 15 18 30 88 19 17 27 4 66 46 30 16 7 6 21 41 10 45 23 1 27 13 13 5 498385 19 70 56 15 13 33 14 10 121 10 18 18 35 8 15 31 53 8 13 18 13 14 35 78 9
80 GTT 69 59 33 33 43 31 15 23 87 38 24 42 13 3 46 10 21 17 23 92 34 35 33 8 26 31 27 10 1 28 15 24 26 8 2 36 37 11 7 38 50 7 11 9 104 37 4 498072 18 8 51 5 17 39 8 91 49 70 7 50 21 21 74 18
81 TTA 40 28 75 135 31 10 0 97 4 1 1 27 37 9 25 27 31 43 37 21 38 46 13 20 16 28 24 40 40 54 3 16 84 3 9 6 37 33 21 52 34 5 19 34 7 11 9 15 22 92 2 34 34 8 36 23 14 16 29 0 498160 7 72 55
82 GAT 39 12 36 25 39 10 6 40 48 34 49 15 51 45 8 15 19 15 41 12 25 30 6 6 8 39 39 48 42 18 14 4 8 13 15 498223 29 21 64 2 24 17 32 21 28 8 29 17 11 44 145 95 53 1 49 13 43 48 13 42 11 0 33 10
83 GTT 35 11 9 13 29 24 31 20 37 34 70 48 20 33 29 72 67 15 54 24 7 6 1 56 23 32 22 94 15 23 102 3 24 28 14 48 4 10 70 2 53 27 20 11 25 8 23 498055 7 37 12 14 36 29 24 9 9 56 7 37 51 31 40 120
84 GTA 33 44 12 13 34 23 63 11 34 37 12 37 18 26 20 25 29 77 10 13 76 6 20 49 43 5 18 26 8 12 10 4 46 36 1 14 37 14 0 19 7 10 5 6 498517 12 6 51 21 38 19 26 62 8 37 24 7 45 8 17 10 21 14 14
85 ACG 4 26 15 65 11 58 498190 1 46 7 8 52 20 27 50 78 13 7 2 33 17 37 13 37 26 7 42 48 62 11 12 18 31 33 25 22 15 40 31 45 3 35 0 7 42 31 73 5 4 32 17 6 33 47 44 34 49 45 31 63 29 42 17 26
86 GAG 9 72 17 98 23 23 7 9 0 16 21 3 41 32 45 1 3 12 4 0 13 19 71 4 28 16 10 5 29 10 24 1 35 34 498548 7 18 2 34 38 2 41 52 117 3 63 26 13 3 17 15 11 14 35 2 41 1 8 9 18 0 35 60 32
87 GCG 11 26 81 51 108 4 16 49 13 68 8 15 3 117 49 99 14 80 25 4 82 111 6 26 47 11 72 22 188 10 73 39 19 13 1 12 11 11 497709 85 0 2 7 19 5 30 71 41 11 20 3 7 13 14 30 31 52 20 37 26 75 56 19 22
88 GGC 26 41 51 83 10 41 24 14 22 13 3 38 25 31 28 21 5 4 17 15 3 32 0 29 12 20 3 8 31 68 30 20 65 77 31 18 22 23 23 39 10 498299 0 40 23 3 15 36 48 44 20 25 22 34 98 28 31 8 7 14 58 5 61 5
89 AGG 50 11 79 160 17 92 39 22 9 21 498070 10 5 22 0 5 5 50 48 78 22 16 23 8 28 76 108 5 9 7 2 4 70 2 46 13 20 4 15 8 48 51 18 32 2 22 76 31 35 64 5 11 1 95 15 47 30 44 9 26 9 39 1 10
90 GAT 12 22 7 6 9 50 26 16 53 64 44 112 22 1 2 55 29 45 27 8 31 48 14 23 10 35 59 17 5 3 6 32 3 61 43 498129 10 70 17 2 13 28 113 46 11 35 34 4 11 27 0 15 38 35 43 1 20 39 47 61 46 18 70 17
91 TGG 34 75 51 1 23 3 47 11 3 102 27 144 2 51 23 78 118 19 4 37 4 70 5 12 22 23 57 28 6 18 48 32 42 7 2 24 55 91 25 45 47 29 37 15 30 34 20 4 30 42 33 2 25 4 40 9 8 29 497853 132 16 31 36 25
92 CTA 61 37 3 32 17 16 21 0 36 8 2 32 17 13 9 19 48 78 14 2 41 19 14 42 14 20 14 9 498171 63 0 26 23 20 61 19 65 37 57 72 38 20 4 8 21 93 9 35 7 37 21 50 13 65 2 6 64 50 10 92 61 32 5 5
93 TTA 21 54 6 22 49 55 35 17 8 13 46 25 54 12 44 67 14 9 49 19 15 54 41 39 51 13 13 19 14 72 24 34 53 0 29 13 12 5 0 58 13 89 21 3 21 3 41 76 13 14 117 0 107 46 5 22 42 12 44 40 497981 84 5 23
94 TTA 31 7 2 7 47 24 52 116 16 21 70 91 56 30 45 49 41 7 16 16 53 14 19 41 50 7 18 25 41 23 39 5 15 14 8 11 5 6 19 12 15 17 7 5 38 24 25 46 28 46 86 12 13 15 47 33 18 30 33 23 498211 36 5 18
95 GGT 3 17 22 23 31 28 18 109 19 22 64 7 23 84 34 1 10 10 10 49 35 96 26 30 38 11 10 10 9 28 19 48 24 36 50 28 24 4 2 1 80 18 15 498073 53 57 63 41 33 13 13 49 17 49 15 6 17 0 65 58 80 33 2 37
96 GAG 109 4 62 8 12 37 39 21 37 20 19 17 27 24 2 37 13 18 16 38 26 12 34 1 64 6 66 23 13 69 24 67 46 19 497826 4 222 6 32 62 50 5 148 5 71 52 22 40 59 26 29 18 86 9 24 13 17 40 2 0 38 39 19 6
97 GTT 34 6 11 33 52 7 30 75 70 7 20 34 24 4 12 50 46 13 0 68 104 61 72 2 8 104 16 35 69 32 7 65 53 46 12 39 17 10 28 49 70 85 0 26 26 13 6 497843 9 54 109 12 11 19 27 10 9 29 34 67 70 7 4 35
98 CCG 10 15 3 30 7 45 3 8 6 16 33 41 6 15 86 15 14 4 29 15 7 16 498323 9 40 14 69 110 33 14 22 57 39 27 0 26 69 35 18 26 11 23 53 49 64 29 36 9 29 24 3 19 3 13 7 0 5 12 38 95 51 1 49 22
99 GGG 11 80 50 22 13 10 5 14 58 2 1 31 67 121 17 14 118 9 31 25 19 36 0 2 5 59 60 82 48 12 25 23 24 22 7 51 7 35 127 5 47 46 498057 30 0 21 29 20 41 12 1 32 13 59 18 41 3 43 10 19 1 21 60 28
100 CAA 71 25 10 32 23 34 51 40 41 13 5 59 37 28 86 17 498226 22 6 20 48 23 7 59 7 67 19 41 2 10 23 10 77 22 66 13 10 16 40 1 28 23 26 8 10 14 5 0 97 6 17 53 6 45 7 37 7 33 41 9 84 18 6 13
101 GAC 0 15 45 46 5 17 28 31 10 72 11 38 43 3 36 1 7 84 5 34 6 23 3 31 19 59 58 65 29 24 23 30 8 498201 2 58 8 7 47 81 56 3 1 54 27 52 82 11 30 16 25 25 69 23 7 17 4 83 0 8 29 28 12 25
102 TTG 57 38 17 16 57 12 5 33 1 14 84 8 34 2 48 132 82 33 1 48 3 3 81 26 56 11 33 33 16 4 22 56 60 47 33 21 75 16 83 64 2 27 13 8 56 13 5 12 4 27 11 66 43 59 31 34 107 68 68 35 125 117 497573 31
103 CTT 20 16 56 16 12 21 45 0 5 20 30 5 13 22 20 33 13 63 6 70 3 34 82 14 35 4 9 66 3 100 28 498138 9 28 0 68 8 10 107 15 3 6 19 35 24 32 27 61 15 37 67 0 96 73 43 66 6 64 37 8 7 9 1 17
104 AGT 8 52 26 19 57 95 5 26 33 28 26 497618 17 15 38 156 18 4 43 29 6 148 23 63 110 0 18 21 11 3 6 30 5 29 19 71 25 26 42 66 88 50 26 37 61 0 26 97 45 95 5 57 1 21 35 7 48 23 7 23 83 45 34 51
105 TCC 3 95 47 11 7 3 7 6 8 28 13 1 17 3 54 21 20 33 18 53 2 36 22 2 60 18 25 19 6 6 11 11 52 44 45 50 0 1 42 33 150 7 36 8 27 41 28 20 40 6 35 8 28 498290 77 26 34 5 49 2 15 39 91 5
106 CAC 12 3 2 10 21 23 3 29 21 14 21 38 19 65 49 32 38 498037 105 12 28 35 128 38 60 8 19 8 18 0 12 12 13 39 99 43 11 7 5 83 28 17 76 10 23 18 28 17 5 13 29 42 11 11 6 21 112 49 52 23 77 4 11 97
107 CTG 31 46 17 5 93 24 8 6 65 2 2 36 55 9 11 10 40 7 48 37 1 3 93 3 15 36 23 22 37 17 498118 57 39 130 56 16 11 31 14 19 33 19 17 26 18 42 46 22 39 0 8 18 22 35 10 44 37 37 4 1 149 45 19 16
108 GCC 87 23 9 0 27 8 5 16 10 47 43 12 29 2 60 33 33 17 37 0 160 31 5 23 51 1 6 20 2 23 10 20 54 1 46 24 27 498177 6 45 55 17 21 21 23 19 14 55 16 34 6 15 16 19 3 120 12 25 104 16 6 50 78 25
109 CCG 0 16 51 15 6 50 2 2 33 14 32 50 3 12 39 57 64 5 11 5 0 43 498470 36 16 54 5 12 57 1 7 33 0 6 35 24 37 15 12 27 14 43 0 12 115 36 7 4 35 9 3 39 8 11 36 22 29 35 13 24 6 34 4 104
110 GCG 113 0 9 11 83 4 3 11 28 27 76 10 8 13 6 19 31 28 4 24 13 78 46 106 21 11 15 1 25 77 0 91 10 2 8 86 13 2 498079 32 8 68 1 2 10 41 3 3 19 3 16 41 5 20 55 54 34 40 8 173 43 72 18 39
111 GAG 34 27 7 14 63 36 2 72 33 3 10 40 6 50 35 35 18 62 18 114 101 10 31 11 11 23 29 24 6 18 22 29 35 14 498141 57 20 6 7 33 63 14 20 50 6 10 31 10 28 16 46 2 97 25 4 37 43 21 35 75 21 9 19 11
112 AAA 498213 5 14 50 6 17 12 24 22 55 3 7 9 56 1 93 0 11 15 21 42 44 12 31 44 11 59 9 22 16 21 27 9 12 40 43 14 5 11 1 11 20 23 21 6 3 33 27 6 85 140 14 8 33 0 36 101 118 12 98 13 22 31 32
113 GTA 24 5 44 22 41 68 66 24 23 23 26 2 11 17 27 1 83 7 17 29 13 19 6 48 31 41 37 15 37 3 75 66 3 29 13 3 24 7 14 20 25 16 67 54 498045 38 49 41 0 16 3 125 25 37 20 29 25 118 7 69 47 35 6 39
114 AGT 27 55 9 14 37 45 25 14 12 7 26 498414 16 16 26 23 37 10 22 12 85 66 19 15 18 3 17 0 2 13 8 32 41 32 18 10 64 78 6 55 14 35 13 18 32 20 7 115 11 16 7 19 27 12 30 2 8 68 2 6 45 24 35 5
115 ATA 66 1 37 27 17 19 17 16 3 0 56 87 498387 22 10 15 59 7 8 51 19 11 18 47 9 54 3 78 31 10 6 23 42 24 6 35 30 42 24 21 24 53 17 19 11 5 12 20 34 12 9 12 36 25 18 74 6 24 9 17 91 22 5 7
116 ATG 10 20 11 36 2 4 2 2 23 8 6 50 5 34 498309 5 54 9 33 27 114 42 13 33 55 7 22 47 40 30 39 10 8 29 11 20 10 14 28 18 7 13 13 13 57 38 20 39 41 45 10 36 6 5 35 75 51 56 67 10 6 77 11 29
117 GCT 28 41 30 27 51 24 18 30 86 6 102 90 27 21 29 36 34 27 22 6 17 46 38 37 20 61 12 58 104 9 45 44 11 1 5 41 21 0 38 498076 7 34 2 14 16 15 37 19 13 3 24 36 4 4 50 23 122 34 34 5 16 46 16 7
118 GAT 29 1 19 3 16 59 23 6 41 32 57 18 100 38 18 35 61 26 51 15 5 48 28 26 25 20 30 15 91 27 20 8 10 63 25 497845 9 88 68 12 37 95 18 7 70 4 65 37 10 36 45 14 85 30 37 9 37 66 6 3 66 9 6 97
119 GCT 10 38 11 1 6 1 107 41 1 13 28 37 9 11 48 39 26 15 9 19 21 94 19 4 2 31 4 68 6 28 25 12 42 25 44 18 21 21 76 498339 17 30 22 0 23 54 3 12 39 6 99 2 16 13 69 5 33 18 14 30 3 0 60 62
120 ATG 7 38 3 24 87 0 16 75 1 39 7 120 53 16 498106 9 9 25 124 2 14 11 18 24 59 16 34 65 5 14 24 0 54 19 55 44 1 9 10 16 28 133 19 27 44 8 25 43 29 0 4 79 7 3 24 11 0 35 88 3 27 44 15 51
121 AGG 8 11 31 0 0 50 15 93 106 70 497926 29 50 9 6 157 13 11 23 52 47 52 2 38 24 30 5 9 66 41 3 27 13 10 5 0 10 51 47 48 86 13 17 5 25 66 27 21 5 55 57 88 39 11 15 51 17 4 16 6 79 26 27 56
122 CGT 7 46 5 17 43 18 96 2 42 8 27 121 18 8 26 11 0 12 20 46 0 15 16 107 25 70 6 497903 15 49 21 36 42 2 25 32 14 97 25 27 43 71 7 39 27 44 62 44 14 14 8 18 52 68 6 83 14 9 73 22 111 2 68 1
123 TTA 9 3 33 4 24 23 27 44 57 7 4 65 3 11 43 110 5 20 38 78 14 27 8 8 20 23 21 48 1 29 30 21 22 89 44 9 5 60 2 37 29 123 22 12 90 49 29 16 3 30 27 39 2 34 12 123 5 61 110 21 497946 35 44 12
124 CAC 73 7 4 27 14 12 51 15 38 12 33 16 45 43 24 27 41 498217 6 46 7 15 26 35 39 19 5 0 76 19 46 45 1 41 59 34 4 9 37 1 14 28 57 20 8 7 19 19 30 8 64 11 30 23 67 27 20 15 5 48 15 51 89 56
125 ACA 6 18 3 40 498454 4 21 5 21 61 2 49 0 30 3 5 0 0 4 14 2 17 37 22 2 36 51 34 3 78 3 30 3 4 0 150 24 48 2 41 12 21 22 4 37 26 16 10 3 16 58 25 49 21 11 55 25 32 47 20 71 17 43 32
126 CTA 8 19 1 40 4 20 36 4 24 14 14 0 18 25 15 2 52 26 19 14 110 26 1 4 76 42 30 7 498349 7 15 27 2 4 53 51 12 7 30 20 22 16 8 22 21 66 52 51 25 48 87 2 37 21 5 49 28 83 0 34 1 43 27 24
127 GAT 16 30 66 4 65 3 20 14 5 7 0 9 3 71 11 28 43 0 52 1 11 57 13 16 51 61 35 42 0 8 13 33 26 74 31 498337 3 26 15 30 19 23 2 25 29 36 36 50 26 20 15 65 28 16 31 25 64 30 5 7 30 0 15 73
128 CCA 3 21 27 17 8 12 72 29 19 57 24 0 8 2 32 13 4 5 26 13 498375 42 16 26 37 7 31 19 27 12 16 82 23 5 14 110 43 23 0 36 39 41 23 15 13 6 28 18 4 2 111 55 17 38 7 52 34 1 25 32 9 3 39 52
129 GCA 32 63 27 2 5 12 75 30 31 10 33 11 58 26 23 17 21 46 7 36 10 77 15 33 9 21 8 35 32 67 60 9 19 13 20 32 498238 40 35 41 64 17 14 59 36 4 9 7 15 91 39 9 7 0 80 28 13 5 20 13 2 42 5 42
130 ACG 59 2 37 69 67 23 498382 7 28 86 63 6 3 29 77 16 15 0 4 0 13 95 58 13 58 0 16 8 14 25 54 61 46 9 19 3 9 18 3 29 32 14 36 26 55 15 17 11 42 48 9 9 3 18 23 0 3 10 29 0 45 9 18 4
131 TGC 13 14 8 50 44 43 72 25 72 21 26 1 25 1 40 24 38 28 39 1 47 43 2 2 8 9 10 6 16 81 9 60 32 66 84 42 50 22 16 55 44 9 32 4 57 14 2 7 5 7 30 110 75 10 29 35 17 498183 10 11 2 27 21 14
132 CCA 28 21 46 105 19 48 12 45 110 5 51 36 11 27 21 15 32 22 1 26 498102 30 59 15 22 2 16 88 8 49 56 24 3 21 8 45 58 15 16 16 23 11 5 48 16 13 9 4 27 56 30 9 54 71 27 91 66 16 8 2 23 13 4 40
133 TTC 86 41 23 1 44 11 42 41 13 14 21 16 34 22 11 53 3 9 6 12 0 23 3 11 13 2 13 39 9 40 3 32 9 41 12 26 82 3 23 31 5 0 11 8 14 6 5 3 38 12 24 39 18 5 1 10 10 31 134 58 81 498550 12 7
134 GAT 38 3 2 37 73 41 32 13 3 3 10 35 28 35 1 21 6 24 54 26 36 33 36 32 65 35 25 19 78 11 2 46 27 63 15 498282 69 18 64 4 14 54 4 2 35 20 11 51 16 30 25 3 22 28 19 7 68 0 81 3 15 29 5 13
135 CAC 37 32 57 18 16 86 60 25 19 27 10 18 50 1 31 30 159 498273 4 27 1 114 28 69 19 0 15 5 0 4 15 19 58 21 17 19 55 16 42 8 25 80 12 4 28 19 52 2 16 2 4 32 0 45 22 0 22 4 0 18 17 50 18 23
136 CAA 9 19 24 46 81 4 8 97 7 1 33 19 40 38 88 57 498056 33 44 21 17 8 7 15 4 2 1 4 5 57 88 42 13 59 26 14 50 49 2 16 36 37 6 32 3 35 64 67 26 42 40 25 75 7 47 10 36 25 11 46 8 19 35 64
137 GCG 20 13 5 4 134 10 48 207 11 13 54 18 16 1 19 38 111 22 83 50 8 18 54 16 21 26 0 20 13 32 2 47 26 32 2 34 34 5 497884 68 7 24 13 90 3 67 12 11 24 5 58 84 21 1 7 16 36 56 93 44 36 53 19 1
138 AAA 498333 23 25 61 9 24 24 8 20 7 41 91 6 4 39 5 3 37 97 8 59 21 3 38 4 25 24 16 10 31 21 5 23 20 18 21 38 88 33 54 9 15 12 1 7 3 29 7 35 49 38 21 32 22 32 50 82 22 68 4 15 14 2 14
139 CAC 0 26 85 29 20 31 15 28 42 34 81 9 26 2 14 42 70 497800 26 22 27 8 32 65 26 9 17 58 30 65 7 54 3 52 75 95 37 44 1 27 0 20 42 41 103 26 14 23 31 22 49 1 4 103 96 8 12 52 49 30 36 58 12 34
140 CGA 4 69 62 16 5 3 0 190 26 12 5 21 41 0 32 2 18 27 33 0 27 43 44 56 498406 0 8 2 37 14 23 43 7 15 25 4 20 4 5 17 21 61 1 94 0 21 23 54 0 23 4 6 3 8 18 37 21 4 73 4 70 27 40 21
141 ATA 27 11 12 60 34 3 21 58 25 47 44 7 498084 75 69 26 16 2 2 129 2 7 13 23 22 82 5 11 62 90 16 56 6 76 4 36 18 26 2 23 23 45 38 16 13 8 7 11 48 25 1 61 4 19 68 34 36 21 0 59 63 9 42 17
142 GAA 53 29 12 4 74 0 78 21 38 13 58 11 23 20 109 11 5 16 9 35 152 25 11 100 2 12 26 22 15 16 6 61 498257 26 0 56 13 5 4 11 14 23 29 29 10 36 34 31 27 76 44 25 16 14 15 4 8 6 21 65 0 14 8 12
143 CGA 25 1 2 48 58 10 1 97 11 30 5 19 128 11 21 106 46 78 10 21 36 25 11 6 498014 18 35 34 66 5 60 4 9 5 61 5 109 45 4 32 36 41 41 82 32 12 75 54 13 3 62 3 38 10 16 56 9 0 16 5 23 52 8 1
144 GCA 98 11 29 126 25 23 26 6 16 3 80 20 84 53 16 56 11 2 110 5 8 22 14 21 9 21 10 16 35 16 4 10 18 4 14 25 498209 13 57 20 4 21 24 0 7 20 54 24 37 33 65 41 21 8 8 18 13 39 30 46 4 123 1 13
145 AGA 71 7 0 14 8 7 29 7 498425 12 10 10 5 24 29 9 8 14 23 79 35 20 10 71 41 23 56 79 86 30 53 13 33 9 36 5 6 31 64 17 36 20 15 32 0 35 23 7 2 1 4 4 59 0 20 6 15 41 29 26 51 50 3 12
146 ACT 15 18 108 63 42 10 1 497962 61 21 25 39 19 2 4 2 32 57 21 46 40 11 72 11 20 51 72 2 23 4 41 3 49 48 36 81 64 68 2 57 39 62 28 15 49 12 16 111 78 12 9 53 19 1 17 26 6 26 14 2 32 46 9 15
147 CGC 40 27 67 10 22 14 10 40 46 9 29 48 5 17 20 37 5 12 25 66 26 9 5 54 4 498124 5 6 35 3 37 133 12 2 10 13 20 5 42 31 24 34 67 47 19 67 5 81 123 52 34 54 0 3 47 10 17 43 15 24 16 17 36 40
148 ATG 9 74 24 13 1 46 0 19 6 23 8 30 36 1 498627 30 29 37 46 30 12 1 17 5 22 24 13 16 0 35 9 9 40 49 15 34 19 42 8 5 30 17 13 15 105 7 1 1 15 15 3 59 8 20 16 24 2 20 0 5 16 8 5 131
149 GAG 59 36 53 39 20 8 48 50 4 16 40 3 32 7 5 83 70 15 26 3 0 7 8 0 3 20 15 24 24 38 25 80 23 27 497984 64 10 76 23 31 151 14 3 158 1 15 19 9 5 13 44 31 5 155 21 18 34 55 5 9 4 21 18 93
150 GCT 86 10 26 6 18 17 43 58 25 43 13 12 14 61 40 3 73 41 68 8 12 89 35 8 24 11 144 11 3 23 70 15 52 26 25 24 12 67 88 497961 13 5 52 46 1 55 31 19 12 60 12 33 39 29 68 25 20 11 30 15 18 26 4 11
151 GGA 52 69 50 5 19 56 0 3 9 11 58 23 7 37 28 38 10 38 0 29 36 41 23 28 35 45 27 16 62 36 68 7 45 15 44 28 20 3 46 14 498101 34 57 18 76 19 12 23 29 53 27 40 27 13 74 36 17 21 70 26 16 21 5 4
152 CTA 15 5 38 28 1 23 22 6 15 26 12 44 17 37 56 20 22 27 8 10 64 16 4 1 6 1 12 22 498185 37 118 59 23 95 79 32 15 49 11 19 8 64 25 0 24 23 38 26 43 5 28 75 29 42 9 93 16 29 10 23 6 0 8 96
153 GTA 5 23 4 47 97 43 39 16 43 19 21 27 27 24 17 26 0 1 64 21 34 132 23 86 68 22 10 56 20 28 82 115 27 5 30 8 84 7 4 2 46 39 22 34 497747 60 46 3 11 53 1 14 36 30 61 33 63 40 33 3 69 50 55 44
154 GAT 9 58 17 10 29 43 21 40 4 61 67 22 6 59 11 23 6 19 44 15 52 16 24 85 2 28 31 3 10 97 2 35 38 15 4 498407 19 8 2 6 63 28 11 18 9 54 46 15 23 7 61 10 28 5 71 9 1 18 13 17 16 11 4 14
155 CAA 34 17 9 32 31 0 27 44 135 5 21 30 7 17 52 32 498040 44 3 10 14 46 18 22 2 21 3 39 2 69 10 0 25 2 25 71 74 26 17 59 32 10 66 7 13 109 24 4 18 54 80 58 39 33 4 25 23 11 119 7 2 73 14 40
156 GAT 7 20 80 3 1 28 12 11 22 10 10 62 23 2 13 23 20 28 8 17 64 6 10 2 10 6 77 71 2 49 2 54 10 1 43 498246 53 19 54 90 45 1 7 17 37 34 3 11 43 116 4 17 11 6 36 37 70 54 33 35 34 8 68 4
157 GAT 20 28 40 25 0 27 29 36 1 0 19 20 13 12 11 13 19 27 10 11 5 2 19 8 5 15 17 31 46 25 8 7 78 4 18 498283 124 57 127 3 57 4 8 48 64 22 86 23 61 11 12 67 28 30 1 0 27 45 38 61 9 0 38 17
158 CTT 29 94 30 15 35 18 2 19 35 2 20 7 39 12 68 35 48 12 30 23 11 1 59 2 34 18 121 5 33 2 63 498232 23 2 44 0 29 7 57 9 54 44 36 6 15 33 14 30 20 11 18 74 19 17 28 9 101 33 12 24 0 4 23 50
159 GAC 54 21 20 25 48 8 33 41 27 94 4 1 82 8 24 6 22 17 54 31 23 6 17 1 59 3 35 37 15 70 8 9 14 498496 44 1 8 0 35 22 2 23 36 50 2 35 12 3 0 160 2 7 0 13 14 10 9 18 9 5 16 31 5 15
160 GAG 24 41 41 38 30 6 77 9 9 58 36 30 12 18 5 12 36 74 2 42 20 7 12 40 40 16 28 11 1 8 50 30 33 49 498281 52 29 63 12 13 5 32 3 19 11 2 29 16 68 10 21 99 84 11 17 5 10 16 13 20 4 33 37 40
161 GAG 38 43 31 51 10 17 41 65 10 38 118 17 79 1 39 57 79 14 9 30 46 7 37 0 1 9 1 9 7 14 4 59 14 2 498268 22 6 29 4 19 6 21 9 46 0 35 2 16 59 18 37 37 29 76 59 14 5 29 29 50 35 6 23 14
162 CAT 25 11 5 42 115 1 28 60 12 57 19 6 68 18 30 23 3 28 57 498195 34 14 17 9 15 39 72 1 42 43 22 2 7 102 5 3 24 4 59 23 68 1 23 74 2 33 18 17 10 3 50 46 14 12 55 2 8 9 3 24 94 44 47 3
163 CAA 27 19 11 2 129 50 60 9 32 11 129 3 8 24 28 13 497899 14 6 27 23 57 56 13 88 24 47 22 3 63 4 32 3 20 9 14 27 42 3 19 4 57 34 82 20 36 11 4 73 78 37 86 34 9 48 22 18 164 27 50 2 20 5 9
164 GGG 44 17 21 18 23 101 4 89 93 13 16 10 10 16 29 87 22 2 31 5 26 55 47 29 108 10 18 2 33 19 42 12 24 3 82 41 59 20 11 25 48 40 497719 40 81 16 15 51 141 68 39 47 67 27 0 21 81 20 13 53 13 61 2 20
165 CTG 4 33 21 59 11 14 3 8 20 32 5 16 20 13 30 27 1 27 37 17 174 17 21 13 47 40 17 12 2 10 498182 59 6 39 31 31 71 58 23 15 2 16 2 47 44 103 28 37 69 10 15 15 18 6 0 4 31 22 3 17 127 15 56 47
166 GCG 26 39 37 45 17 23 27 2 19 1 50 11 9 47 3 58 22 18 4 21 28 95 15 16 0 3 8 0 34 55 18 2 28 41 81 11 2 4 498384 49 15 1 25 59 0 72 9 14 14 21 4 53 18 32 0 3 116 30 8 35 50 40 26 2
167 CCC 24 72 99 26 52 24 6 26 4 3 31 20 65 19 31 83 46 3 43 1 52 498127 18 11 43 29 21 3 13 10 62 8 25 40 65 24 5 10 11 6 16 10 52 15 35 54 82 56 1 16 61 61 18 18 25 37 3 7 9 56 65 5 18 19
168 GCG 54 35 0 23 4 49 27 5 5 7 21 15 16 39 5 9 7 3 0 36 30 51 33 2 22 41 72 6 26 12 28 3 2 20 37 10 27 26 498670 63 28 29 14 4 17 14 32 19 10 16 20 5 10 15 4 12 57 4 47 12 19 15 10 46
169 GAA 15 41 11 16 7 41 73 90 9 60 58 180 12 13 31 11 22 19 63 54 42 145 35 42 74 15 47 16 40 66 15 27 497582 2 33 46 20 10 14 1 11 28 69 90 37 18 0 29 72 10 164 24 32 55 17 3 3 52 2 33 118 24 8 3
170 CTC 25 16 7 4 6 44 1 18 13 2 8 6 28 21 56 59 31 29 49 66 11 121 10 50 8 18 10 15 22 498114 71 20 35 38 7 52 23 91 2 5 10 40 64 41 41 59 18 47 3 4 25 6 73 0 13 34 42 89 5 16 1 21 29 107
171 TTT 17 29 3 9 1 94 26 60 11 53 146 23 6 23 79 30 21 7 31 13 27 12 24 59 14 59 3 11 148 13 51 34 40 34 20 63 51 1 11 24 9 27 86 66 22 35 111 9 22 26 34 0 46 25 47 35 43 3 21 17 27 0 22 497886
172 GCT 0 11 34 33 17 17 36 10 47 2 19 8 57 19 39 76 39 9 6 28 11 165 10 29 40 1 7 41 1 73 23 11 25 28 25 30 3 7 29 498281 15 46 0 2 48 7 27 76 40 0 40 24 4 29 0 13 31 42 109 11 10 12 53 14
173 AGG 75 58 14 11 7 39 15 33 73 13 498004 64 22 23 48 31 52 18 41 7 22 5 47 6 5 49 101 36 8 36 9 41 17 19 1 2 4 5 35 29 55 32 31 21 37 18 16 138 30 5 27 39 56 4 32 76 11 28 81 2 62 8 35 31
174 TTG 7 15 20 34 2 36 24 10 1 1 0 10 21 61 32 1 18 15 29 29 16 12 20 22 24 43 7 5 7 31 5 37 20 1 10 71 35 50 14 32 22 51 41 108 12 45 8 38 21 20 45 5 8 43 12 1 19 12 65 75 19 12 498476 14
175 AAA 497982 7 57 2 56 18 5 7 9 23 16 46 1 16 35 9 56 20 8 49 5 97 61 1 14 2 17 8 91 34 55 84 22 68 36 14 10 3 12 28 73 83 23 83 25 61 0 14 62 72 31 3 16 6 97 43 28 5 9 52 76 35 7 12
176 GCT 9 63 38 9 93 23 2 2 17 4 0 14 17 81 7 40 44 29 4 43 56 2 46 12 58 41 57 54 24 19 25 36 41 64 17 17 48 45 21 497998 48 35 48 27 11 96 11 56 10 31 8 11 21 55 17 53 42 33 10 5 23 22 100 7
177 CGG 11 5 1 7 6 41 1 18 13 16 61 54 30 29 52 12 21 2 14 16 66 31 16 53 43 34 497859 103 39 25 32 40 12 32 82 23 9 34 31 20 11 13 70 28 62 8 83 36 78 3 167 18 15 14 55 7 88 12 44 35 40 103 10 6
178 ATG 59 14 20 6 46 162 18 37 50 12 2 61 79 28 497736 58 2 29 18 30 2 14 18 33 7 20 39 99 79 43 18 17 11 6 25 3 37 5 143 8 36 9 21 18 11 6 54 39 12 102 4 66 27 51 24 71 25 25 98 80 42 75 0 10
179 CCC 10 28 36 5 9 51 20 7 100 103 81 23 37 25 21 63 32 0 50 54 22 497756 77 71 58 38 20 45 23 75 18 10 20 11 19 19 9 52 157 7 27 19 23 2 22 46 4 33 45 31 30 5 42 128 59 3 27 37 50 14 20 34 24 13
180 GAC 9 11 49 49 56 1 17 24 96 7 34 20 87 17 4 7 12 21 36 30 73 2 3 13 46 11 26 3 13 35 42 91 113 498066 4 51 33 23 20 22 57 51 2 21 34 12 35 45 54 4 18 17 6 5 49 8 51 14 67 13 3 45 62 50
181 GGT 43 24 10 7 34 28 6 4 76 23 37 137 15 29 1 34 57 4 1 35 70 13 10 17 63 18 59 78 21 28 2 13 93 0 19 36 23 103 71 32 0 16 2 497858 15 80 1 58 69 2 15 66 15 45 6 39 48 151 17 42 5 43 33 0
182 GAA 11 8 16 38 22 11 52 60 9 75 5 24 112 32 18 17 19 24 106 50 2 16 7 49 3 30 5 12 44 21 4 6 498131 41 26 27 28 4 14 22 9 46 90 108 8 27 67 14 24 6 28 17 14 44 95 61 11 18 14 7 49 17 13 12
183 GAT 22 30 43 21 24 17 93 80 18 21 58 4 123 27 9 97 23 5 33 53 8 20 14 18 1 13 96 17 91 2 17 3 11 4 17 497963 21 9 6 57 35 19 63 38 74 60 54 9 20 15 159 28 40 11 13 1 23 45 4 10 49 18 23 0
184 TTG 47 204 43 27 67 3 8 14 2 13 44 65 2 21 16 4 18 0 114 11 32 11 5 102 12 23 6 25 0 26 15 45 66 13 26 39 14 6 40 8 76 11 25 3 20 22 129 24 29 81 48 24 53 10 24 57 21 37 17 30 13 38 497960 11
185 GTG 10 37 15 13 39 49 22 49 57 33 24 133 21 60 13 57 2 50 35 56 5 22 2 80 47 73 21 15 14 29 18 22 2 27 4 16 69 60 152 8 3 22 21 9 21 37 497977 2 37 0 7 47 5 67 14 22 15 16 27 85 77 6 4 18
186 GTA 16 48 55 35 15 15 6 2 29 21 23 11 23 11 47 132 10 16 18 3 14 14 104 36 17 27 0 9 18 45 46 15 7 10 37 32 16 38 23 49 30 7 10 38 498379 15 14 59 23 1 25 17 10 4 43 56 38 47 13 15 31 5 19 8
187 ACT 75 14 80 1 7 40 6 498335 10 38 63 19 25 41 1 19 14 6 25 40 1 22 41 8 6 39 18 9 30 9 33 1 22 34 12 2 12 26 3 11 5 3 44 34 12 32 50 13 1 100 27 56 13 41 6 89 38 34 2 27 86 12 30 47
188 CAT 5 10 22 13 11 4 8 9 48 17 4 30 57 143 48 19 45 10 15 498099 17 17 10 45 11 33 48 79 20 22 92 37 2 42 26 31 17 26 31 2 24 18 22 14 27 38 2 41 30 38 29 231 7 22 45 9 46 48 8 9 7 18 16 26
189 GGG 10 65 18 4 13 77 19 9 5 48 14 74 122 5 7 26 47 27 30 16 8 66 23 8 3 19 46 6 51 63 5 17 12 9 17 11 18 13 4 41 10 4 498404 37 81 6 59 33 17 8 0 44 68 30 8 5 3 3 23 1 26 19 18 17
190 GAT 24 11 34 25 35 52 45 4 55 19 61 0 6 35 6 18 9 35 37 21 7 32 41 20 47 58 44 7 23 11 7 48 17 39 60 498316 4 28 1 11 13 16 21 84 3 8 44 20 8 24 29 2 10 86 1 28 5 96 18 49 19 48 6 9
191 GCC 18 9 8 86 25 14 4 4 8 22 13 13 15 34 86 24 14 86 9 5 9 32 30 25 20 25 7 5 57 22 1 24 8 12 9 38 14 498364 56 33 37 14 25 56 11 7 26 47 22 70 36 75 7 30 40 4 9 6 16 38 24 87 8 17
192 TGC 14 24 33 57 20 4 56 33 44 15 63 29 10 48 0 18 104 0 1 8 14 0 1 47 31 32 8 83 41 59 9 4 26 45 2 6 59 69 60 81 14 7 59 10 1 18 24 18 10 26 29 29 1 0 37 11 1 498316 3 13 11 5 46 53
193 CTC 3 29 12 12 7 10 76 26 5 41 32 15 31 8 105 25 118 27 3 35 9 16 53 112 9 102 33 2 4 497675 68 19 16 12 24 21 37 23 122 6 10 37 33 25 35 20 93 60 15 64 134 9 34 7 45 7 62 8 84 36 80 49 29 41
194 CCG 4 35 19 12 47 43 104 4 9 51 13 25 33 18 48 86 63 28 14 19 5 14 498130 52 27 25 4 12 0 75 30 13 19 5 10 79 63 28 21 3 42 24 11 33 44 19 24 16 44 37 39 6 3 29 31 22 66 62 23 9 53 12 41 20
195 AAC 48 498103 64 25 52 82 35 12 26 57 22 56 37 1 0 25 13 18 40 16 61 3 41 60 36 21 25 42 7 51 4 10 13 30 10 14 73 21 53 18 3 17 69 20 2 3 60 7 18 3 36 186 34 32 3 5 0 12 5 15 47 88 4 6
196 ATA 7 58 11 46 17 18 12 11 12 56 30 32 498037 46 59 152 40 45 19 7 18 22 14 23 50 101 47 12 5 24 6 11 3 14 9 31 8 42 0 16 18 5 91 65 6 3 13 14 34 33 10 24 77 4 61 37 64 57 20 38 79 1 7 68
197 ATG 20 14 71 1 39 50 32 33 29 0 1 3 2 17 498404 19 70 102 77 29 13 29 65 11 11 3 11 2 35 3 2 14 15 63 63 100 60 27 40 11 4 10 2 14 15 37 26 1 13 28 17 7 13 17 14 0 15 28 37 44 20 33 11 3
198 GTG 89 14 5 30 7 20 33 35 26 10 36 8 10 96 39 20 33 88 17 64 22 115 22 20 55 71 38 20 9 9 20 12 77 64 7 27 58 17 27 10 15 29 91 23 85 24 497909 33 52 39 4 6 48 14 1 72 4 4 0 28 13 47 37 42
199 GAA 30 5 30 46 21 60 20 0 30 50 10 12 20 24 23 49 16 3 21 1 25 47 110 23 17 1 15 40 24 9 51 35 497956 21 12 17 23 7 6 100 5 153 31 35 30 3 3 40 36 125 111 2 22 131 1 26 6 15 46 39 21 39 26 44
200 AAC 14 497922 2 42 17 116 37 2 49 10 40 13 91 6 22 11 5 45 5 62 14 15 42 43 21 11 21 56 16 1 233 3 90 43 7 18 10 92 41 17 6 18 8 10 38 47 23 30 47 6 69 103 14 8 9 7 55 13 4 33 31 44 10 62
201 GGC 12 8 45 51 22 29 49 107 25 24 48 12 12 10 14 75 27 22 8 5 0 29 19 9 42 25 6 61 5 25 19 61 2 25 11 97 56 8 36 66 140 497965 18 68 17 11 12 0 28 19 88 12 36 5 85 3 18 68 105 5 3 62 24 1
202 CGT 32 61 48 4 70 9 2 10 53 3 83 6 0 51 3 28 25 18 7 7 45 4 10 20 18 17 71 498136 10 5 107 22 2 25 88 15 5 15 9 7 8 97 3 17 2 0 42 21 6 66 53 6 12 34 68 16 17 67 9 37 62 9 184 13
203 TTT 15 7 12 13 49 13 6 19 7 18 9 4 1 29 14 24 24 7 14 9 3 9 2 37 64 58 72 30 25 12 4 97 2 7 29 18 35 61 72 62 66 23 53 11 3 33 32 29 12 3 45 10 14 5 38 1 70 32 53 192 72 76 41 498093
204 AGC 34 32 27 60 22 11 31 20 39 498193 1 35 9 47 23 70 38 12 17 23 40 59 13 11 30 31 47 7 16 6 12 61 37 20 58 79 4 28 4 21 35 5 68 19 13 14 37 25 3 15 8 2 19 32 33 38 96 79 30 32 1 17 35 16
205 GGA 26 5 28 75 20 23 62 23 13 14 77 6 98 7 3 31 13 35 52 12 19 27 14 14 15 47 7 19 0 15 51 19 58 2 24 10 3 19 2 5 498379 91 36 6 11 92 28 4 28 5 6 55 14 10 26 1 118 11 11 9 1 40 15 10
206 TTC 6 19 10 14 12 25 19 1 18 52 29 26 14 18 47 12 46 26 2 60 0 3 6 18 0 81 61 15 49 77 20 2 26 19 20 15 41 54 0 2 117 26 24 1 77 3 63 17 30 13 47 87 39 7 43 38 22 1 6 50 13 498228 60 23
207 ATT 26 24 27 17 25 49 58 18 15 38 2 17 25 9 10 497843 3 76 38 86 34 5 63 6 10 57 39 69 15 48 50 0 17 42 12 45 64 3 39 45 4 38 48 21 10 1 36 36 123 52 170 8 15 74 1 28 11 91 7 75 21 18 7 36
208 GAT 33 33 9 0 0 64 114 58 7 3 16 56 18 44 13 19 42 27 6 23 8 121 18 32 15 36 72 16 45 40 1 63 111 22 24 497771 64 59 41 51 35 10 76 105 13 7 16 43 3 1 13 35 7 57 4 16 72 0 54 35 36 11 112 44
209 TGC 2 108 14 5 4 29 72 37 29 83 48 48 1 106 58 49 5 14 22 0 25 21 148 33 15 30 2 76 17 52 17 15 25 22 55 14 1 20 14 60 5 8 3 52 12 4 8 1 41 2 1 66 11 15 37 11 7 498191 14 20 10 12 26 47
210 GGA 118 4 1 17 10 43 20 12 24 7 19 42 8 140 22 21 16 54 8 47 37 22 10 11 7 26 14 26 2 3 4 19 109 126 13 27 25 23 12 90 497859 40 25 67 63 101 83 45 82 84 9 11 25 16 3 22 2 6 28 7 11 3 2 167
211 CGG 49 44 1 6 2 38 127 15 10 17 15 0 20 5 26 16 37 12 12 22 58 46 0 16 11 44 498328 27 62 25 62 17 6 9 18 5 36 32 25 24 15 10 21 41 63 33 32 55 2 9 21 29 37 24 12 41 0 35 16 39 4 31 36 69
212 TTG 28 3 5 37 37 144 10 62 62 6 23 9 14 0 8 125 2 16 52 11 35 27 3 21 65 9 14 49 65 14 15 10 17 40 19 30 86 22 21 9 11 11 35 101 2 11 11 54 10 67 53 0 93 49 24 40 28 33 31 1 18 7 498082 3
213 GGT 23 16 5 54 1 1 2 79 4 21 112 29 25 11 6 21 4 17 65 34 85 23 84 13 43 19 2 40 1 20 38 68 7 29 5 22 6 71 65 35 39 12 2 498100 35 20 0 43 2 23 8 20 40 85 51 34 25 19 31 108 3 57 0 37
214 GTC 20 7 16 4 3 68 10 19 6 18 39 53 11 60 115 5 26 4 14 33 2 43 5 13 10 153 24 11 13 4 27 34 20 12 27 7 20 6 58 124 25 7 57 9 7 498263 12 14 63 8 30 4 55 68 19 36 9 33 5 58 20 47 1 6
215 GCT 9 75 4 117 1 2 103 71 66 6 17 1 48 25 0 10 19 23 27 13 27 23 53 20 50 9 24 31 5 50 37 124 29 9 12 7 35 7 1 498176 27 36 57 33 9 47 3 13 23 12 47 13 71 15 15 5 34 51 54 1 10 12 24 22
216 GAT 24 22 45 50 15 14 18 72 8 33 75 38 1 28 7 14 7 17 37 19 29 24 54 17 16 17 9 6 48 8 78 10 5 29 16 498273 5 12 3 56 33 32 40 21 21 21 52 29 25 67 0 33 52 30 96 6 9 4 8 15 1 8 134 4
217 CGA 20 6 50 7 63 15 30 15 0 31 27 75 32 0 25 64 56 4 14 87 11 28 30 9 497670 25 37 7 12 59 13 37 98 182 93 40 108 27 4 72 43 43 15 33 57 33 55 12 5 18 77 1 45 13 2 52 55 17 9 28 66 52 30 56
218 TAT 30 64 2 19 14 24 195 1 29 21 42 71 27 40 61 61 65 1 8 15 207 34 58 9 14 21 59 19 36 45 54 28 35 35 35 4 8 123 7 8 9 3 93 83 9 22 34 42 23 38 5 497629 24 4 36 33 20 11 3 20 35 1 178 16
219 CAA 60 26 3 12 70 14 1 2 12 49 3 16 89 79 56 47 498042 106 181 3 13 125 4 1 31 17 29 12 82 6 28 23 29 22 15 14 19 58 15 0 37 16 11 5 10 1 21 31 50 25 68 29 24 2 54 14 0 29 27 11 1 45 70 5
220 GAT 38 4 72 27 19 1 16 18 16 17 5 133 31 52 33 55 36 26 36 5 39 72 16 9 19 39 55 44 4 15 9 60 14 34 3 497862 22 81 0 80 37 23 31 58 3 30 13 69 22 4 18 10 15 56 16 6 35 187 4 14 18 131 50 33
221 ATA 18 17 11 71 0 52 30 52 28 10 1 29 497849 45 16 14 47 60 23 16 20 30 18 6 53 9 40 23 96 92 14 73 42 8 74 13 25 35 33 23 64 11 21 175 0 44 44 1 100 14 24 32 8 28 99 3 15 49 9 47 24 18 7 47
222 GCA 4 18 5 19 64 31 9 29 10 4 18 24 10 126 0 22 26 71 5 8 10 18 21 17 4 2 69 65 7 4 11 37 4 49 3 33 498469 15 51 19 67 22 10 8 44 5 5 86 18 57 4 7 1 23 0 1 10 36 26 105 17 0 28 9
223 TTG 11 17 0 9 28 3 11 15 54 11 29 25 14 27 13 64 37 70 22 6 2 16 7 3 4 40 5 9 85 8 24 96 4 12 26 34 41 41 15 3 10 10 48 3 20 70 21 84 19 39 2 14 13 40 18 7 48 20 10 26 75 10 498447 5
224 GCA 34 16 41 79 13 12 42 23 2 28 9 73 30 27 50 53 0 24 6 2 37 15 44 26 7 21 61 10 43 59 145 43 134 65 26 38 497893 14 21 10 54 2 27 20 15 33 53 6 9 24 21 12 14 29 65 25 27 12 37 59 64 21 43 52
225 ACT 55 41 12 1 5 11 7 498254 24 8 29 4 38 1 38 4 35 38 28 28 32 2 0 53 9 2 37 22 72 10 11 23 12 9 22 53 49 20 15 16 3 34 31 18 88 13 69 30 50 61 52 68 32 23 5 6 20 11 42 17 16 32 10 139
226 CGC 15 29 20 49 42 36 19 30 78 17 39 8 28 26 3 6 33 7 104 60 29 6 57 15 70 498043 19 20 30 5 59 77 5 26 92 33 7 19 24 10 36 6 53 13 54 22 4 43 31 66 3 27 61 59 53 39 5 25 1 3 38 0 34 29
227 GAT 8 2 15 2 27 76 13 50 82 3 30 91 55 4 4 13 44 42 23 94 21 90 8 1 74 105 19 28 24 2 19 47 42 26 33 497972 56 3 57 13 10 1 4 12 87 70 47 103 7 18 12 0 2 30 0 22 46 32 10 11 9 32 71 46
228 ATC 109 55 45 30 46 15 3 18 29 251 62 70 13 497687 37 45 27 17 1 6 17 70 3 0 61 10 0 57 11 14 74 3 32 104 13 14 3 59 37 87 36 18 3 4 19 11 46 24 22 71 78 40 48 88 9 9 46 0 51 6 77 22 28 9
229 GCC 17 8 3 8 14 46 30 35 28 23 82 45 34 27 13 22 4 26 64 42 74 15 41 18 19 14 37 28 16 56 8 48 26 87 17 12 23 497910 24 23 19 81 0 16 49 33 78 4 3 118 104 16 19 4 55 34 65 10 35 20 16 34 57 63
230 GAA 61 15 16 25 49 63 3 85 47 81 8 7 42 6 22 11 6 25 13 12 43 18 87 11 34 13 10 52 32 48 61 25 497998 12 40 46 43 14 12 37 5 62 49 3 19 37 6 32 56 6 32 17 9 6 177 16 13 9 74 52 1 8 70 8
231 GAG 23 28 50 56 30 0 5 16 62 13 44 11 55 28 8 34 1 34 51 68 9 28 32 11 65 81 18 14 16 18 4 13 1 2 498243 20 39 0 56 23 38 6 14 25 4 72 42 8 44 33 4 68 47 57 21 2 16 46 22 12 10 36 41 22
232 CTT 59 5 18 3 23 32 5 11 41 58 54 22 35 33 5 17 10 3 28 4 10 34 8 61 13 17 25 156 4 65 22 497991 56 43 11 47 63 60 52 17 15 9 97 99 44 35 10 11 25 71 0 31 10 4 79 99 12 29 27 12 3 27 21 9
233 GGT 12 3 25 25 12 3 57 103 33 11 5 14 75 96 29 54 1 5 54 3 12 3 33 6 13 35 2 1 16 19 10 1 31 26 7 12 62 94 35 36 13 50 20 497957 40 8 59 13 101 168 68 10 38 78 68 0 9 26 18 57 14 58 3 50
234 GGT 26 64 12 35 0 95 10 14 6 15 20 5 65 26 75 32 22 20 28 26 40 89 30 12 2 2 24 43 4 3 20 33 2 20 89 25 49 27 88 35 25 151 0 497955 23 40 15 62 24 43 3 17 2 15 35 77 7 26 31 37 8 49 110 12
235 GAA 73 27 64 99 34 22 53 58 22 33 41 46 46 7 52 19 40 14 3 44 93 8 28 10 22 46 8 1 7 5 103 118 497983 12 27 9 11 5 52 40 53 30 7 29 59 22 8 16 49 16 27 7 1 19 6 55 27 32 9 27 15 31 30 40
236 TGG 23 15 13 67 23 10 15 0 31 17 57 17 2 14 30 31 87 58 17 23 31 53 45 3 22 35 88 1 63 10 30 65 6 11 36 89 16 10 10 23 71 47 7 8 10 87 60 16 9 19 29 42 5 47 25 78 3 24 498117 11 48 10 7 23
237 GCA 15 7 11 41 52 2 25 40 9 16 0 118 46 21 23 0 53 20 30 63 5 26 0 13 57 128 13 122 1 48 47 16 7 29 16 12 498013 63 15 19 54 47 1 20 33 3 25 35 3 6 57 82 42 101 26 65 12 43 21 34 6 30 8 4
238 GAC 5 170 42 45 38 9 15 42 25 52 20 109 68 164 19 22 9 86 13 2 9 24 61 104 24 13 40 17 19 39 12 23 70 497688 13 17 44 39 2 26 14 14 4 10 21 47 58 42 45 44 33 2 40 9 38 36 77 20 1 92 7 7 13 87
239 AGA 15 17 29 30 46 12 6 62 498394 23 8 7 27 21 2 31 37 16 6 9 80 75 4 10 55 2 90 16 22 2 21 45 16 7 28 3 53 35 8 80 11 36 18 2 27 15 6 31 0 1 38 29 11 37 22 12 26 52 38 30 21 31 55 1
240 TTT 67 29 153 46 23 20 14 106 10 29 31 10 11 18 50 29 11 3 7 22 72 65 88 12 1 13 3 29 4 17 26 1 2 7 56 126 31 7 3 41 58 18 0 42 41 21 13 37 52 19 77 65 28 0 32 19 124 3 27 55 35 109 2 497830
241 TTA 17 3 10 143 21 38 27 11 20 55 78 57 29 45 6 69 10 13 29 15 10 55 22 17 85 16 71 67 2 27 44 41 8 17 15 16 12 16 11 21 44 35 3 28 29 25 64 12 40 99 6 31 124 1 28 4 43 15 4 53 497956 25 42 20
242 GTT 6 14 64 23 31 1 21 34 26 4 7 2 7 22 46 45 5 73 10 18 39 117 32 61 84 26 10 34 0 20 6 13 17 4 31 0 11 0 67 13 9 7 63 2 32 81 8 498242 3 12 25 53 21 67 56 54 5 4 31 40 34 48 46 13
243 CTG 50 14 13 51 25 24 15 5 2 16 3 27 22 8 18 13 18 16 84 8 41 56 11 3 12 12 43 39 19 39 498180 66 10 8 9 70 40 30 17 79 4 37 47 25 60 51 38 9 13 4 35 33 10 14 16 37 7 20 66 83 11 60 55 49
244 TAT 97 19 28 62 3 45 11 14 4 6 1 4 9 38 58 78 16 12 29 15 93 8 35 7 55 5 78 1 11 135 12 12 16 20 123 15 67 75 36 26 110 45 13 5 31 12 52 8 26 6 38 497933 22 0 7 18 0 19 109 49 0 73 25 20
245 GGT 15 18 1 21 1 2 36 30 115 8 4 3 28 39 29 50 84 6 42 1 11 15 57 11 0 12 27 31 18 5 16 21 5 8 23 38 10 60 111 187 137 35 43 498127 50 36 4 35 18 7 46 2 3 3 20 86 6 28 42 30 4 15 3 21
246 ATC 10 12 49 5 34 21 11 56 100 8 15 90 27 497964 2 27 5 4 30 67 15 16 83 11 62 2 31 11 13 0 8 33 44 67 7 27 58 19 49 11 0 58 56 37 89 17 6 18 18 12 46 84 76 57 75 10 41 33 5 41 27 37 0 53
247 GCG 9 15 78 53 35 23 71 19 20 15 60 181 9 4 50 54 14 20 13 55 114 9 1 58 27 33 11 25 22 1 10 36 13 93 8 2 6 9 497776 37 29 2 43 18 26 72 31 6 43 24 19 67 126 10 7 76 27 26 0 22 87 33 18 99
248 GCA 42 20 31 2 61 2 20 64 45 16 11 40 14 12 58 20 23 4 12 7 18 63 51 6 27 42 63 53 65 18 2 16 5 34 23 76 498160 25 23 15 46 31 31 50 16 76 45 29 2 22 97 2 15 57 4 11 8 18 31 2 35 61 14 8
249 CCA 6 24 8 10 12 0 52 19 54 49 6 26 30 6 46 39 39 83 13 34 498184 25 1 17 23 1 79 46 48 28 24 13 16 6 18 8 6 18 75 45 19 13 102 22 28 8 13 10 46 30 8 25 5 8 38 27 129 21 1 64 90 22 2 32
250 GAC 17 29 13 11 41 31 66 16 31 65 34 21 40 10 26 10 52 21 101 20 37 10 33 14 32 47 21 28 24 74 60 20 28 497944 12 11 43 89 5 6 10 35 38 8 23 7 85 86 4 27 1 28 42 48 4 10 2 17 7 40 71 27 32 155
251 TCT 8 24 27 9 17 16 43 91 11 38 20 16 10 1 13 36 51 11 8 3 24 9 41 0 26 75 82 44 9 1 104 49 40 54 21 23 7 9 37 28 23 10 35 32 40 8 24 11 17 46 13 4 12 49 16 498278 13 78 44 21 35 22 8 25
252 CAG 12 51 23 22 21 19 1 10 12 2 29 20 10 61 2 19 4 19 498587 77 22 8 5 2 7 23 30 11 3 9 19 25 11 52 0 40 32 7 6 9 6 11 1 10 34 24 38 6 1 12 37 69 16 0 57 33 18 27 0 12 23 112 108 23
253 CGT 11 11 1 23 13 12 4 14 9 39 19 53 82 15 80 94 77 6 3 20 15 24 31 32 23 0 2 498253 4 46 7 19 1 63 1 41 2 18 54 80 22 46 93 26 1 50 123 6 16 29 21 17 31 7 7 54 11 7 34 10 4 23 35 25
254 ATC 87 63 54 6 20 5 10 68 30 91 28 5 18 498093 3 0 24 25 41 24 19 51 12 16 8 13 111 0 2 16 11 10 40 23 43 0 46 41 7 37 3 22 68 2 0 11 62 77 99 7 28 11 13 67 19 68 12 1 27 5 52 66 48 31
255 GCC 9 59 41 18 6 48 0 47 41 52 14 50 42 0 10 37 1 1 23 11 3 4 44 37 19 17 14 27 67 4 10 8 39 44 5 31 5 498242 17 69 47 32 3 9 26 0 30 20 72 8 68 34 6 43 7 46 22 96 21 60 19 78 18 19
256 TTT 58 7 1 122 18 57 11 5 24 35 55 10 19 113 126 50 156 60 53 42 68 14 104 14 74 17 95 35 64 18 27 63 12 16 65 11 20 1 21 9 21 2 29 5 8 8 23 5 26 36 70 50 51 31 15 22 34 32 25 1 19 10 7 497700
257 TAT 23 13 19 6 4 11 8 31 17 14 3 1 12 53 120 21 8 85 59 67 131 24 11 70 22 26 31 5 33 33 5 42 5 42 32 47 64 2 23 26 26 0 32 7 22 46 28 30 16 4 76 498041 34 25 19 19 100 17 9 17 52 4 32 95
258 AGA 18 41 133 5 14 16 11 17 498063 23 16 4 13 15 55 19 24 44 92 56 8 13 14 65 45 12 23 7 53 44 0 20 122 11 49 36 43 41 11 75 43 0 22 12 8 3 7 9 8 22 18 25 68 59 4 10 37 7 39 70 93 2 6 57
259 TTA 0 7 30 99 59 15 4 13 57 91 23 42 8 95 36 9 4 18 49 58 11 10 29 2 6 20 49 36 25 2 18 50 11 7 60 58 7 51 27 34 12 18 55 5 6 27 24 45 10 73 31 32 13 17 26 14 58 51 7 35 498122 38 47 4
260 CTA 23 12 52 66 5 54 17 7 10 12 14 82 10 29 26 24 64 10 82 25 9 8 2 11 22 55 10 31 498273 100 5 9 4 87 30 8 8 32 3 22 6 72 13 1 3 85 10 33 42 5 10 25 24 1 30 17 14 16 126 25 1 9 36 43
261 GAC 34 5 48 20 3 45 6 69 66 73 21 8 34 65 14 8 92 32 20 48 34 24 15 48 61 9 38 10 39 6 4 1 36 498283 21 1 60 9 19 19 21 23 19 12 10 16 94 19 3 51 13 1 5 14 95 23 26 16 18 24 2 16 0 31
262 GAG 87 84 21 54 59 4 7 9 74 22 15 61 68 14 42 5 71 12 41 89 17 54 10 6 14 92 30 4 4 20 46 37 21 27 497671 19 0 41 8 23 28 2 92 1 53 22 71 41 35 37 40 57 122 97 7 43 78 54 6 23 38 14 41 15
263 TTC 2 12 51 51 49 41 99 15 16 57 0 26 18 167 2 26 51 1 90 31 35 35 17 2 14 19 8 14 4 1 25 24 16 19 42 11 13 36 48 37 7 61 2 38 38 21 16 10 27 39 15 25 30 19 37 49 31 51 40 51 86 498016 12 54
264 TTC 64 34 71 50 14 6 1 18 7 7 2 26 7 9 7 9 85 101 1 81 29 13 17 7 10 38 13 25 28 7 10 16 40 6 39 44 0 44 9 10 23 48 48 43 16 33 64 55 3 31 24 39 47 15 27 11 18 53 1 111 22 498221 25 17
