# POSITION WT AAA AAC AAG AAT ACA ACC ACG ACT AGA AGC AGG AGT ATA ATC ATG ATT CAA CAC CAG CAT CCA CCC CCG CCT CGA CGC CGG CGT CTA CTC CTG CTT GAA GAC GAG GAT GCA GCC GCG GCT GGA GGC GGG GGT GTA GTC GTG GTT TAA TAC TAG TAT TCA TCC TCG TCT TGA TGC TGG TGT TTA TTC TTG TTT
1 ATG 33 3 9 2 23 0 37 0 8 1 3 1 6 67 99445 11 3 12 1 1 2 13 4 3 1 3 2 6 5 1 12 7 9 15 8 3 14 28 45 0 10 11 16 0 4 3 5 1 0 10 0 20 3 4 5 4 0 13 3 10 11 3 7 10
2 ATT 60 5 42 5 7 1 13 5 10 2 9 12 17 0 6 99412 3 74 3 4 1 3 0 2 1 1 2 0 2 3 1 0 0 0 0 4 27 10 0 3 0 0 0 0 60 12 0 3 0 54 0 15 15 5 2 5 0 1 0 1 2 21 2 52
3 GAG 17 54 10 53 22 1 17 20 8 22 37 58 18 6 9 1 128 38 33 150 32 0 3 3 1 14 43 2 45 45 5 19 4 14 98897 2 1 0 4 1 11 1 1 8 4 3 1 1 0 16 1 16 26 8 16 9 0 5 0 4 2 14 16 0
4 CAA 23 12 17 17 1 1 6 3 1 1 3 1 3 16 7 2 99377 1 16 11 44 57 45 19 6 11 1 0 5 3 17 5 15 4 1 0 3 1 0 2 9 6 7 11 6 40 25 2 0 0 0 4 12 2 1 8 0 0 15 0 4 14 66 10
5 GAC 178 8 12 73 20 3 48 3 0 218 16 17 59 51 1 17 8 4 29 9 146 5 11 28 2 11 0 23 432 25 33 11 33 96956 46 0 3 19 30 5 140 30 111 33 36 2 1 0 0 12 0 0 6 149 42 240 0 6 5 11 119 48 373 43
6 GGC 417 177 113 72 56 279 40 110 17 15 95 78 192 16 42 70 8 1 1 4 688 332 52 735 2 19 12 17 10 16 9 3 38 9 65 30 58 3 77 15 12 95284 1 1 21 6 8 34 0 79 0 57 7 165 105 39 0 6 103 4 15 47 1 12
7 CTT 0 2 15 3 4 2 0 1 2 0 2 9 0 0 2 1 0 1 1 5 2 4 4 11 27 2 3 6 4 8 4 99574 21 0 5 0 1 4 0 3 3 1 22 0 1 7 3 3 0 2 0 1 2 1 8 4 0 127 4 60 11 3 3 1
8 CAT 3 2 0 6 0 0 2 1 0 2 1 1 1 0 34 1 3 2 1 99629 29 13 74 28 25 2 2 4 3 8 0 15 18 0 12 1 2 2 1 0 2 1 6 21 5 1 1 3 0 6 0 3 8 0 1 3 0 4 0 4 0 0 3 0
9 GCA 1 8 19 24 1 1 1 1 7 1 0 0 10 12 2 14 0 1 2 4 7 16 6 28 8 5 1 32 19 33 3 1 2 0 10 0 99565 12 3 3 8 10 17 1 11 3 11 7 0 2 0 1 14 6 3 3 0 0 6 4 4 2 21 3
10 GGA 0 0 0 0 7 2 1 2 2 0 0 1 1 0 1 0 3 0 0 0 1 0 1 4 4 11 1 2 2 5 1 0 3 2 1 0 0 0 0 0 99872 14 6 8 7 1 2 10 0 4 0 2 2 2 3 0 0 4 0 0 1 3 1 0
11 TCT 3 4 6 0 89 30 17 75 67 37 778 6 63 65 27 80 104 36 202 64 237 22 41 58 999 245 419 38 336 177 74 155 2 7 45 30 8 0 9 1 1 32 5 0 51 45 37 0 0 240 0 769 8 17 2 93055 0 176 2 21 295 111 88 389
12 CCC 3 0 2 2 9 2 5 6 0 0 1 4 1 0 0 2 3 0 0 0 13 99869 1 4 1 3 0 3 5 2 3 1 0 2 0 1 6 17 6 3 0 0 1 3 0 1 2 0 0 0 0 1 1 0 3 3 0 0 2 0 0 2 1 0
13 GCT 0 0 20 2 12 6 3 20 3 0 6 11 2 5 2 3 8 8 7 0 2 1 1 17 1 17 2 4 14 43 4 27 2 4 15 11 0 6 13 99523 4 1 0 7 0 6 4 22 0 3 0 1 6 4 8 38 0 8 1 0 8 0 51 3
14 GCA 2 2 1 1 22 9 3 3 1 10 13 8 0 0 5 0 1 0 0 10 0 10 8 14 2 6 8 4 0 1 0 1 9 0 0 1 99749 5 5 33 2 3 2 3 2 0 3 3 0 0 0 1 7 1 5 19 0 1 0 0 0 0 0 1
15 TGG 0 0 0 0 0 0 0 0 6 5 19 4 0 0 3 3 0 1 0 2 1 0 0 0 3 0 4 1 11 9 0 12 0 2 2 0 1 0 0 3 0 1 2 6 2 1 0 5 0 1 4 2 1 1 0 1 4 10 99856 5 3 0 2 1
16 GTG 74 4 176 5 18 3 9 17 20 20 29 21 0 2 0 0 5 1 8 1 1 1 0 1 41 81 3 34 4 10 0 0 25 0 1 3 11 19 13 13 0 26 52 13 2 9 99116 18 0 2 0 1 20 12 20 3 0 3 12 8 2 2 4 1
17 GAA 10 0 2 0 1 8 1 6 6 5 5 1 0 3 0 3 8 3 10 4 24 4 16 0 8 1 1 2 0 1 1 5 99756 9 10 6 1 2 1 0 9 4 1 1 3 0 12 1 0 0 0 0 12 18 4 4 0 0 4 0 2 0 0 1
18 CGT 7 2 55 2 0 2 0 0 14 8 3 30 5 1 1 0 1 5 0 12 1 4 4 10 2 20 13 99725 1 0 1 5 5 1 3 4 1 0 0 3 14 6 1 5 1 1 0 0 0 2 0 1 4 4 0 5 0 2 0 1 2 0 0 0
19 TTG 0 0 1 0 0 0 1 0 2 0 1 0 1 0 5 0 0 0 2 0 1 0 1 0 7 3 13 5 0 8 2 9 0 4 2 1 0 0 1 0 0 2 0 1 0 1 4 2 0 0 0 0 0 1 11 1 0 2 2 0 7 18 99875 3
20 TTC 93 0 24 0 74 0 0 23 52 6 74 9 3 6 9 1 8 8 5 5 1 6 21 5 7 20 27 64 0 11 2 9 131 8 139 1 17 22 17 9 11 0 1 1 2 5 1 0 0 10 0 10 2 1 1 1 0 9 0 9 20 98975 13 11
21 GGA 1 5 0 5 0 2 0 0 16 0 1 1 2 2 2 0 0 1 0 1 1 3 0 0 5 4 3 2 0 0 1 0 0 2 2 1 9 1 3 0 99876 2 6 7 7 4 3 0 0 0 0 0 1 0 5 3 2 1 0 3 2 0 1 1
22 TAT 3 1 0 5 0 0 1 0 0 0 1 9 2 0 2 0 1 0 1 5 1 1 2 0 0 0 0 0 0 0 1 4 1 0 1 2 0 1 0 0 0 0 1 3 0 1 1 0 2 1 0 99918 1 6 4 0 0 2 0 4 1 4 3 3
23 GAT 9 6 2 21 8 2 9 0 8 0 0 1 1 2 1 1 0 4 3 8 0 2 1 2 5 4 2 8 1 1 4 3 3 5 3 99813 0 2 0 3 2 0 2 8 0 0 2 0 0 4 0 9 0 0 4 2 0 4 1 8 3 1 0 2
24 TGG 1 1 0 1 0 0 0 0 6 0 4 3 1 0 0 1 1 0 4 0 1 0 0 1 0 4 10 0 4 0 0 3 1 5 0 0 1 0 0 0 1 1 3 1 1 1 1 0 0 1 0 1 2 1 13 2 0 11 99889 8 2 1 7 0
25 GCA 6 0 6 3 2 6 2 4 0 6 2 7 12 3 0 1 4 0 3 3 1 0 1 1 0 2 1 4 0 1 0 8 15 9 4 11 99710 8 8 24 1 0 4 2 8 16 12 24 0 2 0 6 13 12 6 5 0 0 0 0 6 1 1 3
26 CAA 0 0 9 1 0 1 2 2 3 1 0 0 0 8 2 0 99823 19 10 1 10 7 1 8 21 1 1 1 4 5 8 4 3 0 2 1 0 0 0 1 1 3 3 0 1 0 1 0 2 0 0 0 4 2 1 2 0 2 7 1 4 2 4 0
27 CAA 6 0 0 1 6 9 10 4 3 0 3 1 116 10 7 81 99543 2 4 6 0 1 0 6 0 0 7 3 0 0 0 0 4 0 10 1 0 2 0 1 1 1 2 3 15 42 59 1 3 1 0 0 2 3 10 1 0 5 0 1 1 0 1 1
28 ACA 2 9 0 0 99802 12 6 9 8 0 5 3 7 3 0 0 1 4 0 9 4 1 1 3 2 11 0 6 0 3 2 0 0 0 0 0 17 5 19 7 1 0 0 0 1 1 0 0 0 0 0 15 3 1 9 1 0 0 1 2 1 2 1 0
29 ATC 1 4 0 2 0 1 1 0 0 18 0 7 11 99884 0 6 1 0 4 0 0 2 0 0 0 1 0 0 5 2 2 2 0 1 1 3 0 0 0 1 2 0 5 1 1 0 0 2 0 1 0 0 2 2 7 2 0 3 2 0 5 4 0 1
30 GGC 0 0 1 2 0 0 0 0 2 11 5 9 0 5 1 1 1 0 1 1 0 1 0 0 5 3 3 7 1 1 1 2 0 4 1 3 0 2 0 2 35 99862 5 1 1 2 3 0 0 1 0 0 0 0 1 0 0 0 0 7 3 0 0 3
31 TGC 1782 2 366 4 2 0 0 1 5 13 11 0 0 5 1 0 496 3 28 0 0 4 0 0 22 19 35 11 88 29 4 0 0 0 1 0 0 0 0 3 2 3 0 0 0 2 0 3 0 3 0 3 6 1 2 8 5 97006 2 0 9 0 9 1
32 AGT 0 0 0 0 4 2 0 1 7 25 3 99867 3 0 0 0 2 0 2 1 1 0 0 0 0 1 12 3 0 1 0 3 2 0 0 5 0 0 1 0 0 5 1 5 3 1 2 1 0 3 0 1 11 3 2 4 0 7 1 4 0 0 0 0
33 GAC 2 12 11 10 28 18 10 35 2 13 6 3 0 0 2 0 0 1 0 1 52 10 17 2 7 4 5 4 3 6 21 6 4 99282 10 7 3 4 2 11 40 17 124 6 8 7 4 3 0 0 0 8 20 44 27 53 0 1 2 5 4 0 12 1
34 GCC 2 0 0 1 1 2 1 0 1 5 3 0 3 0 0 1 9 1 7 1 0 1 0 4 6 3 1 11 0 0 2 0 0 0 7 0 5 99885 5 1 0 1 1 0 5 2 1 1 0 0 0 0 6 2 6 4 0 0 1 0 0 0 0 1
35 GCC 3 8 0 4 1 13 40 70 3 2 0 0 0 7 0 18 5 1 11 1 0 10 2 1 7 0 14 8 5 0 0 0 4 8 5 3 11 99600 8 5 2 2 1 5 5 20 13 6 0 4 0 0 10 28 8 3 0 7 0 1 2 0 4 1
36 GTA 3 0 0 0 0 0 0 2 1 1 0 0 0 0 4 0 0 2 1 0 0 1 0 0 2 2 0 2 16 1 10 1 14 4 0 0 3 2 2 0 5 5 4 8 99879 4 7 8 0 0 0 0 0 0 0 0 0 0 0 0 5 0 1 0
37 TTT 0 0 0 0 0 0 0 0 0 1 1 4 2 0 0 0 0 0 0 0 0 5 1 3 0 0 1 1 2 2 2 1 1 0 0 1 1 0 1 1 1 1 0 2 0 4 4 4 0 1 0 8 1 0 1 3 0 0 0 1 2 3 2 99931
38 CGC 1 0 4 0 2 0 1 0 5 13 7 4 0 0 0 0 1 2 0 0 2 4 2 2 11 99866 13 13 2 2 3 0 1 0 0 0 0 0 0 3 1 7 2 2 2 0 1 0 0 2 0 2 0 3 6 1 0 3 0 3 0 0 1 0
39 CTT 1 1 0 0 0 1 0 0 0 4 0 1 1 0 0 1 0 0 0 2 0 0 1 0 1 0 0 2 9 12 10 99907 1 0 0 0 0 1 0 0 16 5 2 0 0 0 3 1 0 0 0 0 1 0 5 1 0 0 0 0 3 3 2 2
40 AGT 0 6 0 6 29 25 6 5 7 1 5 99813 0 1 1 1 7 1 3 4 3 1 0 2 7 3 0 6 1 0 0 0 2 0 0 0 0 0 0 2 2 0 1 6 4 19 1 0 0 1 0 0 2 3 1 3 0 1 0 0 1 5 1 1
41 GCT 2 0 4 17 1 2 4 2 5 0 0 0 1 0 0 1 12 2 8 0 0 1 0 3 1 0 0 0 0 0 1 0 0 0 3 3 10 2 9 99826 0 1 1 2 2 1 0 0 0 0 0 0 2 2 2 5 0 47 0 14 0 0 1 0
42 CAG 8 1 1 1 24 25 10 10 0 16 10 6 1 0 1 0 1 1 99676 7 3 28 9 15 1 10 21 6 5 0 8 4 0 6 8 0 4 1 3 8 2 0 3 0 1 0 1 2 0 0 4 0 9 3 10 9 0 7 3 1 1 0 5 0
43 GGA 1 10 3 8 14 7 7 3 5 121 1 31 0 0 1 2 0 6 0 1 0 1 0 1 3 6 0 12 3 2 0 0 5 5 0 4 3 3 1 7 99310 2 10 7 1 1 2 4 0 0 0 3 7 64 175 121 0 1 4 1 0 4 0 6
44 AGG 12 0 25 0 0 0 18 0 18 6 99793 0 2 3 2 1 1 0 5 0 4 0 3 4 0 1 3 11 6 3 2 1 0 0 0 0 4 2 3 0 18 9 5 17 3 0 1 0 0 4 0 0 0 1 0 0 0 0 1 1 0 5 2 0
45 CCG 15 4 42 9 0 3 14 5 0 6 1 2 0 1 4 3 2 6 9 0 34 0 99725 1 0 1 8 9 0 3 3 2 6 6 6 1 3 0 35 1 1 1 1 4 2 6 1 0 0 0 0 1 0 2 6 1 0 0 1 0 1 1 0 1
46 GTG 0 2 1 17 38 166 20 51 1 6 3 5 1 0 2 4 0 0 0 0 33 10 6 1 3 1 4 3 1 9 8 8 0 1 14 2 44 5 37 69 37 2 16 3 4 29 99255 17 0 0 0 1 17 0 0 8 0 4 0 16 7 1 6 1
47 TTG 6 0 7 0 0 1 1 0 5 0 4 0 0 0 9 0 3 16 5 0 3 0 0 1 5 1 4 4 6 8 2 18 1 1 0 1 0 0 1 0 0 5 0 0 2 0 11 0 0 28 2 2 0 2 5 1 0 0 11 6 5 2 99789 16
48 TTC 0 1 0 0 0 0 0 0 1 3 0 3 0 1 1 0 3 1 0 0 0 1 2 5 1 0 1 0 5 4 6 7 2 0 0 0 2 0 0 0 1 2 0 1 2 24 6 1 0 3 0 3 0 14 1 0 0 1 0 1 5 99874 0 11
49 GTT 1 1 0 1 0 0 1 0 0 1 0 0 0 1 2 18 0 1 0 1 0 0 0 0 2 0 0 0 2 1 1 2 0 0 0 3 1 4 5 2 3 1 0 0 6 27 6 99897 0 0 0 0 0 0 1 0 0 0 0 2 3 0 3 0
50 AAG 5 6 99902 0 0 0 1 1 3 1 0 0 2 7 2 1 3 0 0 0 3 0 0 0 2 1 10 2 0 0 0 2 3 0 12 2 0 2 1 0 3 0 3 0 1 0 0 1 0 0 3 0 5 1 1 0 0 1 2 0 3 1 0 1
51 ACC 0 2 0 6 13 99905 4 10 0 3 0 3 1 4 0 1 0 0 0 0 0 1 1 3 1 0 2 1 1 0 3 1 0 2 0 1 0 8 1 0 0 1 0 0 1 0 0 0 0 0 0 0 1 7 2 0 0 3 2 1 0 0 1 3
52 GAT 0 5 0 2 5 77 46 18 2 39 3 39 11 41 0 1 18 0 15 0 0 3 2 0 0 0 2 1 6 10 4 5 107 9 12 98289 130 39 319 254 0 3 3 4 8 17 21 2 0 7 0 6 64 48 79 136 0 28 0 55 3 1 0 1
53 TTG 23 4 0 4 0 8 26 18 8 22 29 4 5 1 1 1 4 9 10 14 0 46 1 0 50 24 50 32 1 2 14 1 0 2 5 0 64 22 13 20 2 6 0 2 10 20 9 12 0 2 0 103 13 4 7 47 0 0 11 1 7 5 99196 5
54 TCT 2 1 0 1 1 2 3 1 0 0 0 2 0 2 0 2 0 13 0 4 0 0 0 3 5 0 7 2 1 0 0 0 13 0 8 0 2 2 4 1 3 2 0 0 0 2 0 2 0 0 0 0 2 12 9 99874 0 0 0 8 0 1 0 3
55 GGG 0 1 0 1 0 0 0 2 22 0 16 0 1 0 0 2 1 19 5 19 0 0 0 0 0 2 3 3 0 9 0 5 4 0 0 3 1 3 12 0 6 2 99776 6 14 1 9 9 0 8 0 1 3 0 5 1 0 6 0 3 5 0 6 5
56 GCG 3 2 2 2 0 0 0 3 3 0 0 16 0 0 0 3 5 5 10 23 2 2 11 7 3 0 0 0 0 0 0 0 3 2 10 3 11 9 99806 2 1 2 4 1 4 1 9 2 0 2 0 1 1 5 16 1 0 0 1 1 0 0 0 0
57 CTA 0 5 2 3 0 0 0 0 4 0 1 0 4 2 4 2 1 0 1 0 8 2 7 1 10 1 2 2 99888 10 4 2 1 1 0 0 2 2 1 1 0 2 1 1 3 0 0 1 0 2 0 1 0 5 1 0 0 0 2 0 3 0 4 0
58 AAC 3 99848 1 8 1 3 3 3 13 4 0 2 0 6 1 0 0 10 4 1 0 1 3 1 5 4 2 19 4 4 0 1 3 5 2 0 2 3 0 2 0 5 0 1 0 0 0 2 0 5 0 1 0 2 0 2 0 0 1 2 3 0 3 1
59 GAG 4 2 0 2 0 1 1 1 0 1 0 1 0 0 0 0 12 0 7 0 2 0 1 0 0 0 1 0 0 0 1 0 12 7 99895 1 1 0 5 1 4 5 12 0 2 0 2 1 0 0 0 2 0 2 0 4 0 0 4 1 2 0 0 0
60 CTG 1 0 0 1 0 1 0 4 11 2 13 1 3 0 14 1 0 3 1 2 2 3 4 0 6 2 9 1 17 2 99833 15 0 1 0 0 3 0 1 1 1 1 0 0 0 0 0 0 0 1 0 1 2 1 0 5 0 0 0 1 5 1 22 1
61 CAA 1 1 3 1 2 0 2 0 1 1 1 1 1 3 7 0 99848 4 16 13 0 1 5 1 0 4 0 1 2 0 0 5 8 7 0 9 3 1 2 4 0 0 1 1 1 5 4 1 8 2 0 8 1 2 0 2 0 2 0 0 0 0 3 0
62 GAT 0 0 0 1 0 0 3 1 4 0 4 0 0 0 0 0 0 0 0 1 1 1 2 0 2 0 1 0 1 2 0 2 41 13 58 99827 2 4 0 0 4 0 0 2 4 4 0 3 0 1 0 1 2 0 2 1 0 1 0 0 1 1 0 2
63 GAG 1 1 16 0 4 1 1 0 2 2 1 3 1 1 0 0 6 0 1 0 3 0 0 0 2 4 2 0 6 7 1 1 26 13 99840 2 5 4 13 2 0 2 2 2 0 0 4 1 0 2 0 0 1 2 1 0 0 1 2 0 2 0 6 0
64 GCG 0 1 2 0 1 0 0 2 0 6 0 6 0 5 0 9 0 0 0 0 1 1 4 1 3 1 1 0 0 1 0 1 0 6 5 3 13 4 99873 9 4 2 0 0 1 0 0 2 0 0 0 0 6 0 17 6 0 0 0 2 0 0 0 1
65 GCC 1 4 1 0 0 0 1 2 0 2 1 3 0 0 0 0 2 0 2 0 2 1 0 2 1 0 2 2 0 0 0 1 2 1 0 1 14 99647 8 3 2 2 0 1 61 111 13 79 0 1 0 0 4 2 2 5 0 5 0 5 0 0 1 0
66 CGA 0 0 0 5 0 2 0 2 4 3 11 4 0 4 3 0 3 0 1 1 3 4 5 1 99852 18 18 2 0 0 4 3 1 1 3 0 1 3 0 0 3 0 5 2 0 2 0 1 0 0 0 1 4 2 7 5 3 1 0 2 0 0 0 0
67 CTT 0 2 2 2 3 0 2 5 1 0 2 1 2 2 1 14 0 0 0 20 4 6 2 1 7 4 0 1 8 4 16 99843 0 0 0 0 1 0 0 5 0 2 2 5 1 5 0 3 0 0 0 0 0 3 0 3 0 0 4 2 6 1 1 1
68 TCG 2 0 4 4 1 0 1 0 8 5 46 16 1 5 2 0 11 0 15 0 0 0 9 1 20 0 11 0 1 4 0 0 0 0 0 1 12 1 12 9 0 2 2 3 3 0 1 0 0 1 0 0 3 2 99765 8 0 0 1 0 0 1 6 0
69 TGG 0 1 0 0 0 0 0 0 3 5 11 0 0 0 0 3 0 1 0 0 1 0 1 3 1 2 4 0 2 2 4 7 3 0 0 0 3 3 0 1 3 7 21 4 0 0 2 1 0 1 4 2 0 0 3 2 1 0 99871 1 9 0 7 0
70 CTG 1 1 1 2 5 2 0 1 1 2 3 0 0 0 9 0 1 0 0 2 8 0 9 0 0 2 7 0 4 8 99870 20 0 3 1 2 2 0 0 0 4 2 1 1 2 4 0 0 0 0 0 0 0 1 3 0 0 3 0 1 1 0 10 0
71 GCC 2 2 3 4 1 3 2 1 1 6 4 14 0 1 0 1 1 0 0 1 0 15 11 0 2 2 3 3 0 0 1 1 3 1 7 0 7 99819 8 17 3 4 0 2 0 1 0 1 0 0 0 0 13 10 0 6 0 3 0 5 2 0 1 2
72 ACA 1 1 0 0 99833 44 23 8 0 6 1 2 2 0 1 0 1 2 0 4 22 3 1 3 4 0 0 2 0 0 0 0 0 0 1 0 2 0 5 0 0 0 0 0 0 1 3 0 0 0 0 0 7 2 3 5 0 0 1 2 2 1 0 1
73 ACA 0 2 1 0 99902 13 18 1 3 0 0 1 6 1 1 0 1 0 1 0 4 0 0 3 0 1 2 0 0 0 0 0 7 0 0 0 13 1 2 1 1 0 0 0 1 0 0 2 0 2 0 2 0 0 0 1 0 3 0 2 0 0 1 0
74 GGG 2 1 0 0 2 2 1 0 1 2 13 1 2 0 1 0 0 0 0 0 0 0 0 0 0 0 9 0 0 0 0 0 0 0 0 0 3 9 3 1 49 15 99872 2 0 0 1 1 0 1 0 0 0 0 1 0 0 2 0 0 0 3 0 0
75 GTT 0 4 1 0 1 2 0 1 0 0 1 0 0 9 0 7 2 1 6 1 1 0 1 0 1 0 0 1 2 1 2 37 3 2 1 5 4 3 0 5 1 0 2 1 6 5 1 99851 0 1 0 2 2 0 0 0 0 3 0 0 1 0 8 11
76 CCG 2 0 3 0 5 24 1 6 0 14 2 4 0 1 0 1 2 1 14 1 7 6 99821 1 2 0 1 4 1 3 17 3 0 0 0 1 4 0 0 1 2 0 0 3 0 2 0 0 0 2 0 0 5 1 12 9 0 0 1 1 7 0 1 1
77 TGC 1 1 0 0 2 0 0 1 1 0 3 1 0 1 0 2 0 0 0 2 2 0 0 0 0 6 1 1 0 0 0 0 0 0 1 0 0 1 0 0 0 5 1 0 0 2 3 2 0 3 0 0 0 0 1 2 2 99937 7 5 0 3 0 0
78 GCA 0 0 0 0 0 3 1 3 4 1 3 4 1 0 1 0 8 0 4 0 5 1 0 0 5 2 3 1 1 0 0 2 3 0 5 0 99894 4 17 1 6 0 1 1 0 1 3 0 0 0 0 2 0 2 2 1 0 2 0 0 0 0 2 0
79 GCG 58 9 46 8 3 12 29 0 1 7 14 1 3 40 0 125 0 4 7 2 0 2 5 4 11 3 4 18 0 0 0 1 2 2 18 2 11 8 99451 1 16 2 45 7 0 1 1 0 0 1 0 0 3 1 9 1 0 0 0 0 0 0 0 1
80 GTT 3 2 1 0 1 0 0 0 0 0 0 0 2 0 0 4 0 1 0 0 1 0 1 0 2 1 1 3 2 2 0 5 1 0 0 0 0 2 0 7 0 1 4 8 7 7 11 99896 0 0 0 0 0 1 0 0 0 1 0 0 3 0 4 15
81 TTA 0 0 8 3 0 0 2 2 0 2 2 0 8 1 9 9 8 0 1 1 3 2 0 5 0 14 1 0 11 6 9 1 16 1 9 2 1 0 0 0 0 2 3 2 7 3 2 5 0 2 0 0 2 1 2 3 2 3 3 0 99814 1 3 3
82 GAT 0 1 0 0 0 1 1 0 0 2 2 1 0 2 0 1 0 0 0 3 1 1 1 0 1 1 2 1 0 0 0 0 2 8 4 99933 0 1 0 3 4 1 0 2 1 4 2 1 0 0 0 10 0 0 0 0 0 0 1 0 1 0 0 0
83 GTT 2 2 6 0 2 0 4 0 3 0 4 6 3 1 3 3 0 1 4 3 1 1 0 1 5 0 3 11 0 0 7 9 4 3 2 7 0 0 6 10 0 0 9 25 17 4 17 99474 0 5 0 10 2 4 12 0 0 0 0 1 5 181 8 109
84 GTA 0 1 1 1 10 1 4 1 1 8 1 1 0 1 0 2 3 3 0 0 0 2 2 2 0 1 1 2 7 2 2 0 2 1 1 2 8 4 6 19 0 2 2 2 99845 5 7 8 0 1 0 0 0 7 1 0 0 0 3 1 6 0 7 0
85 ACG 1 4 21 0 3 32 99851 3 0 4 0 0 1 8 1 0 1 0 1 2 0 0 0 2 0 1 1 0 0 1 0 0 0 0 2 1 1 1 14 14 0 0 0 2 1 1 0 5 0 1 0 1 0 2 10 0 0 0 0 1 0 3 1 1
86 GAG 3 1 4 0 0 0 0 0 0 1 2 0 0 0 0 1 0 1 0 1 1 0 0 0 1 0 2 3 6 4 3 1 5 20 99899 0 0 10 5 1 2 1 4 0 0 0 2 0 0 0 2 3 1 0 1 0 0 2 0 2 4 0 1 0
87 GCG 2 2 10 0 3 0 5 4 2 6 2 16 0 0 2 0 0 0 0 5 1 7 4 0 0 0 0 2 1 0 0 2 2 3 15 0 6 40 99823 1 0 0 8 0 2 0 0 1 0 1 0 1 1 0 11 3 0 3 1 0 0 2 0 0
88 GGC 0 2 0 2 0 1 0 0 3 9 1 0 1 0 0 2 1 0 1 1 3 0 0 0 6 0 2 1 0 8 0 0 0 2 7 5 1 14 3 6 1 99869 9 1 6 1 2 0 0 0 0 0 0 0 4 4 0 11 0 5 0 2 3 0
89 AGG 0 0 0 1 1 3 0 1 15 13 99821 10 0 1 1 2 0 0 0 8 1 3 1 1 5 8 11 14 2 5 1 0 0 2 0 0 2 1 6 0 1 1 2 1 0 0 0 1 0 2 0 0 8 2 1 1 0 3 28 0 1 0 6 2
90 GAT 0 4 2 7 1 2 1 0 0 2 1 0 0 0 4 0 0 1 3 0 0 2 0 1 1 2 0 2 5 0 0 0 2 1 3 99899 2 2 13 7 0 1 2 5 0 0 1 1 0 2 0 5 0 0 4 1 0 1 1 2 1 0 2 1
91 TGG 0 0 0 1 0 0 0 0 0 1 6 2 1 0 0 0 2 0 1 0 1 0 0 4 3 5 4 3 4 1 7 2 1 0 1 0 0 0 1 0 11 2 7 0 0 2 0 0 0 3 0 1 0 2 6 0 1 5 99896 6 2 0 3 2
92 CTA 0 0 0 1 0 1 0 0 1 2 0 0 2 0 2 0 3 3 2 2 1 6 1 1 3 1 1 2 99777 7 57 39 0 1 1 0 1 0 0 0 2 0 0 7 5 1 0 1 0 3 0 3 0 0 1 1 0 0 2 4 21 1 30 0
93 TTA 0 0 0 0 0 0 1 1 0 0 1 0 1 0 1 0 0 0 1 0 2 2 3 1 2 1 0 3 36 15 3 0 1 0 0 0 0 0 0 2 1 2 0 2 1 0 1 2 2 1 0 0 2 0 1 1 0 0 1 1 99887 2 13 3
94 TTA 0 0 0 0 2 0 4 1 0 0 2 0 2 0 2 0 3 0 0 0 0 0 0 0 1 1 2 0 4 5 11 1 0 0 2 0 0 1 0 0 0 0 1 0 4 1 1 1 0 0 0 0 5 0 3 0 8 0 0 0 99907 5 14 6
95 GGT 3 0 0 0 0 0 0 0 2 0 0 2 0 0 1 0 0 1 1 0 0 1 2 0 2 3 2 3 1 0 1 0 0 4 0 1 4 2 2 9 5 4 5 99906 6 0 8 1 0 1 0 0 1 0 1 0 0 6 2 4 2 1 0 0
96 GAG 2 0 2 2 0 1 1 0 0 0 1 0 0 0 0 0 3 0 17 1 0 0 0 0 0 1 0 0 0 0 1 3 16 3 99907 0 0 0 2 1 0 8 6 1 2 1 0 2 0 1 0 0 1 1 0 0 0 0 0 3 0 2 2 6
97 GTT 0 0 1 0 0 3 0 2 2 2 0 0 0 0 0 4 0 1 0 1 0 1 0 1 0 5 6 2 5 2 0 3 1 0 0 7 0 3 0 1 2 0 6 3 16 12 13 99889 0 0 0 3 0 0 0 0 0 1 0 1 0 0 1 0
98 CCG 0 0 0 0 1 1 6 7 3 2 3 0 1 0 0 2 0 0 1 0 5 3 99889 7 1 7 6 0 1 2 2 0 0 0 0 0 3 0 1 2 1 0 4 2 1 0 1 0 0 0 0 1 1 3 12 5 0 0 5 1 0 2 5 0
99 GGG 0 0 0 0 0 0 0 2 2 4 15 0 0 1 0 1 1 1 0 0 0 0 0 0 0 1 8 0 4 0 0 1 1 6 0 1 2 3 3 1 4 11 99900 1 3 1 0 1 0 0 0 0 1 0 2 3 0 4 1 7 0 1 1 1
100 CAA 0 0 2 0 0 3 3 0 0 0 0 3 1 0 0 0 99887 9 23 0 9 15 1 6 3 2 2 0 0 1 2 4 0 0 2 0 1 0 2 1 0 0 1 0 2 1 0 0 0 0 0 1 1 0 1 1 0 0 0 1 0 0 8 1
101 GAC 0 0 0 5 2 1 0 0 0 0 0 4 0 0 8 1 3 3 5 1 0 0 2 2 0 2 0 0 0 3 0 0 4 99906 1 6 0 2 3 2 0 0 3 1 0 2 8 0 0 2 0 1 2 1 4 2 0 1 2 0 1 0 4 0
102 TTG 0 0 0 0 0 0 2 0 9 1 9 0 0 0 5 1 1 0 0 0 3 2 2 6 3 2 0 2 7 2 2 7 0 3 0 4 1 0 1 1 2 0 2 1 0 0 1 1 0 0 0 0 0 0 2 0 0 1 0 0 37 2 99874 1
103 CTT 0 1 0 0 0 0 0 0 1 1 0 1 0 2 1 8 1 0 0 3 3 2 3 8 0 0 2 0 8 13 0 99921 0 0 0 0 0 0 0 0 0 0 0 0 0 0 1 3 0 1 0 2 0 0 0 0 0 0 1 2 9 0 0 2
104 AGT 1 1 2 1 1 4 5 1 6 4 5 99897 4 0 0 0 0 0 7 0 0 2 0 0 3 0 1 7 0 1 1 0 0 0 0 0 1 0 1 1 2 6 4 3 1 1 0 4 0 0 0 0 8 2 1 7 0 0 0 2 0 0 1 1
105 TCC 0 0 1 0 0 2 0 0 4 6 0 13 9 3 0 5 0 1 1 4 0 1 0 0 0 2 0 4 3 5 7 1 1 0 0 2 3 15 1 0 0 2 2 0 1 0 1 0 0 7 0 0 14 99857 2 4 0 6 3 0 1 1 5 0
106 CAC 1 18 4 5 11 0 2 9 1 13 0 5 0 2 2 2 31 99739 38 2 6 4 1 1 1 1 4 5 0 9 2 0 0 24 3 12 1 5 0 2 0 0 0 6 0 0 1 0 0 1 0 0 4 0 6 9 0 1 0 5 0 0 1 0
107 CTG 0 1 0 0 1 1 0 1 0 0 2 3 0 0 4 1 2 0 4 0 0 3 8 0 1 0 2 1 20 14 99889 1 0 1 0 0 0 0 1 0 0 0 0 0 4 0 11 0 0 0 0 1 0 0 1 0 0 0 1 1 4 0 16 0
108 GCC 1 0 2 0 0 0 0 3 1 2 0 4 1 0 0 0 0 0 3 0 55 13 1 24 0 0 2 0 0 0 1 1 0 0 2 1 5 99797 3 8 8 4 8 10 0 2 6 3 0 2 0 3 0 4 3 8 0 0 1 3 0 4 0 1
109 CCG 2 0 0 0 5 2 5 2 0 0 0 1 0 1 1 1 2 1 4 0 22 0 99892 12 0 4 2 0 0 4 1 3 0 3 0 1 2 0 0 2 0 0 0 4 2 7 2 0 0 0 0 0 0 1 1 2 0 0 1 0 5 0 0 0
110 GCG 0 0 2 1 0 2 10 4 0 5 0 8 0 0 1 0 1 1 1 1 0 1 1 5 6 0 0 0 0 0 3 0 16 4 11 1 7 26 99830 10 0 0 2 0 0 2 12 4 0 0 0 0 1 9 9 0 0 1 0 2 0 0 0 0
111 GAG 0 0 3 0 0 0 2 4 0 0 2 1 2 3 2 0 2 0 1 0 1 0 1 4 2 3 0 5 13 12 1 3 7 8 99887 5 0 0 1 0 1 0 2 0 3 1 2 1 0 0 2 0 0 0 1 1 0 0 1 0 3 1 6 0
112 AAA 99915 11 1 3 3 2 0 1 1 0 2 1 5 3 0 4 0 1 2 1 0 1 0 2 0 1 0 2 1 1 0 0 7 1 0 0 0 0 1 0 2 0 2 0 0 0 0 2 8 1 0 0 2 1 2 2 0 2 0 1 1 1 0 0
113 GTA 1 1 1 1 3 1 3 3 0 1 1 0 5 2 3 0 1 2 1 0 0 1 0 1 2 0 2 0 6 2 0 0 1 0 1 0 4 1 1 3 1 0 0 0 99913 7 8 10 0 1 0 0 0 2 0 0 0 0 1 0 1 0 1 0
114 AGT 1 2 2 35 1 0 1 2 3 10 3 99638 2 6 0 2 0 0 3 1 1 1 0 6 3 3 25 14 2 3 7 8 1 0 0 1 7 43 9 33 3 2 18 10 1 2 0 1 0 2 0 0 6 4 9 6 0 40 1 14 0 0 2 0
115 ATA 9 1 2 0 23 4 2 0 6 0 3 2 99892 13 1 7 1 0 0 0 0 1 2 2 0 0 0 0 0 0 0 0 0 1 0 1 1 0 1 0 0 0 0 0 6 0 0 2 0 1 0 1 7 1 0 3 0 0 1 0 1 0 1 1
116 ATG 1 0 0 0 11 3 21 0 1 2 4 2 1 3 99884 0 0 0 0 3 0 0 1 1 5 12 7 10 0 0 5 2 0 4 0 0 0 0 0 0 0 0 0 0 5 6 2 0 0 0 0 0 0 1 0 0 0 1 1 0 1 0 0 0
117 GCT 0 0 0 1 0 0 0 6 2 9 1 5 2 1 0 0 4 0 0 0 0 0 1 0 3 0 4 3 0 0 0 0 4 0 8 2 18 8 7 99870 0 8 0 2 5 1 8 3 0 0 0 1 1 2 1 5 0 0 2 0 1 0 1 0
118 GAT 1 0 0 3 0 2 2 1 0 0 2 2 3 0 3 2 2 1 0 2 0 0 1 0 1 0 2 1 1 0 0 0 28 0 4 99915 1 0 1 3 0 0 1 0 1 0 1 2 0 0 0 3 0 3 1 0 0 0 0 0 0 1 1 2
119 GCT 0 1 7 1 2 0 0 2 0 6 1 5 0 0 0 0 1 0 0 0 0 3 0 6 0 0 0 0 4 0 0 2 2 0 3 5 18 6 0 99890 0 0 2 3 1 0 1 10 0 0 0 0 2 2 1 6 0 0 3 0 1 0 3 0
120 ATG 0 0 2 1 4 12 1 3 1 0 13 1 3 8 99812 10 1 0 0 0 1 0 2 0 1 0 4 2 17 9 20 15 0 0 1 2 1 0 2 1 1 4 3 2 2 0 2 1 0 1 0 1 0 0 0 0 0 0 1 0 14 0 15 3
121 AGG 4 0 7 0 5 3 0 8 30 5 99827 2 0 5 4 4 1 0 0 0 7 0 2 1 7 2 8 5 11 0 1 2 0 17 2 0 0 2 3 0 5 0 4 3 0 0 0 2 0 1 0 0 1 1 2 0 0 1 1 0 2 0 1 1
122 CGT 2 1 0 1 3 3 5 1 8 4 15 7 4 0 4 1 0 0 0 1 5 0 1 0 9 8 1 99701 13 19 15 54 1 1 0 7 5 1 2 0 4 0 5 2 2 0 0 0 0 1 0 3 1 4 2 5 0 3 2 9 41 0 12 1
123 TTA 1 0 0 1 0 0 2 1 2 3 1 1 8 0 5 0 1 0 2 2 6 2 3 1 1 1 3 2 3 4 2 9 0 0 1 0 0 1 2 2 0 0 0 0 8 1 1 4 0 4 0 2 0 0 0 2 0 1 0 2 99890 8 4 0
124 CAC 2 19 0 4 6 8 1 8 6 3 10 0 0 1 1 0 6 99802 2 19 4 0 15 1 3 4 2 11 4 2 0 2 1 9 5 0 3 0 1 3 0 0 5 0 0 1 1 2 0 3 0 0 5 3 0 5 0 0 1 0 3 1 1 1
125 ACA 5 2 2 5 99852 8 6 2 1 2 1 5 1 4 0 1 0 1 1 3 10 1 5 1 1 1 3 2 2 0 1 0 1 1 1 1 8 7 7 4 5 2 2 0 1 2 0 0 0 1 0 1 1 6 8 0 0 4 1 3 3 0 1 0
126 CTA 0 0 1 0 0 0 0 2 0 0 2 0 0 1 1 0 4 2 0 3 2 2 0 5 0 0 2 1 99911 14 23 3 0 0 0 1 3 0 2 0 0 0 0 0 4 1 1 3 0 0 0 1 1 0 1 0 0 0 0 0 1 1 1 0
127 GAT 3 0 0 4 1 1 0 2 0 13 3 2 1 1 4 0 3 0 4 2 0 0 0 0 0 2 1 0 2 1 1 2 6 5 7 99859 0 0 0 5 2 0 0 3 0 4 1 0 0 5 0 0 5 8 15 19 0 1 0 0 1 1 0 0
128 CCA 1 0 0 1 2 4 0 1 0 2 3 3 3 2 1 28 7 0 2 2 99865 7 35 1 1 0 2 1 6 1 0 2 1 0 1 0 1 0 0 0 2 1 0 0 0 0 0 0 0 0 0 1 2 0 0 2 0 2 1 0 2 0 1 0
129 GCA 0 0 3 1 3 0 0 0 1 2 6 3 0 2 2 0 1 2 5 1 3 0 4 2 1 3 2 1 0 0 3 1 12 0 2 0 99864 4 1 3 1 0 0 1 8 0 0 0 0 1 0 0 29 2 9 3 0 2 0 1 2 0 2 1
130 ACG 1 2 0 0 26 9 99871 5 2 2 4 3 0 1 0 0 2 0 0 1 2 1 2 1 0 1 1 0 6 0 6 7 0 1 0 1 0 3 3 2 1 1 2 3 0 0 0 1 0 1 0 1 1 0 4 2 0 0 1 0 3 1 12 0
131 TGC 0 1 0 0 1 1 1 2 0 0 1 3 0 0 2 0 1 0 3 3 1 2 1 1 1 2 0 2 1 2 0 0 2 0 0 6 1 0 0 0 1 2 2 0 2 1 0 1 0 2 0 0 3 1 0 2 0 99925 7 2 0 5 1 2
132 CCA 1 0 0 1 12 11 0 0 0 0 1 3 0 0 0 0 20 2 3 0 99853 12 17 8 4 0 0 0 1 0 0 10 0 2 1 0 1 0 3 3 0 1 1 3 0 0 0 2 0 0 0 0 1 1 0 0 0 1 1 1 5 0 13 1
133 TTC 0 0 0 1 0 1 2 3 0 1 0 0 1 1 0 0 0 0 0 0 0 0 0 1 0 0 1 1 0 9 3 2 0 2 1 0 0 0 0 0 0 1 1 1 0 7 1 6 0 4 0 1 1 5 4 0 0 0 0 0 2 99935 1 0
134 GAT 1 2 0 8 1 1 0 3 0 2 0 0 0 0 2 0 13 3 3 0 1 1 0 0 0 1 0 1 0 1 0 0 7 12 2 99908 0 3 1 1 2 4 0 2 2 3 1 1 0 2 0 0 2 2 0 0 0 0 1 0 0 0 0 0
135 CAC 1 6 2 3 0 1 0 1 4 2 1 0 1 0 0 0 2 99927 4 0 5 5 6 3 3 1 0 0 1 1 1 0 1 0 0 1 0 1 0 0 0 0 1 0 4 1 0 0 0 4 0 1 2 0 0 0 0 0 0 0 1 1 1 0
136 CAA 7 0 2 0 8 0 7 1 4 2 13 0 0 1 0 0 99858 1 13 1 25 0 0 0 10 10 5 1 2 0 2 0 3 0 2 1 0 0 0 1 2 0 0 0 1 0 0 0 2 0 0 0 4 0 1 2 0 5 2 0 0 0 0 1
137 GCG 3 1 1 0 1 1 0 0 26 1 46 1 4 193 38 45 7 0 1 0 1 1 1 2 17 5 41 13 40 43 3 44 3 0 4 1 4 6 99096 5 0 0 0 0 14 10 36 51 0 36 0 45 9 7 4 3 0 0 1 0 28 28 5 24
138 AAA 99895 3 8 4 0 1 0 1 5 0 2 1 6 0 1 0 16 0 2 0 0 1 4 1 4 11 5 1 0 0 0 0 3 0 1 0 1 1 1 0 0 0 0 0 2 4 0 0 0 4 0 1 0 0 2 1 0 0 1 0 0 3 0 3
139 CAC 1 5 1 1 0 5 1 0 0 3 1 1 0 0 0 1 6 99868 18 7 5 10 3 0 1 12 1 3 0 6 1 0 0 5 0 3 3 1 5 0 1 2 2 0 0 2 2 0 0 4 0 0 0 0 2 3 0 0 1 0 1 2 0 0
140 CGA 0 0 0 0 0 0 0 0 1 3 8 1 0 0 0 0 17 0 0 2 2 0 0 0 99834 41 8 7 9 1 0 1 0 1 2 1 0 0 0 0 6 1 6 8 0 0 0 0 0 2 0 2 18 4 6 1 2 0 0 2 0 0 2 1
141 ATA 1 1 0 0 1 0 1 1 0 1 1 2 99855 6 3 7 4 2 2 0 0 0 0 1 1 1 1 0 3 0 1 1 0 0 1 0 4 0 0 0 1 1 0 5 10 38 5 15 0 2 0 1 1 0 0 0 0 3 0 5 2 5 0 4
142 GAA 7 0 2 0 4 0 1 3 0 0 0 0 4 2 1 7 8 1 0 3 0 1 0 0 0 0 0 1 1 0 0 0 99878 14 11 0 0 1 1 0 25 0 8 2 1 0 1 2 7 0 0 1 1 0 0 0 0 0 0 0 0 1 0 0
143 CGA 0 0 0 0 9 13 29 7 12 1 14 5 0 0 7 3 1 5 0 10 13 0 11 4 99765 4 10 3 0 5 1 0 1 0 7 0 3 0 0 0 3 1 0 3 0 5 1 1 0 2 0 0 0 6 8 0 1 13 1 4 5 2 0 1
144 GCA 0 0 0 2 0 0 0 0 0 9 1 16 0 0 1 0 0 0 0 0 3 2 4 1 0 0 0 1 1 0 0 0 5 3 3 0 99907 2 11 2 1 0 0 0 1 0 0 0 0 0 0 0 10 6 0 4 0 0 0 0 1 0 0 3
145 AGA 0 2 0 5 1 0 1 0 99854 20 9 2 1 0 1 0 0 10 0 0 2 1 2 1 2 15 2 3 0 4 0 0 1 0 3 1 0 0 0 0 0 5 5 0 1 1 1 2 0 4 0 4 0 5 0 0 11 2 0 2 6 5 3 0
146 ACT 9 0 1 11 6 16 1 99245 4 11 13 0 16 22 0 33 2 3 4 9 0 0 2 1 1 25 0 0 46 4 120 55 12 0 44 1 3 3 6 1 4 0 0 1 26 4 3 13 0 1 0 2 9 4 10 3 0 4 0 1 134 0 48 3
147 CGC 0 0 0 0 0 0 0 1 21 5 5 0 1 0 2 0 2 0 1 1 2 0 0 2 15 99894 2 5 1 0 1 0 2 2 0 1 1 0 1 3 0 8 3 0 0 1 0 0 0 1 0 1 1 2 6 1 0 0 1 0 3 0 1 0
148 ATG 0 1 3 0 2 1 5 0 0 1 12 5 10 10 99909 5 1 2 0 0 0 0 0 0 2 0 0 4 1 4 2 0 1 1 0 0 0 0 2 0 0 0 1 1 2 4 2 5 0 0 0 0 0 0 0 0 0 0 0 0 0 0 1 0
149 GAG 99 2 20 15 0 1 3 0 17 2 0 0 8 23 10 50 6 31 5 2 4 1 1 3 2 1 4 3 2 20 8 19 7 4 99476 0 2 0 3 0 14 1 9 1 3 28 26 0 0 2 0 10 1 5 1 0 0 1 0 13 2 1 28 0
150 GCT 1 2 0 0 3 6 6 0 1 3 6 1 1 0 4 0 4 20 4 3 3 1 0 3 0 0 0 0 0 2 0 0 2 2 0 21 7 4 6 99835 5 1 2 2 0 0 8 3 0 0 0 0 2 4 1 13 0 3 0 3 0 1 0 1
151 GGA 1 7 0 11 1 1 0 1 9 0 0 2 1 0 1 6 0 0 1 3 1 0 0 1 13 3 7 1 1 0 0 0 27 3 13 3 0 0 0 2 99829 6 19 2 1 2 1 0 0 0 0 2 0 0 1 2 0 4 0 5 2 1 3 0
152 CTA 0 0 0 3 0 1 1 1 3 0 0 0 0 1 5 0 10 0 1 3 1 0 0 2 4 0 3 1 99826 34 12 5 1 0 1 0 2 3 1 0 2 1 1 0 10 0 0 2 0 3 0 6 0 2 0 0 0 0 0 0 18 0 30 0
153 GTA 0 1 1 0 1 3 1 2 4 1 0 0 17 11 45 9 1 1 1 1 2 51 3 6 1 0 0 1 7 13 7 6 1 0 0 0 0 0 0 3 11 1 0 1 99664 5 4 15 0 4 0 1 2 4 0 0 0 0 4 4 13 38 15 13
154 GAT 1 1 0 2 2 1 0 0 18 0 3 0 0 0 2 2 1 3 1 3 0 1 1 0 7 5 2 4 0 1 2 4 2 3 0 99863 1 0 1 2 5 3 0 7 2 2 0 9 0 18 0 8 0 1 0 0 0 1 1 0 0 0 1 3
155 CAA 7 1 1 2 220 67 72 28 6 7 1 7 200 44 58 89 97937 6 24 0 2 0 8 7 0 10 5 1 44 24 33 32 78 0 62 2 1 2 1 11 12 6 5 2 55 45 68 48 0 183 0 51 3 13 3 0 0 34 296 47 7 1 13 8
156 GAT 3 3 0 2 0 0 0 4 1 2 1 1 1 0 0 1 1 2 2 13 0 2 0 0 3 0 3 2 0 0 2 1 0 12 2 99900 0 3 3 5 0 0 0 6 0 0 0 7 0 3 0 2 1 3 1 0 0 0 1 0 0 0 1 0
157 GAT 0 1 0 16 0 0 0 0 0 0 0 1 0 0 0 0 2 0 0 1 1 0 0 0 0 0 0 1 0 0 1 1 2 18 5 99921 0 0 0 1 0 1 6 3 0 0 0 2 0 2 0 6 1 0 0 0 0 2 0 2 0 1 1 1
158 CTT 1 4 0 0 0 1 1 4 0 1 0 1 0 0 7 4 1 1 0 13 0 2 5 8 2 1 1 5 10 7 4 98938 0 1 0 1 0 1 2 0 4 0 6 0 0 1 0 2 0 119 0 34 0 2 4 2 0 1 143 0 17 338 23 277
159 GAC 1 1 0 3 1 1 1 1 4 0 2 0 0 0 1 0 0 3 2 5 3 0 1 3 1 5 0 0 0 2 0 0 19 99898 17 8 0 3 0 1 0 2 0 1 1 0 0 0 0 2 0 1 1 0 1 1 0 1 0 0 1 1 0 0
160 GAG 1 5 12 4 0 1 2 0 2 1 3 1 1 0 5 0 57 3 21 3 3 6 1 1 7 11 2 1 3 0 1 0 5 24 99737 7 4 6 0 1 5 0 18 3 2 1 4 3 0 1 9 0 0 0 1 0 0 0 1 6 1 2 1 0
161 GAG 0 1 0 0 2 1 1 2 2 0 0 1 0 0 0 4 1 0 4 0 0 1 2 2 0 0 3 2 0 0 0 0 9 0 99909 4 2 0 8 9 0 3 9 1 2 0 2 4 0 2 0 0 1 0 0 1 0 1 0 0 1 3 0 0
162 CAT 1 56 4 226 3 3 1 3 0 1 5 0 0 1 0 0 0 1 6 99656 1 0 0 0 0 0 0 2 1 0 0 1 1 1 0 3 0 0 0 1 0 2 1 1 0 0 1 0 0 3 0 2 1 4 0 0 0 0 0 2 3 0 1 1
163 CAA 45 3 2 2 6 10 2 51 2 0 2 0 40 17 394 53 97472 13 8 7 4 4 2 0 4 7 13 6 52 182 51 40 84 5 32 8 1 30 41 3 5 0 0 2 160 225 66 193 6 2 0 22 13 21 0 3 0 10 1 10 446 34 64 19
164 GGG 5 0 0 0 0 0 0 1 0 0 1 2 1 0 2 0 1 1 0 1 1 0 0 0 1 0 4 0 0 0 1 0 0 0 2 1 0 0 0 0 1 8 99936 7 4 1 1 4 0 0 0 0 4 0 1 3 0 2 1 2 0 0 0 0
165 CTG 0 2 2 2 24 6 15 13 2 0 3 2 3 0 1 12 0 3 3 0 0 2 1 9 0 0 4 0 2 14 99739 2 0 0 3 0 3 0 2 1 5 0 0 0 7 13 16 25 0 5 0 17 2 5 0 2 0 2 2 9 3 3 5 4
166 GCG 1 0 4 2 8 0 1 0 3 2 8 3 3 0 0 0 2 0 0 2 2 1 0 1 1 0 1 3 13 11 3 12 11 0 13 0 19 11 99767 12 2 1 4 0 3 4 0 1 0 0 0 1 2 3 0 20 0 0 3 1 14 1 18 2
167 CCC 0 1 0 0 1 10 11 1 16 0 0 1 1 28 2 10 2 3 7 0 2 99562 16 13 0 4 0 1 24 44 49 29 0 1 1 0 6 2 0 2 15 7 4 3 8 14 11 1 0 3 0 8 1 1 1 0 0 1 1 11 13 0 47 0
168 GCG 1 0 12 0 7 1 16 77 5 14 12 73 10 7 20 3 9 6 34 5 0 3 3 3 3 3 0 3 1 1 25 1 9 0 1 0 21 6 99370 8 4 2 0 0 0 0 5 1 0 0 0 0 21 99 55 28 0 0 0 0 5 1 5 1
169 GAA 0 0 0 1 0 2 2 0 1 0 0 0 1 0 0 0 2 1 2 0 2 1 0 2 1 0 0 3 0 0 1 1 99916 0 2 1 21 1 1 0 13 2 0 1 4 2 4 4 2 0 0 0 0 0 1 0 0 0 1 0 1 0 0 0
170 CTC 0 0 0 0 0 1 1 1 1 0 0 0 1 0 5 0 0 0 0 1 0 13 1 3 1 0 5 7 1 99922 5 9 0 0 0 0 0 0 0 0 0 1 0 0 1 0 0 2 0 1 0 0 0 1 0 1 0 0 0 0 1 11 3 0
171 TTT 1 1 0 0 2 0 1 1 6 2 2 0 0 2 0 3 3 1 1 2 1 0 0 1 0 0 4 3 7 2 10 6 0 0 0 0 3 4 1 0 2 0 5 3 1 1 2 5 0 1 0 3 3 0 2 2 0 0 6 1 2 1 5 99885
172 GCT 3 1 3 4 1 0 8 3 23 2 6 1 0 0 1 0 6 1 8 1 2 2 0 7 15 1 5 4 0 0 0 1 2 4 7 3 22 17 3 99785 1 0 0 12 0 2 6 4 0 1 0 0 3 3 1 8 0 0 0 0 0 3 0 4
173 AGG 1 0 9 2 3 0 2 1 28 1 99549 0 3 0 51 2 22 3 1 3 0 1 2 2 4 8 15 5 29 3 10 18 36 0 1 0 7 7 4 6 2 0 1 0 6 0 1 8 0 2 0 0 0 3 0 6 0 0 17 8 35 0 71 1
174 TTG 0 3 3 1 0 1 0 0 2 3 1 0 0 0 4 0 2 0 0 0 1 6 0 1 0 0 1 0 1 0 34 23 0 0 0 0 0 1 0 0 0 1 0 0 0 1 1 1 0 0 4 2 8 2 4 1 0 4 0 3 11 16 99833 20
175 AAA 99738 3 1 2 12 1 0 0 7 0 2 1 14 0 0 13 0 1 1 0 0 1 1 2 3 0 1 1 6 1 1 6 0 2 3 0 0 2 0 0 0 2 1 0 28 10 4 52 6 1 0 0 0 1 1 0 0 4 3 0 11 1 48 1
176 GCT 0 0 1 0 0 0 1 1 0 3 2 11 1 0 0 1 0 3 1 0 2 1 1 2 3 1 7 0 3 1 0 0 0 0 0 6 11 6 7 99884 0 1 0 1 0 0 0 3 0 1 0 2 2 13 1 4 0 0 0 0 0 3 9 0
177 CGG 1 369 3 184 447 1317 1034 854 2 66 8 89 126 61 13 35 66 3 24 165 4 2 7 1 3 14 91527 6 122 76 253 78 7 29 133 39 82 157 402 89 129 45 340 30 32 10 10 5 0 32 0 40 84 37 465 105 0 136 29 129 43 133 256 12
178 ATG 15 0 40 2 3 11 5 6 22 0 32 0 1 1 99217 5 10 50 29 9 37 70 4 33 63 4 5 27 7 2 11 15 4 2 0 1 2 0 0 0 6 7 4 0 12 4 19 5 0 37 0 49 1 2 1 0 0 1 7 3 52 35 1 9
179 CCC 0 1 0 0 1 13 6 2 5 5 2 2 1 2 2 0 14 0 0 1 1 99871 7 1 0 1 4 14 2 1 2 0 0 0 2 4 0 3 1 1 2 0 1 1 1 1 2 4 0 2 0 1 1 3 0 1 0 1 1 3 3 0 0 0
180 GAC 1 2 0 0 2 1 15 0 1 4 0 0 14 2 0 0 1 1 0 0 0 3 16 0 4 2 0 10 2 0 2 0 3 99812 0 1 2 4 7 1 1 2 1 0 3 8 1 4 0 15 0 0 1 0 5 4 0 0 0 3 3 12 1 23
181 GGT 0 0 1 1 15 10 5 4 2 4 0 2 0 1 1 0 0 3 0 0 0 0 0 1 0 1 3 3 0 0 0 0 0 0 1 5 5 2 0 0 9 4 7 99858 2 17 1 4 0 13 0 0 5 0 1 4 0 1 1 0 0 1 1 1
182 GAA 0 2 2 0 1 1 1 5 8 1 1 1 0 0 2 0 4 0 0 0 0 0 0 0 0 3 1 2 1 0 0 0 99876 2 2 26 3 3 0 7 5 1 5 1 13 4 2 0 0 0 0 0 1 2 1 1 0 2 1 1 0 1 1 3
183 GAT 0 0 0 5 0 1 0 1 5 0 0 0 0 0 0 0 0 0 1 4 0 0 3 0 2 3 1 2 0 0 0 2 1 12 5 99915 0 1 0 1 1 0 2 2 1 0 0 18 0 0 0 4 1 1 0 0 0 2 1 1 0 1 0 0
184 TTG 3 0 1 1 3 2 0 2 1 0 7 0 0 0 0 0 0 0 6 0 4 0 3 8 2 1 0 3 1 4 14 6 0 0 2 1 0 0 0 2 1 0 0 1 0 0 9 0 0 0 2 0 0 0 2 0 0 0 1 0 8 15 99873 11
185 GTG 0 0 2 1 0 1 1 0 0 0 1 1 0 1 0 0 0 0 1 0 0 0 0 2 1 0 1 0 1 1 10 11 0 1 0 0 0 0 2 0 1 1 9 0 9 21 99896 11 0 0 0 1 1 1 2 0 0 1 0 2 1 0 3 1
186 GTA 0 0 0 0 2 0 0 1 2 0 2 3 2 0 0 1 1 1 0 0 2 4 2 2 0 3 0 0 2 3 0 1 1 0 0 0 1 4 9 6 6 1 1 0 99905 9 7 3 0 1 0 0 0 1 0 1 0 0 0 1 7 0 2 0
187 ACT 1 1 1 2 18 19 7 99886 0 4 0 9 0 0 1 4 0 0 0 1 1 1 1 0 3 0 0 3 1 0 0 1 2 1 2 2 1 1 0 3 2 0 0 0 0 1 1 4 0 2 0 0 0 2 1 7 0 1 0 1 0 0 1 0
188 CAT 0 0 1 14 0 0 1 1 1 0 2 2 0 1 0 0 5 0 6 99891 3 0 1 2 2 0 1 2 0 3 7 9 1 1 0 24 0 0 0 0 0 0 0 0 0 0 0 0 0 1 0 8 0 3 0 1 0 3 3 0 0 0 0 0
189 GGG 2 0 0 1 1 2 1 2 0 0 1 0 0 0 0 0 0 3 0 0 2 0 0 0 0 0 8 2 3 0 2 1 0 2 5 3 0 1 1 1 15 9 99890 4 2 3 7 2 0 0 0 1 5 6 1 0 0 5 0 3 1 0 1 1
190 GAT 6 1 0 3 0 0 0 0 0 0 0 0 0 0 0 1 0 0 2 12 0 0 0 0 0 0 1 0 1 1 0 7 1 4 3 99923 0 1 6 4 1 2 2 0 1 0 4 1 0 2 0 4 0 1 0 2 0 0 0 2 0 0 0 1
191 GCC 1 0 2 5 2 1 0 5 6 7 6 6 2 0 4 1 1 18 0 17 0 11 1 0 9 1 2 8 13 0 26 4 2 2 3 0 5 99322 0 3 1 0 2 2 0 12 0 3 0 0 0 1 3 3 6 4 0 0 0 0 19 146 6 296
192 TGC 1 0 0 0 68 1220 12 191 2 4 1 5 24 8 0 5 2 1 0 0 0 3 4 0 0 1 4 2 0 0 0 0 7 3 0 0 1 1 0 1 9 0 1 9 4 2 1 3 0 7 0 0 1 2 3 1 0 98371 1 2 1 11 0 0
193 CTC 4 1 1 0 0 0 1 2 0 1 0 0 0 6 9 0 1 0 2 1 2 1 1 0 0 12 0 2 6 99891 7 19 0 0 0 6 0 1 1 0 0 1 1 0 2 4 1 0 0 1 0 0 0 0 0 0 0 0 0 0 7 0 4 1
194 CCG 0 0 0 0 1 4 2 3 13 3 1 0 0 2 0 1 2 1 4 0 13 18 99880 10 8 0 5 4 0 7 1 1 3 1 0 0 2 0 2 1 0 0 0 0 1 0 0 0 0 0 0 0 1 0 2 1 0 0 1 0 0 0 1 0
195 AAC 1 99923 6 9 0 7 0 1 1 4 1 0 0 3 1 0 0 1 0 1 0 1 0 0 2 0 0 1 0 1 0 2 1 1 0 4 3 0 0 1 0 1 1 2 0 0 1 3 0 2 0 2 6 0 1 2 0 0 0 1 1 1 0 0
196 ATA 5 0 0 0 11 1 0 1 9 7 0 2 99882 2 2 2 2 0 3 0 1 0 0 1 2 0 0 5 10 1 3 2 1 0 0 1 0 0 2 0 1 0 1 0 6 0 0 0 0 0 0 0 7 8 2 3 0 0 4 1 5 1 2 1
197 ATG 1 0 4 0 1 0 6 0 1 1 1 1 5 0 99866 43 13 0 8 3 0 0 1 1 1 1 2 0 1 4 12 2 2 3 0 0 0 2 0 0 1 0 2 1 0 0 1 0 0 0 0 0 0 0 0 3 0 2 0 1 2 0 1 0
198 GTG 0 0 1 0 3 1 1 2 0 1 1 0 1 0 0 1 4 0 1 1 1 0 0 0 0 0 0 0 2 4 19 1 0 0 0 0 1 1 2 0 1 1 4 0 11 3 99920 2 0 0 0 1 0 0 0 0 0 3 0 1 0 0 4 0
199 GAA 2 1 11 0 0 0 1 1 1 3 3 8 0 0 5 1 7 2 3 15 1 0 0 0 1 0 1 1 1 1 0 0 99802 19 15 26 4 7 4 0 9 6 6 0 1 4 0 3 1 1 0 0 1 1 1 4 0 5 0 9 1 0 0 0
200 AAC 3 99915 2 13 0 8 2 3 0 13 0 2 0 2 0 0 0 1 0 3 2 0 0 0 0 0 0 0 0 0 1 1 1 0 0 1 0 1 0 0 0 0 0 0 3 1 0 1 0 3 0 0 1 11 0 1 0 0 0 1 2 0 2 0
201 GGC 1 0 0 0 1 1 0 2 3 0 0 0 0 1 0 1 0 1 1 0 0 1 0 0 0 7 0 5 1 2 0 1 0 13 0 3 0 2 0 0 25 99901 3 1 2 2 1 1 0 3 0 0 3 3 2 0 0 2 0 3 0 0 0 1
202 CGT 16 2 2 2 2 1 6 0 7 1 1 13 3 1 2 8 1 0 1 1 1 0 0 5 17 11 21 99826 1 4 2 6 1 0 1 1 1 1 0 0 2 0 0 0 0 1 0 4 0 0 0 2 3 10 2 0 0 0 0 0 1 1 3 2
203 TTT 0 0 0 1 0 0 0 0 1 0 1 0 0 0 0 3 0 0 0 1 0 1 1 1 0 0 0 1 1 0 5 0 4 0 3 0 0 1 0 0 0 0 0 0 0 1 0 12 0 0 0 1 2 0 2 2 0 1 0 8 1 17 1 99927
204 AGC 1 4 0 1 3 9 4 0 4 99866 10 1 1 8 5 1 1 0 0 3 2 0 0 1 12 0 1 10 2 3 0 0 1 0 8 1 0 0 0 2 0 1 0 1 3 1 0 0 0 4 0 0 1 16 0 4 0 1 2 0 0 1 0 0
205 GGA 0 0 0 0 0 3 0 0 6 2 0 1 1 0 0 0 1 0 1 0 0 2 1 0 2 0 1 0 0 0 0 2 1 0 1 1 3 0 0 1 99933 6 4 1 4 1 0 1 0 0 0 0 0 2 0 1 9 2 0 1 1 2 0 2
206 TTC 0 0 0 0 0 2 4 0 0 4 1 0 0 0 0 0 0 1 0 1 0 2 2 2 0 2 0 2 1 10 1 2 0 0 0 0 0 1 0 0 0 0 0 1 0 1 3 8 0 0 0 0 9 1 1 0 0 4 2 2 0 99921 2 7
207 ATT 2 0 1 1 4 1 3 11 0 0 0 1 12 0 6 99923 4 0 1 2 0 0 0 0 0 1 0 0 0 3 1 2 1 1 0 1 0 0 0 0 2 0 1 3 1 1 0 2 0 1 0 1 0 0 0 1 0 0 0 1 2 0 1 1
208 GAT 0 1 0 7 2 2 3 2 1 1 0 0 0 1 0 0 0 2 0 4 0 0 0 0 1 1 0 0 0 0 0 0 5 2 3 99930 0 1 2 3 0 4 0 7 0 0 2 5 0 0 0 3 0 2 0 1 0 0 0 2 0 0 0 0
209 TGC 1 0 2 4 8 4 1 4 9 3 15 3 0 0 0 0 0 0 3 2 1 0 1 0 2 8 6 4 0 3 3 3 0 1 1 0 4 0 5 11 3 8 2 9 0 0 3 3 0 18 0 1 2 3 2 6 4 99778 3 5 8 11 13 6
210 GGA 0 0 0 0 5 0 0 1 5 2 0 3 1 1 0 0 3 0 1 1 0 0 0 1 8 0 1 2 0 0 2 0 1 1 0 0 0 0 0 0 99914 2 3 23 1 9 0 0 0 0 0 0 1 2 0 0 0 1 0 3 1 0 1 0
211 CGG 1 2 0 2 0 0 0 0 6 0 6 9 1 0 0 2 0 1 3 0 1 1 7 0 5 8 99871 10 7 3 6 6 0 0 0 0 0 0 0 0 1 0 3 2 0 0 1 1 0 1 0 1 10 2 1 5 0 2 8 0 0 0 3 1
212 TTG 0 0 0 1 0 2 0 3 2 0 1 0 0 0 4 0 1 2 2 0 1 1 0 1 1 1 3 0 6 2 8 15 2 0 0 2 0 0 3 2 0 1 1 1 1 0 1 0 0 0 0 2 1 1 0 1 0 3 2 1 21 13 99883 1
213 GGT 1 1 0 1 1 0 0 0 1 0 0 3 1 0 0 1 1 1 0 0 0 0 0 1 0 5 3 13 1 2 2 0 0 3 0 0 2 5 7 2 4 30 15 99855 2 2 6 2 0 3 0 0 0 2 0 1 0 2 0 16 0 0 0 2
214 GTC 0 7 2 0 0 0 0 1 0 3 0 0 0 0 1 2 0 0 1 0 1 0 1 1 0 0 0 0 2 6 3 2 0 1 4 0 0 1 0 0 2 0 8 11 9 99894 6 10 0 2 0 1 1 1 0 0 0 0 0 0 4 11 1 0
215 GCT 2 0 1 0 0 6 4 6 1 6 0 3 0 1 0 0 2 1 0 0 1 0 1 3 1 1 1 1 1 0 0 0 7 0 0 6 1 3 1 99913 0 4 0 2 1 0 0 9 0 1 0 1 2 0 4 0 0 0 2 0 0 0 0 0
216 GAT 0 0 2 5 2 0 0 2 0 4 0 0 0 0 0 0 1 1 0 2 0 0 0 2 0 0 0 0 0 1 1 0 8 9 6 99894 3 13 0 5 4 0 2 4 3 0 7 2 0 10 0 0 0 0 1 2 0 2 0 1 0 0 1 0
217 CGA 2 1 0 1 0 2 2 0 21 2 9 1 0 1 0 0 3 1 1 1 0 1 0 0 99853 50 5 20 3 0 0 1 0 0 0 1 1 2 1 0 0 0 2 0 0 2 1 0 0 0 0 1 0 2 0 3 0 0 0 0 1 0 2 0
218 TAT 2 0 0 2 0 0 1 0 0 6 0 2 0 4 0 0 1 2 0 6 0 0 0 0 0 0 0 0 1 0 0 0 0 6 0 7 0 0 1 0 0 0 0 3 1 1 0 0 14 2 0 99918 4 1 0 7 0 2 0 1 1 1 1 2
219 CAA 2 1 2 1 0 2 2 1 0 0 2 0 0 0 0 3 99909 3 19 13 3 11 1 1 6 3 1 2 0 1 0 0 3 0 0 0 0 1 1 0 1 0 1 0 0 1 1 1 1 0 0 0 0 0 0 0 0 0 0 0 0 0 0 0
220 GAT 1 0 0 10 1 1 2 1 0 1 2 0 0 0 0 0 1 0 3 1 0 2 0 0 0 0 0 0 1 0 0 1 0 21 3 99897 1 3 0 9 0 7 7 7 0 1 0 0 0 1 0 11 0 0 0 0 0 1 1 1 0 0 1 0
221 ATA 4 0 4 0 8 5 8 0 1 1 0 0 99630 8 5 1 3 0 1 0 1 0 3 2 0 0 0 2 65 43 45 42 0 0 1 3 1 1 0 2 0 0 3 0 1 0 1 1 0 2 0 0 3 0 0 0 0 4 3 0 49 1 42 0
222 GCA 0 3 0 0 1 5 2 1 0 1 0 0 4 0 0 0 0 0 1 0 5 0 3 0 1 0 0 0 4 0 1 0 4 1 1 0 99905 10 13 3 2 0 2 0 2 0 1 9 0 1 0 1 2 1 0 5 0 1 0 1 0 0 3 0
223 TTG 2 0 0 0 0 5 0 1 1 0 1 0 0 0 0 0 0 0 1 0 1 0 2 2 2 0 0 1 7 6 4 1 0 0 2 4 0 0 1 1 0 0 0 0 0 0 3 0 0 0 6 0 0 0 3 0 0 1 2 0 12 0 99928 0
224 GCA 0 2 4 0 3 1 0 2 0 3 0 6 0 0 3 0 0 0 0 0 4 0 1 1 3 1 0 0 1 0 0 0 7 1 4 0 99872 15 16 8 3 2 0 4 2 0 2 0 0 0 0 2 12 2 0 6 0 2 1 1 0 0 3 0
225 ACT 0 6 0 0 4 2 5 99890 0 3 0 0 11 9 0 3 1 0 1 0 0 0 0 11 0 0 0 0 1 0 2 1 0 3 0 1 0 0 2 3 0 2 0 0 4 2 1 6 0 0 0 2 1 0 4 3 0 0 0 11 1 2 0 2
226 CGC 0 0 0 2 2 1 0 2 0 14 10 0 0 0 1 1 0 1 0 0 1 0 1 4 14 99883 13 2 0 1 2 5 0 1 0 0 0 0 0 0 1 12 2 1 0 0 0 1 0 1 0 1 2 2 4 5 0 2 0 1 4 0 0 0
227 GAT 0 5 0 0 0 2 0 3 0 0 0 1 1 4 0 1 0 1 1 1 0 2 0 0 2 0 1 0 0 4 1 1 3 12 12 99838 1 0 2 0 1 1 2 1 3 0 4 0 0 6 0 4 21 17 16 2 0 11 2 8 1 0 1 0
228 ATC 0 0 1 0 4 2 9 6 1 2 5 1 2 99901 16 4 0 0 1 1 0 0 2 0 3 2 1 0 3 0 1 0 7 0 0 1 0 1 0 0 0 2 1 0 7 2 1 1 0 0 0 1 1 2 1 0 0 0 1 1 1 1 0 0
229 GCC 1 0 1 0 1 2 0 2 0 5 8 4 0 2 0 0 2 0 0 0 2 2 3 0 2 0 0 2 0 0 0 0 3 2 13 0 1 99885 8 15 1 1 2 0 0 11 2 0 0 0 0 0 7 2 0 3 0 1 1 1 0 0 0 2
230 GAA 2 1 0 0 0 3 13 2 0 17 0 29 1 0 0 0 8 9 0 63 1 0 3 0 1 5 2 0 1 1 2 2 99641 2 32 0 11 8 1 1 1 6 11 1 4 0 0 4 10 1 0 7 30 1 9 50 0 3 0 0 0 0 0 0
231 GAG 1 1 9 0 5 0 1 0 4 0 11 0 1 0 4 0 2 27 7 44 0 2 1 0 3 13 36 3 1 0 0 1 9 1 99183 1 3 0 9 5 0 1 2 2 1 1 4 4 0 401 0 170 0 2 1 0 0 1 10 0 0 12 0 0
232 CTT 0 0 1 1 0 0 1 0 0 0 1 2 0 0 5 1 1 0 4 0 6 1 4 12 0 2 0 1 4 2 13 99914 1 1 0 0 1 0 1 0 0 0 0 0 0 0 1 4 0 1 0 1 1 0 0 0 0 0 0 0 3 0 2 7
233 GGT 0 0 0 0 2 0 0 1 1 0 0 1 0 0 0 0 0 1 0 0 0 0 0 0 3 2 0 6 0 2 0 3 1 0 1 3 0 0 0 9 12 3 5 99902 1 0 3 9 0 1 0 4 4 0 4 0 0 8 0 0 7 0 1 0
234 GGT 133 6 148 29 17 16 25 1 2 8 9 13 1 2 3 4 24 29 13 3 105 31 10 14 2 19 17 3 16 3 1 1 12 46 13 1 86 0 3 3 14 23 7 98954 0 20 3 23 0 3 0 1 2 1 18 1 0 2 38 15 3 0 0 0
235 GAA 8 0 1 0 1 1 1 0 0 1 0 0 1 0 0 0 7 0 2 1 1 1 1 0 0 0 0 0 0 0 0 1 99917 7 7 1 4 1 1 1 17 2 0 0 0 0 0 2 6 0 0 1 2 0 1 1 0 0 0 1 0 0 0 0
236 TGG 0 0 2 0 0 0 1 1 2 2 9 0 0 0 2 1 0 0 0 0 0 0 0 0 0 0 1 0 5 18 1 2 0 0 1 0 0 0 0 1 1 9 13 7 1 0 1 1 0 0 0 0 3 2 2 1 5 4 99871 3 1 2 24 0
237 GCA 0 0 0 0 1 3 0 0 0 1 0 1 1 0 0 0 0 0 2 1 0 0 0 1 0 0 3 0 0 0 0 1 3 0 0 0 99887 19 16 3 2 0 0 1 23 0 1 0 0 1 0 1 2 6 9 1 0 0 1 0 0 4 3 2
238 GAC 9 1 28 1 0 2 4 4 7 5 54 3 11 15 23 23 180 30 11 6 1 6 0 0 20 6 1 4 4 19 5 9 66 99198 135 8 10 6 2 3 0 1 1 0 4 5 2 3 0 4 0 4 3 14 2 3 0 1 3 0 12 4 5 9
239 AGA 7 0 0 1 2 5 5 5 99867 2 13 7 8 0 1 2 1 1 1 0 1 5 0 0 2 7 6 8 2 2 0 1 1 0 3 0 0 0 0 1 3 0 2 0 2 0 0 1 0 1 0 0 2 1 0 4 3 2 0 2 1 0 8 1
240 TTT 1 0 2 0 2 0 1 0 0 0 9 0 1 3 0 3 2 0 1 1 0 0 2 0 0 0 0 0 0 2 0 2 0 1 0 0 0 0 1 0 0 1 1 0 7 6 7 2 0 0 0 39 0 2 0 0 0 3 1 4 0 10 5 99878
241 TTA 0 3 0 0 1 0 0 1 2 1 3 0 0 1 4 0 0 0 1 0 0 2 1 1 0 1 0 0 11 6 0 2 0 3 0 1 1 1 0 0 0 0 1 0 4 0 0 0 1 0 0 0 1 0 1 1 0 0 1 0 99936 0 7 0
242 GTT 7 4 37 21 44 28 51 33 53 22 8 1 1 0 57 6 37 6 21 1 3 1 1 0 8 7 34 20 1 4 2 0 22 2 27 32 27 30 20 6 0 4 1 0 6 2 2 99217 0 6 0 5 23 0 11 0 0 3 15 1 2 6 8 3
243 CTG 3 1 2 1 1 0 1 0 2 2 23 3 0 0 1 0 1 1 6 1 7 3 0 0 5 11 2 7 1 17 99836 5 22 2 6 6 4 0 0 1 0 0 0 2 2 0 1 0 0 0 0 0 0 1 1 0 0 0 1 0 2 0 6 0
244 TAT 2 0 3 0 2 0 1 0 4 1 0 0 1 0 1 0 0 0 1 5 0 0 0 1 0 0 0 1 1 1 1 2 1 0 0 0 0 0 3 1 1 2 2 0 0 0 2 0 0 13 0 99922 1 0 1 18 0 0 1 2 0 0 0 2
245 GGT 3 0 3 0 1 0 0 0 0 0 11 7 0 1 1 0 0 0 1 0 0 0 1 1 13 5 0 28 1 4 1 1 0 0 2 3 1 0 0 2 18 1 3 99802 7 5 3 12 0 1 0 0 5 1 0 2 0 6 0 25 4 0 12 2
246 ATC 4 0 1 0 0 0 2 1 0 4 6 8 4 99885 4 3 4 2 3 0 0 2 0 0 3 2 1 0 0 4 6 2 0 1 1 2 0 0 1 1 0 0 0 0 1 3 2 1 0 1 0 2 3 3 4 6 0 1 1 1 4 3 3 4
247 GCG 5 8 2 4 3 4 5 0 1 6 1 3 3 0 0 0 1 4 5 0 0 0 10 1 8 3 3 8 9 1 3 4 1 1 3 3 11 5 99794 5 4 0 1 1 0 1 5 1 0 0 0 1 6 10 8 8 0 7 0 4 0 2 6 7
248 GCA 0 2 5 3 8 1 2 11 3 2 0 4 0 0 3 0 10 8 4 4 9 2 5 1 0 6 1 1 49 21 3 3 3 7 5 3 99738 10 7 0 6 1 4 5 1 1 0 3 0 0 0 1 5 6 0 4 0 1 1 0 11 1 0 5
249 CCA 0 0 2 5 1 1 0 5 2 3 0 2 0 0 1 0 0 1 1 2 99870 0 9 13 14 0 7 10 1 0 6 1 0 0 0 0 6 4 0 3 2 1 1 3 6 1 5 0 0 1 0 0 4 0 1 2 0 0 2 0 0 0 1 0
250 GAC 0 0 0 0 0 0 0 1 0 3 0 1 0 1 1 0 0 1 5 0 2 1 0 0 0 0 0 1 0 1 0 1 0 99932 2 3 0 2 0 0 1 8 0 2 1 1 0 0 0 21 0 1 1 0 0 0 0 4 0 0 0 2 0 0
251 TCT 3 3 2 0 9 2 1 1 4 5 4 10 3 9 2 32 0 1 0 47 0 1 2 6 14 10 3 7 0 10 1 6 2 1 0 5 2 5 1 3 1 2 0 1 0 2 0 2 0 6 0 42 38 26 6 99551 0 2 44 1 11 33 1 14
252 CAG 1 2 1 4 2 3 1 1 0 0 2 0 0 0 2 1 1 5 99842 14 0 4 9 0 1 1 1 0 0 1 12 0 3 11 10 34 3 0 0 0 0 2 0 1 1 1 0 0 0 1 2 0 1 3 2 6 0 0 1 4 1 0 1 1
253 CGT 1 0 19 0 3 1 1 0 4 1 1 12 1 0 7 2 0 0 2 1 0 0 0 3 6 5 14 99807 7 0 2 30 1 1 2 4 1 1 0 0 0 0 0 4 1 1 1 0 0 0 0 1 2 3 4 1 0 8 1 16 15 0 2 0
254 ATC 0 3 0 0 0 10 1 0 0 2 2 1 1 99912 1 9 0 0 0 0 0 0 1 1 0 2 2 0 0 9 2 1 2 1 0 5 3 0 1 0 0 1 0 0 0 5 0 0 0 0 0 0 0 0 0 1 0 0 0 2 3 11 4 1
255 GCC 0 0 0 0 10 5 1 2 1 4 1 4 4 0 0 1 5 0 1 0 0 0 0 3 4 1 3 0 0 1 0 2 1 1 1 0 6 99883 5 2 1 13 0 3 2 4 0 2 0 6 0 0 3 2 8 1 0 0 0 0 0 1 1 1
256 TTT 2 0 0 0 1 1 2 1 2 0 0 1 0 2 0 3 0 0 8 0 5 0 0 0 0 1 2 1 0 1 2 3 2 1 0 1 0 4 1 1 0 1 1 2 1 3 0 1 0 18 0 53 2 7 1 5 0 0 198 1 1 5 9 99643
257 TAT 0 1 0 1 0 0 1 0 0 0 0 2 0 1 2 0 3 2 0 2 0 2 0 1 0 0 0 0 0 0 0 1 0 0 0 0 4 1 0 1 0 0 0 2 1 5 0 0 2 5 0 99951 0 1 0 0 0 2 1 0 1 0 1 3
258 AGA 0 5 1 0 3 1 0 1 99858 8 6 8 2 0 0 0 1 3 0 0 1 1 0 0 10 23 6 11 5 2 1 0 0 1 0 0 1 0 0 0 2 1 9 1 0 4 0 0 0 0 0 0 0 5 0 7 2 1 2 1 2 0 4 0
259 TTA 0 1 1 0 0 0 0 0 0 0 1 4 0 2 4 0 0 0 0 1 2 0 0 1 3 1 0 0 7 6 4 1 0 1 0 0 3 0 0 0 0 0 0 1 5 1 3 2 9 0 0 1 7 0 0 3 0 2 0 0 99909 4 9 1
260 CTA 1 1 1 0 0 0 0 1 0 0 0 1 5 0 7 0 1 0 0 2 0 0 1 0 4 0 6 1 99913 16 1 9 1 0 0 0 0 0 0 0 1 0 0 0 0 3 0 1 0 0 0 1 0 0 1 1 0 1 0 0 17 0 2 0
261 GAC 2 12 0 0 0 1 1 0 0 1 0 0 1 0 0 1 1 1 1 0 0 1 1 0 4 0 0 0 0 0 1 2 2 99941 0 9 0 0 0 0 1 2 1 1 0 1 0 1 0 4 0 0 0 0 0 3 0 1 0 1 0 0 1 0
262 GAG 5 0 4 0 0 1 0 0 3 0 0 0 0 0 1 0 1 2 0 0 0 1 0 2 0 0 0 0 1 0 0 0 2 9 99909 3 2 2 16 0 3 4 19 1 1 0 1 1 0 1 0 0 0 0 0 1 0 0 2 0 0 0 1 1
263 TTC 1 0 0 0 0 1 0 1 0 0 1 0 0 0 0 0 2 0 0 0 0 0 0 0 2 3 2 0 7 5 0 0 0 1 0 0 0 0 1 0 0 0 0 1 0 11 1 2 0 4 0 0 5 3 0 2 0 0 1 0 0 99913 18 12
264 TTC 1 1 0 2 1 1 0 3 0 1 0 0 1 18 0 0 0 0 1 0 1 1 0 0 0 1 2 0 3 3 3 3 0 0 0 1 1 0 0 1 0 1 0 0 2 1 0 0 0 10 0 1 0 1 1 3 0 1 0 0 6 99904 10 9
