# POSITION WT AAA AAC AAG AAT ACA ACC ACG ACT AGA AGC AGG AGT ATA ATC ATG ATT CAA CAC CAG CAT CCA CCC CCG CCT CGA CGC CGG CGT CTA CTC CTG CTT GAA GAC GAG GAT GCA GCC GCG GCT GGA GGC GGG GGT GTA GTC GTG GTT TAA TAC TAG TAT TCA TCC TCG TCT TGA TGC TGG TGT TTA TTC TTG TTT
1 ATG 22 2 4 1 14 0 9 0 12 0 1 2 2 15 99616 10 3 10 1 3 0 7 1 2 1 2 0 13 9 4 6 5 3 7 8 6 21 18 27 1 4 7 3 0 7 6 18 5 4 10 3 12 2 4 2 4 2 17 0 5 10 0 3 4
2 ATT 12 2 7 15 5 0 4 2 12 4 18 4 16 7 0 99562 3 26 0 0 5 39 5 22 1 0 1 0 8 1 6 0 1 2 0 13 17 7 0 3 0 2 0 6 19 7 1 6 13 13 8 6 15 8 10 7 0 8 1 9 7 3 6 15
3 GAG 9 12 5 16 4 0 1 7 0 12 5 19 14 7 13 1 30 5 13 23 12 0 1 3 0 1 12 1 23 20 2 7 6 7 99554 0 0 2 22 5 24 2 5 6 9 4 6 2 20 3 3 0 10 4 3 5 4 3 0 3 3 0 7 0
4 CAA 1 7 2 3 6 0 5 7 1 2 3 4 4 9 3 2 99671 2 15 2 14 16 19 2 3 7 2 2 0 0 5 1 5 4 0 0 7 1 0 5 1 0 1 1 2 11 2 0 26 1 0 10 28 8 3 16 8 2 7 1 0 9 14 7
5 GAC 12 0 1 4 6 7 13 1 1 10 12 2 6 8 4 3 2 4 5 2 19 0 0 7 4 6 3 18 16 1 2 1 6 99605 6 1 1 4 10 1 18 5 11 1 20 0 1 0 9 2 0 1 0 10 2 14 19 11 0 11 9 14 15 13
6 GGC 9 6 4 2 2 11 2 4 8 0 40 2 5 0 7 2 8 3 1 23 13 6 1 18 2 10 7 11 6 5 3 2 2 2 10 4 3 0 9 2 6 99676 0 1 4 3 1 14 5 9 0 4 0 5 3 1 0 1 2 2 6 2 0 0
7 CTT 3 4 7 6 24 8 3 2 13 0 1 13 2 5 3 3 0 2 1 3 2 4 7 17 32 0 2 2 15 11 5 99618 5 2 2 9 0 6 0 3 1 1 8 1 4 11 11 0 4 7 0 13 2 2 3 4 6 20 25 8 9 7 6 2
8 CAT 7 3 0 7 5 1 24 7 1 1 6 2 4 0 20 3 3 3 38 99660 2 2 8 4 15 2 5 7 0 4 1 4 1 0 4 0 0 11 1 5 2 1 2 19 3 3 2 4 14 0 13 1 20 0 0 13 8 10 4 3 0 3 0 4
9 GCA 2 7 7 19 3 9 9 3 6 6 1 3 5 11 4 2 5 3 12 9 4 7 1 9 4 2 8 26 7 18 1 1 8 1 14 5 99593 2 1 4 4 6 23 1 8 0 8 5 3 6 0 8 12 2 2 12 15 2 13 2 2 9 9 6
10 GGA 2 7 7 13 7 4 10 1 17 1 8 4 4 1 11 0 10 1 0 4 1 3 9 15 2 33 8 20 18 7 3 4 7 2 3 2 3 1 1 0 99642 8 8 4 5 1 0 9 1 4 2 6 20 5 4 1 0 7 1 0 5 9 4 0
11 TCT 11 2 9 1 21 4 3 16 1 24 13 5 1 2 0 4 6 3 10 6 21 3 2 7 16 2 10 1 13 5 4 3 0 4 6 4 6 1 9 6 0 20 6 2 4 5 3 0 17 6 2 16 20 19 4 99570 6 1 6 1 6 6 2 13
12 CCC 21 3 12 13 10 0 9 10 1 3 8 17 8 2 0 5 21 3 0 8 4 99556 0 7 2 19 2 5 15 8 15 5 11 13 4 3 3 28 23 5 2 3 6 8 11 5 3 2 1 1 4 5 13 0 5 6 8 2 14 1 0 12 3 3
13 GCT 0 2 7 7 8 9 0 7 5 0 3 3 0 13 14 7 12 9 10 1 14 2 3 0 3 7 0 1 8 10 1 12 4 4 22 4 2 3 23 99576 3 4 1 23 1 7 5 13 1 0 1 2 7 2 2 30 24 17 0 1 6 1 14 19
14 GCA 3 4 1 2 24 9 3 4 1 1 11 4 3 0 5 0 5 1 2 16 5 5 5 6 3 12 11 1 0 5 0 5 4 1 3 10 99670 2 9 3 3 4 5 10 18 0 4 3 15 6 2 8 8 3 3 9 2 7 2 1 16 2 1 9
15 TGG 3 2 1 3 1 18 0 1 8 4 14 19 7 22 14 4 5 10 0 9 7 7 12 6 2 5 2 4 8 7 2 25 1 10 3 0 15 0 8 6 2 0 4 6 6 0 2 25 2 8 2 24 3 1 3 4 0 10 99583 2 8 15 1 14
16 GTG 9 1 15 2 9 1 7 9 4 6 5 6 1 20 3 0 4 1 15 0 3 12 2 3 8 9 2 5 4 7 2 0 14 0 1 8 5 9 7 3 0 13 18 2 8 20 99622 9 2 1 15 0 8 3 14 1 3 5 8 6 0 11 3 6
17 GAA 3 3 4 1 3 36 5 18 2 2 11 1 4 3 8 9 7 6 12 9 13 3 31 0 18 5 3 4 2 8 6 20 99505 7 10 0 5 9 10 3 8 10 0 11 11 3 45 1 5 2 15 4 12 13 3 4 20 2 3 3 6 3 2 5
18 CGT 0 6 7 1 6 12 4 4 13 9 4 37 2 0 8 12 3 4 9 8 2 3 3 19 1 9 17 99613 4 2 5 7 1 0 1 5 1 0 6 16 15 5 1 17 12 8 2 7 2 9 4 8 3 2 5 6 3 6 4 7 5 1 3 1
19 TTG 2 1 10 3 1 0 2 2 6 5 4 2 3 1 6 4 3 0 8 1 9 3 2 0 5 3 19 11 1 4 7 7 8 16 5 6 1 4 7 1 7 26 3 3 1 3 3 4 4 0 9 0 2 4 9 9 2 10 3 0 10 0 99694 11
20 TTC 14 1 2 2 29 0 3 6 9 13 11 12 7 2 10 5 4 6 4 2 0 6 7 3 0 5 3 6 0 3 0 13 27 4 21 0 9 11 9 2 28 2 2 3 3 2 1 1 0 14 0 17 0 4 6 1 5 4 1 2 12 99587 23 11
21 GGA 9 14 1 4 2 13 0 3 18 0 7 2 16 8 7 3 2 7 2 9 3 11 1 2 17 12 5 14 3 0 3 0 3 8 2 3 22 5 7 3 99642 0 5 5 10 3 4 1 4 0 29 4 6 0 2 6 3 1 6 3 9 0 4 2
22 TAT 18 13 3 20 1 5 1 2 0 3 13 11 9 5 27 6 10 0 10 3 7 3 9 10 0 0 8 1 1 0 2 8 4 6 7 2 1 4 6 2 1 3 10 4 4 1 3 2 4 2 6 99615 0 10 7 0 10 4 13 17 1 19 6 17
23 GAT 16 11 3 7 5 2 5 0 15 0 2 7 1 0 5 1 0 2 15 3 4 4 0 1 12 0 4 17 1 6 24 13 6 9 6 99549 0 11 1 13 6 0 5 26 2 3 19 10 14 8 1 23 5 16 6 5 1 23 8 18 6 8 2 4
24 TGG 13 5 18 5 2 1 7 0 8 1 17 12 1 3 4 7 1 3 13 1 12 5 8 5 1 20 27 0 1 5 1 3 7 19 0 2 12 4 8 8 0 8 0 4 15 3 4 2 6 10 6 17 8 3 30 7 18 1 99559 9 8 2 8 2
25 GCA 13 2 8 12 3 6 5 3 0 10 7 9 6 1 0 1 2 0 2 4 0 5 8 3 5 3 4 5 8 1 1 21 10 11 5 11 99605 12 9 27 1 4 11 4 5 2 5 8 1 8 4 21 7 18 4 4 3 3 0 3 17 9 5 5
26 CAA 6 2 14 9 0 8 9 11 4 4 2 1 13 10 18 1 99554 9 4 0 9 17 2 34 19 1 0 5 1 1 8 5 21 5 2 13 1 5 1 3 12 7 9 3 5 1 11 2 0 3 17 0 21 7 8 4 19 3 10 12 2 7 2 3
27 CAA 19 2 0 1 17 18 15 5 12 4 13 6 16 1 15 13 99521 3 3 3 1 2 1 13 0 1 28 1 18 2 4 1 3 3 10 8 0 14 9 3 2 5 9 4 4 15 19 0 1 5 13 4 10 19 33 4 1 4 1 3 4 11 12 8
28 ACA 9 22 4 1 99616 15 5 6 3 3 5 5 14 15 1 1 1 8 0 5 6 3 3 19 1 16 6 4 0 3 2 1 4 0 2 2 13 2 13 4 9 2 4 5 5 4 1 1 6 7 3 26 13 5 25 0 12 8 1 3 2 7 8 0
29 ATC 7 8 3 3 2 0 3 4 3 28 4 8 8 99665 9 8 2 7 4 1 0 8 5 0 0 1 1 3 4 8 2 2 2 3 8 5 0 2 1 6 23 3 13 0 2 1 4 4 3 10 12 2 6 2 17 14 3 19 2 4 5 2 3 8
30 GGC 5 3 5 11 9 3 9 3 2 14 12 21 11 23 16 21 7 3 4 4 0 10 0 4 14 6 18 18 0 18 8 14 1 26 4 24 0 7 0 11 28 99458 8 2 4 7 2 6 8 9 4 7 3 1 3 0 6 2 13 11 17 13 10 9
31 TGC 17 2 5 24 10 1 9 4 3 12 2 0 4 9 8 2 15 10 0 4 3 9 0 0 10 5 15 5 30 10 3 1 7 7 12 2 3 6 0 20 3 10 2 0 3 11 5 11 1 6 9 12 17 2 4 12 15 99569 3 3 5 2 4 2
32 AGT 2 1 0 1 14 7 0 1 10 8 2 99592 5 3 14 2 5 6 27 3 8 2 7 3 1 1 30 7 5 0 3 9 7 4 17 19 6 3 1 0 0 14 0 0 9 5 3 6 0 16 6 14 7 0 2 2 7 40 6 8 1 8 9 1
33 GAC 3 0 17 17 10 1 1 5 1 1 5 2 5 0 12 4 3 6 0 3 10 0 6 1 2 10 1 4 0 1 23 5 34 99570 19 3 5 8 3 8 4 8 19 5 11 18 17 5 5 1 6 16 1 3 0 9 6 5 12 10 4 7 5 14
34 GCC 13 3 3 5 7 19 1 2 0 10 2 2 7 6 12 6 8 0 9 10 4 1 0 3 12 6 4 12 0 7 4 0 6 1 6 2 21 99671 3 10 4 6 4 3 12 5 3 4 2 4 10 0 7 4 4 1 4 4 1 4 5 0 8 3
35 GCC 16 4 1 6 0 4 9 6 1 1 0 0 0 5 1 12 5 3 4 6 1 12 4 4 10 6 22 6 8 1 1 1 6 43 3 9 4 99617 9 0 3 11 2 13 1 29 11 13 2 7 11 0 3 12 7 1 2 4 0 3 0 0 13 1
36 GTA 16 16 1 11 8 10 1 17 0 5 5 1 6 1 23 1 0 19 9 5 3 10 1 1 5 8 8 10 1 4 25 3 0 15 0 1 15 6 1 2 7 5 3 11 99567 5 8 4 5 3 11 4 2 7 0 15 30 0 3 1 6 13 3 13
37 TTT 4 7 5 3 5 1 1 5 1 0 10 4 10 4 1 0 9 8 0 12 2 31 18 21 6 8 21 16 5 3 14 4 12 1 2 9 12 2 12 12 1 8 0 21 0 9 9 31 24 2 12 1 7 3 9 2 5 7 3 22 11 8 3 99501
38 CGC 0 9 4 2 19 1 20 13 3 1 9 12 0 1 10 3 10 15 3 0 9 5 4 4 14 99577 2 6 2 1 7 7 6 0 4 3 1 5 1 13 0 12 7 11 20 11 27 2 7 11 4 14 3 4 8 10 1 15 1 8 1 9 4 4
39 CTT 9 7 7 5 5 7 3 13 5 11 1 5 8 2 0 9 6 8 3 15 3 1 12 0 4 0 6 11 10 15 8 99619 11 6 1 4 2 0 4 1 10 7 1 0 7 2 27 9 7 1 3 0 7 26 7 1 4 9 3 2 9 5 2 4
40 AGT 5 34 7 14 7 9 0 2 11 6 3 99556 1 2 6 1 8 0 4 10 5 15 3 4 16 3 2 20 11 6 3 6 18 2 5 5 0 2 4 6 4 5 6 4 19 39 3 3 9 12 3 3 2 2 1 1 7 10 0 23 5 9 1 7
41 GCT 2 0 12 12 0 4 4 0 18 1 3 4 17 1 3 9 16 16 16 0 4 4 0 11 4 4 0 2 1 0 19 8 1 2 4 1 8 4 6 99645 6 14 9 10 4 14 0 7 7 0 1 2 1 3 2 8 2 13 11 4 0 6 10 0
42 CAG 12 14 0 12 10 13 6 5 1 7 7 3 1 3 8 2 1 13 99588 12 3 15 12 13 4 4 16 1 10 6 10 7 0 5 2 0 4 3 6 10 19 2 0 10 1 4 2 7 24 7 2 1 3 1 13 1 7 7 21 1 4 2 11 1
43 GGA 13 5 11 4 14 3 8 4 1 7 2 0 2 2 15 13 1 13 4 3 5 5 11 8 5 7 2 25 11 3 1 0 47 3 5 6 2 7 3 32 99491 2 12 5 3 9 2 4 8 12 1 19 1 2 12 12 36 0 24 8 1 8 3 12
44 AGG 11 0 14 3 5 1 1 11 11 0 99586 6 9 9 0 8 10 3 12 2 7 1 8 8 0 4 1 14 5 6 6 2 2 2 13 4 13 4 15 2 24 6 1 22 12 9 7 1 2 16 2 1 7 5 16 2 4 1 1 10 0 19 9 4
45 CCG 6 13 21 10 1 15 9 7 0 9 2 10 0 5 19 22 3 6 5 1 21 1 99564 3 2 2 9 16 0 3 7 9 15 10 3 2 3 8 10 14 1 11 2 15 6 20 1 6 4 1 1 0 4 4 7 19 2 1 7 1 1 17 0 3
46 GTG 2 0 3 17 3 19 2 6 7 3 16 3 5 1 7 17 1 9 2 0 19 8 2 2 10 13 14 2 5 19 8 10 2 1 8 4 10 1 17 11 23 0 1 0 11 15 99553 8 10 3 4 0 13 0 0 8 9 1 2 8 16 7 8 11
47 TTG 8 2 10 0 0 8 4 1 6 9 3 5 0 2 7 11 20 11 9 0 3 4 0 2 6 13 10 11 9 5 0 9 9 4 3 5 8 4 12 11 3 18 1 1 3 0 16 3 10 13 2 5 6 4 16 8 22 2 12 5 8 5 99585 8
48 TTC 2 8 7 5 3 5 0 4 6 15 9 4 6 4 11 0 11 19 1 3 1 5 6 24 2 0 11 3 6 4 6 8 11 3 2 2 7 2 2 9 2 14 0 9 9 9 14 2 11 17 2 5 0 8 9 2 0 3 4 8 2 99623 2 8
49 GTT 9 9 10 7 14 6 4 2 2 8 7 2 1 7 9 6 8 4 24 1 5 4 4 2 8 0 8 6 4 3 5 0 0 2 2 5 5 11 23 1 8 1 1 5 3 14 1 99630 8 6 8 5 2 7 7 2 4 1 3 17 4 3 10 12
50 AAG 1 16 99556 0 0 1 10 4 4 1 4 0 5 15 9 5 15 3 6 5 11 3 2 1 3 3 7 5 4 2 6 22 10 5 10 7 2 10 8 1 12 1 19 2 26 3 3 16 7 14 19 4 14 3 6 6 2 3 6 2 32 10 0 8
51 ACC 6 3 6 3 10 99633 7 2 5 17 3 7 2 2 0 1 0 4 1 1 6 2 0 8 3 3 26 11 6 1 11 10 1 7 0 0 2 22 6 4 2 19 5 11 5 1 3 5 7 11 7 7 7 18 4 2 4 3 1 2 1 5 11 17
52 GAT 5 5 2 3 0 13 6 2 12 7 12 4 3 8 6 0 7 2 6 2 5 8 6 2 6 26 8 1 6 17 1 5 25 14 0 99578 4 1 17 18 0 7 2 10 6 6 15 2 0 4 2 2 7 2 8 26 14 2 2 13 3 7 0 7
53 TTG 2 2 0 7 0 5 15 14 1 9 7 5 17 3 2 6 1 2 8 9 0 71 4 0 12 3 15 4 4 2 2 2 0 10 3 6 24 4 7 11 0 14 1 1 2 8 5 1 1 0 11 18 9 2 1 23 1 1 2 2 0 5 99590 3
54 TCT 6 5 4 2 7 14 13 2 0 2 0 2 2 1 1 4 4 13 18 2 2 0 6 23 6 0 9 7 3 1 2 1 10 1 3 0 4 4 23 4 8 16 0 6 7 10 3 4 3 2 3 16 8 9 14 99655 5 1 2 8 4 2 1 2
55 GGG 1 2 0 2 1 0 3 8 30 0 5 1 8 0 0 9 7 10 7 12 5 2 5 3 0 8 1 4 0 9 0 3 11 2 20 6 0 4 8 1 9 1 99646 4 30 0 1 15 7 15 6 2 9 0 6 8 2 11 3 2 6 2 9 8
56 GCG 1 9 7 14 2 8 0 2 14 2 6 19 0 8 4 17 3 4 14 27 12 5 16 7 9 5 1 6 1 1 0 7 5 1 6 3 4 6 99597 3 6 7 2 8 12 11 9 6 2 6 16 0 0 8 17 2 5 1 3 11 4 1 2 5
57 CTA 10 13 7 13 3 1 11 11 6 2 5 9 7 5 12 14 2 3 10 1 11 7 15 0 8 2 4 14 99550 6 3 1 11 7 0 10 9 8 5 12 3 15 0 19 2 2 4 8 8 9 4 3 16 40 4 2 4 5 5 1 9 3 4 2
58 AAC 5 99579 5 10 18 13 7 10 28 4 1 0 0 3 22 2 11 19 7 14 1 8 11 4 13 11 3 24 13 13 2 1 8 2 7 1 6 7 0 3 1 13 3 5 0 2 2 15 10 1 6 2 0 4 4 7 0 0 7 3 10 0 8 1
59 GAG 4 8 1 6 0 2 12 0 19 4 0 4 5 0 0 3 13 1 9 3 11 3 11 12 0 4 10 0 6 3 8 4 5 15 99671 2 2 1 3 6 4 8 0 2 6 3 8 2 12 0 14 7 0 6 0 18 16 0 14 5 3 0 0 1
60 CTG 0 1 12 10 2 0 0 10 19 3 14 2 7 1 8 2 2 4 7 2 14 6 11 0 15 10 6 2 7 1 99614 9 2 3 0 0 9 10 4 1 6 19 9 4 0 1 5 0 13 0 17 5 15 5 2 11 1 11 0 18 3 4 11 10
61 CAA 6 6 3 2 2 1 8 3 6 1 4 1 9 1 7 1 99691 2 17 3 6 10 3 11 1 5 2 4 12 5 2 10 5 4 0 3 2 2 0 9 4 4 7 3 5 5 10 1 8 2 4 0 5 15 6 3 7 13 3 4 3 0 10 8
62 GAT 0 8 0 10 4 1 7 2 5 1 17 0 8 9 2 1 2 0 0 1 8 2 25 0 11 0 2 1 5 15 3 3 17 20 17 99605 8 8 2 5 19 11 1 7 16 8 0 8 5 1 2 9 4 0 7 6 31 1 0 1 10 5 3 10
63 GAG 3 5 9 1 17 11 7 7 9 0 5 7 3 5 0 2 10 1 5 4 17 0 3 0 2 12 2 2 3 7 3 7 16 12 99665 2 4 7 10 2 0 2 3 9 6 3 6 4 7 6 2 6 0 0 4 6 14 10 7 2 6 2 7 1
64 GCG 8 3 9 5 2 3 1 5 11 14 1 1 5 22 8 9 5 0 4 1 9 2 6 7 2 0 12 5 0 4 3 6 1 26 6 8 13 10 99647 3 8 5 2 9 1 1 0 3 16 12 1 4 7 2 17 2 2 2 3 1 2 4 1 8
65 GCC 9 21 2 5 4 4 3 8 6 7 5 6 10 5 0 7 15 2 32 2 9 4 0 4 3 9 12 30 3 8 1 10 3 17 12 12 6 99488 6 1 23 10 5 5 11 14 4 20 4 2 14 9 8 13 10 11 5 16 0 8 4 3 7 3
66 CGA 0 0 8 6 5 22 17 7 4 8 5 6 0 10 10 3 31 0 15 10 6 7 5 5 99534 29 23 3 6 4 13 4 11 2 15 1 6 27 0 4 0 2 17 0 7 8 0 4 2 4 1 11 12 5 17 13 6 7 3 2 2 1 0 4
67 CTT 11 12 9 11 2 5 4 8 3 1 0 5 20 19 8 18 2 0 3 20 11 15 0 9 8 3 1 8 11 2 5 99578 2 11 8 0 5 2 0 19 3 6 1 11 3 21 0 0 6 6 1 2 2 3 5 10 4 1 10 0 7 27 0 12
68 TCG 8 0 12 7 1 0 6 1 8 5 26 13 5 12 11 1 7 3 7 0 6 6 4 3 4 0 3 0 11 17 17 6 0 6 0 5 10 4 7 5 2 2 1 7 3 4 1 8 2 4 10 2 3 1 99656 6 1 1 25 5 4 0 5 0
69 TGG 2 17 12 3 1 0 1 11 12 10 5 1 2 0 5 9 1 9 0 0 8 3 6 9 5 13 1 0 1 1 24 13 29 0 8 8 7 5 2 5 6 14 19 16 0 2 8 1 14 0 1 1 2 3 9 4 7 1 99611 3 13 1 6 9
70 CTG 2 4 14 12 5 9 0 2 2 7 9 0 12 6 18 1 2 0 4 6 11 1 2 1 4 3 14 4 4 5 99629 20 1 9 8 11 14 6 0 8 17 12 5 6 4 11 2 2 6 2 2 0 1 6 7 2 19 11 0 2 0 4 3 6
71 GCC 4 4 22 20 0 2 8 14 1 7 9 15 0 4 7 10 1 7 8 8 2 4 25 1 0 5 8 12 9 0 4 0 2 2 8 4 12 99596 4 3 7 5 0 4 2 5 0 7 21 15 3 5 11 5 0 7 2 3 2 10 13 1 20 0
72 ACA 4 16 5 2 99558 18 9 1 4 10 22 1 8 1 24 1 20 5 3 17 14 8 6 6 27 1 0 10 3 0 6 4 0 2 2 5 9 0 18 2 6 2 0 3 15 14 28 3 0 2 5 6 3 6 6 6 1 1 1 2 12 9 7 10
73 ACA 18 1 16 7 99630 6 17 2 0 16 14 4 19 9 2 1 1 2 4 4 2 2 4 9 6 2 3 0 0 2 9 4 26 1 0 6 5 3 3 1 15 14 4 1 1 8 1 14 5 5 1 4 3 3 11 3 22 3 2 1 5 6 4 3
74 GGG 7 2 0 6 3 10 5 7 6 10 14 8 9 1 17 4 6 12 5 8 0 0 6 4 5 27 2 13 9 0 2 3 6 6 4 2 4 9 7 1 25 5 99617 3 0 7 2 8 2 11 5 4 15 5 4 5 0 3 2 0 0 20 1 6
75 GTT 4 19 8 0 6 3 2 1 6 2 1 1 0 19 5 11 2 23 10 8 11 5 8 11 10 1 2 2 3 0 1 20 17 3 6 11 6 5 0 1 9 3 6 3 1 6 0 99643 3 7 7 3 6 0 4 4 2 5 10 1 2 1 12 8
76 CCG 4 5 23 1 22 27 14 6 0 16 2 5 0 20 2 9 0 4 10 0 0 4 99487 2 1 0 6 11 5 5 28 3 6 8 10 1 38 7 12 7 6 1 9 13 0 14 4 0 3 30 4 3 10 3 17 8 4 6 18 6 12 11 1 6
77 TGC 11 1 8 3 7 3 1 1 6 0 17 5 4 2 0 10 1 0 6 12 2 0 7 11 2 8 0 8 3 12 1 8 1 0 2 1 3 16 11 4 2 2 12 0 6 9 18 14 3 15 0 0 1 11 28 11 3 99644 5 8 1 6 0 3
78 GCA 2 5 1 4 7 8 2 9 7 2 9 13 6 0 2 2 22 9 5 7 6 1 21 2 12 9 8 2 13 0 0 2 5 2 18 3 99635 6 3 2 15 8 5 2 2 3 7 1 12 5 0 9 2 7 11 10 6 7 0 2 1 0 6 7
79 GCG 4 6 5 6 0 7 13 1 0 8 2 1 0 9 9 15 4 3 8 4 0 7 0 4 4 1 0 3 3 1 2 4 1 4 26 7 21 10 99655 11 10 1 17 11 2 6 7 1 11 2 2 5 3 5 11 3 9 6 4 1 0 2 5 7
80 GTT 18 5 1 2 4 5 7 0 1 2 0 17 5 0 3 8 0 8 11 10 3 12 7 0 6 2 10 0 2 0 0 1 1 1 11 14 4 6 0 10 1 9 12 32 12 7 10 99647 1 4 8 4 9 7 4 4 4 5 4 0 4 4 3 8
81 TTA 2 1 20 7 1 8 5 4 2 5 6 3 11 2 14 7 9 14 0 7 2 9 0 12 0 34 9 0 24 6 9 0 25 2 12 8 2 0 3 0 7 4 9 4 7 8 6 7 4 7 4 2 12 7 8 6 3 3 14 2 99558 15 0 18
82 GAT 0 2 6 5 4 21 5 0 4 10 15 1 4 8 2 13 8 2 0 15 5 9 3 0 4 4 6 11 7 3 16 12 3 6 12 99622 1 5 4 1 21 4 5 12 6 14 4 4 0 0 13 1 1 7 9 0 7 0 11 2 8 9 2 1
83 GTT 15 3 14 4 5 0 8 1 2 4 9 6 8 9 3 11 1 8 9 10 8 5 5 17 5 1 4 4 0 2 5 2 7 24 0 8 1 3 2 3 3 4 11 29 11 3 6 99526 13 13 1 33 6 5 15 3 11 5 16 4 13 16 8 9
84 GTA 1 5 4 0 10 0 15 2 4 26 3 2 4 1 1 6 3 9 0 1 6 17 7 18 1 1 0 6 5 8 9 0 2 8 4 24 5 9 4 18 0 3 4 8 99600 9 4 5 2 2 10 17 1 19 2 2 9 2 21 0 21 0 8 2
85 ACG 12 11 7 1 3 24 99537 3 5 3 0 5 7 33 24 6 3 8 3 2 7 1 1 12 1 3 11 4 8 9 4 2 0 3 18 0 4 0 19 20 3 2 16 5 5 2 2 19 17 3 0 22 0 5 24 1 4 8 5 4 4 9 4 12
86 GAG 5 0 2 5 0 1 1 1 0 2 5 16 0 0 1 5 1 3 2 0 4 3 3 2 2 4 3 7 13 5 17 4 3 20 99728 6 2 11 2 0 0 7 9 1 3 0 17 0 1 4 13 11 3 2 5 1 2 5 2 7 9 1 8 0
87 GCG 3 9 19 1 7 2 13 20 8 8 11 22 1 0 2 5 5 3 1 14 3 19 1 1 1 1 3 13 3 3 2 8 11 7 18 8 4 12 99592 2 0 0 8 1 14 0 3 12 21 3 9 8 0 3 3 0 3 24 7 2 0 8 2 3
88 GGC 2 10 11 12 1 9 3 8 3 11 2 0 3 4 3 15 3 1 0 3 6 3 2 3 7 1 1 4 3 39 7 7 0 4 18 6 2 3 10 15 3 99610 7 0 18 10 2 2 8 5 3 2 3 5 8 15 0 12 8 9 0 4 19 2
89 AGG 5 7 6 8 9 16 7 6 19 12 99566 2 1 1 4 17 3 2 3 20 1 9 12 1 7 9 9 11 8 7 0 0 8 32 1 2 9 7 13 8 3 1 1 1 6 1 5 6 1 5 1 2 23 12 3 5 12 11 3 0 2 0 22 6
90 GAT 5 8 27 6 1 9 3 1 1 8 6 2 6 1 11 31 0 5 9 3 0 9 0 9 10 16 3 14 35 6 2 2 2 1 3 99554 4 0 33 14 0 13 7 18 1 3 4 10 0 1 14 16 3 3 4 5 2 7 3 7 5 7 4 3
91 TGG 1 0 4 3 1 6 5 3 0 3 6 11 8 1 4 3 6 3 0 4 4 7 10 20 9 27 7 14 9 2 15 13 3 0 6 6 4 8 2 0 29 3 5 0 5 7 2 4 9 13 10 5 0 0 9 1 9 11 99608 12 4 6 2 8
92 CTA 6 12 7 0 0 8 8 14 4 8 0 11 8 1 1 1 4 27 4 5 3 19 9 1 5 0 3 10 99513 19 33 12 2 2 2 9 16 0 3 1 7 0 13 12 9 2 1 9 4 24 1 25 1 8 1 15 8 1 10 15 9 2 32 0
93 TTA 7 6 3 9 3 0 5 7 2 5 4 0 6 0 5 0 8 6 25 3 13 4 4 5 3 0 0 10 19 13 2 0 8 0 0 2 2 0 7 15 4 8 1 24 3 5 7 10 8 5 5 4 0 2 3 4 0 1 2 4 99662 8 8 11
94 TTA 0 3 8 1 3 0 7 4 2 0 0 1 6 1 2 2 12 6 3 0 0 3 0 9 4 3 3 0 4 4 7 2 1 27 4 3 2 5 2 18 4 6 4 1 14 8 17 1 0 4 0 5 17 0 24 1 0 6 3 9 99686 4 11 13
95 GGT 7 0 0 2 4 1 2 6 11 0 0 11 0 0 24 0 4 16 9 1 2 1 7 2 4 4 4 12 3 1 3 0 0 14 3 7 32 10 25 10 2 0 5 99610 10 1 11 16 5 13 0 6 1 0 0 1 8 14 25 4 1 11 11 3
96 GAG 12 3 8 5 0 3 4 2 3 1 15 1 10 3 3 5 1 3 20 5 10 1 6 3 8 12 5 7 2 2 0 5 15 4 99587 2 0 7 7 0 3 8 12 3 7 11 1 9 0 13 14 0 16 5 1 0 14 2 4 27 4 18 11 27
97 GTT 1 6 2 4 0 9 6 5 3 1 3 5 3 2 12 7 1 9 0 8 12 7 6 4 0 19 17 1 6 4 1 1 2 0 0 25 10 9 2 16 9 1 20 5 9 6 6 99644 1 3 1 5 5 6 0 3 1 7 3 11 0 8 14 3
98 CCG 4 7 2 9 1 2 2 13 2 6 6 0 4 3 5 14 1 5 3 2 3 1 99595 21 4 10 6 1 3 10 1 1 2 3 8 2 12 11 7 17 7 4 25 8 2 4 9 2 6 1 0 1 13 10 38 8 8 4 14 2 1 7 13 4
99 GGG 1 2 1 3 0 2 0 16 7 10 2 0 5 8 0 9 12 4 1 7 4 5 5 0 1 6 3 0 21 2 0 6 6 7 6 7 2 8 5 8 1 6 99697 1 5 0 2 1 6 4 5 0 2 1 14 7 1 3 25 7 0 8 11 1
100 CAA 4 3 10 2 0 4 11 6 1 5 0 12 15 0 1 4 99609 8 15 12 8 25 6 8 7 5 9 3 3 3 7 4 5 21 7 1 6 4 4 2 4 2 12 13 14 10 5 1 0 0 2 11 14 0 7 9 6 2 9 1 0 7 11 0
101 GAC 10 4 14 2 17 0 9 10 21 2 6 12 0 3 10 24 8 0 8 1 7 2 6 20 21 5 2 0 3 2 9 3 16 99586 12 7 1 3 3 2 0 5 4 5 0 8 6 1 20 4 4 3 7 4 5 4 9 7 7 1 3 11 11 0
102 TTG 1 6 2 6 6 0 7 8 15 6 4 3 1 2 2 5 4 5 1 0 4 1 1 7 9 1 7 3 12 0 0 8 5 1 6 23 3 0 1 2 1 4 16 3 5 5 3 6 5 0 3 3 3 1 20 12 20 0 0 8 33 11 99656 4
103 CTT 4 9 3 4 7 1 3 8 4 2 1 3 1 4 3 15 1 3 6 13 14 6 8 21 1 6 2 4 9 3 1 99706 1 0 0 5 9 2 0 8 2 2 7 6 2 1 2 6 15 0 1 8 1 10 0 1 2 0 3 11 8 2 3 6
104 AGT 3 20 7 14 1 5 6 16 7 6 6 99608 9 5 8 4 6 6 12 0 10 8 0 6 6 3 4 2 0 4 9 3 2 3 5 0 9 13 12 13 2 13 15 11 8 5 1 11 1 4 2 1 10 3 4 6 4 1 9 9 4 1 1 13
105 TCC 1 0 4 4 1 17 2 6 7 2 2 8 20 18 2 6 0 5 3 6 1 5 0 6 0 7 0 14 9 8 8 5 5 1 3 5 23 16 8 0 2 6 0 0 19 2 6 3 3 16 1 0 3 99609 4 2 6 10 24 3 1 15 21 6
106 CAC 1 18 15 4 40 4 4 11 8 14 11 2 5 11 9 15 15 99536 13 4 9 13 1 1 3 0 4 9 11 11 22 1 1 2 1 18 5 20 2 4 2 1 2 15 3 2 8 0 2 7 1 0 7 1 5 4 3 18 12 15 5 3 5 1
107 CTG 6 3 0 2 5 12 4 10 3 3 14 25 2 11 1 4 4 2 9 0 2 2 16 0 7 0 5 10 13 16 99572 3 5 7 0 5 0 10 4 2 0 10 6 3 20 1 25 1 4 40 11 4 0 0 6 5 25 3 14 0 4 3 15 1
108 GCC 15 4 4 8 0 3 1 1 5 9 0 1 4 5 6 8 0 5 19 4 35 7 1 10 10 5 17 6 8 7 4 24 1 11 1 8 11 99561 5 9 6 1 5 13 2 2 7 7 0 7 1 21 5 10 6 6 5 0 7 15 8 15 2 6
109 CCG 4 0 8 0 5 1 2 10 1 5 0 1 6 15 9 6 7 3 14 3 7 5 99661 15 1 16 4 4 0 2 1 6 0 4 4 11 6 3 1 4 0 1 0 23 8 9 5 2 7 7 7 3 2 3 11 9 3 1 7 11 19 1 4 2
110 GCG 0 0 5 13 0 14 20 18 8 4 0 25 6 0 5 0 2 1 8 18 0 2 7 23 19 0 7 12 3 6 3 6 20 6 20 11 9 8 99534 11 4 14 2 0 0 6 6 0 14 22 1 3 6 11 6 1 5 2 10 16 2 0 9 6
111 GAG 2 1 10 3 0 4 3 10 2 5 5 18 6 12 10 4 11 1 1 6 13 4 5 21 2 15 0 11 13 13 6 2 8 8 99657 6 0 0 2 1 2 2 3 0 13 1 1 11 1 5 6 1 2 3 10 2 4 0 2 1 5 10 5 9
112 AAA 99583 13 5 6 20 7 7 0 4 11 13 8 17 5 8 24 1 15 8 3 1 10 2 11 1 0 0 8 2 10 1 0 12 12 0 5 1 2 2 3 13 4 6 0 3 2 2 11 6 17 2 2 10 7 3 15 1 15 1 10 3 11 6 9
113 GTA 4 3 26 15 2 0 4 4 5 5 8 1 7 18 8 0 17 7 4 3 12 3 0 5 13 2 9 8 10 9 1 2 1 8 3 2 7 2 9 7 3 0 4 3 99619 8 0 10 3 13 2 14 5 9 2 2 20 0 9 1 2 1 12 4
114 AGT 3 4 5 0 1 3 8 8 3 12 0 99635 9 15 2 4 4 1 2 1 3 5 6 25 5 4 43 4 2 4 11 8 2 0 1 1 2 11 3 5 6 7 8 19 4 2 0 5 0 8 7 13 9 5 7 0 3 5 11 7 0 0 6 3
115 ATA 14 6 14 17 7 13 1 0 15 2 12 11 99568 13 1 4 6 4 4 0 9 4 17 9 0 1 4 10 20 5 6 0 10 16 2 6 8 1 7 7 5 6 3 0 9 0 3 9 0 8 9 4 22 6 6 14 0 2 7 13 5 6 3 6
116 ATG 13 1 0 16 18 4 2 1 4 4 1 6 6 10 99550 12 6 1 3 12 6 14 34 7 12 4 18 13 16 1 3 14 10 9 2 9 4 3 6 1 10 0 0 8 11 12 5 9 4 5 20 0 2 17 0 2 3 0 0 3 29 1 0 3
117 GCT 4 10 0 0 1 4 1 13 20 16 1 15 29 4 0 1 12 19 5 3 2 12 14 8 9 0 7 13 2 5 7 4 4 5 11 17 2 5 10 99571 1 20 0 9 21 4 15 4 9 1 1 3 2 5 8 3 5 0 4 3 7 2 2 5
118 GAT 24 2 0 26 0 12 13 5 2 3 5 13 15 9 12 3 22 1 2 1 2 9 17 2 14 2 19 16 1 2 1 7 11 2 7 99592 9 1 1 3 0 0 10 6 1 0 1 4 0 1 1 4 1 14 0 0 1 16 2 0 6 12 6 26
119 GCT 10 16 22 7 4 3 0 4 8 11 6 10 6 4 0 2 2 7 1 4 10 13 2 7 3 1 4 2 31 4 0 3 3 1 15 2 3 4 5 99614 2 2 6 1 3 0 5 12 5 10 8 7 11 10 5 12 0 0 11 0 12 4 20 0
120 ATG 2 3 7 14 8 34 3 2 4 1 11 4 3 17 99589 4 3 0 3 1 8 6 17 6 5 1 11 4 7 6 9 6 0 14 10 9 3 7 9 2 5 21 19 15 4 1 8 2 8 18 2 0 0 3 5 3 9 2 4 0 7 0 3 8
121 AGG 8 1 7 2 19 8 16 16 3 5 99541 11 2 20 11 24 1 3 2 1 11 1 3 0 11 0 4 7 17 0 4 3 6 17 1 2 3 13 12 6 33 2 9 12 1 2 0 20 6 8 18 3 4 2 1 5 8 4 7 1 3 7 5 17
122 CGT 3 4 1 8 16 8 13 3 6 1 17 29 9 2 9 3 1 1 1 3 13 2 1 0 3 4 2 99617 3 2 0 12 4 0 18 12 2 2 4 1 12 2 23 1 8 4 2 0 0 13 6 9 2 7 6 18 13 17 3 2 4 1 5 2
123 TTA 2 3 1 3 11 3 16 4 3 25 0 4 14 10 25 0 15 1 1 8 11 4 6 0 1 0 2 9 0 8 1 6 2 0 6 4 2 4 22 18 10 0 0 7 5 3 1 8 3 23 4 12 8 0 0 12 7 8 3 15 99595 10 8 3
124 CAC 8 5 3 13 15 11 0 15 15 2 6 5 4 13 1 2 5 99559 16 8 5 10 20 1 5 11 2 16 11 16 1 4 4 4 13 0 3 4 5 5 5 3 14 0 0 4 14 8 11 9 2 3 4 10 7 14 6 4 6 0 10 8 0 12
125 ACA 10 2 12 4 99629 9 11 0 1 3 5 7 2 7 1 3 1 2 5 16 9 2 15 1 0 3 7 0 8 1 13 9 3 0 5 6 10 11 4 10 8 14 6 1 8 2 3 3 0 10 1 8 3 11 6 0 4 16 7 19 10 0 11 2
126 CTA 0 0 9 5 0 0 15 10 1 0 6 2 1 15 1 2 22 8 7 11 2 8 4 14 11 3 9 0 99640 7 20 4 2 1 5 6 27 9 9 4 4 5 1 3 1 4 5 3 5 1 18 5 2 3 6 0 2 3 0 6 1 13 2 7
127 GAT 18 3 3 2 0 4 4 6 2 9 2 1 23 1 9 1 3 1 7 10 15 1 4 0 0 8 2 0 2 8 9 7 19 3 21 99656 0 3 1 5 10 1 2 6 1 19 17 0 18 15 1 0 2 3 4 8 4 1 1 3 3 4 3 1
128 CCA 8 2 3 8 0 8 3 2 12 17 6 26 0 9 8 26 12 2 5 23 99584 13 29 3 0 8 3 4 7 2 4 11 2 4 1 8 10 4 2 1 9 8 1 1 2 2 5 5 6 0 4 3 1 0 1 17 15 6 4 2 15 3 8 2
129 GCA 0 1 6 2 9 1 1 6 1 1 3 3 7 13 4 1 6 9 12 3 14 4 9 4 1 2 13 9 1 1 6 3 17 2 8 5 99687 8 1 0 10 6 1 2 16 4 0 4 4 3 1 10 8 4 11 2 5 5 0 2 1 1 11 5
130 ACG 7 3 2 0 18 15 99613 10 8 4 3 2 8 11 5 0 11 3 2 6 23 3 9 22 2 3 5 3 7 3 13 3 1 2 1 7 4 13 5 7 9 8 7 22 5 0 4 3 4 5 5 12 1 0 2 1 2 0 1 6 9 5 17 5
131 TGC 6 8 2 7 7 5 8 9 0 11 3 6 6 1 10 1 2 0 8 12 4 2 2 6 0 5 1 12 8 10 1 8 7 7 9 19 4 2 1 4 7 9 1 1 12 0 0 4 6 2 4 0 8 1 0 10 5 99676 11 4 2 10 1 2
132 CCA 13 2 3 0 19 10 0 0 1 1 1 11 1 2 1 6 15 10 8 3 99628 13 14 8 0 1 4 2 6 3 1 3 4 27 1 1 0 0 5 7 4 1 2 22 2 1 15 4 16 1 4 7 4 9 0 0 7 1 4 2 5 4 39 11
133 TTC 2 1 7 4 2 7 6 12 6 7 0 2 9 6 3 0 25 6 2 0 14 6 2 6 2 5 0 1 0 6 18 6 5 6 19 2 1 3 1 2 3 5 26 7 2 8 0 12 1 3 4 15 2 11 16 7 0 11 0 23 4 99621 6 1
134 GAT 13 2 7 14 1 18 5 17 0 6 1 1 0 7 0 3 15 9 5 4 11 15 8 1 0 11 5 2 5 4 2 7 3 5 15 99639 0 6 9 0 4 9 0 6 6 16 1 5 1 4 3 1 8 13 2 2 13 1 7 6 5 1 8 2
135 CAC 4 8 5 8 0 2 0 19 9 26 6 2 1 1 3 5 11 99564 15 1 11 4 19 15 9 13 5 4 6 5 10 1 46 1 0 6 6 9 4 2 3 6 3 0 22 9 8 2 9 5 2 7 4 0 1 1 6 0 2 7 4 16 10 7
136 CAA 1 2 3 0 10 5 8 6 2 1 16 2 6 8 5 1 99638 6 16 4 3 2 3 6 14 2 8 5 7 14 37 6 8 2 0 7 4 2 0 9 21 8 3 0 8 2 0 0 7 3 5 1 7 0 3 8 2 21 9 1 1 2 3 6
137 GCG 8 4 2 4 1 3 3 9 0 1 7 2 0 13 8 3 14 3 3 2 1 3 2 9 2 1 6 2 10 10 0 10 2 2 6 10 5 4 99662 1 2 2 10 0 4 2 14 18 7 7 7 6 12 7 1 4 15 6 3 0 9 11 3 12
138 AAA 99598 2 2 8 5 6 1 7 11 1 2 7 0 4 26 1 2 3 13 4 3 4 8 2 3 21 3 1 29 3 1 3 18 3 1 5 9 8 4 2 2 2 7 13 25 8 4 0 4 6 2 1 15 6 15 2 1 0 5 0 1 20 2 25
139 CAC 4 5 3 1 1 18 5 1 6 6 1 1 1 7 2 14 2 99601 34 9 11 16 10 2 0 5 3 4 0 0 0 0 1 24 8 9 4 3 1 1 13 4 14 0 0 6 9 4 22 0 25 0 2 2 11 31 7 4 4 5 4 8 1 0
140 CGA 0 1 0 6 4 2 12 4 1 6 7 4 8 0 11 3 4 8 6 6 3 0 3 5 99654 30 4 10 13 3 1 0 1 2 19 7 1 0 13 5 16 6 12 14 2 0 2 9 9 13 3 0 6 12 7 0 2 0 3 3 0 3 8 3
141 ATA 2 5 10 2 2 6 3 8 8 4 7 4 99673 4 9 3 1 2 3 3 1 8 2 19 11 7 11 0 10 3 7 7 0 1 0 0 11 0 0 2 7 8 0 20 6 7 3 3 7 10 4 6 1 2 2 3 2 11 3 6 10 7 1 12
142 GAA 2 11 2 0 13 12 20 7 7 6 13 0 13 7 3 9 7 7 2 3 4 1 2 0 22 1 8 3 10 2 5 3 99522 2 6 0 1 2 4 4 45 0 15 5 13 2 15 19 5 11 4 27 8 3 1 8 5 10 15 5 1 21 2 14
143 CGA 3 0 0 9 5 2 7 6 3 4 9 1 0 0 10 12 5 3 2 16 15 1 25 15 99680 4 4 0 3 3 1 2 12 7 17 5 5 1 0 3 5 1 3 4 2 5 0 2 1 10 10 1 2 13 8 0 2 9 3 7 7 0 1 4
144 GCA 3 0 5 35 6 1 2 2 5 16 7 25 0 2 2 5 7 0 2 3 13 8 16 1 1 3 2 13 6 2 2 2 15 7 4 5 99577 3 6 1 10 7 3 6 5 14 5 3 24 2 8 3 3 4 0 9 6 9 5 11 12 18 3 15
145 AGA 0 3 4 9 8 0 0 14 99703 0 2 0 1 2 2 4 3 5 1 10 12 0 11 6 6 13 0 3 0 6 0 2 1 4 12 11 0 1 0 5 10 9 10 1 6 1 7 5 4 6 13 0 8 11 1 1 9 4 8 3 11 4 2 2
146 ACT 7 0 2 6 1 7 5 99700 1 8 4 0 3 10 0 9 3 0 0 3 1 3 6 8 2 10 0 1 12 1 17 6 2 2 9 6 6 4 8 1 13 2 2 5 4 0 0 4 1 17 0 3 10 5 14 2 6 1 3 0 18 1 10 5
147 CGC 0 1 1 7 0 5 0 7 17 2 4 0 5 1 17 2 5 2 0 2 11 6 7 12 10 99687 0 6 4 6 3 3 12 3 4 3 1 1 1 9 2 11 1 3 2 10 2 12 0 1 0 13 0 10 16 5 7 5 12 3 13 2 2 1
148 ATG 5 4 2 1 9 2 10 0 5 2 8 14 4 17 99695 4 3 4 1 0 0 0 5 15 16 0 1 10 1 6 4 8 7 9 4 5 1 1 16 8 6 0 5 1 1 8 3 14 2 1 6 5 8 5 0 8 0 1 1 1 4 6 1 6
149 GAG 45 0 10 1 4 9 8 0 10 0 3 1 1 6 3 14 3 6 7 1 25 1 5 7 4 2 1 4 2 13 4 5 9 9 99616 0 9 3 8 10 13 0 10 5 1 15 8 0 0 2 8 12 2 13 3 2 8 1 2 8 0 4 13 1
150 GCT 1 1 0 0 9 17 13 3 2 7 37 0 3 2 13 3 3 14 3 1 5 9 0 11 6 0 1 14 9 4 1 7 1 2 1 6 16 0 3 99642 13 2 3 5 3 0 26 13 1 1 0 3 9 18 3 5 1 4 1 5 8 1 0 5
151 GGA 3 6 1 5 6 6 3 16 6 6 9 11 3 0 5 14 1 1 3 14 10 0 4 5 16 1 22 0 10 0 0 3 8 6 4 6 0 0 3 11 99639 5 11 3 8 0 3 1 8 1 5 8 3 0 4 5 8 6 9 7 22 12 4 0
152 CTA 0 1 0 2 7 0 9 19 6 4 5 0 0 5 8 4 46 5 7 2 14 0 0 3 15 2 16 1 99589 27 4 3 3 0 3 4 13 9 2 0 0 4 16 2 15 0 1 5 2 2 13 14 0 13 7 2 1 2 0 3 13 2 30 15
153 GTA 2 5 10 1 0 13 7 6 0 3 0 0 9 2 7 2 8 3 8 10 0 11 1 4 15 3 1 6 7 8 0 0 3 0 1 5 0 2 8 3 15 12 0 3 99633 12 4 16 1 23 1 6 4 21 0 10 29 1 13 7 3 4 6 2
154 GAT 11 8 0 10 8 12 0 1 20 2 9 11 8 0 0 10 11 16 7 4 5 12 4 21 9 15 5 5 1 5 6 7 7 3 1 99607 5 0 1 3 9 6 0 8 0 1 3 4 4 31 0 5 4 14 0 1 1 3 5 6 0 0 8 17
155 CAA 7 3 2 4 20 4 6 3 10 13 0 6 9 5 9 7 99588 3 12 0 15 0 7 7 5 19 14 4 11 9 13 13 14 7 1 3 12 11 3 13 10 4 6 2 2 3 5 1 2 17 2 5 3 16 3 3 6 1 2 1 1 3 5 5
156 GAT 14 5 7 2 2 0 4 15 4 6 7 5 1 3 4 8 0 2 3 19 0 8 2 4 22 0 12 4 1 10 13 3 1 0 2 99690 1 1 5 2 1 0 7 1 6 0 9 6 6 6 10 3 0 16 1 2 6 5 12 3 2 5 1 0
157 GAT 1 10 5 21 7 3 0 2 3 1 3 1 3 4 4 5 3 1 1 19 0 4 5 1 11 4 6 21 10 10 7 10 1 17 15 99639 0 5 0 2 1 13 9 4 0 1 1 6 2 14 6 6 12 1 4 11 5 16 3 9 0 7 1 3
158 CTT 13 13 4 0 0 3 3 2 0 2 8 16 4 1 16 7 3 1 1 10 2 9 10 1 2 0 5 21 8 0 4 99640 0 1 1 3 0 0 6 5 9 4 17 3 2 5 11 12 17 11 1 1 0 13 6 6 11 3 3 2 12 4 20 2
159 GAC 3 1 10 2 1 0 1 2 2 6 4 4 17 2 3 15 0 17 20 9 3 11 12 12 3 6 2 4 2 16 3 3 26 99674 9 7 0 7 1 3 1 6 1 1 0 0 0 0 0 4 0 3 4 2 0 7 6 11 0 6 0 10 14 1
160 GAG 3 15 25 7 7 11 22 2 1 5 7 6 5 0 6 6 10 17 1 13 13 10 9 3 17 20 0 1 4 0 1 4 4 6 99535 0 9 32 1 2 5 0 30 5 10 11 6 20 5 3 5 1 1 2 12 0 1 4 9 4 11 12 0 3
161 GAG 0 0 5 2 10 3 2 6 4 8 3 2 0 5 1 8 4 4 8 3 0 9 7 19 0 1 2 3 5 12 1 5 4 1 99702 11 1 0 9 10 1 2 2 5 12 2 3 17 13 13 2 9 5 0 0 1 0 5 1 4 7 2 14 0
162 CAT 9 1 8 14 12 20 3 6 10 3 6 1 2 5 4 4 2 1 6 99663 12 6 0 1 0 0 4 3 4 5 3 20 18 1 5 15 0 0 4 7 0 2 0 0 3 2 11 0 1 7 1 12 6 16 0 0 6 7 2 2 18 0 7 9
163 CAA 24 14 1 4 4 6 2 23 0 0 5 3 2 2 17 2 99507 11 9 11 13 26 4 8 5 9 33 11 4 18 5 2 30 12 6 11 1 7 12 1 11 0 2 3 13 13 4 10 3 1 6 2 10 12 1 1 5 3 1 6 20 2 2 4
164 GGG 21 0 0 0 1 0 9 10 1 2 4 7 7 0 23 11 2 8 0 3 6 0 4 5 0 5 6 6 1 5 8 2 0 3 20 4 1 3 1 3 8 4 99703 4 7 4 3 8 7 3 3 2 6 0 4 7 16 0 4 8 2 1 4 0
165 CTG 9 1 21 3 9 9 6 7 12 2 15 10 3 0 6 16 2 12 3 3 2 0 2 5 1 1 0 1 8 8 99634 7 1 10 9 3 14 0 3 9 27 2 9 1 2 2 4 7 5 4 2 13 6 9 0 2 11 4 2 5 5 2 6 3
166 GCG 2 3 2 7 7 0 10 0 18 4 22 1 5 1 4 3 2 0 2 3 7 11 2 2 6 3 1 4 18 8 3 8 15 0 12 7 5 11 99623 1 0 12 5 8 5 3 13 1 7 4 11 3 2 7 3 15 2 2 16 1 23 2 8 4
167 CCC 0 7 0 6 5 17 10 5 36 1 1 7 4 13 0 4 2 0 6 4 3 99662 1 5 11 13 1 3 2 2 5 6 0 1 5 0 10 7 0 5 15 6 1 2 3 9 6 2 3 3 0 15 0 10 9 4 8 2 20 9 0 0 2 1
168 GCG 1 3 12 1 0 2 13 42 5 4 11 13 9 15 1 5 6 3 18 2 0 8 13 3 5 2 4 3 0 1 29 1 9 3 1 0 27 6 99557 19 9 16 0 0 3 3 14 1 11 8 11 0 8 23 9 2 7 1 0 3 4 3 7 0
169 GAA 7 1 1 2 4 12 12 13 11 1 4 5 5 2 8 4 3 4 12 3 13 11 4 19 5 0 0 14 6 6 16 9 99600 13 2 20 6 1 9 3 6 7 2 4 2 15 12 7 4 0 6 7 2 4 12 3 0 3 3 8 5 3 0 14
170 CTC 2 1 3 12 0 10 6 6 2 5 1 6 2 0 14 2 2 0 5 13 1 2 1 3 10 5 13 14 1 99700 0 14 3 2 7 0 11 10 5 11 13 7 1 4 13 8 7 3 3 13 1 0 2 1 0 5 0 1 1 1 3 6 0 2
171 TTT 11 4 2 3 45 9 5 2 20 9 0 1 3 13 0 15 12 6 1 3 7 1 1 3 1 3 5 4 8 3 10 5 8 14 0 6 13 14 15 4 4 1 1 8 5 4 6 9 1 5 4 21 1 4 6 18 3 1 4 9 8 3 1 99584
172 GCT 1 5 5 14 1 10 6 3 13 3 9 1 1 7 2 7 5 12 8 6 26 11 3 3 15 0 5 4 1 2 2 13 1 10 0 19 20 7 1 99599 6 2 0 7 1 5 10 2 4 9 2 1 8 4 11 3 3 1 10 2 9 5 25 9
173 AGG 7 3 3 12 8 2 11 1 34 3 99602 0 5 7 7 10 5 7 0 0 1 4 8 4 2 12 10 5 10 1 3 8 15 2 1 1 7 14 4 6 12 2 4 1 6 2 4 12 2 5 0 2 3 2 2 17 6 4 7 26 11 1 21 3
174 TTG 1 10 20 6 10 5 0 3 13 3 3 1 2 17 5 8 9 2 1 4 6 5 1 3 1 2 1 0 1 1 13 17 5 1 2 0 0 4 4 0 3 6 1 3 6 6 16 6 11 2 7 21 25 10 14 3 1 8 1 7 12 11 99611 19
175 AAA 99616 3 0 10 12 3 7 0 1 5 1 2 7 0 4 13 8 36 2 1 1 5 10 11 5 0 8 5 4 0 1 2 3 5 5 13 1 4 4 5 3 4 3 0 21 5 3 18 3 4 4 1 0 11 2 5 2 13 12 3 8 10 30 12
176 GCT 9 0 6 1 0 3 2 8 10 4 5 27 21 1 3 26 1 6 1 6 4 10 0 4 2 6 8 0 9 0 0 5 5 0 13 10 5 3 23 99583 0 6 0 7 2 1 16 4 5 7 18 4 1 15 6 14 2 1 14 1 0 6 39 1
177 CGG 2 13 1 3 4 10 7 8 5 5 14 4 7 2 1 2 8 0 7 12 7 10 6 4 10 17 99622 5 9 5 10 5 1 7 8 6 5 3 20 8 5 2 17 2 7 1 4 0 0 0 15 0 2 1 15 2 13 1 5 4 4 7 10 0
178 ATG 4 1 19 18 2 16 8 3 6 7 12 0 1 11 99590 17 1 15 12 3 9 18 5 12 18 2 1 2 3 5 3 7 1 6 1 0 12 2 10 1 15 10 0 3 4 9 17 2 1 11 1 10 2 8 0 1 3 0 5 1 23 7 3 0
179 CCC 1 20 4 4 0 31 3 4 6 12 4 13 0 1 21 0 10 19 1 17 2 99577 6 10 0 5 1 29 2 9 5 1 1 3 8 12 8 15 5 9 2 1 7 8 3 4 3 9 3 9 3 13 11 8 2 4 6 2 1 8 7 5 1 1
180 GAC 13 0 8 5 2 1 14 4 3 1 0 1 6 0 2 1 3 4 5 10 1 6 25 2 4 2 0 20 19 3 4 11 5 99633 0 1 1 12 25 4 2 15 8 4 17 3 5 25 8 0 1 0 0 0 4 7 0 1 1 7 7 6 2 16
181 GGT 1 0 10 12 9 16 12 5 0 2 3 10 0 6 6 8 2 10 9 7 1 5 10 3 1 3 11 8 6 0 10 8 5 8 5 3 12 2 7 6 4 4 4 99666 6 19 0 1 6 15 2 2 5 0 0 8 2 0 7 0 1 0 5 1
182 GAA 5 7 4 0 7 5 0 8 10 4 2 16 2 9 11 2 10 5 15 8 2 6 7 1 0 11 5 1 16 4 4 4 99623 0 2 15 10 11 1 12 18 1 7 4 11 5 13 1 4 2 1 0 4 6 10 5 1 10 10 2 2 2 1 15
183 GAT 9 3 11 5 1 8 9 10 3 2 0 0 3 1 2 0 8 3 1 4 3 24 23 1 18 9 1 4 1 1 7 3 2 3 0 99648 1 6 4 7 16 0 7 1 0 2 11 9 6 8 9 13 13 1 6 4 4 2 5 8 4 6 16 0
184 TTG 14 2 3 4 10 8 1 17 2 5 13 2 0 4 3 4 0 1 12 0 10 0 4 10 11 18 1 0 1 2 4 9 2 10 2 3 0 0 6 15 14 2 7 5 3 1 12 1 0 5 4 0 4 0 2 8 11 3 5 0 9 7 99651 33
185 GTG 21 8 9 7 2 8 8 11 1 0 16 3 1 9 9 1 4 10 15 2 3 9 4 24 19 2 3 1 10 1 1 17 2 19 1 4 2 1 10 2 8 18 9 1 17 16 99483 10 8 11 8 11 9 3 8 2 23 27 4 14 5 5 11 9
186 GTA 6 2 10 10 8 0 0 0 18 1 6 24 4 1 1 5 1 6 1 0 15 7 37 7 8 33 6 0 16 7 0 3 0 5 1 9 18 3 17 10 3 0 13 15 99536 9 12 16 3 1 3 1 1 14 8 15 6 5 5 2 4 5 15 2
187 ACT 6 7 11 15 22 13 4 99458 2 3 12 11 6 0 10 8 19 3 5 4 1 7 2 20 12 3 3 12 27 23 20 26 3 0 5 16 9 3 2 3 6 5 0 1 3 14 11 12 3 18 1 1 3 7 3 23 12 11 9 7 7 17 6 4
188 CAT 6 3 1 3 6 0 3 8 2 4 8 10 0 5 0 1 3 1 3 99741 9 0 4 2 5 5 4 12 0 13 29 0 1 4 2 0 2 6 0 3 7 0 6 1 1 1 0 3 2 3 5 6 3 10 2 4 4 7 14 1 1 2 1 7
189 GGG 18 4 4 4 5 11 8 4 1 1 13 2 8 0 1 5 4 12 3 0 4 4 0 3 8 1 18 17 9 5 3 3 5 6 14 6 0 2 5 5 8 5 99604 17 10 9 3 0 10 0 0 25 7 19 2 0 1 13 6 7 11 5 1 11
190 GAT 36 5 1 6 2 1 8 0 0 4 0 3 2 18 2 1 11 3 22 3 5 1 18 3 1 4 6 1 6 8 2 17 6 1 7 99601 0 7 17 2 5 8 11 3 6 4 23 16 1 4 2 7 2 4 4 10 2 18 2 12 6 4 0 5
191 GCC 6 4 18 33 0 3 1 19 12 19 13 10 6 1 14 12 3 3 1 5 3 20 0 1 25 17 6 21 6 0 8 6 6 9 5 0 16 99492 0 1 4 1 10 2 2 2 1 7 8 1 36 2 9 6 3 14 3 3 7 4 18 11 7 14
192 TGC 2 5 1 1 1 25 0 5 4 6 4 21 16 1 2 0 3 7 2 1 2 16 7 1 5 1 18 7 3 0 0 3 26 5 0 6 6 8 1 27 19 2 2 12 12 0 1 6 16 6 4 1 11 3 8 6 9 99619 6 0 4 0 4 0
193 CTC 26 6 7 3 4 2 11 13 6 5 2 4 1 3 12 5 15 14 13 4 4 4 10 7 9 37 4 2 5 99567 9 15 1 0 1 14 0 10 6 1 2 3 15 11 17 18 1 1 14 0 6 4 11 0 0 0 5 8 0 2 3 2 2 13
194 CCG 0 4 8 1 3 6 2 2 12 24 0 1 0 3 0 5 0 15 19 8 4 31 99552 5 12 1 9 5 1 30 14 11 18 19 6 7 6 6 5 4 0 2 8 1 7 2 4 4 9 2 12 5 6 7 7 6 13 1 12 21 2 0 2 8
195 AAC 11 99553 4 6 8 1 12 1 14 10 17 0 1 6 2 1 4 11 16 5 4 5 8 9 11 7 3 6 10 9 1 12 6 3 0 3 19 3 2 4 12 6 7 8 1 13 1 2 4 17 2 8 12 27 5 10 10 0 0 6 8 28 1 4
196 ATA 17 0 0 5 1 7 2 12 13 9 2 8 99559 3 4 5 6 9 6 1 32 10 4 4 12 0 1 4 7 6 14 12 19 0 6 4 1 6 25 2 3 2 2 17 10 0 0 2 0 0 22 8 11 8 8 7 12 0 15 5 7 13 1 9
197 ATG 4 6 3 7 4 0 8 3 2 3 5 2 1 1 99677 2 14 0 3 5 0 19 7 3 1 4 2 0 3 18 1 5 8 6 3 5 3 18 0 7 4 5 4 1 1 0 4 3 0 6 19 7 5 0 9 4 25 7 0 5 4 5 3 16
198 GTG 5 3 10 2 5 4 8 9 1 11 0 1 7 4 4 5 16 1 5 0 12 2 15 4 3 0 0 12 2 8 17 0 4 4 7 1 2 8 7 2 4 3 3 4 8 0 99683 1 10 0 2 8 11 0 0 0 3 9 2 6 0 23 8 1
199 GAA 12 4 27 0 5 1 16 3 6 8 15 20 1 0 12 3 2 1 5 6 12 11 6 1 7 8 10 10 3 0 4 12 99526 30 6 26 5 11 9 0 2 15 6 4 3 6 0 22 6 17 17 2 2 0 4 4 5 2 7 4 21 0 4 3
200 AAC 3 99670 0 2 1 5 4 8 2 30 6 1 8 0 6 0 0 2 10 12 7 3 2 1 1 3 1 1 8 2 10 3 7 4 0 4 16 5 11 5 9 8 10 0 1 12 3 1 1 3 18 2 6 13 1 0 10 3 5 13 6 4 7 0
201 GGC 5 2 1 4 1 5 9 6 8 1 1 1 1 8 1 18 14 8 2 6 3 12 0 0 0 4 4 13 9 1 2 24 4 0 0 6 1 30 0 3 30 99597 15 4 1 13 2 5 9 15 7 6 13 14 7 4 6 2 4 2 1 2 5 18
202 CGT 13 16 6 9 8 0 21 1 8 2 1 6 23 7 3 22 7 1 8 20 4 1 6 12 17 7 15 99535 2 18 1 10 1 9 14 11 4 13 10 5 5 6 4 4 2 10 0 33 1 0 1 1 7 17 4 3 5 1 2 4 2 1 2 8
203 TTT 2 2 6 7 10 1 5 3 5 0 7 5 1 5 6 5 4 5 6 9 4 3 9 10 4 0 11 11 1 7 15 0 7 1 17 10 5 6 2 0 1 1 5 3 6 6 1 11 0 12 11 2 7 1 13 10 0 0 5 12 10 21 8 99637
204 AGC 13 3 2 2 6 1 4 1 6 99536 14 2 0 9 13 7 3 18 1 21 6 0 1 10 12 1 0 14 11 16 0 1 2 3 45 15 0 6 10 8 1 18 0 9 23 2 10 1 14 18 9 4 1 16 0 1 18 2 25 5 0 0 0 0
205 GGA 7 1 8 3 0 8 13 2 37 14 0 4 3 5 5 3 11 2 7 4 2 1 9 3 1 9 1 4 0 0 6 5 11 12 0 15 6 1 4 4 99641 11 0 0 18 5 5 5 5 0 18 9 5 1 0 5 2 1 9 11 0 5 2 11
206 TTC 0 6 4 6 4 29 23 0 3 7 10 1 2 1 3 1 2 2 0 8 1 20 1 14 4 7 6 18 2 32 5 17 3 4 4 2 6 7 2 0 2 2 3 3 1 0 10 19 18 6 9 2 40 0 0 0 1 0 10 7 0 99588 3 9
207 ATT 12 6 0 5 14 3 7 13 11 2 2 2 11 1 9 99605 18 2 0 13 5 6 7 5 2 10 1 6 3 2 2 0 4 2 1 9 2 8 10 5 19 18 6 15 3 0 1 6 7 6 2 3 0 3 0 10 5 3 4 22 15 12 13 1
208 GAT 2 10 0 3 2 3 10 3 2 7 1 9 4 3 2 18 6 2 0 7 7 0 0 3 3 9 4 1 6 1 7 0 20 5 9 99658 4 3 3 9 3 6 0 12 2 13 5 5 17 0 5 3 1 5 14 18 3 15 0 18 0 4 3 2
209 TGC 1 16 5 32 3 6 2 5 25 11 32 6 0 2 0 0 4 1 29 5 2 6 4 0 6 7 8 26 3 8 8 12 7 2 4 7 4 1 11 10 10 0 8 19 2 1 10 9 19 5 2 1 3 9 4 15 13 99409 25 22 20 24 39 10
210 GGA 2 2 0 0 35 3 8 15 7 4 0 5 11 5 1 17 7 1 2 5 10 7 0 8 8 3 1 2 5 5 1 5 7 11 1 5 3 3 18 4 99634 1 9 15 3 17 1 3 3 0 5 10 6 14 1 2 9 5 0 7 2 13 1 2
211 CGG 4 8 4 9 13 1 1 0 4 1 3 14 9 5 2 16 2 8 14 2 9 3 8 7 10 4 99615 12 4 7 2 3 17 0 14 11 3 12 6 1 8 2 9 11 3 0 3 1 6 3 2 8 9 2 4 8 3 11 19 3 3 8 1 5
212 TTG 6 3 0 24 6 21 8 14 7 3 5 3 1 10 8 1 11 5 2 4 6 9 0 0 8 16 13 1 10 4 15 10 12 1 3 7 0 1 17 8 7 1 13 8 1 6 4 8 2 6 2 8 5 6 5 8 5 6 4 4 6 4 99597 1
213 GGT 5 7 10 5 5 10 0 3 6 1 1 5 6 4 8 18 5 2 12 2 3 7 21 24 2 14 8 4 2 10 7 7 1 10 2 1 14 3 22 10 19 7 16 99516 11 7 9 2 1 21 18 3 13 3 10 2 5 3 1 18 0 16 2 10
214 GTC 6 42 10 6 5 1 6 11 0 18 0 5 1 1 6 6 0 6 13 2 21 5 9 2 7 3 11 3 1 6 2 1 7 16 10 2 3 1 2 0 7 9 15 21 5 99584 0 8 0 5 1 10 2 13 12 10 4 5 5 7 1 16 0 3
215 GCT 16 0 1 1 2 26 7 25 10 15 3 5 7 8 13 15 17 3 4 1 0 1 2 3 20 16 7 7 11 2 3 2 18 1 0 17 1 0 9 99559 5 13 1 2 6 15 1 2 11 18 5 2 5 1 8 17 7 6 1 2 6 4 1 3
216 GAT 3 1 4 6 11 0 1 10 2 13 4 2 2 0 7 9 24 10 2 9 0 9 1 13 1 0 7 16 3 8 7 2 11 3 10 99634 5 33 2 11 10 0 4 6 9 0 11 9 2 10 4 0 1 6 4 4 1 9 0 5 1 0 4 4
217 CGA 11 16 13 0 6 22 9 0 22 4 8 0 6 16 1 4 4 7 2 11 4 7 1 2 99524 15 10 0 2 4 0 8 4 2 2 9 11 26 3 13 5 1 14 4 14 11 0 10 1 9 12 12 3 6 3 0 46 5 9 1 2 0 14 9
218 TAT 5 3 2 3 0 0 10 12 0 15 0 1 5 11 5 8 1 9 2 4 1 25 2 6 7 2 2 1 6 1 4 17 0 1 5 7 3 1 5 1 0 3 10 5 12 3 3 5 14 0 2 99667 5 6 1 5 5 11 2 12 11 4 19 2
219 CAA 5 6 4 6 3 5 9 3 0 2 8 4 3 11 1 20 99543 10 24 6 15 33 4 4 22 4 0 0 23 6 0 13 6 12 0 4 8 16 5 7 13 13 18 7 1 6 13 10 9 5 4 0 3 3 0 1 7 12 7 1 1 1 5 5
220 GAT 35 8 12 12 16 8 16 3 6 10 13 4 2 6 2 10 4 6 19 7 4 8 2 12 11 1 6 4 4 0 0 6 10 15 0 99540 17 3 1 17 0 16 12 1 0 3 3 11 7 9 2 16 2 1 1 2 5 7 1 14 4 9 10 4
221 ATA 23 3 21 1 13 8 14 0 5 5 13 0 99635 22 1 0 15 4 7 2 3 10 12 6 2 1 1 16 8 3 3 4 13 1 2 4 2 1 2 1 5 4 24 7 2 0 5 2 2 0 1 12 7 1 1 0 3 13 13 1 5 2 3 0
222 GCA 1 4 3 7 7 11 4 5 2 0 0 2 11 1 0 5 2 10 9 5 12 1 13 2 15 5 9 1 20 5 3 0 6 9 0 1 99606 8 3 2 6 3 12 5 2 5 2 10 3 8 14 5 9 4 8 12 3 3 4 7 34 1 20 10
223 TTG 8 0 3 1 0 4 2 7 0 1 4 12 3 0 9 0 0 2 2 3 9 7 5 11 1 1 1 2 13 3 5 1 0 4 11 8 8 4 7 42 17 3 2 0 3 5 5 2 3 2 8 2 0 0 8 0 24 5 2 10 11 1 99680 3
224 GCA 2 10 17 0 7 0 2 7 4 2 5 6 4 0 18 2 6 6 2 2 8 10 0 3 9 4 18 9 12 2 1 2 15 3 6 2 99591 18 9 3 0 5 0 18 6 6 2 0 14 12 3 24 4 1 0 7 12 9 12 3 9 1 25 0
225 ACT 8 9 0 0 4 1 2 99604 2 11 5 1 10 19 5 3 2 1 5 7 9 5 1 16 0 4 4 15 14 2 8 18 1 1 4 5 5 1 4 1 9 11 5 2 5 2 4 19 5 3 34 12 5 4 8 12 8 1 2 20 3 5 0 4
226 CGC 1 2 3 14 3 12 2 12 1 17 12 2 7 1 4 0 4 2 4 7 14 13 9 11 7 99652 23 12 1 3 5 24 1 6 0 1 0 1 1 5 1 11 7 5 0 3 1 1 0 4 1 2 10 10 9 8 1 6 5 0 1 10 0 5
227 GAT 1 11 4 0 7 8 1 6 4 4 4 1 4 12 1 13 8 7 0 2 7 8 1 3 9 4 2 1 0 22 8 3 6 11 8 99621 10 2 10 2 12 1 4 2 13 0 11 9 2 17 9 17 16 5 12 0 0 6 13 7 2 1 2 3
228 ATC 2 5 23 6 5 1 3 12 1 11 26 3 5 99565 6 7 1 16 0 0 4 16 5 9 10 7 8 1 7 2 8 1 10 0 5 11 12 0 4 5 10 4 8 9 8 8 5 5 1 3 8 17 4 1 4 4 27 7 6 31 0 5 2 0
229 GCC 4 4 10 0 9 2 1 7 3 13 25 7 1 0 1 1 15 20 2 0 12 1 8 0 8 2 2 13 0 4 1 1 2 7 8 3 6 99665 9 4 4 7 6 0 4 4 11 5 2 1 2 1 23 2 3 4 4 4 8 1 4 7 3 9
230 GAA 9 8 1 5 2 4 6 1 9 3 1 2 9 2 9 3 11 8 1 22 14 1 9 0 16 22 9 5 5 2 6 8 99559 4 8 8 11 17 1 0 9 13 16 5 14 4 4 18 0 6 14 15 5 2 2 12 9 11 4 5 0 8 0 3
231 GAG 1 1 3 14 16 1 7 1 2 14 3 6 18 3 1 11 8 2 5 7 5 3 1 2 2 5 12 1 2 2 0 3 12 2 99671 10 4 3 8 13 0 4 0 7 2 9 3 6 8 19 4 4 3 13 1 7 2 2 4 2 5 7 3 0
232 CTT 4 2 25 21 4 8 3 3 6 1 8 7 1 0 7 10 5 3 4 21 14 1 2 23 8 13 2 10 6 6 7 99570 3 17 6 2 4 13 2 0 4 3 2 1 3 4 8 12 5 4 6 27 11 6 2 1 4 17 3 4 5 0 0 16
233 GGT 2 4 0 7 25 7 1 1 12 0 6 0 5 3 0 6 3 6 5 2 1 8 27 2 12 2 1 15 3 4 0 2 21 4 8 15 4 3 1 10 3 1 1 99602 4 0 6 5 17 11 0 16 25 4 13 3 19 10 11 0 5 2 3 1
234 GGT 10 0 9 15 7 6 7 0 6 6 6 8 1 7 0 3 9 15 3 2 26 4 1 3 1 16 12 0 15 4 1 4 5 19 6 2 12 0 2 6 12 19 7 99592 1 14 1 7 1 4 3 3 0 0 7 0 15 13 29 3 4 1 5 0
235 GAA 3 2 2 0 2 1 3 0 10 13 0 4 3 10 8 0 4 7 6 10 12 9 0 0 14 11 11 11 1 3 3 7 99628 14 10 13 24 2 4 3 10 3 21 1 3 1 5 11 8 6 7 8 8 3 6 6 6 2 7 7 0 0 0 3
236 TGG 4 2 10 2 1 6 9 16 6 8 4 1 4 4 17 13 4 2 7 2 4 2 4 8 3 2 3 3 9 20 4 3 5 5 8 3 10 1 4 5 2 9 23 11 8 0 2 2 5 15 11 2 11 9 6 6 10 0 99586 5 3 12 33 1
237 GCA 2 6 0 3 4 28 0 1 2 0 2 1 19 4 3 12 6 5 2 1 3 4 0 10 4 1 11 0 6 3 0 3 2 3 0 5 99674 15 8 4 3 1 4 10 0 1 8 0 1 2 3 15 11 10 22 0 3 7 3 2 2 13 16 6
238 GAC 1 1 4 7 5 4 5 3 1 1 11 4 10 12 14 12 20 8 2 1 18 9 9 6 5 0 0 0 2 11 1 4 9 99597 39 6 13 9 3 1 0 12 0 0 11 12 5 4 9 13 4 6 10 11 2 1 5 8 0 0 4 5 3 7
239 AGA 12 4 2 14 3 8 13 15 99642 3 13 16 23 0 0 11 6 1 2 4 8 9 0 1 4 7 5 10 0 4 4 0 9 3 6 2 9 2 0 8 8 3 7 7 5 3 13 12 3 4 12 0 1 0 3 3 5 4 0 4 2 0 7 11
240 TTT 0 2 14 1 20 0 21 3 0 2 39 5 6 37 12 1 7 5 5 3 7 3 10 6 0 1 2 1 14 5 0 9 21 3 4 19 6 10 8 3 1 2 4 3 5 18 14 1 0 11 5 3 0 6 2 8 0 3 4 13 13 15 2 99552
241 TTA 4 9 10 0 13 2 6 2 2 1 3 3 13 1 10 3 1 0 2 4 1 6 1 4 0 7 2 0 7 9 0 1 10 13 0 2 2 1 2 1 1 4 18 1 6 1 7 1 4 1 0 0 30 3 3 1 4 4 5 5 99733 7 0 3
242 GTT 0 0 5 11 10 12 7 8 15 15 6 0 5 1 24 19 21 4 8 0 6 5 0 10 1 4 6 8 0 3 7 9 6 0 7 5 8 9 7 2 2 16 1 0 6 1 0 99551 36 11 7 5 13 0 2 0 17 6 7 13 7 6 15 4
243 CTG 27 13 9 3 1 0 2 0 2 10 14 16 0 0 2 0 4 9 10 13 13 28 7 0 5 20 4 13 0 4 99603 2 3 8 3 23 10 0 0 4 1 2 1 5 7 0 5 3 13 6 3 2 4 16 2 11 1 1 6 9 7 0 9 1
244 TAT 19 5 9 6 3 2 5 2 21 4 0 0 17 2 1 3 1 0 4 3 0 4 8 6 5 0 1 13 5 8 2 3 13 8 1 1 4 2 5 5 0 25 12 1 5 10 5 7 26 1 12 99621 0 0 5 5 0 5 12 23 2 3 4 15
245 GGT 6 1 6 5 12 4 2 4 2 1 16 16 2 3 0 3 1 10 7 0 0 10 3 12 26 20 0 5 3 4 2 11 0 8 14 2 6 0 5 7 6 0 8 99552 13 4 9 1 15 2 22 9 5 11 5 7 18 5 10 9 9 8 22 11
246 ATC 7 11 5 0 4 1 9 6 0 2 8 6 7 99606 22 3 4 8 10 11 2 24 0 2 5 2 4 0 6 5 9 3 3 4 20 12 1 0 10 19 1 0 2 3 4 10 1 5 16 7 3 12 9 3 3 15 18 4 7 0 7 1 4 4
247 GCG 13 10 8 0 19 10 11 2 1 5 3 4 4 2 0 1 1 14 5 10 0 0 16 5 17 9 5 15 7 1 14 1 4 5 0 8 4 3 99600 3 18 2 13 4 1 13 11 7 5 3 0 10 4 10 6 11 2 7 2 0 1 7 9 14
248 GCA 1 6 10 1 7 1 0 8 4 2 6 3 1 4 6 3 4 8 1 9 4 20 21 22 2 13 12 3 16 4 0 2 2 7 6 2 99610 5 7 9 6 12 11 6 2 6 5 6 16 5 4 0 5 9 4 5 4 3 5 1 3 6 1 23
249 CCA 2 0 17 18 2 1 1 11 3 4 0 5 1 0 6 3 0 11 1 10 99690 1 11 2 17 1 1 3 7 2 2 4 8 2 0 7 12 7 0 13 15 3 4 11 4 1 2 10 3 7 4 2 0 0 2 14 7 2 12 1 1 3 6 0
250 GAC 2 13 0 1 6 8 2 8 3 16 6 14 0 5 15 1 6 14 8 0 22 2 8 16 2 1 0 5 1 9 0 18 4 99570 7 1 4 7 6 4 6 7 6 9 9 3 8 9 3 10 3 6 16 7 9 7 5 9 4 3 2 29 8 7
251 TCT 3 10 2 1 4 1 2 2 0 3 6 8 4 4 0 25 1 0 1 19 4 3 13 8 11 10 2 9 1 7 0 2 7 0 2 8 3 16 7 1 4 3 0 5 2 8 4 17 0 2 5 12 27 13 3 99625 6 19 5 9 6 5 2 8
252 CAG 7 6 0 13 5 18 3 2 0 1 6 4 2 0 6 4 0 11 99582 15 0 7 24 5 8 0 7 2 2 4 28 6 4 7 14 22 10 5 2 3 12 12 2 2 19 10 0 0 7 15 1 2 2 10 9 11 7 1 6 13 3 5 6 0
253 CGT 4 6 39 4 11 23 1 0 8 7 4 13 22 5 15 6 4 5 6 16 1 5 1 4 5 2 5 99463 16 1 13 1 12 14 23 31 16 5 8 3 2 0 0 15 7 22 12 1 1 1 4 5 2 1 6 12 5 19 4 9 21 11 7 5
254 ATC 1 14 11 5 15 0 12 1 0 3 11 4 3 99684 2 5 2 0 5 3 7 1 4 13 1 5 6 0 0 6 7 2 3 2 3 13 17 3 2 0 9 0 4 0 3 6 1 0 3 0 3 0 6 1 0 3 17 12 2 8 0 34 5 7
255 GCC 0 0 1 1 15 5 1 2 9 12 9 9 21 0 0 1 10 0 1 4 1 1 5 6 13 9 4 1 4 3 1 4 7 3 6 3 10 99678 10 6 3 12 3 3 12 5 4 7 6 4 0 1 3 12 13 2 5 1 2 4 0 16 3 3
256 TTT 17 9 1 6 7 13 8 12 8 1 0 1 3 12 7 12 0 2 47 5 23 0 1 0 1 3 4 10 3 2 7 4 5 10 4 0 0 7 3 2 4 2 6 5 1 8 4 6 12 3 0 11 11 21 2 27 4 1 2 9 0 4 13 99584
257 TAT 1 27 1 20 4 2 5 27 5 3 0 14 2 2 20 6 14 10 2 6 8 12 3 2 0 2 5 10 4 8 2 11 6 2 9 5 13 9 2 5 2 0 2 13 7 9 4 1 0 5 9 99582 9 7 0 1 6 4 5 18 6 7 7 7
258 AGA 18 20 5 0 1 9 10 6 99451 25 1 8 12 3 1 12 8 22 0 5 7 26 0 1 6 19 4 14 4 8 1 3 9 0 2 15 25 19 7 0 21 2 11 9 12 14 0 13 9 2 3 4 1 5 0 15 1 7 19 25 4 12 13 11
259 TTA 7 4 8 0 1 6 1 1 3 0 16 11 13 24 6 3 1 4 2 2 1 9 1 1 17 0 0 5 6 1 2 1 4 2 7 1 14 9 0 0 9 1 5 8 5 10 6 6 15 15 12 7 6 8 13 6 3 7 1 3 99652 2 4 2
260 CTA 6 12 18 10 10 5 2 6 1 2 8 7 26 1 7 1 14 0 3 22 2 6 1 1 6 1 20 3 99578 17 2 0 15 0 1 2 8 3 6 2 24 1 0 1 18 8 1 5 7 1 9 10 5 1 5 21 11 4 0 4 12 6 5 6
261 GAC 7 11 0 1 1 7 9 1 5 18 10 2 8 2 19 7 4 1 2 4 2 15 10 1 11 0 0 9 1 3 10 2 21 99567 13 9 26 20 2 1 7 5 7 12 7 9 6 7 7 8 2 0 3 7 2 16 4 22 0 3 3 4 10 7
262 GAG 3 6 8 1 10 14 1 0 26 6 0 7 1 3 3 5 29 18 13 5 1 6 2 1 4 1 3 3 12 1 3 4 4 10 99637 0 6 10 7 5 6 2 13 4 5 2 6 7 3 8 4 28 11 1 0 1 1 1 8 1 1 0 4 4
263 TTC 8 10 3 3 3 1 5 1 8 4 7 5 1 1 9 4 6 1 0 3 5 4 3 19 8 11 5 6 21 1 6 0 3 18 0 1 12 18 2 12 5 8 6 2 0 8 7 8 6 8 0 0 8 1 1 6 5 4 5 7 4 99618 18 27
264 TTC 0 3 0 2 4 0 5 12 4 5 11 0 9 5 19 1 1 3 4 2 9 11 1 6 2 8 10 1 4 7 13 6 4 0 9 11 0 8 0 3 10 3 4 0 8 7 4 2 9 0 2 0 2 9 1 2 12 8 3 4 13 99672 3 19
