# POSITION WT AAA AAC AAG AAT ACA ACC ACG ACT AGA AGC AGG AGT ATA ATC ATG ATT CAA CAC CAG CAT CCA CCC CCG CCT CGA CGC CGG CGT CTA CTC CTG CTT GAA GAC GAG GAT GCA GCC GCG GCT GGA GGC GGG GGT GTA GTC GTG GTT TAA TAC TAG TAT TCA TCC TCG TCT TGA TGC TGG TGT TTA TTC TTG TTT
1 ATG 637 88 78 33 462 48 380 0 264 34 67 38 103 1418 1.98916e+06 202 44 258 35 44 26 167 110 39 65 30 100 136 122 59 69 180 192 298 257 108 378 518 807 18 158 302 185 1 98 122 54 53 0 153 0 403 76 66 106 118 0 405 23 175 220 31 12 170
2 ATT 195 158 227 398 142 58 52 173 9 81 18 9 28 115 63 1.99071e+06 134 678 629 13 13 66 7 29 28 105 9 77 22 69 22 29 8 71 38 31 49 820 108 96 38 3 68 21 264 659 390 881 0 577 0 180 11 64 50 77 0 45 360 42 6 286 57 333
3 GAG 90 130 378 78 749 160 269 1125 25 509 1317 36 72 54 1 131 864 1026 699 417 30 249 99 7 288 323 615 433 745 113 14 182 147 161 1.98189e+06 220 32 46 13 3 72 66 71 143 17 11 25 66 0 103 0 294 698 16 135 581 0 62 101 24 691 1497 153 1433
4 CAA 308 171 954 479 52 42 114 491 41 51 1 68 46 121 18 133 1.99015e+06 5 54 93 43 285 159 178 14 306 41 241 127 1402 362 303 42 15 184 80 25 17 17 0 11 274 409 542 385 32 52 56 0 49 0 73 73 34 14 19 0 105 441 37 4 28 59 71
5 GAC 3207 2017 8611 4146 454 505 276 83 4 2040 998 1106 2127 122 14 1137 712 261 717 29 768 787 2125 710 254 107 6 105 1066 2267 169 1252 258 1.94857e+06 960 367 108 106 141 14 487 1128 3104 510 334 213 497 282 0 25 0 25 14 376 757 761 0 45 406 86 1382 173 428 264
6 GGC 3054 8007 9173 260 78 1993 165 1121 215 3155 281 21 1685 4127 1540 1752 46 28 63 69 8629 3794 1763 2308 587 461 52 141 20 162 287 73 3555 243 282 85 573 100 296 1570 119 1.92222e+06 185 81 331 353 661 931 0 970 0 274 4073 3089 63 407 0 58 1871 1 185 864 259 1194
7 CTT 166 13 409 29 2 6 32 7 80 12 91 267 14 11 95 15 21 100 31 3 30 55 106 77 107 17 268 15 2 60 264 1.99437e+06 407 12 334 22 51 54 99 7 124 56 78 226 147 80 139 2 0 17 0 3 40 89 90 212 0 130 19 559 112 16 74 29
8 CAT 6 228 63 292 32 24 30 4 48 45 186 23 4 63 594 13 26 265 58 1.98774e+06 1111 2075 1035 1295 105 18 134 30 365 230 210 7 514 25 570 256 1 9 30 8 68 271 85 187 16 117 11 143 0 67 0 18 47 21 61 34 0 18 52 185 122 8 682 19
9 GCA 160 366 46 259 53 13 46 6 0 47 41 43 360 1201 40 359 13 48 45 49 996 158 91 252 20 110 23 37 20 164 84 36 94 57 184 1 1.99249e+06 60 105 52 117 149 254 362 181 202 25 5 0 19 0 34 35 48 81 45 0 1 2 0 116 38 50 9
10 GGA 25 14 22 20 91 0 13 131 18 10 3 16 8 6 56 5 38 0 14 10 71 12 43 19 18 9 25 16 61 29 28 45 4 27 3 19 12 55 4 8 1.9975e+06 62 154 17 74 22 260 359 0 3 0 14 7 48 122 28 0 188 11 55 38 10 5 19
11 TCT 28 62 81 38 342 380 326 381 1584 19 1799 239 1121 3755 14634 4057 290 4357 3610 1487 1106 997 1415 2046 5159 7219 8658 3995 11817 1596 13666 3843 205 795 323 373 23 16 43 68 144 330 43 82 278 1601 11 571 0 11224 0 4070 57 38 118 1.86253e+06 0 2760 118 3260 6604 2025 1377 808
12 CCC 26 39 13 35 97 45 24 114 34 6 11 39 48 1 8 1 12 12 33 6 185 1.99812e+06 10 30 19 40 11 8 31 52 37 24 9 98 31 55 108 109 24 38 1 6 15 1 7 31 58 15 0 6 0 15 24 14 26 29 0 20 27 19 8 23 13 1
13 GCT 211 9 283 16 136 193 222 248 70 336 150 237 10 18 29 71 234 153 35 29 14 54 36 8 213 371 5 32 13 24 53 64 14 1007 198 623 249 3 61 1.99277e+06 98 20 22 36 144 111 32 338 0 53 0 3 68 217 113 83 0 66 41 9 13 2 20 7
14 GCA 434 53 165 93 143 198 166 235 38 36 60 196 5 13 193 49 84 21 12 38 74 352 120 144 139 57 93 149 47 15 5 8 23 32 96 248 1.99423e+06 340 76 99 106 233 30 46 8 20 64 41 0 17 0 26 147 76 175 185 0 68 12 78 49 26 5 10
15 TGG 12 5 22 14 4 22 46 7 144 60 34 20 16 35 3 14 7 21 50 2 15 6 5 3 78 50 145 363 55 88 49 4 32 2 10 0 2 8 6 17 34 31 23 141 8 23 54 6 0 4 0 1 151 6 43 16 0 22 1.99765e+06 85 4 4 209 7
16 GTG 2250 210 355 122 163 436 254 368 1164 36 154 296 35 36 26 8 437 78 481 13 43 13 17 5 1463 51 42 1649 36 128 77 130 37 16 512 75 200 930 212 260 71 339 661 16 126 66 1.98406e+06 76 0 152 0 85 83 200 469 238 0 27 33 119 14 47 293 3
17 GAA 5 10 21 7 26 91 20 3 11 185 67 3 5 47 12 5 227 91 272 36 19 41 104 26 105 159 24 27 3 9 34 27 1.99649e+06 20 150 20 13 54 50 37 115 61 46 23 14 51 22 50 0 10 0 33 652 87 20 16 0 3 155 14 14 7 29 25
18 CGT 143 85 1081 16 4 43 3 1 41 149 102 180 21 34 5 6 27 11 64 51 16 154 7 35 227 71 224 1.99432e+06 26 75 68 125 485 66 138 130 20 28 6 65 161 147 218 159 13 37 22 81 0 49 0 1 53 44 83 28 0 192 91 107 69 57 6 26
19 TTG 19 1 22 6 14 12 16 11 36 2 65 0 13 0 158 2 44 3 8 11 26 26 2 3 38 4 60 29 294 159 110 164 8 4 45 7 1 51 9 23 27 3 14 14 4 23 18 24 0 3 0 14 1 7 6 6 0 1 0 4 171 16 1.99813e+06 5
20 TTC 26 18 126 6 274 64 195 993 1312 49 1776 38 499 338 389 60 47 227 61 260 5 64 486 38 332 1460 61 1720 120 40 472 170 250 119 955 164 50 270 526 300 20 17 18 54 137 239 83 26 0 95 0 30 20 61 76 121 0 224 19 229 114 1.98380e+06 109 143
21 GGA 63 59 23 86 13 1 23 25 72 51 21 112 0 26 16 15 13 18 5 3 11 32 4 11 14 15 18 12 11 24 23 1 12 66 23 56 22 22 37 14 1.99759e+06 17 239 78 9 53 175 15 0 59 0 6 13 65 239 149 0 66 35 8 68 10 11 18
22 TAT 14 12 5 49 4 14 3 9 3 33 3 23 15 18 0 9 43 25 27 53 32 6 11 3 25 14 5 22 16 68 2 25 28 67 56 61 12 17 32 53 5 2 0 25 15 20 17 13 0 39 0 1.99855e+06 26 78 23 10 0 19 17 0 50 33 103 35
23 GAT 60 23 3 208 41 160 80 242 82 26 58 70 38 103 34 95 25 44 75 82 7 28 13 33 115 111 67 10 71 1 22 11 79 18 16 1.99712e+06 12 14 6 19 25 60 14 60 13 6 11 16 0 119 0 24 47 12 60 45 0 27 21 1 21 10 84 0
24 TGG 1 39 3 54 39 4 38 38 20 30 24 22 18 13 5 1 24 12 5 15 0 18 0 2 227 5 118 109 36 37 57 125 17 8 0 58 12 3 19 28 65 27 37 29 12 37 2 2 0 2 0 10 32 27 30 1 0 43 1.99768e+06 341 134 7 173 23
25 GCA 25 10 126 9 46 104 11 69 40 268 1 18 26 2 17 89 92 5 88 1 9 25 11 12 84 9 14 17 26 19 3 42 8 161 268 62 1.99675e+06 19 32 19 17 36 26 68 184 78 421 207 0 56 0 3 99 9 21 23 0 30 1 56 19 6 1 2
26 CAA 6 50 24 33 32 36 41 9 57 11 103 19 7 94 9 16 1.99621e+06 155 175 174 6 39 76 33 580 239 0 119 223 74 33 235 175 17 14 6 9 6 7 12 16 38 13 0 21 48 2 3 0 21 0 18 48 0 78 91 0 14 30 4 240 37 73 39
27 CAA 18 7 48 98 108 21 34 19 39 39 39 0 36 622 69 3249 1.99353e+06 25 33 6 35 86 36 68 71 11 17 39 43 7 11 21 50 31 0 40 21 15 32 45 23 37 8 5 277 242 397 14 0 0 0 28 3 53 39 14 0 26 9 60 18 1 10 16
28 ACA 19 92 3 56 1.99613e+06 322 148 1 8 37 83 56 33 36 9 31 4 312 19 15 19 30 8 44 72 25 62 70 6 84 4 27 43 25 14 20 116 390 242 326 12 20 0 0 1 10 9 21 0 361 0 21 71 65 156 94 0 11 2 16 14 30 27 16
29 ATC 5 19 14 25 67 4 9 2 11 10 3 30 100 1.99809e+06 92 86 88 2 64 0 11 94 25 12 2 2 11 15 19 64 112 30 9 2 52 4 7 2 7 3 26 42 13 24 66 11 11 16 0 42 0 75 10 4 0 215 0 19 19 4 82 18 63 36
30 GGC 21 3 22 0 28 6 10 11 94 54 34 216 5 16 0 34 3 32 13 38 39 27 5 3 108 66 3 18 23 22 4 25 5 0 21 41 16 17 6 9 97 1.99788e+06 105 134 31 110 65 43 0 5 0 18 38 64 103 34 0 12 11 63 12 8 1 67
31 TGC 13935 46 1060 27 11 13 10 23 185 134 913 17 24 51 11 34 1485 38 2210 63 33 0 4 18 507 329 12 405 280 167 411 211 99 10 4 21 29 22 7 87 38 7 69 36 90 49 34 66 0 22 0 13 29 19 44 28 0 1.97595e+06 48 10 289 69 73 72
32 AGT 23 53 1 17 70 64 22 63 88 83 46 1.99786e+06 56 11 15 161 5 5 27 0 0 74 5 16 44 68 44 6 6 31 34 50 15 6 5 7 5 1 28 4 8 37 8 1 25 42 4 14 0 15 0 11 66 328 6 219 0 6 13 9 22 5 29 14
33 GAC 95 113 490 51 1907 2465 2929 1238 323 853 525 2558 141 60 5 45 83 1 48 99 173 836 311 369 357 346 94 77 150 216 250 20 27 1.97431e+06 92 99 52 113 183 17 611 700 272 53 6 52 32 84 0 27 0 75 1708 1002 1200 1552 0 49 12 100 194 19 112 17
34 GCC 5 25 11 0 12 10 26 10 45 87 25 65 30 18 27 38 152 49 28 25 31 35 7 24 175 1 2 57 12 10 11 14 110 2 12 42 0 1.99802e+06 110 34 19 55 24 21 37 6 9 10 0 0 0 11 2 102 211 0 0 26 10 7 1 16 21 14
35 GCC 8 528 1 187 1295 416 661 429 0 482 45 133 50 85 76 593 3 429 15 20 123 27 4 9 44 57 7 59 19 48 54 39 232 21 91 13 136 1.99048e+06 104 363 98 12 39 6 175 46 156 120 0 0 0 27 535 12 969 41 0 12 26 8 3 209 7 115
36 GTA 72 18 2 3 17 19 14 9 32 18 70 8 24 4 55 22 13 6 5 47 37 0 2 7 9 6 0 49 31 144 53 2 1 6 1 3 33 13 21 31 3 3 199 32 1.99846e+06 178 28 31 0 1 0 1 8 8 4 1 0 4 30 11 28 2 52 13
37 TTT 58 6 5 55 11 3 0 13 13 35 13 49 23 6 10 12 5 5 0 5 10 4 46 25 32 7 11 4 9 21 19 12 5 11 26 6 18 18 1 3 12 1 4 3 13 2 16 51 0 53 0 11 100 51 116 40 0 5 19 6 10 50 36 1.99879e+06
38 CGC 30 36 17 5 7 31 2 3 11 90 153 1 19 4 10 0 11 40 4 58 12 37 9 7 212 1.998e+06 61 13 114 25 138 133 17 0 16 14 1 1 10 14 30 35 26 28 6 2 41 17 0 1 0 5 31 90 11 90 0 60 51 13 29 3 29 39
39 CTT 27 0 17 2 3 1 1 15 3 12 42 3 19 23 11 25 12 28 5 0 17 14 7 37 1 1 74 25 78 39 39 1.99825e+06 4 16 9 15 2 7 9 6 165 199 258 38 15 4 2 3 0 34 0 9 6 3 26 28 0 59 13 4 81 39 90 21
40 AGT 9 27 15 37 18 98 98 143 5 176 24 1.99707e+06 74 63 11 5 17 24 116 86 5 18 34 4 65 40 42 176 31 3 5 5 31 0 11 33 9 19 5 20 10 71 51 37 23 31 6 126 0 24 0 10 90 87 23 134 0 2 544 9 8 18 5 18
41 GCT 3 131 7 20 74 2 6 29 4 24 4 60 34 9 2 5 78 9 332 27 23 10 40 7 4 4 11 19 10 11 2 5 208 7 35 0 476 104 92 1.99663e+06 4 2 0 19 15 108 7 36 0 6 0 8 55 102 96 38 0 832 7 96 0 1 2 7
42 CAG 31 3 26 6 135 231 877 7 51 406 44 37 10 5 18 9 135 2 1.99324e+06 37 260 461 399 62 224 93 442 61 52 9 68 166 22 35 421 138 22 94 43 3 26 10 0 37 52 27 69 12 0 1 0 7 84 482 160 270 0 10 10 4 67 89 182 17
43 GGA 13 869 14 89 36 67 205 56 151 3688 70 644 1 12 2 34 14 201 8 181 12 26 20 4 191 54 120 27 5 29 10 14 19 26 17 3 13 6 21 85 1.98685e+06 35 61 98 81 13 22 51 0 13 0 2 653 2161 473 2103 0 1 36 29 28 71 87 76
44 AGG 338 8 39 13 4 14 0 22 32 1 1.99761e+06 4 7 18 6 18 60 2 2 2 54 40 16 18 9 202 291 52 81 6 84 41 1 10 11 52 19 53 10 18 124 96 196 84 8 16 8 23 0 1 0 27 0 9 3 6 0 29 9 0 5 12 36 39
45 CCG 151 222 89 77 36 36 63 13 151 28 191 19 24 0 32 3 121 32 231 43 131 16 1.99657e+06 143 197 60 226 149 37 4 18 23 44 10 143 15 10 22 57 24 25 39 14 39 6 13 4 17 0 156 0 11 64 9 1 43 0 16 0 7 23 0 43 6
46 GTG 1 238 2 8 326 649 255 393 6 312 48 249 11 10 38 27 13 14 13 8 79 271 75 61 8 26 69 1 39 39 59 11 32 102 25 94 1155 1416 1055 425 276 35 333 101 4 59 1.99017e+06 147 0 52 0 2 63 169 9 71 0 327 18 227 180 8 74 14
47 TTG 153 2 220 3 19 7 0 27 5 16 13 0 12 14 50 4 47 61 66 441 59 58 57 7 143 58 197 51 18 89 124 291 3 30 6 6 4 1 7 8 23 78 5 16 4 13 2 78 0 39 0 64 8 1 1 2 0 24 23 50 25 107 1.99685e+06 208
48 TTC 5 9 0 55 22 15 2 23 0 76 20 13 3 64 25 7 21 3 9 11 86 7 3 2 3 2 13 4 10 135 42 12 0 6 18 7 5 8 4 4 21 3 16 24 124 48 8 13 0 40 0 19 72 1 0 26 0 3 12 4 19 1.99872e+06 4 66
49 GTT 13 2 15 13 22 4 16 9 0 7 2 0 10 4 17 22 2 10 13 1 1 37 6 9 3 1 18 6 119 8 139 47 127 10 17 9 35 31 34 9 19 48 46 14 121 495 177 1.99795e+06 0 34 0 45 1 0 14 2 0 23 22 0 51 3 81 5
50 AAG 197 38 1.99819e+06 39 37 11 7 4 28 96 37 21 10 19 10 29 31 18 33 50 19 11 14 2 21 120 12 100 10 3 16 23 9 13 30 3 24 0 23 27 6 42 1 32 57 5 47 7 0 90 0 4 31 10 139 3 0 19 7 25 1 72 4 15
51 ACC 22 37 1 74 112 1.99792e+06 58 212 57 55 20 5 24 20 7 43 47 3 88 1 51 14 23 33 11 50 34 12 87 27 121 26 2 35 24 40 69 11 69 95 13 26 7 20 24 9 10 4 0 1 0 18 59 11 18 49 0 1 19 1 33 13 5 23
52 GAT 1 30 2 57 63 189 1582 1749 7 2911 3 147 352 830 146 849 296 53 250 6 45 32 9 9 6 47 6 23 4 75 142 37 68 30 84 1.97153e+06 2346 2761 4350 1021 192 38 42 71 171 461 127 40 0 23 0 52 750 130 661 2057 0 534 4 2431 11 4 40 9
53 TTG 938 77 1463 336 150 50 373 128 373 239 441 41 79 49 139 16 78 317 14 40 65 35 182 120 1445 40 91 337 43 50 127 31 177 89 208 126 344 514 153 720 17 39 25 41 1183 929 107 647 0 753 0 621 87 382 674 285 0 15 444 77 18 443 1.98282e+06 151
54 TCT 3 12 6 106 2 20 4 1 133 59 94 178 17 44 36 33 22 282 8 31 42 22 7 46 267 109 12 38 21 14 14 46 129 15 48 20 36 0 4 52 12 15 16 36 39 19 74 5 0 3 0 5 492 222 55 1.99682e+06 0 13 7 29 54 3 32 18
55 GGG 10 31 34 9 30 55 5 70 152 18 52 31 2 26 2 16 98 68 35 777 9 10 12 2 57 99 101 34 13 124 214 8 14 26 17 16 5 47 22 130 89 174 1.99614e+06 96 223 78 12 84 0 13 0 36 15 10 46 23 0 19 18 82 226 81 22 27
56 GCG 20 16 13 16 50 26 19 90 18 29 25 8 62 10 26 42 16 21 52 441 78 17 33 90 27 13 14 10 5 11 8 9 61 336 30 321 85 73 1.99717e+06 64 4 14 73 3 4 0 7 18 0 1 0 16 10 18 264 17 0 5 4 10 19 47 2 12
57 CTA 2 64 17 16 10 32 0 27 180 29 78 10 9 5 16 0 4 100 19 62 65 79 13 22 201 39 28 301 1.99746e+06 76 217 67 20 5 8 19 11 39 6 14 24 13 7 8 32 10 8 8 0 10 0 8 8 8 3 14 0 11 6 9 256 81 90 12
58 AAC 319 1.99728e+06 14 163 6 59 77 19 23 3 98 2 3 3 31 9 6 63 52 64 51 19 3 23 57 17 156 123 12 29 22 2 60 16 54 30 29 55 183 67 3 24 49 79 5 133 46 3 0 18 0 37 20 36 62 22 0 6 20 0 9 6 102 22
59 GAG 37 23 27 18 37 30 28 0 12 86 32 69 4 4 24 30 28 22 70 10 9 0 75 16 23 21 6 9 24 76 57 6 205 0 1.99844e+06 174 18 13 18 10 3 5 18 9 5 2 11 5 0 2 0 38 11 1 9 20 0 8 21 3 9 8 12 14
60 CTG 6 10 6 26 13 8 6 12 17 74 55 61 52 86 116 26 24 68 12 11 63 42 82 14 12 93 74 9 110 7 1.99767e+06 135 3 176 16 81 42 0 34 105 22 53 2 6 9 24 1 68 0 27 0 18 72 20 35 20 0 1 27 46 12 24 29 28
61 CAA 257 21 25 56 18 130 10 10 101 61 183 13 21 7 32 33 1.99579e+06 401 86 80 3 5 96 22 38 24 58 85 9 3 20 80 264 467 80 219 52 141 14 62 59 11 6 76 96 43 34 4 0 53 0 185 42 10 0 34 0 10 8 26 29 48 60 85
62 GAT 6 40 15 20 152 24 46 19 16 15 8 67 18 2 4 12 4 27 11 4 14 24 5 41 10 10 17 5 3 8 133 1 64 8 1069 1.99744e+06 5 14 6 4 34 1 22 7 81 15 20 69 0 9 0 19 12 7 1 15 0 33 19 104 41 9 78 18
63 GAG 107 26 30 9 38 1 14 2 54 41 21 51 15 18 6 18 51 26 99 33 14 52 27 14 114 62 40 29 28 34 243 18 21 61 1.99748e+06 151 6 39 53 25 70 3 205 53 15 20 11 15 0 6 0 10 0 54 34 32 0 36 13 11 95 14 124 8
64 GCG 22 2 115 12 4 4 28 1 51 3 44 44 22 7 7 11 9 24 19 1 16 19 3 3 26 15 19 11 2 4 11 3 78 10 48 34 43 12 1.9982e+06 84 11 51 18 2 22 2 32 22 0 2 0 2 47 466 20 129 0 59 9 13 5 9 5 1
65 GCC 14 22 4 18 20 2 4 14 13 4 7 65 1 5 22 14 7 2 12 5 21 11 54 40 39 5 5 44 10 5 1 5 25 11 137 12 36 1.99644e+06 187 21 9 6 20 8 609 499 328 533 0 14 0 5 122 1 129 12 0 161 70 52 38 3 3 18
66 CGA 24 3 3 54 6 9 40 2 45 121 12 77 9 16 2 9 28 14 27 72 39 9 38 1 1.99832e+06 98 59 127 34 12 31 1 6 24 14 4 15 3 4 0 18 2 35 46 10 32 16 3 0 4 0 14 126 27 30 24 0 25 2 48 20 19 86 0
67 CTT 25 25 6 40 13 8 20 1 69 18 28 95 1 43 18 18 1 92 6 160 255 258 67 2 45 9 7 14 50 49 14 1.99796e+06 3 24 9 7 12 5 10 4 16 20 4 33 21 2 8 50 0 3 0 33 25 61 33 82 0 9 1 23 42 5 21 18
68 TCG 333 13 133 94 112 51 145 17 521 7 519 35 1 134 83 62 552 4 114 14 18 21 14 5 338 934 18 811 43 6 35 19 35 26 27 26 93 41 141 150 7 89 47 99 5 0 46 35 0 122 0 14 301 10 1.99314e+06 226 0 30 18 6 0 23 12 21
69 TGG 5 8 8 1 23 12 62 8 6 32 23 59 15 13 5 8 10 12 39 26 2 3 19 8 6 14 27 0 43 3 74 14 28 13 9 55 12 28 21 48 78 116 10 197 11 25 16 11 0 47 0 106 13 12 45 4 0 8 1.99823e+06 17 131 16 103 4
70 CTG 30 7 8 8 5 4 6 2 55 18 117 52 9 8 109 6 1 45 5 4 35 31 103 20 78 19 16 32 12 15 1.99808e+06 250 7 32 9 6 7 4 17 15 16 9 8 15 68 5 177 15 0 13 0 2 17 3 0 16 0 46 25 38 1 10 206 22
71 GCC 77 26 6 33 2 24 14 5 45 133 107 154 8 4 6 4 3 1 96 2 60 77 18 98 47 34 69 0 2 21 17 1 27 21 41 3 63 1.99696e+06 115 367 72 217 32 33 94 14 12 26 0 22 0 1 65 359 61 62 0 104 3 7 2 8 3 13
72 ACA 15 5 10 66 1.99781e+06 117 321 271 8 176 7 58 19 3 7 11 7 77 18 2 82 10 17 15 2 0 5 53 32 4 3 25 25 13 10 40 13 9 37 12 22 23 69 34 7 4 1 13 0 12 0 2 52 118 5 38 0 127 4 5 1 18 3 30
73 ACA 6 16 13 9 1.99851e+06 16 537 118 3 0 1 0 22 38 5 15 43 2 21 15 17 21 6 2 5 2 3 4 0 1 3 0 28 3 13 7 40 27 16 15 12 8 4 6 25 15 6 1 0 40 0 68 28 49 3 20 0 21 40 2 12 18 14 5
74 GGG 7 4 2 6 25 7 9 28 3 3 7 13 5 5 9 1 3 3 1 3 5 16 5 1 2 6 0 0 13 4 15 1 8 19 7 11 45 27 10 31 172 226 1.99845e+06 552 15 22 20 11 0 2 0 3 7 15 0 8 0 18 8 24 11 24 43 0
75 GTT 2 9 0 7 74 16 23 10 2 2 24 12 2 38 25 43 58 2 96 2 5 9 1 2 14 4 5 21 42 17 70 42 3 24 14 9 18 19 30 35 12 6 0 14 191 149 55 1.99843e+06 0 0 0 0 10 6 26 20 0 44 0 37 109 0 60 4
76 CCG 8 1 0 7 95 42 9 42 55 36 55 74 3 11 0 4 44 71 197 59 34 0 1.9975e+06 127 210 23 36 69 119 27 131 44 12 8 9 14 8 17 3 4 3 7 51 53 4 5 2 22 0 0 0 9 34 32 159 224 0 5 13 20 73 11 61 3
77 TGC 6 1 3 5 28 46 7 20 13 18 56 19 14 7 4 33 0 10 1 11 28 14 6 1 19 0 23 4 10 5 11 37 5 19 37 34 0 0 7 33 37 118 51 7 107 63 99 16 0 6 0 6 38 17 72 27 0 1.99823e+06 2 360 43 5 101 3
78 GCA 0 6 11 2 20 41 161 8 25 13 20 21 3 9 9 1 22 6 23 14 4 2 18 4 168 41 160 11 2 10 17 3 22 8 8 35 1.99831e+06 18 75 187 6 10 8 42 49 19 25 0 0 1 0 11 25 92 46 6 0 17 1 4 67 21 26 3
79 GCG 115 83 722 341 92 60 162 0 184 109 203 51 890 357 1 523 182 240 104 55 41 7 102 88 449 186 204 118 10 17 5 22 68 5 92 32 78 19 1.99268e+06 107 295 164 65 81 22 11 6 75 0 9 0 12 18 51 97 218 0 13 5 11 3 14 29 2
80 GTT 11 19 9 11 16 7 2 6 161 14 42 7 20 13 28 55 4 4 8 21 4 10 5 2 35 72 51 16 8 48 33 43 7 8 0 9 27 14 13 42 43 13 19 12 355 139 29 1.99815e+06 0 1 0 0 5 10 2 31 0 70 13 33 27 5 139 3
81 TTA 23 15 57 79 56 17 0 113 8 0 3 12 153 59 42 94 42 32 49 17 53 74 14 31 65 55 39 81 187 253 24 66 300 4 29 8 30 43 22 34 57 3 28 54 7 10 13 29 0 66 0 26 29 2 24 16 0 21 12 0 1.99698e+06 6 301 38
82 GAT 13 5 5 21 28 6 15 30 17 16 18 11 23 12 5 2 3 22 9 21 16 20 1 5 4 15 20 13 19 6 9 0 9 52 6 1.99894e+06 12 10 15 6 25 12 18 19 15 5 14 4 0 81 0 208 29 0 34 8 0 18 16 9 4 1 17 3
83 GTT 48 5 14 9 17 29 35 12 129 103 245 126 22 43 76 97 37 16 37 21 3 1 1 23 64 113 57 291 56 90 236 8 25 5 20 28 14 23 285 6 120 112 88 34 77 49 103 1.98878e+06 0 42 0 13 117 69 83 14 0 33 14 25 102 1810 101 5741
84 GTA 13 21 8 14 55 13 63 9 25 56 8 54 34 39 14 36 182 41 58 3 41 0 14 21 10 8 8 15 15 20 12 16 29 24 3 5 147 49 4 61 9 5 5 7 1.99801e+06 48 22 218 0 24 0 11 98 14 38 30 0 84 9 61 21 16 19 5
85 ACG 1 21 7 55 58 242 1.99825e+06 3 17 11 8 78 24 37 21 80 11 4 2 19 14 14 11 24 12 9 15 19 24 3 13 9 7 18 6 12 15 54 64 60 1 26 1 2 36 32 62 6 0 25 0 4 47 76 40 46 0 59 21 91 18 26 16 11
86 GAG 12 39 12 61 9 18 11 3 0 10 21 0 20 26 32 1 2 4 3 0 23 9 64 2 29 5 9 4 21 17 43 4 120 50 1.9985e+06 21 41 2 58 57 2 44 51 145 7 71 23 6 0 15 0 7 11 23 4 44 0 5 11 17 0 30 79 42
87 GCG 34 18 186 49 60 3 7 27 5 133 8 51 4 67 284 51 17 102 16 4 87 144 8 29 30 3 63 15 104 9 44 18 53 5 3 16 35 53 1.99724e+06 311 1 4 35 44 4 22 66 39 0 9 0 7 38 47 73 70 0 9 22 10 34 28 19 18
88 GGC 11 36 17 77 5 20 12 7 43 20 3 61 4 4 15 2 0 3 13 10 1 15 1 12 24 45 2 16 9 31 14 13 40 114 21 27 17 13 25 42 67 1.99829e+06 2 173 33 7 13 72 0 21 0 19 45 58 160 66 0 21 7 46 18 1 31 1
89 AGG 25 7 38 47 7 58 32 12 46 32 1.99754e+06 14 1 9 3 1 6 86 39 128 22 17 23 12 78 295 404 19 8 18 7 4 36 0 31 9 18 2 12 6 85 86 40 58 1 10 47 14 0 49 0 7 4 195 15 80 0 67 4 30 24 18 2 11
90 GAT 11 45 1 11 16 68 26 26 39 41 20 71 1 0 4 16 16 25 14 11 12 21 4 22 8 21 42 18 5 0 9 14 3 252 28 1.99838e+06 20 97 39 11 14 30 105 53 11 20 18 1 0 36 0 17 23 15 22 0 0 22 44 48 19 4 21 8
91 TGG 13 29 30 0 16 2 19 8 6 109 24 115 0 12 3 28 145 14 7 17 2 27 0 7 24 41 58 31 13 29 96 48 8 2 0 12 23 36 9 20 141 78 75 46 8 20 9 1 0 22 0 5 30 2 33 3 0 42 1.99812e+06 169 15 38 45 17
92 CTA 17 22 3 27 10 6 8 0 31 3 4 12 28 13 19 18 45 20 16 3 68 31 23 57 14 14 10 4 1.99835e+06 238 2 124 13 3 21 7 36 21 20 31 20 11 5 8 10 28 5 7 0 11 0 24 8 33 0 1 0 50 6 61 258 19 40 3
93 TTA 8 25 2 9 29 35 20 10 6 8 64 20 16 6 71 24 5 3 13 11 31 117 68 61 69 25 25 31 37 294 104 128 37 0 14 5 5 2 0 14 11 72 9 1 28 10 53 92 0 8 0 0 36 24 9 15 0 10 19 27 1.99798e+06 81 35 26
94 TTA 7 1 1 4 86 51 103 182 28 5 96 29 12 2 65 8 21 3 10 1 70 34 19 65 59 14 31 27 181 80 149 22 3 6 5 2 3 5 6 1 1 2 0 2 19 21 11 18 0 11 0 9 0 3 15 12 0 8 26 15 1.9983e+06 10 11 7
95 GGT 11 7 54 14 9 16 3 23 75 30 192 15 12 40 13 1 5 4 5 19 5 32 13 9 98 40 41 24 9 30 21 50 4 24 17 20 9 0 0 3 215 80 47 1.99795e+06 79 86 96 62 0 2 0 27 17 72 23 8 0 5 19 110 78 7 1 15
96 GAG 155 0 85 4 6 10 17 3 18 16 15 5 5 13 0 13 54 10 97 21 8 1 16 0 29 1 36 11 5 40 7 40 199 7 1.99831e+06 0 187 1 25 33 80 5 144 14 25 31 13 23 0 11 0 5 42 7 4 5 0 21 3 0 31 12 16 4
97 GTT 14 2 6 14 28 4 29 45 132 0 23 12 5 1 3 9 22 4 0 28 30 44 24 1 13 200 31 68 76 47 3 71 27 29 8 28 11 13 14 27 53 66 5 17 133 50 47 1.99828e+06 0 14 0 7 10 7 8 7 0 7 10 20 89 0 3 18
98 CCG 3 2 0 12 31 97 12 15 17 17 79 65 4 3 37 8 62 0 55 3 37 45 1.99823e+06 45 78 24 126 213 32 17 20 62 10 13 0 18 28 6 6 7 19 23 35 40 32 18 19 6 0 9 0 7 8 17 20 2 0 7 19 48 56 0 70 7
99 GGG 2 15 15 4 8 7 1 3 45 8 0 52 25 39 10 6 22 2 8 10 7 19 0 3 7 54 60 88 16 4 10 8 4 23 0 31 10 18 106 5 178 261 1.99812e+06 177 0 44 45 32 0 2 0 10 11 102 24 70 0 86 2 40 0 12 14 18
100 CAA 156 12 26 13 23 36 54 57 33 17 13 38 17 5 32 5 1.99827e+06 38 14 34 76 38 31 121 5 66 21 57 3 39 54 26 101 12 87 5 10 8 17 0 8 13 9 4 6 6 3 0 0 4 0 14 5 32 5 16 0 25 9 12 130 10 12 5
101 GAC 1 16 9 46 3 8 13 16 6 127 2 55 8 1 35 0 22 70 33 29 1 12 1 13 4 20 21 19 19 6 7 16 5 1.99814e+06 1 217 32 8 93 195 41 12 3 53 38 101 129 12 0 34 0 27 92 28 16 15 0 24 2 2 18 7 8 7
102 TTG 28 17 20 11 24 7 1 17 3 3 186 6 19 5 87 41 40 6 1 16 9 2 127 44 145 55 62 68 51 22 90 243 15 49 11 26 68 13 98 88 0 23 8 11 31 21 8 10 0 9 0 22 11 29 15 10 0 25 34 9 510 27 1.99735e+06 9
103 CTT 12 3 14 2 4 4 11 0 9 13 23 2 6 9 27 13 5 23 1 20 8 27 73 7 21 3 8 48 21 360 130 1.99865e+06 4 8 0 28 7 4 22 7 1 7 8 10 9 12 7 42 0 15 0 0 82 36 26 31 0 24 14 5 24 5 8 1
104 AGT 6 39 8 5 162 240 12 70 53 106 49 1.99764e+06 19 18 40 114 24 2 52 10 1 54 17 28 167 0 28 38 8 6 5 33 0 6 6 24 14 6 19 29 117 71 23 80 32 2 9 58 0 37 0 24 12 65 131 25 0 24 3 16 37 24 37 16
105 TCC 1 52 22 3 3 5 6 7 30 124 32 4 24 3 17 21 16 20 9 19 0 14 8 0 90 32 40 35 12 15 19 18 19 35 23 54 0 0 33 23 284 9 58 31 13 12 18 9 0 2 0 5 122 1.99797e+06 295 81 0 1 21 2 22 12 139 3
106 CAC 10 6 3 67 25 12 9 17 39 115 48 142 10 29 39 16 137 1.9963e+06 290 41 75 130 459 110 125 17 59 15 14 1 3 6 59 97 385 148 14 9 11 94 46 42 149 23 8 15 17 12 0 9 0 59 15 43 28 116 0 70 29 31 27 2 11 65
107 CTG 10 21 4 1 27 12 2 0 22 1 0 8 38 4 24 16 23 2 40 19 2 9 190 12 7 23 17 7 172 56 1.99794e+06 237 16 46 12 10 4 9 4 8 12 7 10 7 13 44 46 29 0 1 0 7 6 9 5 21 0 12 0 0 618 15 77 5
108 GCC 33 11 9 0 36 14 11 16 1 147 19 36 23 1 13 28 9 11 15 1 957 198 93 129 19 0 3 3 1 19 4 5 69 0 62 17 87 1.99663e+06 19 137 136 58 31 38 53 41 19 150 0 14 0 5 40 85 5 302 0 22 38 11 1 24 32 12
109 CCG 0 4 23 7 9 115 4 5 24 14 22 41 0 1 16 17 106 3 12 2 1 163 1.99836e+06 165 19 32 5 9 148 2 27 66 0 4 17 21 44 14 10 17 3 16 0 4 196 33 12 1 0 8 0 8 6 10 34 25 0 9 8 5 9 12 23 24
110 GCG 74 1 3 14 55 3 3 2 12 69 22 28 1 3 3 9 35 16 6 6 4 56 30 58 10 4 6 1 25 62 0 58 56 2 29 97 33 13 1.99832e+06 103 1 19 1 1 8 55 6 8 0 3 0 10 16 32 118 136 0 26 4 114 47 32 19 15
111 GAG 9 6 1 2 47 37 2 67 43 1 15 14 6 40 8 33 12 11 27 47 35 9 11 7 14 10 25 20 12 50 50 83 117 10 1.99851e+06 64 3 1 5 7 61 23 23 65 11 9 38 17 0 4 0 0 44 14 8 18 0 11 11 38 75 4 47 5
112 AAA 1.99916e+06 3 54 46 5 17 9 18 9 16 1 8 11 40 1 56 4 4 13 4 13 19 5 10 23 2 28 6 15 7 13 14 30 5 52 17 13 3 4 4 7 17 15 11 1 3 17 8 0 31 0 13 0 19 0 18 0 23 5 11 7 5 11 19
113 GTA 8 1 9 2 97 151 154 55 17 12 15 3 3 9 31 1 15 6 6 4 6 9 1 28 22 38 21 14 27 4 64 72 5 17 4 3 31 7 26 19 25 11 36 37 1.99816e+06 138 204 144 0 11 0 36 14 18 11 12 0 37 3 13 37 17 4 19
114 AGT 24 79 18 15 20 27 21 11 37 38 88 1.99204e+06 18 23 17 40 26 6 12 4 98 59 22 13 67 9 58 1 16 73 30 99 31 35 26 8 1003 1320 180 846 45 137 33 57 31 23 18 139 0 28 0 22 111 44 181 29 0 2006 1 289 123 21 97 3
115 ATA 103 0 50 16 17 32 20 10 0 0 31 62 1.99883e+06 122 4 30 21 4 2 27 10 11 5 19 8 28 3 54 24 5 5 9 27 22 1 35 7 13 3 6 10 17 4 6 10 10 13 50 0 1 0 3 30 23 15 66 0 7 2 4 38 9 3 7
116 ATG 7 15 3 11 22 17 8 3 27 2 11 17 14 51 1.9989e+06 20 37 3 12 9 25 10 9 9 127 9 75 117 15 9 15 1 1 13 5 5 2 6 11 5 2 3 4 4 72 54 32 45 0 17 0 10 3 2 7 28 0 15 12 9 1 16 3 5
117 GCT 9 9 14 9 46 12 16 30 98 16 100 133 11 14 8 20 60 6 40 2 4 19 3 11 31 71 22 61 31 3 6 4 25 0 13 18 74 1 198 1.9984e+06 1 29 3 19 8 8 42 19 0 6 0 35 10 21 62 39 0 9 12 2 4 21 5 0
118 GAT 4 2 9 4 5 35 8 2 11 37 18 14 23 15 6 17 38 34 31 18 1 11 11 9 5 6 14 6 26 12 1 4 17 282 39 1.9985e+06 10 73 60 8 19 31 7 2 84 2 68 47 0 62 0 17 63 18 21 8 0 62 4 14 19 2 1 27
119 GCT 5 19 9 4 7 3 81 15 2 18 15 51 5 5 16 17 11 5 2 9 18 42 12 0 0 26 2 32 7 15 8 3 62 6 55 7 62 112 250 1.99864e+06 20 14 13 1 6 22 4 7 0 2 0 0 23 34 113 9 0 11 10 13 1 1 19 22
120 ATG 12 20 2 13 222 3 13 147 5 30 6 54 96 28 1.99733e+06 11 10 19 100 2 4 10 11 14 55 21 26 57 41 217 256 6 29 22 38 41 4 7 5 10 27 135 25 28 45 20 23 43 0 0 0 50 5 7 12 8 0 22 50 3 303 33 136 25
121 AGG 5 4 31 0 1 75 33 173 365 158 1.99726e+06 35 47 4 2 107 7 5 32 25 41 55 5 44 111 101 9 21 114 67 8 62 16 22 10 0 5 27 27 39 120 28 10 8 16 47 14 15 0 44 0 68 64 35 19 110 0 0 4 3 151 14 51 24
122 CGT 10 42 13 15 56 22 125 2 184 13 80 302 12 12 34 10 4 19 33 47 0 5 10 42 174 284 20 1.99037e+06 129 947 555 1069 41 7 27 59 36 169 41 36 48 113 7 49 30 44 55 59 0 11 0 13 105 204 15 198 0 6 157 11 2189 2 1622 5
123 TTA 6 2 12 4 18 19 17 34 154 3 9 23 1 8 45 47 5 10 22 34 14 36 9 8 49 63 29 180 4 104 113 54 22 68 23 18 0 39 0 11 24 71 3 12 157 92 61 25 0 16 0 22 1 14 6 59 0 34 40 11 1.99779e+06 15 220 6
124 CAC 50 28 3 44 31 33 121 43 70 9 96 20 15 24 11 8 100 1.99776e+06 19 186 32 49 107 113 76 55 4 0 41 3 18 25 0 125 43 96 8 10 71 5 11 17 37 13 4 12 17 11 0 8 0 18 28 17 72 42 0 4 1 29 8 29 45 28
125 ACA 1 48 6 211 1.99712e+06 18 155 20 62 192 5 148 3 42 11 3 0 0 9 17 3 44 120 56 5 91 129 136 0 29 3 5 1 2 2 87 73 195 6 139 31 50 29 7 14 11 10 5 0 14 0 28 145 83 63 148 0 26 44 13 36 4 19 23
126 CTA 3 13 1 21 3 14 21 4 21 4 8 0 6 7 44 0 30 8 0 3 283 57 1 24 48 29 36 3 1.99846e+06 29 67 118 0 4 20 27 4 3 15 10 11 7 8 7 27 85 62 72 0 39 0 3 12 12 2 22 0 37 0 13 5 20 98 8
127 GAT 6 41 37 1 61 2 5 8 7 62 0 105 7 30 5 8 37 0 71 5 8 54 12 16 26 22 14 13 5 4 13 31 28 269 38 1.99747e+06 1 16 11 20 16 29 7 28 14 14 24 30 0 34 0 104 387 126 289 237 0 26 8 5 25 0 5 27
128 CCA 5 13 24 9 11 15 79 37 27 63 23 1 15 9 8 39 12 1 49 4 1.99862e+06 159 57 93 41 7 29 21 40 9 12 44 8 5 12 50 23 21 0 25 20 21 7 10 2 0 6 5 0 0 0 37 11 28 2 30 0 0 18 11 8 0 40 21
129 GCA 18 43 20 0 1 14 38 15 48 19 66 46 27 13 22 9 19 23 6 18 15 74 15 27 29 48 15 89 39 72 57 11 27 13 50 15 1.99761e+06 154 100 207 49 11 8 26 34 3 10 10 0 121 0 7 37 0 369 103 0 3 10 7 0 29 5 23
130 ACG 68 5 53 98 244 80 1.99837e+06 19 12 120 35 9 1 17 92 7 19 0 2 0 4 35 26 8 37 0 10 2 27 20 99 95 24 6 10 2 12 5 2 14 17 12 14 14 28 7 10 2 0 20 0 11 2 13 40 1 0 2 7 1 82 5 25 2
131 TGC 4 5 4 19 28 38 64 20 45 13 31 3 9 0 23 13 16 20 21 2 18 10 0 1 10 5 17 7 17 43 11 27 15 29 28 17 22 11 8 30 38 6 37 1 24 5 1 7 0 2 0 80 54 16 19 27 0 1.99886e+06 6 41 1 34 9 23
132 CCA 16 23 21 63 36 93 47 84 83 0 65 27 6 6 2 6 70 7 3 11 1.99809e+06 103 192 82 15 0 12 86 20 43 57 23 2 11 3 20 121 42 25 24 12 7 1 27 11 6 8 1 0 17 0 4 39 47 21 79 0 5 7 2 30 5 12 15
133 TTC 22 22 4 1 23 10 28 25 6 12 3 11 15 8 4 24 2 3 3 2 1 12 4 3 5 0 9 13 7 29 1 28 5 7 1 9 21 0 10 10 1 0 4 4 27 7 9 7 0 3 0 16 9 5 1 7 0 12 34 22 64 1.99934e+06 10 19
134 GAT 18 2 3 63 29 17 8 6 2 1 5 12 8 14 3 10 65 25 236 25 21 17 19 12 28 10 13 6 23 5 0 22 19 241 14 1.99866e+06 30 13 14 0 23 32 2 1 16 8 6 18 0 25 0 3 12 7 7 5 0 0 58 6 6 26 3 18
135 CAC 14 43 16 37 11 79 43 19 10 12 12 12 24 1 5 13 78 1.99899e+06 0 91 2 85 15 49 17 1 22 6 0 3 8 16 10 21 2 16 15 8 24 1 8 30 2 2 14 6 11 0 0 1 0 30 0 14 9 0 0 2 0 7 10 6 11 9
136 CAA 29 13 41 25 130 12 13 170 15 2 109 34 25 22 42 16 1.99840e+06 34 184 30 17 4 7 14 10 5 4 17 1 9 23 13 27 17 44 2 16 12 2 9 6 7 1 18 1 15 19 21 0 16 0 10 107 12 67 12 0 9 7 17 1 11 9 30
137 GCG 91 5 53 4 85 3 34 139 356 20 1158 51 1676 69 319 2867 195 11 124 16 4 13 27 12 535 626 11 641 177 416 65 360 75 7 18 16 194 29 1.98351e+06 244 7 11 15 62 30 814 162 125 0 365 0 2542 44 1 19 56 0 82 69 64 340 643 275 19
138 AAA 1.99884e+06 8 92 22 5 18 16 6 70 4 82 46 2 2 11 1 1 12 64 3 18 14 0 6 6 87 66 38 5 8 5 3 17 7 24 2 30 72 17 37 1 4 8 2 6 1 18 8 0 66 0 22 12 8 18 27 0 10 16 1 4 1 1 4
139 CAC 2 98 89 100 19 11 14 20 46 27 122 10 11 1 9 20 181 1.99747e+06 60 93 39 17 55 86 38 10 22 70 34 57 17 56 0 60 30 137 83 92 9 76 1 7 19 20 81 28 5 21 0 23 0 0 1 76 51 8 0 23 15 8 35 101 23 64
140 CGA 2 28 23 9 2 1 0 86 100 19 9 45 21 2 11 0 2 34 3 0 12 12 15 21 1.99872e+06 9 22 23 33 24 32 57 6 3 10 2 7 2 1 10 15 68 0 119 0 1 12 9 0 11 0 1 11 31 29 123 0 1 16 4 68 9 47 8
141 ATA 9 15 5 42 51 2 13 70 19 32 23 3 1.99744e+06 280 31 176 51 3 6 73 3 0 8 7 20 65 2 12 37 52 7 36 1 41 0 19 6 16 0 29 17 20 34 9 349 166 202 161 0 7 0 19 0 8 49 20 0 24 2 94 42 11 22 36
142 GAA 111 8 17 0 26 0 19 7 10 8 27 7 32 36 50 17 13 6 11 8 36 13 1 51 0 2 8 5 4 5 3 24 1.99912e+06 7 10 22 2 4 2 4 14 34 34 26 10 21 16 19 0 21 0 9 6 2 5 1 0 1 7 23 0 4 1 6
143 CGA 7 0 0 21 740 64 41 1092 40 82 12 52 67 10 76 55 22 220 7 53 81 62 32 27 1.99511e+06 105 120 122 221 12 165 24 4 3 22 3 59 29 3 13 39 35 36 83 65 46 178 127 0 0 0 1 91 39 31 115 0 2 40 46 96 36 17 2
144 GCA 41 3 7 57 16 14 14 1 0 0 23 40 48 28 6 30 1 3 35 0 7 34 11 26 1 7 1 5 9 6 0 4 50 2 27 5 1.99866e+06 73 241 92 5 12 20 4 4 16 36 9 0 10 0 16 55 19 21 47 0 14 12 18 0 49 1 8
145 AGA 34 22 1 35 5 7 10 12 1.99737e+06 8 55 20 3 11 15 3 4 50 7 209 17 6 9 30 164 109 196 336 200 85 128 35 4 3 13 6 11 42 61 13 52 16 24 54 2 21 15 4 0 7 0 6 83 3 43 14 0 31 8 29 109 98 4 24
146 ACT 162 30 858 148 176 40 14 1.98646e+06 396 67 153 110 274 50 22 68 369 339 330 232 24 7 76 6 118 307 381 14 654 193 615 82 859 56 482 73 172 189 29 149 30 65 28 16 1091 396 277 1871 0 3 0 37 61 3 45 75 0 232 2 69 702 27 178 4
147 CGC 13 3 26 5 11 4 7 8 182 23 126 112 1 11 8 11 11 11 41 34 13 7 5 42 36 1.99802e+06 27 52 50 0 53 187 10 2 8 8 9 2 13 23 47 45 105 73 7 30 1 35 0 28 0 44 8 20 153 14 0 39 4 28 24 8 49 22
148 ATG 23 25 15 7 0 40 3 12 4 10 2 12 98 12 1.99904e+06 68 20 24 28 18 0 1 11 2 5 15 4 7 0 21 9 10 15 16 9 20 8 18 4 3 21 8 12 5 158 9 3 2 0 6 0 21 1 12 4 5 0 8 0 4 16 1 18 44
149 GAG 577 607 405 541 9 1 21 18 5 28 161 7 421 74 40 799 336 231 137 29 1 5 13 0 18 95 79 56 236 256 302 901 77 49 1.9905e+06 153 6 60 18 22 403 71 15 461 50 106 178 75 0 46 0 110 7 303 27 41 0 358 5 54 31 42 116 205
150 GCT 64 11 11 8 23 19 29 46 39 76 14 26 5 22 32 1 167 513 130 171 11 72 28 6 21 7 133 12 2 3 20 6 86 13 48 13 44 243 369 1.99677e+06 11 3 35 26 0 88 35 30 0 35 0 11 58 41 149 31 0 24 9 37 2 37 0 24
151 GGA 12 292 9 23 16 32 1 5 16 11 128 19 3 11 18 8 11 28 4 22 17 26 9 14 89 130 37 29 21 13 26 6 310 17 168 43 25 4 36 30 1.99735e+06 120 232 74 132 33 14 52 0 16 0 16 19 7 53 26 0 61 15 44 5 10 3 1
152 CTA 26 3 74 41 6 12 9 2 13 8 26 29 4 8 151 3 21 4 11 7 60 16 4 3 14 10 20 45 1.9978e+06 158 458 294 11 42 37 8 10 29 10 21 5 43 10 0 18 22 37 20 0 5 0 106 11 11 2 60 0 17 7 6 28 0 46 38
153 GTA 1 17 1 36 121 35 24 17 37 11 14 13 264 232 467 241 2 6 35 25 300 1597 242 919 49 11 4 57 230 349 1028 1103 13 3 15 2 71 7 9 8 41 36 20 37 1.98796e+06 242 171 4 0 35 0 22 20 12 28 20 0 181 20 9 830 1169 534 995
154 GAT 4 29 13 15 9 9 7 21 17 15 208 9 1 30 2 10 6 16 20 17 29 11 4 46 7 83 71 9 9 66 3 30 35 48 6 1.99851e+06 15 9 6 5 85 48 26 46 10 86 53 24 0 12 0 12 21 1 39 7 0 8 9 7 8 12 7 18
155 CAA 60 15 27 32 1231 127 1472 1850 261 19 35 95 772 1001 2056 1319 1.93553e+06 84 7 39 48 138 47 58 6 48 6 64 36 976 95 27 1320 1 2418 38 81 35 13 73 122 74 444 64 1312 8354 1461 436 0 1780 0 2094 85 88 6 53 0 894 29962 680 33 246 122 128
156 GAT 2 51 47 3 4 29 28 17 16 4 11 48 4 2 6 4 50 29 30 23 37 5 10 0 6 4 53 34 1 41 3 39 2 4 23 1.99847e+06 58 19 86 122 21 1 1 10 11 14 1 5 0 261 0 45 7 8 21 26 0 43 16 13 23 2 44 2
157 GAT 12 26 8 24 0 11 9 17 0 0 8 24 4 3 8 2 7 6 2 4 0 0 5 4 2 9 8 10 16 15 7 2 23 33 1 1.99908e+06 28 27 47 2 67 6 20 56 33 9 54 7 0 18 0 79 22 28 8 0 0 31 18 29 6 0 16 4
158 CTT 13 90 15 11 70 43 6 35 61 7 40 1 15 11 154 13 52 28 55 43 5 0 98 5 56 32 188 4 122 10 231 1.97385e+06 19 0 27 0 13 3 22 7 31 32 26 9 24 37 10 38 0 800 0 3082 16 6 21 9 0 35 1169 14 3 2397 63 16721
159 GAC 27 32 11 46 78 3 44 79 47 49 8 2 19 1 11 1 25 10 49 24 14 5 3 1 124 6 60 69 6 33 3 5 46 1.99832e+06 123 9 8 5 10 13 1 13 41 59 2 72 12 10 0 281 0 7 1 8 7 9 0 7 1 1 11 15 1 10
160 GAG 37 65 48 73 17 4 39 2 24 53 106 39 5 8 3 8 802 36 53 24 27 8 14 44 143 45 71 23 6 13 86 48 135 867 1.99529e+06 850 47 112 28 35 13 78 5 67 13 4 19 13 0 16 0 66 56 17 15 3 0 58 7 49 7 49 47 56
161 GAG 35 14 34 18 5 4 13 15 13 25 148 4 27 0 13 36 115 4 18 25 25 11 43 1 2 15 0 10 4 8 4 22 56 1 1.99875e+06 26 19 69 5 31 4 30 4 61 1 15 0 14 0 6 0 9 19 29 23 6 0 23 14 29 9 6 14 14
162 CAT 29 713 1 2600 109 3 29 51 22 47 28 6 34 12 17 6 1 114 34 1.99445e+06 17 4 11 4 17 29 62 2 16 18 10 0 4 84 2 1 19 4 38 21 471 22 154 420 2 17 18 12 0 2 0 21 8 7 47 2 0 5 10 31 42 20 18 2
163 CAA 134 28 57 2 1173 526 524 99 60 24 277 20 699 2930 2754 1463 1.96705e+06 45 17 101 50 74 75 14 176 48 90 64 275 4020 357 2134 42 44 93 26 387 805 189 454 5 42 39 85 1683 2479 913 388 0 1434 0 1909 145 24 139 75 0 856 161 338 655 629 268 332
164 GGG 8 8 7 8 8 37 3 22 59 11 9 11 1 1 13 8 17 10 6 7 16 19 28 17 68 3 14 2 4 2 12 4 8 1 23 34 26 7 3 6 169 109 1.99834e+06 216 136 26 27 92 0 25 0 29 69 22 1 21 0 42 3 107 3 9 0 3
165 CTG 2 76 8 123 70 98 18 62 23 22 9 12 114 75 147 122 9 15 75 19 412 59 47 24 36 61 13 6 12 42 1.99436e+06 219 10 19 18 23 44 37 11 11 1 6 0 16 386 780 241 288 0 105 0 102 13 14 0 1 0 105 19 99 486 115 187 476
166 GCG 79 25 163 26 48 73 70 1 45 13 62 35 11 66 2 92 34 29 4 25 12 47 6 5 0 9 2 1 156 196 74 17 52 60 145 18 27 18 1.99699e+06 157 10 0 13 49 10 139 23 42 0 7 0 30 54 131 7 13 0 25 13 57 283 28 170 0
167 CCC 15 32 94 16 175 54 20 59 11 5 44 18 618 154 141 748 103 1 87 0 262 1.98867e+06 65 57 60 44 31 0 415 363 1797 386 22 26 63 16 23 31 39 25 51 21 150 37 290 445 711 428 0 29 0 127 21 20 20 45 0 22 3 148 1956 2 665 18
168 GCG 223 19 2 8 36 383 181 70 7 113 48 318 53 273 36 60 37 23 3 117 26 36 17 1 35 119 176 6 128 54 96 20 4 8 153 4 76 111 1.99481e+06 269 31 35 22 6 30 22 75 32 0 19 0 11 186 435 78 416 0 1 233 5 60 37 8 97
169 GAA 23 31 8 10 2 15 18 38 4 22 27 47 12 3 5 5 33 3 80 10 22 51 14 15 20 7 15 8 13 28 11 12 1.99858e+06 3 151 73 11 4 8 0 8 44 73 107 83 49 5 49 0 2 0 4 13 14 14 1 0 22 0 14 40 3 6 3
170 CTC 10 9 2 0 3 14 2 2 19 0 6 1 7 8 88 23 12 5 23 23 15 202 18 87 9 25 12 18 74 1.99812e+06 316 96 18 16 5 28 12 26 0 3 5 12 10 15 17 30 7 13 0 0 0 1 17 2 7 6 0 311 1 35 9 4 115 30
171 TTT 8 10 4 4 1 40 9 14 16 38 331 20 2 7 28 19 10 2 37 16 24 13 32 46 41 174 9 14 366 33 125 90 23 24 6 41 22 0 2 10 10 22 101 69 18 27 120 13 0 5 0 1 57 26 36 37 0 4 23 7 67 4 76 1.99757e+06
172 GCT 5 2 81 28 14 19 42 7 303 7 115 10 6 6 20 19 122 17 29 28 3 49 4 4 220 5 76 192 1 35 10 6 134 34 117 46 15 35 78 1.99727e+06 6 24 0 1 145 34 124 298 0 0 0 8 1 32 0 14 0 4 25 2 12 20 27 13
173 AGG 27 17 4 2 2 12 4 15 297 29 1.99238e+06 113 5 6 1946 3 442 33 300 17 19 2 39 10 15 169 359 175 84 429 122 543 141 6 10 0 9 27 85 62 53 11 21 18 66 29 42 211 0 3 0 33 143 16 46 188 0 38 46 4 680 2 388 2
174 TTG 0 1 8 12 1 15 9 3 0 3 1 20 2 14 86 2 9 5 12 17 11 9 17 17 20 46 10 6 41 114 22 169 8 0 4 38 9 13 4 7 9 20 20 35 6 8 2 12 0 8 0 4 8 42 7 0 0 17 29 148 42 7 1.99878e+06 11
175 AAA 1.99353e+06 15 242 0 44 9 8 11 12 9 35 19 9 91 24 17 263 6 43 10 3 49 27 1 36 0 29 8 927 343 585 1079 21 32 27 5 8 4 2 9 50 46 11 65 193 620 13 214 0 57 0 3 9 2 47 25 0 4 5 34 923 22 48 15
176 GCT 7 85 18 9 51 15 0 5 32 1 5 23 8 43 1 10 91 19 7 29 26 0 26 8 113 95 83 87 38 17 14 40 17 73 6 23 186 162 74 1.99786e+06 17 19 31 24 3 39 8 14 0 25 0 10 35 92 39 97 0 14 3 0 21 16 91 0
177 CGG 44 947 3 2032 4384 20047 1719 8693 66 1937 213 11031 2806 2524 2381 1331 562 59 395 1506 69 50 21 47 155 142 1.85156e+06 377 4395 1549 3570 4156 643 662 4693 402 607 2542 3668 2531 1571 1158 7428 3167 801 54 1226 509 0 88 0 1187 3126 3039 9173 1177 0 2114 2716 4958 3997 5715 1478 801
178 ATG 500 16 123 12 222 722 77 192 685 18 29 35 161 54 1.9826e+06 92 34 468 281 335 126 316 282 656 175 198 554 1348 598 387 114 147 75 11 98 5 20 7 73 5 59 4 37 43 120 43 308 201 0 1801 0 1228 11 33 19 27 0 206 1034 483 378 1812 16 291
179 CCC 2 11 36 1 16 110 42 23 233 121 226 18 126 151 6 249 92 0 126 16 84 1.99644e+06 306 289 174 74 38 107 21 160 29 18 10 9 8 9 3 28 64 1 4 13 8 1 20 41 5 31 0 16 0 2 29 137 33 9 0 15 13 9 53 21 51 10
180 GAC 2 20 34 74 132 5 57 69 183 20 97 33 324 50 4 41 16 26 29 34 102 8 5 18 105 17 52 17 9 35 39 59 136 1.99637e+06 5 238 86 91 54 74 80 47 1 29 22 13 20 37 0 13 0 56 12 6 71 8 0 7 138 3 3 312 49 302
181 GGT 19 6 1 1 58 55 13 9 138 49 44 319 5 13 1 15 35 1 1 19 28 6 2 12 102 52 96 100 16 41 5 8 43 2 7 10 22 101 61 19 5 62 26 1.99666e+06 74 373 8 263 0 17 0 212 39 74 12 106 0 372 6 94 4 26 35 2
182 GAA 10 19 8 78 24 20 80 88 22 33 2 4 55 12 7 5 11 11 74 18 1 11 2 23 6 31 1 18 16 7 1 4 1.99846e+06 18 161 11 39 9 26 51 18 44 82 88 11 18 70 9 0 5 0 3 1 23 59 28 0 20 5 5 19 9 3 1
183 GAT 3 9 13 5 10 11 18 24 40 3 84 2 30 4 2 39 7 4 11 22 0 3 3 6 0 12 128 22 27 0 3 2 1 14 5 1.99908e+06 16 1 2 37 30 16 40 35 33 19 18 1 0 8 0 26 17 2 9 0 0 18 1 5 14 3 1 0
184 TTG 17 88 16 11 23 1 3 4 10 4 81 23 1 5 28 1 35 0 318 3 27 30 5 134 22 64 20 28 1 142 52 163 30 10 14 8 2 0 13 7 31 11 11 1 7 2 29 7 0 32 0 19 19 2 7 21 0 13 4 9 62 11 1.99826e+06 1
185 GTG 2 2 1 1 7 17 6 11 57 15 17 66 4 28 6 28 1 15 8 13 1 5 0 18 18 65 21 10 17 31 14 23 4 16 2 4 48 36 134 3 3 8 10 3 73 186 1.99875e+06 17 0 1 0 10 3 25 2 13 0 3 8 21 79 1 6 4
186 GTA 7 19 15 13 14 4 5 2 10 9 8 3 13 4 19 47 8 2 29 1 6 10 62 29 11 8 0 5 30 67 47 15 4 6 10 12 25 78 52 114 29 4 8 48 1.99867e+06 50 50 193 0 0 0 8 5 3 9 20 0 9 1 4 33 0 28 2
187 ACT 10 21 23 2 12 158 21 1.99904e+06 4 38 22 26 5 14 0 8 2 10 9 48 0 9 12 2 8 19 7 5 3 1 9 0 9 13 2 1 7 27 9 11 2 0 14 13 8 17 33 10 0 19 0 12 17 48 5 102 0 9 2 10 10 9 12 17
188 CAT 1 8 8 44 7 2 5 5 47 7 3 10 21 32 13 3 139 46 57 1.9983e+06 21 39 32 96 11 27 65 66 23 63 113 54 0 44 11 33 7 11 14 2 7 5 3 9 8 6 1 17 0 24 0 236 7 14 26 3 0 88 4 13 11 6 19 5
189 GGG 3 28 5 1 5 34 13 7 7 69 3 144 39 5 1 12 8 11 9 4 5 24 14 0 0 12 42 0 29 57 4 10 2 7 1 12 8 15 1 43 60 31 1.99860e+06 145 105 10 51 52 0 3 0 5 124 40 7 8 0 9 6 1 16 9 4 15
190 GAT 5 4 14 17 16 17 11 2 19 5 23 0 3 9 5 1 7 28 13 14 4 5 13 8 13 22 14 5 14 7 3 29 16 189 102 1.99901e+06 8 29 0 6 10 10 14 67 4 8 26 9 0 25 0 3 4 35 0 10 0 25 9 8 8 7 3 1
191 GCC 13 5 5 50 28 9 6 13 14 48 15 26 5 25 32 15 8 1563 4 142 7 35 25 26 17 43 18 18 368 161 1 157 21 9 22 28 43 1.98794e+06 242 147 24 10 19 33 26 7 51 82 0 134 0 98 30 40 81 6 0 0 9 11 159 6455 74 1299
192 TGC 16 7 26 21 3659 835 15524 7031 37 4 48 40 65 286 1 68 88 0 1 4 6 3 0 22 25 22 8 52 21 24 3 1 17 60 4 12 26 33 29 41 32 12 118 20 1 23 32 25 0 47 0 27 3 1 19 5 0 1.97126e+06 2 67 5 7 29 92
193 CTC 2 5 5 3 3 4 20 8 9 15 44 5 5 1 212 4 83 13 2 11 9 11 57 109 11 174 72 3 21 1.99789e+06 277 75 5 13 5 11 9 7 42 2 1 7 8 11 24 22 75 36 0 13 0 2 8 6 15 1 0 3 23 7 353 8 117 5
194 CCG 2 12 5 9 49 60 161 2 39 41 55 14 16 9 10 47 124 5 33 5 14 60 1.99825e+06 238 91 58 17 39 0 84 35 6 3 2 2 48 43 22 13 1 12 7 1 11 14 7 1 6 0 8 0 2 3 30 23 9 0 15 4 4 57 4 52 6
195 AAC 65 1.99879e+06 80 147 41 64 25 11 11 62 11 54 9 0 1 8 2 3 11 9 13 2 5 14 18 15 11 23 2 23 0 3 4 35 5 31 15 3 15 6 1 2 13 3 4 5 37 1 0 1 0 163 40 14 7 9 0 6 2 7 20 18 1 1
196 ATA 5 29 5 16 12 15 7 9 15 173 50 108 1.9973e+06 164 26 673 66 10 29 3 7 12 5 8 87 145 85 25 4 30 8 10 1 9 6 25 1 13 0 1 6 5 27 22 17 23 35 34 0 16 0 13 218 19 128 104 0 15 12 8 76 0 5 20
197 ATG 21 1 83 0 37 29 14 30 54 1 1 1 3 37 1.99856e+06 49 206 40 227 7 3 7 6 2 26 1 21 3 31 7 4 22 3 74 19 99 10 10 15 0 2 6 4 9 13 27 47 1 0 7 0 1 2 6 1 0 0 16 17 24 32 10 8 3
198 GTG 18 1 2 5 5 5 11 18 22 10 27 3 5 30 19 6 26 17 19 17 0 16 3 4 25 53 25 9 13 32 27 7 42 14 0 7 92 21 18 11 14 16 45 25 304 84 1.99849e+06 163 0 15 0 1 19 5 0 25 0 1 0 16 16 15 53 8
199 GAA 35 5 45 42 3 22 7 0 43 105 15 39 9 10 17 15 28 71 34 30 10 14 28 10 24 9 41 69 11 3 19 9 1.99757e+06 52 40 23 49 7 8 250 4 190 20 37 30 4 4 56 0 60 0 0 39 279 5 74 0 69 26 202 6 18 22 32
200 AAC 22 1.99848e+06 11 211 22 217 40 1 16 26 13 30 25 3 3 4 0 43 2 50 2 2 7 21 7 5 3 22 14 5 175 2 29 40 5 15 0 26 13 6 2 8 2 4 48 50 26 38 0 3 0 26 36 13 22 20 0 5 2 3 24 18 12 21
201 GGC 2 2 14 20 5 13 35 72 33 41 81 33 5 6 7 29 14 9 1 1 0 6 4 10 42 55 11 76 3 8 13 25 2 19 11 83 37 6 16 23 512 1.99775e+06 81 327 28 16 8 0 0 6 0 9 35 3 158 7 0 105 31 7 2 25 15 0
202 CGT 64 19 111 2 42 8 4 6 158 6 392 18 0 35 4 18 10 18 2 2 28 4 6 18 47 87 239 1.99697e+06 20 9 259 47 1 5 29 4 2 4 2 1 18 60 2 13 1 0 13 7 0 26 0 2 42 105 238 42 0 107 1 72 136 6 407 4
203 TTT 2 2 1 6 15 5 2 6 4 11 1 3 0 4 2 10 10 4 12 2 4 5 1 27 22 18 27 5 18 9 3 93 5 3 34 9 7 21 22 18 14 6 12 1 4 21 33 18 0 2 0 3 5 2 18 1 0 19 14 100 56 303 27 1.99889e+06
204 AGC 9 55 16 63 57 40 56 60 99 1.99777e+06 2 134 14 81 6 173 30 5 6 16 27 44 8 13 81 53 118 20 3 2 3 22 7 13 16 31 4 17 2 15 41 6 85 23 7 1 19 6 0 9 0 2 118 126 137 132 0 48 12 6 3 7 12 8
205 GGA 1 4 8 18 3 4 16 8 4 9 31 6 34 2 0 8 11 12 58 0 4 5 2 9 4 7 4 14 2 8 20 13 19 0 7 6 3 6 1 4 1.99882e+06 332 114 40 13 110 34 10 0 1 0 14 20 10 28 0 0 38 4 10 0 12 7 4
206 TTC 4 6 0 3 1 3 5 2 10 62 29 26 3 13 14 7 13 5 0 17 0 2 3 5 1 50 21 6 28 54 9 2 6 4 9 2 7 12 0 1 24 10 8 0 86 1 55 10 0 2 0 19 56 18 64 52 0 1 3 81 14 1.99891e+06 48 96
207 ATT 10 14 8 16 31 40 56 24 2 20 1 6 127 62 8 1.99888e+06 8 24 50 39 8 1 18 3 4 12 13 26 9 15 24 0 5 8 8 16 13 1 23 19 2 19 18 2 19 1 62 38 0 18 0 4 8 34 0 8 0 28 1 21 12 18 6 34
208 GAT 10 55 7 8 2 41 99 50 1 1 2 21 7 31 3 7 11 16 0 16 5 47 7 8 6 13 16 3 12 10 0 21 91 81 22 1.99848e+06 114 85 83 66 33 8 87 69 9 3 19 18 0 1 0 51 4 23 7 8 0 0 29 12 6 2 39 10
209 TGC 0 20 10 1 10 143 323 208 41 85 109 85 3 35 36 17 3 9 4 1 8 10 66 11 27 50 5 117 14 67 29 27 13 20 26 3 3 29 53 237 15 10 0 88 20 7 5 0 0 1 0 56 10 13 38 10 0 1.99752e+06 1 75 13 26 44 91
210 GGA 28 2 1 2 5 17 10 14 37 3 17 72 4 40 6 7 21 13 14 13 7 4 1 2 8 22 18 42 2 5 8 18 34 49 4 10 6 12 10 30 1.99826e+06 183 73 257 77 127 103 98 0 28 0 6 26 23 3 31 0 12 4 9 9 0 1 51
211 CGG 16 11 0 2 1 7 31 4 46 38 70 3 9 2 10 10 13 8 2 16 31 46 0 9 28 168 1.99821e+06 129 161 46 152 38 7 6 3 4 9 8 5 9 8 6 22 35 17 8 11 13 0 4 0 12 83 49 30 104 0 50 6 80 4 7 62 24
212 TTG 6 2 1 14 15 78 2 32 59 6 24 7 5 0 19 46 3 4 31 9 50 25 6 12 44 6 11 50 230 72 81 47 8 6 4 9 24 11 8 1 4 4 12 42 4 15 10 49 0 20 0 0 27 17 5 14 0 9 11 0 76 6 1.9986e+06 3
213 GGT 7 3 0 8 0 3 0 20 7 2 179 12 3 0 0 5 1 2 18 4 33 11 20 4 74 35 3 96 0 13 26 48 3 33 0 24 5 48 64 25 124 37 13 1.9985e+06 58 21 1 55 0 9 0 15 19 27 8 10 0 17 5 215 0 16 1 6
214 GTC 11 2 10 1 2 14 4 8 5 8 6 18 11 76 93 7 10 2 5 12 1 18 6 10 2 38 4 4 33 8 71 72 9 3 19 0 12 6 43 88 55 25 184 23 50 1.99868e+06 38 61 0 6 0 2 13 16 5 10 0 8 1 14 33 18 0 2
215 GCT 5 37 0 38 1 1 122 70 28 22 6 13 25 3 0 6 7 9 10 12 36 21 53 31 15 2 13 7 3 10 13 31 40 2 21 4 156 44 0 1.99856e+06 28 41 38 27 9 39 6 11 0 4 0 6 189 31 24 12 0 29 13 0 1 7 6 6
216 GAT 11 16 17 51 16 11 13 54 2 16 22 18 1 9 2 4 3 6 12 7 22 13 33 12 3 4 1 2 17 3 39 6 7 102 22 1.99865e+06 5 23 8 74 53 53 35 20 35 12 67 36 0 105 0 72 22 11 65 2 0 0 1 14 0 1 59 1
217 CGA 3 2 17 1 37 19 10 11 11 71 86 107 8 1 11 20 20 2 6 54 3 17 11 4 1.9985e+06 84 104 26 12 37 13 36 40 36 17 12 23 4 1 26 36 45 19 15 13 12 38 3 0 2 0 0 77 17 2 77 0 11 2 14 49 27 19 23
218 TAT 10 7 5 2 5 7 68 0 4 35 10 117 5 18 19 12 68 0 6 12 62 10 21 0 8 3 19 4 7 16 12 9 14 76 10 16 5 71 2 8 2 2 35 27 6 10 13 13 0 142 0 1.99871e+06 43 9 55 46 0 9 2 19 10 1 44 21
219 CAA 107 6 13 2 139 43 2 13 30 19 11 6 35 47 29 18 1.99795e+06 266 599 6 15 128 0 1 71 54 96 12 19 1 8 7 35 5 12 6 4 20 2 0 21 11 3 2 8 1 4 25 0 3 0 9 5 0 10 2 0 8 12 0 0 13 25 1
220 GAT 11 0 20 8 8 0 13 15 5 6 2 50 9 15 9 18 9 36 13 7 10 19 6 5 10 26 29 18 0 5 3 16 7 111 1 1.99879e+06 23 63 1 95 53 35 55 79 2 19 1 27 0 10 0 25 2 16 5 0 0 89 1 7 8 42 25 7
221 ATA 7 20 6 74 0 119 72 163 11 29 1 108 1.98606e+06 162 14 88 38 27 21 10 8 17 14 2 28 5 9 11 3075 4313 581 2684 21 11 43 13 14 15 12 17 27 7 13 75 0 61 54 4 0 3 0 11 39 81 372 31 0 23 3 37 841 15 333 46
222 GCA 0 6 1 3 34 10 9 20 5 6 15 26 5 54 0 13 10 19 2 2 5 7 0 4 2 2 33 32 0 3 3 4 6 54 1 37 1.99876e+06 58 157 59 73 20 11 5 59 12 11 136 0 48 0 2 3 30 3 3 0 31 8 67 1 0 4 1
223 TTG 7 7 0 1 12 3 3 7 57 4 30 5 7 18 12 36 19 18 16 2 10 16 5 9 6 60 6 6 316 42 77 307 3 5 9 5 13 18 4 0 3 9 13 0 6 31 5 24 0 9 0 3 4 4 2 4 0 4 1 6 227 1 1.99846e+06 4
224 GCA 15 6 20 30 7 7 19 16 1 95 1 151 11 7 11 21 1 18 7 2 18 23 39 27 8 5 20 10 17 19 39 18 260 28 57 18 1.99814e+06 44 71 49 68 6 23 34 14 52 70 4 0 11 0 3 21 57 95 55 0 17 12 36 20 9 13 19
225 ACT 12 96 1 0 18 32 6 1.99859e+06 5 10 7 6 134 10 10 14 5 13 17 5 12 1 0 18 0 0 8 14 20 4 1 3 10 3 8 78 44 15 6 16 3 29 27 15 166 17 146 45 0 11 0 22 43 44 12 14 0 38 16 34 4 18 9 35
226 CGC 10 8 4 13 39 32 14 25 350 53 146 24 5 11 1 2 11 5 40 46 37 6 41 15 249 1.99747e+06 47 73 77 8 68 115 2 11 37 11 4 5 12 4 61 6 84 16 21 13 7 13 0 27 0 11 119 117 109 97 0 36 2 2 65 0 61 2
227 GAT 2 5 3 7 15 26 4 14 55 34 20 452 29 1 2 3 60 66 30 104 6 36 1 0 50 65 14 14 9 0 8 19 60 143 57 1.99754e+06 29 1 33 7 4 1 5 5 82 78 51 83 0 31 0 0 7 163 0 170 0 165 6 69 1 7 34 15
228 ATC 30 27 10 26 91 46 3 57 16 245 74 63 41 1.99812e+06 18 150 52 10 3 4 8 38 1 0 39 15 2 46 7 18 73 3 49 30 25 4 2 13 14 44 13 7 2 1 40 20 68 28 0 19 0 11 36 80 9 13 0 1 17 3 73 8 24 7
229 GCC 13 3 3 6 16 27 24 40 18 20 62 63 17 9 2 8 4 6 50 13 69 19 38 11 10 11 21 17 4 9 2 10 120 20 133 4 70 1.99833e+06 115 127 13 47 0 9 47 28 69 5 0 31 0 6 23 5 62 34 0 13 13 15 1 6 14 15
230 GAA 62 2 12 12 253 354 30 513 17 1562 0 52 14 7 27 3 18 483 39 198 44 18 61 11 17 5 4 19 10 18 23 14 1.99144e+06 10 175 33 82 33 36 72 10 147 148 11 2 19 1 6 0 6 0 13 268 100 3135 238 0 4 50 26 1 2 25 0
231 GAG 171 16 252 31 10 0 3 7 489 6 314 2 48 23 30 27 2 906 38 1452 3 13 11 2 401 561 197 115 4 19 4 8 8 6 1.98197e+06 20 85 7 129 79 54 13 23 21 9 184 117 8 0 3437 0 8259 37 34 16 0 0 16 102 6 4 97 31 64
232 CTT 6 1 1 1 9 15 2 5 34 27 34 10 7 12 3 6 7 0 23 3 27 98 38 146 8 8 26 89 10 288 101 1.99841e+06 13 15 2 16 16 2 9 2 4 3 23 13 53 38 27 17 0 24 0 5 4 2 32 40 0 16 8 3 16 38 95 8
233 GGT 7 1 5 6 5 0 22 30 46 13 2 13 17 28 11 26 0 1 8 2 5 3 11 4 16 36 1 1 19 30 22 1 10 14 1 5 11 16 6 12 63 166 56 1.99855e+06 81 22 132 43 0 65 0 5 19 58 64 0 0 38 3 133 18 12 1 5
234 GGT 1348 519 684 234 8 942 79 170 30 75 111 47 222 73 381 136 300 137 484 166 1111 2515 911 393 29 16 214 259 9 11 49 70 27 168 1249 171 1557 965 2579 1163 110 509 1 1.97673e+06 237 277 114 567 0 145 0 52 18 145 237 559 0 57 162 95 18 41 300 10
235 GAA 56 15 37 33 25 10 34 32 6 21 12 12 14 2 22 2 29 2 4 11 20 4 10 2 6 8 4 1 7 0 51 46 1.9989e+06 13 153 19 17 4 72 53 37 9 6 20 17 8 5 5 0 16 0 10 2 12 2 27 0 6 5 8 9 8 9 10
236 TGG 9 2 2 11 10 2 5 0 46 9 76 13 4 8 8 8 43 15 16 12 11 23 11 6 15 32 98 3 154 25 75 151 2 1 17 22 12 2 5 7 144 68 15 8 14 61 47 18 0 6 0 5 6 46 32 79 0 59 1.99827e+06 23 104 0 14 10
237 GCA 6 2 1 14 40 2 18 31 1 24 3 142 15 8 6 0 36 9 8 23 0 10 0 3 27 50 4 42 0 20 13 10 7 10 36 1 1.99844e+06 321 71 48 17 8 1 6 19 1 24 31 0 3 0 27 56 122 34 83 0 19 5 14 2 12 7 5
238 GAC 194 509 951 106 46 23 20 48 599 222 312 570 515 1081 108 152 234 813 394 24 3 24 39 106 426 337 882 422 139 245 104 154 988 1.98636e+06 298 53 102 136 26 88 26 13 9 12 49 126 137 91 0 239 0 2 198 75 168 151 0 25 41 133 123 38 56 436
239 AGA 7 6 6 10 68 7 14 83 1.9979e+06 23 35 8 12 10 2 12 9 21 4 25 79 51 4 7 233 4 367 36 59 6 47 80 9 4 23 2 29 10 7 29 32 58 35 6 4 6 1 10 0 2 0 30 16 68 44 17 0 77 7 51 54 5 124 1
240 TTT 44 9 73 16 19 6 7 42 10 36 29 17 9 7 15 10 8 1 19 12 21 21 36 8 1 9 3 40 3 13 11 0 0 4 15 66 19 0 0 18 27 3 1 14 104 48 21 56 0 3 0 17 21 0 28 23 0 4 4 116 15 371 1 1.99845e+06
241 TTA 5 0 5 29 5 8 6 1 28 28 102 27 8 14 11 23 10 6 28 5 34 111 59 36 147 22 133 96 12 118 137 157 3 14 3 12 8 4 8 9 12 12 2 10 13 8 19 1 0 22 0 12 73 1 9 2 0 8 2 26 1.99811e+06 6 172 7
242 GTT 130 58 853 106 610 89 499 685 367 44 54 37 4 10 378 18 28 667 109 272 23 81 17 65 1324 356 146 476 0 50 19 39 383 57 761 1 187 1 772 127 11 3 26 2 90 324 36 1.98706e+06 0 40 0 213 105 530 438 500 0 8 212 58 45 232 96 73
243 CTG 14 2 2 25 17 20 3 6 1 16 9 16 12 4 35 3 25 9 113 3 48 74 17 1 27 61 123 106 38 160 1.99756e+06 210 209 1 157 35 50 49 18 76 0 31 18 15 42 47 54 15 0 2 0 18 10 3 16 29 0 9 25 50 40 26 184 8
244 TAT 27 7 11 21 1 31 7 5 3 7 0 10 1 12 49 15 14 5 17 28 26 2 4 0 22 0 25 0 17 182 21 9 5 4 35 4 24 15 7 10 21 8 7 1 6 3 17 3 0 56 0 1.99895e+06 20 0 1 8 0 25 36 39 1 64 44 10
245 GGT 7 4 1 5 1 5 14 13 200 6 7 7 11 16 7 18 30 1 18 0 3 7 22 9 1 32 79 67 14 13 41 31 4 6 11 30 4 41 68 90 562 106 211 1.99755e+06 121 104 19 86 0 2 0 2 4 5 21 117 0 62 11 55 7 3 3 9
246 ATC 6 5 33 3 26 10 8 30 183 21 30 198 161 1.99746e+06 0 95 5 5 33 25 5 9 38 6 95 2 46 20 39 9 27 66 20 29 5 17 25 2 13 7 1 30 27 16 126 21 16 18 0 11 0 80 149 86 152 36 0 130 0 91 71 54 9 57
247 GCG 18 67 153 195 71 39 109 54 77 71 108 627 10 0 26 22 49 18 55 26 147 9 0 72 57 73 24 44 47 1 10 93 37 97 25 5 9 29 1.9957e+06 114 37 5 79 22 21 48 21 5 0 11 0 33 428 55 34 242 0 155 2 66 208 20 60 60
248 GCA 95 15 75 8 265 21 64 322 30 48 8 145 26 36 152 39 258 22 151 27 11 50 30 4 15 15 29 28 616 184 72 204 43 92 88 209 1.99503e+06 80 73 90 27 27 21 30 17 62 33 12 0 38 0 1 45 90 7 38 0 18 12 0 508 68 172 7
249 CCA 1 22 1 4 33 2 111 48 184 34 23 23 10 1 10 14 110 30 33 16 1.99762e+06 142 3 81 59 9 241 128 79 42 30 24 4 8 9 10 6 27 152 77 16 11 91 16 36 7 23 11 0 24 0 11 7 9 26 15 0 15 0 58 133 13 2 13
250 GAC 3 28 3 5 24 21 45 16 15 18 23 6 43 7 6 3 118 12 283 19 9 1 13 2 11 17 9 10 7 30 22 6 17 1.99837e+06 11 72 34 76 13 5 7 24 24 10 10 7 59 67 0 61 0 57 26 26 3 9 0 22 1 43 26 11 13 60
251 TCT 41 50 86 15 87 61 266 517 41 158 131 47 53 2 189 180 867 177 135 22 7 11 35 0 147 456 545 263 67 32 680 480 28 137 34 36 18 20 126 63 23 10 54 56 18 3 10 5 0 615 0 83 23 188 51 1.98894e+06 0 35 2645 11 229 228 45 420
252 CAG 35 89 37 38 20 17 0 21 33 1 49 27 6 53 4 7 21 54 1.99744e+06 196 40 22 17 19 9 54 59 19 3 3 11 19 63 509 9 395 17 3 1 3 1 8 0 3 21 14 14 3 0 9 0 21 27 1 87 51 0 30 2 9 32 123 95 26
253 CGT 26 1 4 4 2 1 1 5 38 73 46 57 21 5 74 28 18 4 0 16 7 12 14 29 134 0 12 1.99856e+06 9 62 10 50 1 26 1 12 4 12 23 23 26 31 92 25 0 46 77 1 0 9 0 7 35 14 8 59 0 16 13 8 7 8 89 2
254 ATC 30 23 17 2 13 5 3 23 18 133 29 9 61 1.9985e+06 12 11 53 11 46 6 5 16 2 8 4 10 65 1 4 41 30 41 35 17 44 0 21 15 6 24 1 7 12 1 0 9 27 52 0 2 0 3 17 70 15 70 0 0 9 4 147 32 108 24
255 GCC 4 25 13 8 10 89 0 67 30 99 19 115 19 0 22 17 0 2 8 7 4 0 18 20 10 20 9 36 25 1 7 3 107 49 6 36 17 1.99783e+06 74 308 158 97 10 46 18 0 23 17 0 24 0 156 14 105 8 84 0 28 14 20 13 23 7 4
256 TTT 30 3 0 46 12 24 8 3 18 44 55 17 2 48 64 12 80 45 31 14 45 8 70 9 85 12 91 38 92 23 47 125 8 13 48 8 26 0 37 11 17 3 15 5 12 12 21 1 0 424 0 683 55 56 32 59 0 43 2363 1 28 29 18 1.99477e+06
257 TAT 4 1 7 4 1 0 0 13 3 9 0 3 4 12 26 4 5 87 27 61 32 14 2 27 2 7 6 0 7 12 1 6 1 13 4 13 12 1 8 7 6 0 3 0 17 38 9 19 0 14 0 1.99932e+06 8 5 8 7 0 31 2 22 16 0 12 13
258 AGA 9 14 45 2 7 3 3 8 1.99834e+06 34 68 6 4 0 19 4 12 31 52 41 6 6 7 27 210 66 91 40 85 69 0 20 24 4 12 12 18 6 1 17 67 0 34 36 2 0 2 6 0 3 0 8 107 98 3 15 0 3 12 30 128 0 6 17
259 TTA 0 0 13 28 15 3 1 4 42 25 12 13 3 21 55 1 1 3 20 18 5 19 36 0 2 8 43 14 89 11 74 207 2 4 11 26 1 16 8 6 2 3 11 4 3 17 14 16 0 11 0 10 1 6 10 7 0 44 4 19 1.99876e+06 7 193 0
260 CTA 3 2 10 14 0 13 5 2 8 7 13 28 7 10 55 8 25 2 24 6 9 6 0 5 11 26 5 17 1.99883e+06 441 30 25 0 33 5 4 2 6 0 6 2 26 4 0 1 25 4 16 0 1 0 8 7 0 6 8 0 4 32 5 6 1 135 9
261 GAC 11 0 34 8 2 19 0 48 27 24 12 5 10 23 4 2 47 18 13 40 9 2 1 8 32 2 20 5 14 2 2 1 13 1.99916e+06 4 3 6 1 6 4 20 27 10 11 8 11 59 6 0 96 0 4 8 9 44 10 0 1 10 5 1 8 1 5
262 GAG 110 31 29 20 13 4 3 3 40 12 8 14 18 3 7 4 35 6 15 33 9 18 14 1 5 58 20 3 0 3 11 8 72 20 1.99887e+06 18 1 26 5 17 16 3 70 0 34 13 37 27 0 8 0 23 52 33 6 19 0 23 1 11 12 13 11 1
263 TTC 1 5 17 11 20 10 43 11 8 67 0 14 9 91 0 27 24 0 21 7 6 11 5 3 4 13 3 5 1 6 26 19 2 7 10 2 3 9 14 13 2 17 2 8 17 7 2 3 0 13 0 9 30 27 24 20 0 9 19 15 50 1.99896e+06 10 203
264 TTC 17 14 28 17 7 3 0 3 2 9 0 40 3 8 3 4 50 24 1 29 13 7 6 0 7 18 7 4 52 2 16 32 11 3 10 4 1 12 2 5 9 19 24 17 20 23 72 77 0 43 0 89 58 21 20 13 0 39 0 79 28 1.99876e+06 32 81
