# POSITION WT AAA AAC AAG AAT ACA ACC ACG ACT AGA AGC AGG AGT ATA ATC ATG ATT CAA CAC CAG CAT CCA CCC CCG CCT CGA CGC CGG CGT CTA CTC CTG CTT GAA GAC GAG GAT GCA GCC GCG GCT GGA GGC GGG GGT GTA GTC GTG GTT TAA TAC TAG TAT TCA TCC TCG TCT TGA TGC TGG TGT TTA TTC TTG TTT
1 ATG 183 15 25 15 109 10 137 0 50 6 29 15 21 358 497136 43 10 68 8 10 12 43 33 11 18 1 18 36 40 18 37 41 52 75 66 27 107 153 217 3 32 78 45 0 19 34 12 11 0 33 0 104 17 19 33 47 0 97 6 34 47 13 22 41
2 ATT 253 35 253 32 23 1 36 41 19 7 39 41 73 0 37 496880 25 487 11 23 7 20 3 24 6 6 12 1 13 5 8 1 0 2 4 16 179 25 6 24 0 3 0 4 311 74 2 44 0 236 0 69 63 22 34 17 0 16 9 5 5 100 13 295
3 GAG 73 263 40 317 121 6 74 95 25 104 196 259 59 20 24 9 620 195 202 730 261 1 12 28 16 48 256 10 265 219 28 64 23 66 494453 8 1 5 13 10 76 4 42 33 10 4 0 3 0 64 11 63 112 57 54 53 0 17 0 16 16 66 76 4
4 CAA 107 75 96 71 12 2 15 32 11 9 11 6 43 87 39 6 496950 2 72 55 225 293 239 77 27 41 7 3 26 6 73 16 74 33 0 2 8 4 0 4 17 13 36 49 36 181 113 15 0 1 0 10 55 32 13 22 0 7 85 3 13 32 362 46
5 GAC 949 64 54 318 137 48 224 33 2 980 66 74 371 286 6 76 86 37 161 64 741 34 42 182 12 79 2 97 2195 146 175 41 240 484554 170 1 11 71 164 40 698 150 637 119 207 3 24 4 0 40 0 9 47 612 244 1074 0 33 23 56 618 200 1940 229
6 GGC 2038 824 552 369 288 1389 172 522 73 83 416 326 889 90 261 376 33 2 3 30 3692 1634 277 3677 27 82 67 115 46 90 61 13 255 56 265 165 249 10 355 72 61 476807 3 5 82 41 36 160 0 397 0 229 63 699 491 152 0 22 438 19 64 225 2 60
7 CTT 6 5 77 7 28 4 3 1 27 7 7 25 1 4 8 6 1 2 1 26 1 18 22 73 108 6 22 17 22 32 26 497782 126 1 50 6 2 18 1 5 9 2 109 0 10 18 24 13 0 1 0 4 13 4 25 21 0 662 28 381 59 6 25 2
8 CAT 12 8 1 53 5 1 19 4 4 10 16 4 7 0 183 2 33 17 12 498044 137 24 428 133 83 13 9 9 8 45 6 62 50 4 51 7 5 32 9 3 12 4 28 96 19 9 5 34 0 32 0 15 44 8 6 23 0 42 4 35 2 0 27 2
9 GCA 4 42 72 104 9 11 12 3 31 17 10 2 56 68 15 51 4 10 10 15 54 117 32 131 21 28 14 104 67 165 12 7 36 3 52 0 497861 63 23 19 39 40 136 11 44 16 37 41 0 9 0 8 74 6 8 21 0 0 1 2 16 11 118 7
10 GGA 1 5 4 8 22 8 10 8 16 0 4 3 8 0 15 1 24 0 0 2 9 3 12 21 15 63 12 18 22 4 3 4 6 2 0 3 8 0 1 0 499383 46 33 23 30 4 9 42 0 8 0 6 12 7 8 0 2 17 0 4 7 4 10 0
11 TCT 22 3 31 4 494 156 120 446 342 144 3917 22 292 368 110 392 518 198 1143 273 1205 141 252 300 4643 1097 1925 186 1778 904 431 760 16 48 194 144 41 6 24 15 7 136 21 15 232 177 102 11 0 1110 0 3831 43 76 4 465375 0 1005 14 133 1511 565 455 2072
12 CCC 9 2 2 12 40 12 18 31 0 7 7 25 4 2 0 2 27 6 3 1 73 499272 6 38 3 18 0 8 12 8 28 6 4 8 1 9 12 93 52 21 2 6 5 8 10 3 12 1 0 1 0 0 13 1 4 22 0 4 5 0 1 11 7 2
13 GCT 10 4 93 5 47 41 13 84 25 6 19 49 0 14 7 23 43 23 17 6 13 4 3 114 9 42 0 29 94 172 22 122 27 37 80 39 11 17 88 497707 7 4 3 32 3 44 20 92 0 2 0 11 44 28 43 226 0 19 0 0 39 0 203 21
14 GCA 19 11 13 7 87 47 14 17 2 40 41 25 4 0 33 0 4 1 4 51 2 28 16 78 9 38 20 16 0 2 0 4 38 0 10 18 498770 17 52 141 15 24 19 27 17 1 8 12 0 7 0 6 22 12 17 93 0 20 3 6 7 1 0 4
15 TGG 4 5 1 0 2 7 2 0 11 3 43 31 3 5 6 5 4 6 0 3 5 4 5 2 10 16 15 7 54 39 20 90 0 5 2 0 12 1 1 4 7 7 21 40 7 2 7 19 0 10 13 10 8 3 11 9 13 40 499268 23 28 3 14 4
16 GTG 355 8 874 20 76 22 46 60 134 133 142 70 0 15 5 0 31 1 86 0 3 6 1 2 183 442 18 185 10 23 1 3 106 4 5 19 75 143 76 54 13 123 236 47 12 73 495568 44 0 9 0 3 85 44 127 16 0 31 62 28 8 4 26 4
17 GAA 48 0 3 2 1 40 1 17 16 23 25 11 2 3 9 10 56 20 56 20 76 21 88 0 46 13 6 4 0 9 4 23 498887 19 29 21 15 11 4 2 12 13 0 13 12 3 55 10 0 3 0 0 93 62 17 34 0 0 17 2 3 2 1 7
18 CGT 25 20 332 8 4 12 3 5 51 74 13 174 19 3 9 10 8 24 9 32 4 11 5 32 25 90 40 498530 3 2 12 39 15 4 3 20 1 3 9 24 54 23 2 54 12 2 4 8 0 17 0 10 6 9 12 34 0 23 3 7 11 1 1 0
19 TTG 0 1 2 0 2 1 0 3 10 0 5 0 1 6 6 1 0 1 2 2 6 7 7 0 19 12 32 13 11 26 11 39 3 14 5 5 1 0 2 1 8 14 0 3 2 7 19 11 0 0 1 2 2 2 21 3 0 9 14 0 34 71 499514 6
20 TTC 433 1 125 9 433 3 20 96 241 69 301 32 18 21 53 20 47 46 29 20 6 30 108 31 35 86 130 301 1 66 6 67 607 40 702 3 58 84 81 43 57 4 0 7 7 26 3 4 0 38 0 45 4 29 22 4 0 56 3 25 91 494977 45 51
21 GGA 10 21 0 5 0 15 3 8 47 7 10 4 11 4 2 3 2 4 4 4 3 8 1 0 22 21 6 11 7 0 1 1 3 21 7 16 24 5 7 13 499438 5 22 36 37 8 5 5 0 1 0 2 8 0 12 36 10 2 1 7 13 1 7 3
22 TAT 11 7 2 13 0 3 0 1 1 4 4 24 5 2 9 0 5 0 1 22 7 1 1 5 2 0 4 1 0 2 12 27 0 5 4 10 1 4 6 1 0 1 4 5 2 3 4 7 9 5 2 499610 6 29 18 10 0 8 4 28 0 18 13 7
23 GAT 17 27 9 111 47 4 29 5 37 1 3 2 11 9 2 8 4 6 25 31 7 7 1 1 22 5 14 41 2 17 30 11 44 4 13 499073 1 12 0 23 5 2 3 48 2 1 12 0 0 13 0 54 6 29 6 3 0 48 3 32 7 7 0 3
24 TGG 2 11 7 14 2 2 5 0 11 1 22 20 1 0 1 3 1 2 14 2 1 3 3 2 8 29 74 1 8 8 1 5 4 21 1 4 4 1 3 2 13 8 7 8 8 2 4 2 0 3 0 9 7 2 42 17 0 27 499459 24 20 2 29 3
25 GCA 48 1 49 6 18 30 17 20 2 42 9 38 41 4 3 6 19 0 12 11 6 7 18 3 11 2 7 7 17 8 2 20 70 52 20 36 498582 38 62 125 0 4 23 9 45 43 71 85 0 21 0 23 47 69 29 25 0 1 1 5 16 5 6 3
26 CAA 17 1 47 5 0 4 9 19 9 3 7 0 9 28 20 2 499054 43 45 6 67 14 1 37 96 2 9 12 16 25 50 40 69 0 3 13 0 3 0 5 5 7 6 3 6 0 8 1 5 1 0 0 40 10 4 7 0 5 40 13 11 12 15 11
27 CAA 31 3 1 11 38 65 66 18 20 4 33 7 475 35 34 390 497830 10 8 25 8 8 2 33 2 3 43 3 3 1 0 0 18 6 18 10 0 15 2 1 1 3 9 3 53 223 268 3 25 2 0 2 16 32 46 4 0 19 0 2 1 3 4 1
28 ACA 26 52 2 4 498942 41 16 30 19 5 35 9 31 11 0 1 0 27 0 50 13 1 3 39 4 40 24 43 0 6 5 2 5 0 4 6 115 37 94 29 5 1 4 1 6 6 2 3 0 11 0 77 24 13 42 0 0 4 0 3 4 9 13 1
29 ATC 2 32 4 9 4 6 0 4 1 85 0 15 58 499440 5 30 10 0 14 1 0 12 2 1 0 0 0 2 12 9 10 7 3 0 6 6 1 2 0 0 15 3 24 1 4 4 2 7 0 4 0 0 25 6 21 16 0 10 4 3 18 15 15 10
30 GGC 1 1 1 4 3 1 3 1 1 40 10 49 2 7 6 14 3 4 3 2 0 2 0 4 18 12 23 24 2 8 1 9 0 47 1 17 2 14 0 6 192 499240 47 6 5 13 10 20 0 7 0 1 5 11 6 5 0 7 3 30 13 15 2 16
31 TGC 8906 5 1805 20 7 0 8 11 33 54 45 2 7 5 8 3 2309 16 116 5 1 13 0 0 94 128 158 29 390 134 28 4 4 5 3 4 1 7 0 24 2 15 3 1 8 18 6 19 0 7 0 16 41 13 24 22 31 485271 13 13 40 9 32 4
32 AGT 0 1 0 2 23 13 2 16 49 134 14 499308 13 3 8 0 4 3 13 1 0 0 4 0 2 3 57 11 6 1 1 7 4 8 7 12 2 3 5 3 1 14 2 28 17 5 9 14 0 8 0 8 54 7 8 4 0 47 3 18 2 4 4 0
33 GAC 21 37 73 35 156 60 47 197 24 47 28 32 2 3 11 2 1 26 0 9 212 53 60 20 31 33 16 11 1 14 113 15 9 496537 47 30 16 29 6 45 192 103 592 50 25 40 39 15 0 13 0 33 94 205 131 264 0 7 12 14 21 7 26 8
34 GCC 5 0 1 8 12 13 6 3 7 28 11 10 13 4 6 7 32 0 26 8 1 5 7 12 24 19 6 37 1 2 4 0 12 4 22 2 29 499409 14 6 7 12 12 5 21 14 4 6 0 2 0 0 28 13 32 19 0 0 1 1 3 0 2 2
35 GCC 19 16 2 28 7 33 240 372 1 9 5 3 7 32 1 94 38 25 57 26 2 27 10 4 36 15 56 25 21 0 6 1 20 53 20 8 37 498000 53 57 9 12 4 5 3 111 37 33 0 11 0 2 56 139 38 11 0 26 0 7 3 4 10 13
36 GTA 7 7 2 6 5 11 1 9 3 2 5 1 2 1 29 0 1 12 3 1 1 2 0 0 9 7 4 26 74 5 31 11 59 4 1 5 7 12 4 0 34 15 27 38 499381 30 27 29 0 0 0 3 0 1 0 0 0 1 2 0 34 3 0 5
37 TTT 1 2 2 1 3 1 1 4 0 3 4 11 4 3 1 5 7 9 0 3 3 19 12 10 0 3 6 3 2 5 11 10 1 2 0 2 8 2 9 3 2 3 0 7 0 15 7 13 0 4 0 40 12 10 15 48 0 1 2 4 10 28 14 499589
38 CGC 0 6 2 3 8 0 8 3 30 46 18 23 0 2 1 2 1 18 2 0 6 6 9 5 55 499350 27 52 15 46 21 14 5 0 1 2 0 2 3 3 2 36 9 13 6 7 10 1 0 7 0 5 6 15 23 19 0 22 0 11 2 2 7 2
39 CTT 5 4 3 0 4 6 6 3 6 18 0 10 4 0 2 4 2 4 0 12 3 1 7 4 2 0 4 19 39 86 30 499385 8 3 3 6 1 1 1 0 111 46 10 2 4 2 14 5 0 2 0 0 3 13 9 6 0 6 3 3 35 0 11 19
40 AGT 6 29 3 20 118 111 21 45 37 15 14 499039 5 3 8 12 28 7 22 20 3 11 4 4 42 21 7 55 9 5 2 2 20 1 7 0 2 2 1 5 3 1 8 38 22 70 9 6 0 4 0 0 26 8 3 9 0 6 6 5 4 4 0 2
41 GCT 10 0 20 74 1 15 28 3 14 4 5 3 5 1 1 5 50 4 50 1 7 4 6 11 1 2 0 0 0 0 4 4 2 3 13 5 65 28 39 499120 2 6 8 7 4 6 3 4 0 0 0 0 8 4 6 23 0 238 7 63 0 2 0 1
42 CAG 79 13 0 2 157 119 51 24 14 83 33 34 2 2 5 3 2 27 498282 13 19 121 54 75 27 47 97 7 28 9 25 27 1 41 40 9 36 6 18 36 16 2 3 6 2 11 1 7 0 7 34 0 46 25 71 38 0 14 28 1 5 1 14 0
43 GGA 19 46 14 32 81 28 25 21 10 696 1 113 0 1 5 17 1 35 3 6 2 11 2 11 25 7 17 71 11 5 0 0 42 14 3 29 23 9 4 44 496521 14 67 15 11 4 5 8 0 5 0 14 50 318 815 570 0 5 21 19 1 28 6 19
44 AGG 42 0 105 1 1 0 74 4 74 40 499084 0 7 5 6 5 20 0 19 2 14 1 10 8 1 21 17 39 27 14 23 10 0 2 6 2 6 2 12 2 87 20 35 65 11 5 1 1 0 8 0 0 5 1 5 0 0 3 20 2 1 10 12 2
45 CCG 63 37 200 34 0 25 68 11 2 23 8 11 0 1 10 6 10 4 41 0 186 5 498685 4 5 6 33 93 2 7 15 7 51 29 14 12 4 7 158 8 0 3 3 18 4 15 8 1 0 0 0 2 3 6 8 26 0 0 7 1 3 5 1 1
46 GTG 2 6 5 94 152 807 97 188 4 28 24 24 3 1 14 19 0 5 0 2 188 45 13 14 15 13 22 2 22 37 31 19 1 0 54 16 181 52 252 331 263 12 68 38 52 144 496247 70 0 3 0 1 89 2 1 39 0 6 2 96 39 1 40 4
47 TTG 33 0 44 0 0 0 2 3 14 8 15 3 0 0 24 1 25 84 22 2 17 2 0 5 16 31 18 28 25 20 17 51 0 0 0 7 2 1 1 6 2 20 0 1 3 2 49 3 0 135 0 36 3 6 11 3 0 9 56 20 39 14 498992 69
48 TTC 0 4 4 5 2 4 0 0 2 16 6 12 2 11 4 0 20 8 1 0 0 3 0 15 1 0 3 0 16 26 15 19 1 2 2 1 2 2 0 7 2 17 0 7 14 89 36 5 0 19 0 4 0 52 18 0 0 3 5 6 10 499427 6 64
49 GTT 2 3 3 0 7 4 2 1 3 4 2 0 1 6 5 62 1 1 6 7 1 8 1 0 4 0 5 3 8 9 18 4 0 0 0 25 7 17 33 17 14 6 0 7 30 125 20 499459 0 1 0 3 1 0 2 0 0 2 1 16 9 0 20 4
50 AAG 17 24 499456 2 1 4 13 0 10 4 23 2 6 20 11 6 11 5 9 4 7 3 4 1 10 4 37 8 4 0 0 9 12 4 58 2 2 7 4 2 8 0 11 1 26 3 5 14 0 6 20 0 37 2 11 16 0 4 3 1 10 10 0 6
51 ACC 0 10 1 21 96 499420 39 35 4 22 4 20 7 20 0 1 6 0 5 0 8 5 2 12 5 3 12 11 7 2 18 13 1 18 0 2 1 29 6 5 3 9 4 4 3 0 5 3 0 5 0 4 5 42 10 5 0 7 2 2 1 2 4 9
52 GAT 6 17 1 5 18 337 222 89 12 246 4 188 58 136 10 9 115 1 111 6 0 10 4 6 4 14 5 0 22 36 7 17 591 68 73 491396 614 112 1671 1413 0 23 10 40 68 76 131 24 0 15 0 16 331 200 348 671 0 118 8 252 5 2 4 4
53 TTG 106 34 7 42 2 29 100 84 61 59 145 35 27 5 6 6 3 38 26 75 0 236 9 0 260 99 224 176 13 11 62 8 3 17 47 6 296 91 66 152 6 37 3 4 33 120 36 32 0 11 6 567 72 31 51 283 0 5 58 8 40 31 495874 26
54 TCT 3 5 2 3 8 5 3 11 1 3 2 8 15 5 1 12 2 90 11 19 1 0 4 9 19 2 21 13 5 3 0 0 39 2 40 1 1 3 22 9 25 32 0 7 10 7 3 1 0 2 0 3 22 23 47 499356 0 1 2 30 5 2 2 17
55 GGG 3 3 0 7 1 0 5 7 88 1 71 3 1 0 0 9 28 106 13 91 3 1 1 3 0 7 21 12 1 49 1 40 12 2 10 4 2 6 58 0 53 15 498841 50 68 4 79 30 0 32 0 9 20 0 20 7 0 25 5 7 23 0 27 15
56 GCG 16 4 16 10 0 6 2 6 16 2 2 58 0 6 6 27 27 13 49 75 27 16 45 14 11 4 1 6 1 0 0 9 19 9 23 19 71 20 499072 21 10 4 20 8 17 20 46 12 0 6 0 1 4 30 69 3 0 1 6 7 1 1 2 3
57 CTA 5 12 5 12 1 0 5 5 27 2 15 4 28 6 17 6 0 1 4 5 25 12 23 4 62 1 6 46 499402 40 5 8 6 3 0 5 13 6 2 4 3 12 0 9 20 1 2 2 0 4 0 1 7 29 9 3 0 4 3 1 35 0 22 0
58 AAC 20 499202 19 53 19 3 8 12 71 14 0 4 0 11 20 2 11 55 8 13 1 6 10 1 41 22 7 51 28 22 7 5 24 16 13 1 20 24 4 12 1 12 1 5 0 1 1 3 0 30 0 5 1 10 2 14 0 0 7 6 15 3 19 4
59 GAG 3 8 1 3 1 2 5 3 10 1 0 1 0 0 1 0 45 0 71 2 6 0 3 1 1 0 5 0 11 2 7 4 49 17 499561 2 1 3 12 6 8 15 45 4 10 0 9 1 0 0 6 0 4 1 0 29 0 2 6 8 4 0 0 0
60 CTG 2 0 6 9 1 0 1 8 42 6 58 3 19 4 48 5 1 8 5 5 18 13 24 0 40 25 26 1 108 4 499199 56 3 3 0 2 6 6 3 4 4 7 6 0 0 4 8 0 0 0 0 5 26 15 4 9 0 10 2 11 24 2 82 9
61 CAA 16 10 15 6 3 3 9 1 15 4 18 0 16 11 26 0 499157 28 85 44 6 7 9 17 11 18 1 11 17 0 1 13 40 37 2 61 11 1 4 21 4 4 9 6 14 24 9 2 52 10 0 40 3 24 6 5 0 7 2 0 3 0 11 10
62 GAT 0 13 1 25 4 0 11 2 9 0 24 0 7 5 1 3 0 7 0 14 4 3 5 3 20 2 3 0 3 23 3 4 204 85 290 499025 11 5 2 0 21 6 2 13 29 16 0 17 0 13 0 10 8 0 8 5 0 2 0 2 14 6 3 4
63 GAG 11 4 59 2 8 4 6 6 14 2 2 8 3 5 0 0 50 1 20 6 9 0 1 5 2 15 3 1 27 21 11 10 108 48 499266 8 13 23 35 4 1 11 2 24 10 6 13 5 0 4 8 6 2 2 5 5 0 11 4 0 21 1 38 0
64 GCG 11 2 9 1 3 6 0 3 7 55 0 23 3 20 0 10 2 0 0 0 5 8 15 9 3 2 16 3 0 3 5 1 0 11 18 4 52 7 499445 50 13 5 1 7 6 3 0 12 0 2 0 4 26 5 79 9 0 11 1 1 0 0 0 3
65 GCC 2 11 0 3 9 10 5 6 3 18 5 6 3 2 7 4 9 0 23 1 22 6 1 7 2 10 14 18 3 4 1 8 8 15 17 12 44 498093 28 12 3 6 1 1 276 560 99 449 0 1 0 17 17 27 8 26 0 29 5 12 2 1 6 2
66 CGA 0 1 2 8 1 13 2 6 14 14 36 25 2 4 12 6 11 1 7 8 36 21 10 13 499269 74 84 5 24 2 20 12 8 4 7 2 9 18 0 3 2 3 17 0 3 3 2 10 0 3 0 1 39 6 43 34 10 5 2 7 1 1 4 10
67 CTT 6 11 5 4 4 5 3 9 4 1 9 4 11 17 9 74 4 1 0 71 13 53 2 18 29 8 3 17 44 68 52 499246 1 7 11 2 3 1 0 9 2 18 3 8 3 19 0 5 0 3 0 3 4 8 6 17 0 0 10 2 34 5 8 3
68 TCG 20 7 37 16 0 3 2 0 47 27 235 71 14 26 4 2 30 5 86 0 2 2 48 7 46 3 52 3 6 17 8 3 0 4 0 7 42 18 49 32 6 1 4 19 5 5 2 12 0 4 2 2 12 13 498830 46 0 0 13 5 5 5 26 2
69 TGG 0 13 13 0 3 0 0 10 9 22 41 7 0 0 0 8 1 8 0 1 1 2 0 4 1 8 19 0 9 3 43 35 13 0 3 5 6 2 2 3 19 31 134 38 0 1 8 2 0 4 25 3 0 6 10 9 11 0 499342 3 18 0 34 7
70 CTG 2 1 7 2 8 10 0 2 5 2 13 1 6 2 69 1 1 0 1 4 32 2 55 1 4 6 27 6 22 40 499396 83 1 14 7 9 8 2 1 5 13 13 8 3 10 23 2 3 0 2 0 0 1 7 3 2 0 12 0 4 4 0 32 0
71 GCC 0 5 22 31 0 19 4 13 4 28 7 57 0 6 5 7 1 4 8 6 1 47 29 1 3 3 12 21 2 0 0 0 14 2 16 5 37 499229 48 73 30 16 0 15 3 5 0 11 0 4 0 1 47 24 10 17 0 5 0 20 7 2 10 3
72 ACA 13 11 8 2 499201 178 89 26 3 24 12 4 2 0 7 0 7 9 1 18 104 15 7 18 21 2 0 4 2 0 3 1 0 1 0 8 4 3 20 0 5 1 1 3 5 4 14 0 0 1 0 5 50 19 25 13 0 1 3 4 10 6 1 1
73 ACA 7 2 4 7 499536 65 82 7 22 13 3 6 23 7 3 2 3 3 2 2 13 0 3 7 4 1 2 0 2 3 0 0 13 0 0 1 64 2 10 6 8 0 0 0 2 4 0 7 0 5 0 11 7 2 6 4 0 3 1 0 3 3 3 1
74 GGG 0 0 0 3 2 6 6 3 9 6 41 2 2 1 6 0 0 5 4 1 0 0 2 6 3 7 38 9 3 1 1 1 4 0 15 1 3 35 27 3 239 49 499376 5 1 10 3 19 0 3 0 2 9 2 0 2 0 13 2 4 0 2 1 2
75 GTT 0 7 7 0 4 4 2 5 2 0 4 2 1 68 4 46 11 5 22 4 3 0 3 1 5 0 2 1 11 5 3 140 7 4 2 22 12 9 0 9 2 2 5 6 53 17 21 499329 0 3 0 1 7 0 1 6 0 2 4 2 13 0 45 44
76 CCG 1 1 7 0 31 60 33 16 0 62 7 23 0 13 0 6 3 6 26 0 37 29 499206 5 12 0 1 18 22 15 82 20 2 4 2 1 13 4 2 1 6 6 3 15 0 2 1 0 0 14 0 2 28 0 55 38 0 3 5 4 38 1 7 1
77 TGC 3 0 2 0 6 1 0 4 12 0 14 2 1 8 0 7 1 2 1 3 0 1 6 7 6 38 3 8 4 5 1 3 0 1 2 2 2 5 5 3 3 23 13 1 6 10 22 12 0 35 0 0 0 6 21 17 18 499555 34 32 2 18 3 0
78 GCA 1 3 2 2 9 4 2 15 53 5 29 15 3 0 0 0 26 1 9 1 36 4 10 2 48 24 21 6 7 0 0 3 23 1 35 1 499355 37 68 25 21 9 3 0 10 4 7 0 0 4 0 1 4 15 10 16 0 2 0 2 1 0 5 0
79 GCG 258 59 265 40 13 31 144 4 7 15 61 15 7 279 2 623 24 14 60 15 1 19 33 14 51 23 11 104 2 0 1 2 14 10 101 11 42 37 497171 14 44 7 167 41 3 5 10 1 0 2 0 1 15 19 56 6 0 13 2 1 0 1 2 7
80 GTT 4 2 0 1 1 1 1 0 11 2 1 3 28 1 1 22 0 3 4 7 0 4 4 1 10 0 20 7 2 1 0 27 2 0 1 2 5 6 3 8 2 15 3 55 35 43 44 499533 0 2 0 2 4 2 0 1 0 1 8 3 5 1 6 39
81 TTA 2 2 37 8 4 5 10 4 3 6 5 1 29 6 23 34 17 5 0 5 9 7 2 26 1 83 14 0 65 28 44 5 94 2 52 12 0 2 4 1 6 4 19 1 23 19 11 8 0 4 0 4 12 2 6 4 14 3 8 4 499114 23 18 36
82 GAT 1 6 4 5 3 30 4 5 2 12 2 0 3 1 0 5 4 4 0 19 5 11 2 0 0 1 0 3 6 2 3 7 3 55 25 499585 0 1 0 19 36 7 3 8 2 12 0 10 0 2 0 55 1 7 5 0 0 0 4 1 2 7 0 0
83 GTT 10 2 28 4 7 1 20 1 8 7 31 27 12 15 29 17 0 9 5 19 8 5 5 13 39 4 33 29 2 2 31 18 23 21 6 21 7 5 17 32 1 17 59 110 74 20 78 497328 0 16 0 36 9 24 47 2 0 6 3 3 29 931 42 592
84 GTA 0 5 2 4 37 1 9 4 4 41 4 3 7 3 0 7 20 7 0 2 0 10 5 4 1 3 0 3 21 15 16 0 12 10 7 5 57 23 35 81 6 6 7 15 499267 36 28 27 0 0 0 3 2 30 7 7 0 12 26 0 30 0 23 0
85 ACG 5 11 60 4 9 147 499273 17 4 12 4 4 11 41 12 11 2 5 0 1 2 3 13 6 2 2 2 1 5 6 0 3 0 1 10 1 4 4 83 51 2 0 5 9 6 4 3 20 0 4 0 15 0 10 44 3 0 4 4 15 5 6 3 6
86 GAG 10 0 27 4 0 2 0 1 3 1 9 11 3 0 1 3 2 3 4 0 3 3 4 1 7 2 7 8 15 15 21 11 31 65 499454 6 3 44 42 5 12 7 25 0 5 5 18 1 0 3 14 19 4 1 12 1 0 7 0 5 18 0 10 2
87 GCG 10 13 39 0 5 1 12 13 11 19 8 58 1 0 12 6 3 5 4 19 5 36 22 2 4 0 4 11 0 1 1 3 18 8 76 7 27 152 499137 25 1 2 29 1 8 0 6 15 0 2 0 7 7 13 77 4 0 19 6 0 2 17 4 2
88 GGC 1 11 1 11 2 2 5 5 14 50 2 2 0 0 0 6 0 0 3 0 3 3 2 2 23 4 8 3 1 22 0 4 1 7 12 13 5 79 14 12 13 499441 38 6 28 5 4 2 0 1 0 0 9 4 12 24 0 49 7 9 0 3 12 0
89 AGG 5 3 9 2 3 9 5 6 74 45 499083 50 0 6 6 16 5 6 0 29 1 5 8 4 43 37 55 50 11 31 2 4 3 16 0 4 3 10 13 5 8 1 11 4 5 1 2 1 0 10 0 5 34 10 3 7 0 32 150 1 5 2 31 10
90 GAT 1 20 20 36 4 8 6 0 0 3 4 3 1 2 8 10 3 4 10 4 1 11 0 1 10 9 5 9 36 2 2 1 9 15 24 499487 22 3 29 26 1 9 17 17 3 3 0 14 0 9 0 35 5 0 7 2 0 5 3 9 5 3 3 1
91 TGG 2 1 6 3 6 0 2 0 0 2 9 4 2 0 2 2 15 3 2 6 2 1 2 7 18 26 10 28 11 4 54 14 2 0 4 2 1 1 1 2 77 14 50 1 2 3 0 0 0 20 0 4 0 3 30 0 12 21 499420 40 14 0 26 6
92 CTA 4 4 2 1 0 2 1 3 4 4 0 7 20 3 3 2 5 12 8 2 5 28 14 3 4 4 4 9 499069 57 219 186 2 11 3 3 11 0 3 2 1 0 11 9 26 2 2 3 0 4 0 9 2 3 0 5 0 2 15 9 44 3 126 0
93 TTA 1 4 1 9 0 0 3 3 5 3 6 0 4 0 12 1 5 2 11 1 32 11 1 7 4 1 2 13 115 71 39 9 8 1 0 3 2 0 0 1 3 9 1 17 18 10 15 11 3 0 0 4 21 0 2 4 1 1 4 3 499387 17 60 18
94 TTA 0 1 1 1 11 0 24 5 3 1 5 1 12 1 3 0 12 1 2 0 1 8 15 7 10 9 3 1 35 32 42 10 1 9 2 0 4 5 4 7 4 2 0 0 34 5 9 0 4 5 0 4 23 0 13 0 50 3 5 3 499479 18 37 13
95 GGT 14 0 2 0 4 1 2 2 25 1 1 10 0 0 10 0 2 15 16 2 0 1 2 3 19 24 15 21 5 1 2 0 0 15 0 2 16 3 12 19 40 11 24 499530 19 3 21 10 0 9 0 4 2 1 0 5 0 28 8 3 5 2 7 1
96 GAG 23 2 26 2 1 1 0 0 6 2 10 1 3 0 1 3 4 1 96 0 1 0 5 2 3 6 2 3 4 3 1 2 92 26 499454 2 0 2 26 2 6 18 33 4 5 6 0 9 0 7 13 0 11 6 0 1 0 0 2 20 1 12 13 15
97 GTT 1 1 1 1 1 2 2 11 22 1 8 2 1 0 2 24 0 2 1 1 7 8 0 2 0 36 34 2 13 4 2 12 0 0 0 26 6 10 4 8 6 3 28 15 67 40 51 499453 0 1 0 2 4 3 1 2 0 11 1 4 6 13 31 0
98 CCG 1 3 2 4 2 1 18 35 4 22 21 5 2 3 2 3 5 0 7 1 32 12 499458 38 8 30 41 0 5 15 9 2 0 1 2 0 5 6 6 7 4 1 17 16 3 2 11 2 0 0 0 0 12 17 42 19 0 3 11 1 2 1 17 1
99 GGG 0 1 1 2 1 3 3 8 8 14 70 1 3 1 0 2 6 5 1 2 6 4 1 2 1 7 32 2 9 0 0 2 1 13 2 5 1 7 12 6 21 43 499540 5 17 9 5 0 0 1 0 1 2 5 27 18 0 7 21 21 0 6 5 1
100 CAA 14 0 27 2 0 9 21 3 1 0 4 9 9 2 1 4 499330 28 117 20 41 63 4 29 39 11 12 2 3 4 25 14 4 10 14 4 3 1 5 2 1 0 10 7 8 13 3 3 0 0 0 2 8 0 9 6 0 0 4 3 2 3 26 1
101 GAC 7 2 5 6 10 0 3 2 3 5 2 13 0 1 7 10 19 12 22 2 7 6 8 12 11 1 1 0 4 5 4 2 9 499489 15 74 0 24 15 3 1 6 7 11 0 24 20 2 0 17 0 3 20 14 20 7 0 1 7 2 1 10 6 0
102 TTG 0 1 1 7 4 0 3 1 27 3 15 0 0 1 33 1 5 2 4 0 14 6 9 13 25 9 21 6 40 6 9 35 2 1 0 20 0 1 0 2 2 3 10 4 7 7 5 1 0 0 0 2 0 2 14 2 0 0 2 1 145 6 499455 5
103 CTT 1 4 0 1 3 0 0 6 2 1 1 1 1 3 4 39 0 0 1 22 11 3 8 38 0 5 4 4 51 71 3 499608 1 1 1 3 2 2 0 1 1 0 0 1 2 0 2 8 0 0 0 9 1 4 0 3 0 0 2 4 35 1 8 12
104 AGT 4 21 2 15 2 20 23 13 24 19 41 499404 18 4 10 8 3 2 28 0 3 1 1 5 12 4 20 12 0 1 9 2 1 3 0 0 5 8 7 5 7 16 20 25 10 2 3 9 0 1 0 1 40 19 13 38 0 0 3 6 1 2 13 11
105 TCC 2 2 9 2 0 11 5 4 14 20 5 60 17 32 0 12 0 3 0 5 1 3 3 1 0 12 2 31 27 21 21 16 3 0 0 4 31 62 7 0 3 18 1 0 11 2 4 0 0 37 0 0 85 499268 13 19 0 17 21 2 6 14 30 1
106 CAC 4 99 13 25 28 3 8 27 11 56 18 27 5 11 11 10 137 498704 163 16 42 21 1 4 3 6 12 24 3 24 11 1 3 107 10 71 7 21 3 6 3 5 4 41 1 4 11 0 0 10 0 1 38 5 28 44 0 15 2 21 3 1 7 0
107 CTG 1 1 0 1 8 1 2 5 0 0 15 8 2 6 28 2 3 1 17 0 2 1 52 0 6 3 20 8 99 69 499427 9 1 4 0 2 0 2 0 1 0 2 14 0 18 0 33 0 0 16 0 3 1 0 2 2 0 0 5 1 13 1 80 2
108 GCC 13 5 1 2 4 0 0 2 0 30 1 14 3 7 0 2 0 2 14 3 206 47 3 83 2 1 7 3 5 0 2 7 5 14 3 7 55 499061 20 21 44 32 41 38 0 17 27 13 0 3 0 17 9 19 19 31 0 3 4 14 2 7 1 4
109 CCG 1 0 2 1 13 4 14 16 1 11 2 2 2 7 1 0 16 1 19 0 118 10 499445 81 3 11 13 0 3 13 10 13 0 3 2 8 7 2 0 7 0 0 1 13 7 17 12 7 0 0 0 3 0 4 9 15 0 1 4 4 31 3 6 1
110 GCG 0 1 8 7 3 22 34 22 0 18 1 71 9 0 3 1 3 3 10 14 1 0 9 20 13 1 0 7 5 3 3 1 121 10 86 9 41 99 499072 74 1 0 11 0 5 15 37 4 0 5 0 0 4 34 35 8 0 1 2 14 0 0 9 10
111 GAG 4 0 6 1 1 6 15 9 1 4 3 8 5 6 7 8 13 1 5 2 5 1 8 15 4 19 0 9 51 51 7 10 47 53 499467 27 0 0 4 0 4 2 20 4 23 4 6 6 0 0 15 0 3 0 2 2 0 1 1 0 4 7 10 3
112 AAA 499562 54 8 32 18 7 7 1 16 2 12 5 37 5 2 12 3 8 5 1 1 2 1 6 1 1 2 4 2 7 3 0 31 3 2 0 0 1 0 1 10 2 8 0 0 1 2 1 31 7 0 0 9 12 8 14 0 7 0 3 1 4 13 2
113 GTA 2 2 8 3 24 5 28 19 1 1 1 0 16 11 6 0 6 1 4 0 4 0 0 4 12 1 0 10 20 18 2 2 1 10 6 1 13 1 13 16 9 1 2 2 499508 41 57 64 0 5 0 6 4 4 1 0 0 0 1 0 6 1 13 3
114 AGT 2 12 9 169 4 1 9 17 22 61 27 498161 8 20 0 5 0 0 7 2 5 4 4 34 23 11 146 84 11 5 27 36 0 0 0 1 47 256 50 124 26 15 52 32 2 7 0 6 0 17 0 23 17 28 56 25 0 179 0 91 0 0 10 10
115 ATA 43 1 20 12 82 10 1 6 43 3 11 15 499425 69 8 33 0 7 0 0 2 5 8 7 3 0 4 6 8 3 3 1 7 13 0 11 3 4 2 6 1 3 1 0 24 2 8 14 0 1 0 1 13 9 8 14 0 0 2 0 3 2 3 6
116 ATG 14 0 4 13 30 5 151 2 12 3 13 7 27 43 499405 4 4 0 4 0 8 4 6 0 19 30 26 30 13 0 7 6 1 7 1 3 2 1 2 0 3 1 1 2 21 16 16 12 0 3 0 0 0 6 1 0 0 1 0 1 7 0 1 1
117 GCT 3 2 0 1 0 1 2 45 18 36 1 26 20 1 0 2 30 7 9 5 0 5 2 1 14 3 10 17 0 3 1 3 17 3 42 16 78 29 14 499350 1 34 0 4 21 1 35 11 0 1 0 3 5 13 27 16 0 1 0 1 2 1 2 4
118 GAT 6 1 0 23 3 8 4 3 1 2 0 11 5 6 14 5 8 1 1 8 0 7 4 0 7 2 4 6 0 2 0 5 87 14 5 499622 14 2 3 8 0 3 3 9 2 0 6 9 0 0 0 16 2 6 3 0 0 18 3 1 5 5 2 5
119 GCT 2 9 23 1 6 2 3 16 2 21 0 21 3 0 0 0 0 4 1 1 5 17 3 27 0 0 1 3 15 1 1 1 8 0 23 23 102 15 9 499458 3 7 6 14 4 0 4 36 0 3 0 2 20 16 3 28 0 1 13 0 5 1 7 0
120 ATG 1 1 14 13 11 43 3 6 6 1 48 2 10 38 499023 39 4 2 4 0 5 5 14 6 4 0 22 3 70 63 91 73 1 6 9 12 5 1 7 3 11 22 14 24 8 1 41 4 0 21 0 3 0 2 1 3 0 9 2 0 86 1 68 10
121 AGG 9 0 31 1 26 14 18 27 103 19 499166 27 0 16 26 9 2 3 3 3 24 0 9 2 47 6 20 29 48 6 10 22 9 75 3 4 3 6 8 12 39 0 11 11 1 1 0 14 0 5 0 3 17 6 6 6 0 6 2 0 7 5 11 3
122 CGT 18 1 2 7 28 15 25 3 52 16 70 76 15 2 14 7 0 6 1 30 8 2 0 2 65 30 20 498406 30 117 41 261 2 4 14 30 7 5 14 1 26 10 25 17 11 5 2 0 0 10 0 13 2 27 42 32 0 12 12 26 200 2 77 2
123 TTA 0 2 1 2 10 3 6 3 17 11 1 1 42 3 33 0 10 0 0 3 9 12 5 3 0 0 10 27 3 10 5 31 5 1 2 1 0 2 15 8 5 0 0 2 40 3 2 16 4 11 0 9 1 1 0 10 0 2 0 12 499518 31 31 5
124 CAC 5 60 0 31 35 52 5 59 26 6 45 3 3 7 0 0 14 499032 16 92 9 0 88 2 19 34 13 38 5 15 1 5 8 61 10 0 6 7 9 8 5 3 16 5 0 3 18 11 0 8 0 24 7 5 13 25 0 3 2 0 3 8 1 11
125 ACA 16 24 7 40 499157 42 47 9 2 27 8 31 3 8 5 6 5 1 9 15 66 6 41 3 4 11 11 3 6 1 2 3 0 1 4 5 48 44 27 52 23 24 2 2 6 0 0 2 0 13 0 3 19 19 39 0 0 19 4 6 9 0 8 2
126 CTA 0 0 3 0 0 1 7 2 1 0 5 0 4 2 6 0 14 4 2 6 13 15 5 31 15 1 9 2 499524 37 136 11 0 0 0 9 10 3 0 4 2 3 2 1 30 5 11 15 0 1 0 2 1 2 4 0 0 2 0 3 8 6 18 2
127 GAT 7 7 1 7 1 2 2 5 2 95 2 15 7 6 7 1 16 2 11 10 26 2 5 0 0 11 1 0 1 6 2 8 14 13 27 499325 0 5 2 30 10 2 1 7 0 16 7 2 0 26 0 6 23 30 66 102 0 0 4 5 5 1 2 1
128 CCA 13 2 7 8 17 10 3 2 6 19 16 25 11 9 3 110 27 2 9 4 499361 40 116 7 1 15 3 3 32 5 4 9 1 3 0 8 2 3 0 2 1 6 4 1 0 1 1 2 0 2 0 11 10 0 1 15 0 1 1 0 11 2 10 2
129 GCA 0 1 5 0 14 3 4 2 3 5 15 29 1 10 7 2 4 4 20 1 20 4 19 3 0 23 30 7 1 1 2 1 43 3 16 3 499309 25 10 12 13 9 1 1 10 8 0 4 0 4 0 13 120 40 63 8 0 4 0 5 4 3 20 8
130 ACG 3 7 5 3 173 56 499328 20 4 4 23 7 5 10 6 0 15 7 4 8 8 5 20 12 2 0 3 1 14 6 24 14 0 0 1 3 1 24 13 10 3 4 3 9 1 2 3 6 0 1 0 12 1 1 25 1 0 1 2 3 17 10 45 1
131 TGC 2 4 2 2 7 3 4 5 0 12 6 9 1 2 4 0 2 2 4 7 4 3 5 2 5 4 0 13 5 11 0 6 3 3 0 18 5 0 0 4 7 2 5 0 4 2 0 3 0 5 0 0 2 15 0 12 1 499719 5 29 2 15 2 1
132 CCA 16 4 1 0 39 20 4 1 1 1 4 6 1 0 0 3 92 7 13 4 499394 64 39 22 10 1 5 6 14 1 0 8 2 14 3 1 12 7 12 15 4 0 2 15 1 0 8 3 0 0 0 7 4 12 1 1 0 1 1 4 10 6 69 4
133 TTC 0 0 2 4 3 4 4 10 3 3 0 2 5 14 1 0 9 5 0 0 13 1 3 3 0 3 0 0 1 28 16 4 6 1 13 1 3 3 2 1 1 2 13 7 2 35 1 16 0 39 0 4 4 15 19 3 0 4 0 11 13 499631 7 2
134 GAT 12 6 1 34 0 6 1 6 1 9 1 0 0 6 1 2 84 13 19 9 4 11 8 2 2 8 3 2 0 2 1 3 41 61 39 499471 0 3 4 16 5 14 0 37 3 6 2 7 0 4 0 2 4 7 4 0 0 0 6 3 1 1 2 0
135 CAC 4 20 0 9 0 6 1 17 18 10 8 0 1 0 0 4 6 499672 10 7 14 12 13 11 7 17 2 5 6 5 7 3 16 0 0 6 3 10 1 1 1 0 2 1 5 8 2 1 0 9 0 9 8 0 2 1 0 1 1 2 3 5 5 2
136 CAA 19 1 3 0 31 14 11 22 5 4 36 6 5 4 1 1 499312 11 59 13 129 2 3 3 71 26 37 3 14 2 11 2 29 2 5 0 1 1 1 5 10 6 3 0 0 1 1 0 18 1 0 1 12 0 5 10 0 15 11 0 0 1 0 0
137 GCG 24 2 10 2 1 7 2 6 119 4 257 10 24 1070 172 190 25 1 4 0 0 2 11 6 84 40 241 84 210 176 17 178 22 1 29 8 38 16 495478 17 3 5 3 0 76 38 146 204 0 176 0 242 37 15 14 9 0 3 7 5 142 129 33 125
138 AAA 499476 5 20 37 0 4 0 2 30 1 3 7 45 2 3 2 82 1 12 3 1 4 3 0 24 54 18 10 7 1 1 1 11 0 3 1 5 10 4 3 1 0 4 8 15 1 1 0 3 17 0 2 5 2 11 0 0 1 3 0 0 14 1 15
139 CAC 6 24 8 1 0 13 5 1 7 9 0 1 0 7 0 3 20 499330 119 59 27 35 24 10 1 70 2 9 0 15 0 0 0 25 4 11 15 5 14 1 7 3 8 0 0 7 6 3 0 6 0 1 3 1 7 25 0 6 3 0 13 12 6 2
140 CGA 1 0 1 2 2 2 4 2 10 3 43 7 2 0 8 0 62 2 2 6 7 0 3 1 499301 155 64 40 34 7 3 0 1 6 12 6 0 0 5 1 26 1 18 17 1 0 0 3 0 7 0 1 47 24 25 0 3 0 0 3 0 2 14 3
141 ATA 14 2 5 6 8 15 2 20 11 1 10 6 499207 38 9 44 3 2 7 1 4 5 2 15 11 2 7 1 6 1 10 4 0 0 0 0 10 0 0 1 3 4 0 16 58 212 53 68 0 1 0 0 1 0 4 1 0 19 3 23 7 21 1 15
142 GAA 36 0 6 0 4 1 7 5 3 2 4 0 34 8 1 22 37 4 1 3 0 1 1 0 8 3 3 1 8 3 2 0 499381 73 67 0 5 0 2 5 115 3 18 11 4 0 11 20 39 5 0 5 2 2 0 3 0 2 4 4 1 6 0 4
143 CGA 5 0 1 6 54 35 149 44 53 14 51 6 1 2 49 1 1 11 2 46 42 8 61 25 498862 26 45 24 1 7 8 13 12 4 10 5 3 4 1 3 10 2 1 7 6 21 1 9 0 12 0 2 4 27 29 1 5 74 8 60 13 0 9 4
144 GCA 3 1 0 18 0 3 3 3 4 42 1 65 0 0 1 1 5 0 1 0 22 8 16 0 2 0 0 4 3 1 1 1 33 0 15 4 499413 36 68 12 9 3 2 2 50 8 6 3 0 1 0 1 43 29 2 27 0 0 0 4 4 8 1 7
145 AGA 0 8 2 38 4 0 2 11 499303 60 62 2 18 1 0 2 1 35 1 14 8 0 12 2 10 65 2 17 7 23 2 9 0 4 2 3 1 5 0 7 14 30 20 0 3 1 4 5 0 19 0 7 11 26 6 1 59 3 6 2 20 6 9 5
146 ACT 65 0 4 55 32 48 19 496356 19 39 42 0 72 94 1 182 21 6 10 28 1 1 2 0 1 133 0 9 266 35 576 249 50 0 205 5 8 15 29 16 14 4 1 8 100 11 9 92 0 10 0 6 21 9 49 15 0 36 4 7 622 8 271 9
147 CGC 0 2 0 2 0 0 0 3 80 30 11 0 2 0 8 0 14 0 5 1 9 2 5 11 52 499437 11 26 6 11 19 2 9 4 2 5 0 1 2 4 7 53 6 4 0 3 3 4 0 0 0 4 4 16 67 8 0 5 1 5 29 3 1 1
148 ATG 5 1 15 2 8 3 24 0 4 1 41 12 63 51 499522 10 1 1 1 2 1 0 1 4 10 1 1 5 6 21 41 6 2 5 1 4 1 0 4 5 6 1 1 4 5 22 19 29 0 3 0 0 1 1 2 4 0 0 0 0 7 2 3 4
149 GAG 460 15 113 55 2 1 3 0 65 0 7 11 18 123 49 221 26 102 41 22 40 5 10 16 13 15 21 18 25 126 49 70 60 23 497515 5 4 2 11 9 32 3 48 15 17 107 86 3 0 9 1 55 8 22 7 5 0 3 6 63 11 9 114 5
150 GCT 5 0 0 0 10 21 24 5 0 9 43 1 2 1 10 0 21 129 10 9 7 6 2 27 4 1 0 12 3 4 0 4 1 2 2 69 59 11 13 499203 15 5 8 14 2 1 45 22 0 0 0 1 15 17 8 77 0 6 0 16 3 4 0 11
151 GGA 0 23 2 24 9 9 2 12 52 4 14 13 1 3 8 6 2 2 4 11 5 0 6 3 61 7 24 3 4 1 0 4 132 6 56 22 0 2 1 9 499211 38 93 8 15 3 17 12 0 0 0 7 1 1 2 1 3 12 2 17 6 2 1 1
152 CTA 2 1 1 14 2 0 2 6 6 0 7 1 5 0 22 3 33 3 3 4 15 0 4 6 41 3 27 8 499174 139 54 27 0 0 1 0 10 6 3 0 1 3 30 1 39 0 2 9 0 5 0 21 0 6 3 0 0 0 1 8 99 2 125 12
153 GTA 2 3 2 0 0 7 4 15 1 2 0 0 143 43 244 25 6 4 5 14 13 246 15 17 9 0 0 4 45 84 42 25 3 0 0 0 6 4 9 4 27 6 0 1 498269 51 19 84 0 24 0 9 1 14 1 8 0 3 13 21 63 185 100 55
154 GAT 9 5 0 9 5 5 0 2 85 1 26 6 2 0 5 8 2 14 5 2 1 8 2 10 39 37 6 21 0 6 8 7 5 17 11 499316 2 1 4 16 26 13 3 36 3 4 5 37 0 50 0 30 3 13 0 1 0 2 2 1 0 2 15 46
155 CAA 24 2 1 3 1060 300 395 171 28 45 0 17 1010 254 316 552 489029 23 118 1 29 1 31 18 6 55 21 1 244 160 194 175 447 3 310 7 26 11 2 42 99 17 47 7 245 236 395 245 3 957 0 243 12 56 11 16 0 142 1731 241 21 17 98 29
156 GAT 4 14 1 7 2 0 4 12 1 5 2 2 0 2 1 2 3 5 4 31 0 15 5 1 12 0 2 1 0 8 8 3 2 56 14 499635 1 7 9 11 2 0 2 43 2 0 4 12 0 8 0 4 0 13 1 1 0 5 9 1 0 1 0 0
157 GAT 0 11 0 43 6 0 0 3 0 5 1 2 0 0 4 1 2 0 0 6 2 1 1 1 3 3 3 2 4 7 2 3 5 106 10 499580 0 3 0 19 0 21 24 16 0 0 1 19 0 17 0 14 5 0 6 9 0 7 0 7 3 6 4 2
158 CTT 7 5 3 0 2 13 2 1 0 4 22 23 0 2 46 2 15 2 4 77 1 28 21 25 1 1 7 56 40 24 21 494748 0 0 0 1 0 3 3 3 14 3 16 1 1 5 7 9 0 545 0 170 0 12 14 9 0 3 761 1 64 1842 100 1210
159 GAC 1 4 3 6 3 1 4 6 7 3 7 2 2 1 1 2 1 13 20 10 0 3 7 9 12 19 2 7 1 9 4 2 102 499473 96 45 0 23 1 1 3 4 1 5 2 6 0 1 0 23 0 12 1 1 0 1 0 8 0 0 1 8 10 0
160 GAG 9 23 85 23 0 3 15 4 15 5 40 9 3 1 5 7 326 16 63 7 18 15 7 2 62 48 13 3 8 1 4 7 18 124 498589 32 22 56 4 8 13 0 75 17 6 10 27 13 0 6 26 1 0 3 8 2 0 10 6 40 15 10 4 8
161 GAG 1 2 2 0 5 2 0 1 4 2 4 2 0 1 0 12 7 0 17 4 3 11 5 9 1 0 4 9 3 4 2 1 45 11 499560 31 11 0 25 41 1 10 41 9 1 1 7 9 0 3 30 1 4 0 0 2 0 9 1 5 7 7 7 3
162 CAT 11 239 8 1106 7 12 7 6 17 4 9 0 1 3 0 6 2 3 27 498338 9 2 0 2 0 1 4 11 2 2 0 12 6 1 1 2 1 3 4 9 4 22 12 8 1 0 10 1 0 6 0 16 5 12 2 2 0 10 1 2 4 0 1 3
163 CAA 184 17 17 6 40 37 6 201 6 0 17 8 220 104 1953 234 487268 49 39 41 18 29 8 12 6 22 98 40 277 1024 272 255 409 29 131 41 3 205 228 38 25 1 1 5 802 1145 269 904 34 22 0 86 49 58 3 21 0 37 0 30 2273 162 314 167
164 GGG 9 1 2 0 0 1 3 8 2 0 12 13 1 0 14 2 0 15 2 7 7 0 0 1 2 5 21 2 1 1 7 0 0 3 10 4 1 1 10 1 29 33 499618 39 15 16 7 19 0 1 0 0 5 3 6 12 0 9 1 16 0 0 2 0
165 CTG 3 3 8 12 118 56 66 70 13 1 17 8 11 0 5 88 11 13 13 2 5 8 24 47 0 1 15 5 13 50 498748 11 6 5 9 1 12 1 1 12 13 0 3 0 18 35 90 102 0 21 0 78 18 13 0 6 0 6 7 39 12 7 23 17
166 GCG 7 5 21 2 37 0 24 0 29 14 36 16 5 0 3 5 9 0 2 5 9 7 2 1 10 5 5 10 64 45 28 58 41 4 24 8 105 70 498785 85 4 6 22 6 21 13 6 1 0 11 0 5 11 13 8 62 0 6 37 4 110 1 64 3
167 CCC 3 6 0 3 9 52 31 7 63 1 1 1 11 159 21 29 5 29 38 2 22 497743 99 93 14 38 8 3 117 199 267 122 1 0 1 0 20 17 1 9 75 13 10 9 48 60 60 8 0 4 0 37 3 4 5 8 0 7 16 21 56 0 310 1
168 GCG 4 1 37 0 22 16 109 460 33 42 30 320 21 58 95 22 24 15 179 18 1 9 14 4 18 13 12 21 4 1 121 2 69 1 3 0 121 29 496756 58 12 9 5 5 13 7 51 21 0 19 0 4 102 527 283 124 0 1 2 2 24 7 19 0
169 GAA 9 0 7 2 4 12 6 8 4 0 3 0 2 0 0 1 6 4 13 1 5 6 5 12 1 3 3 8 2 8 8 4 499586 7 6 0 64 2 2 1 44 5 3 4 30 30 13 29 8 0 0 0 1 2 3 0 0 1 2 1 0 3 0 6
170 CTC 1 0 3 4 0 9 1 2 1 2 4 5 1 0 24 0 0 1 5 6 6 94 11 6 19 8 9 21 6 499536 23 56 2 0 2 0 7 8 1 8 6 3 0 2 9 0 5 2 0 7 0 1 2 0 4 2 0 2 1 9 14 31 6 2
171 TTT 2 1 0 4 18 6 2 1 47 7 9 4 1 8 0 9 18 5 3 3 1 0 2 5 0 8 19 6 24 5 36 40 1 5 0 3 9 6 7 2 5 0 10 13 8 8 13 18 0 0 0 20 7 8 0 19 0 4 6 6 28 14 5 499481
172 GCT 5 4 17 13 1 6 15 43 93 12 27 4 1 0 4 2 22 18 27 9 10 3 1 30 82 7 25 25 0 4 1 7 10 15 22 13 92 66 19 498992 5 2 0 60 2 17 13 27 0 6 0 0 19 11 18 20 0 0 3 1 8 18 10 13
173 AGG 8 0 42 4 3 2 20 1 149 8 497961 0 3 0 259 2 66 14 4 1 5 3 12 6 22 33 77 8 203 24 83 77 150 2 36 0 21 28 13 17 3 1 6 0 23 4 7 20 0 7 0 1 6 10 4 42 0 7 40 29 117 0 305 1
174 TTG 1 4 7 2 3 0 0 0 9 3 0 1 0 4 14 5 8 1 0 4 5 5 1 3 2 2 2 1 14 4 190 115 1 0 1 0 0 1 1 0 1 1 1 2 4 2 6 2 0 3 10 10 32 8 16 2 0 23 5 15 47 53 499264 79
175 AAA 498581 25 3 12 35 16 2 1 22 0 6 0 62 2 1 77 25 18 2 1 2 1 7 4 14 0 16 13 25 0 2 44 7 4 4 8 0 1 0 2 5 3 0 0 169 67 31 210 13 2 0 1 0 0 1 6 0 8 24 0 100 5 303 7
176 GCT 2 0 1 5 0 5 1 3 21 17 6 62 6 0 1 14 0 5 4 3 7 2 3 3 5 10 16 0 14 2 1 5 2 3 4 28 46 25 37 499448 4 2 0 8 1 0 7 13 0 3 0 5 2 30 8 51 0 0 1 0 1 6 41 0
177 CGG 11 1677 9 975 2354 6796 5181 4171 15 370 63 478 628 270 70 131 398 43 152 787 6 16 27 6 33 87 457059 47 561 384 1266 411 41 202 686 154 463 717 2087 462 639 216 1679 152 165 40 56 23 0 136 0 201 399 160 2358 500 0 734 199 714 228 770 1247 90
178 ATG 60 2 190 21 6 56 18 31 111 6 163 0 18 17 496044 27 65 183 170 36 185 311 46 180 306 39 19 129 21 31 48 99 16 8 3 7 5 0 1 0 8 29 7 7 39 52 86 15 0 241 0 302 1 8 3 1 0 13 38 19 215 195 6 37
179 CCC 1 10 5 1 4 65 18 7 8 13 10 18 2 14 3 10 63 0 6 4 7 499368 29 19 3 23 13 57 10 12 15 4 0 2 3 7 3 8 2 4 3 3 12 3 8 2 9 17 0 4 0 9 14 13 3 9 0 2 0 7 18 6 6 1
180 GAC 13 13 9 3 13 3 60 8 14 7 0 0 35 8 1 1 3 8 1 17 3 12 59 8 22 0 1 61 15 8 3 15 11 498997 3 19 12 23 75 20 1 13 13 9 17 48 5 28 0 71 0 7 9 0 13 10 0 1 0 4 3 37 5 122
181 GGT 2 0 5 7 44 53 23 14 6 21 4 6 0 5 3 4 4 5 6 4 2 2 7 0 0 4 14 11 8 2 5 12 4 6 2 6 10 5 1 0 66 31 60 499295 29 73 1 4 0 49 0 11 20 0 10 14 0 2 4 2 2 1 6 3
182 GAA 8 10 4 0 6 12 6 29 19 2 4 8 0 2 9 3 18 3 10 0 2 4 1 2 0 27 9 3 6 3 3 2 499418 9 16 91 17 17 0 11 22 5 8 5 90 13 14 6 0 0 0 0 4 6 9 3 0 9 3 3 2 0 3 1
183 GAT 1 1 4 51 1 0 6 5 17 0 2 1 1 0 0 0 3 2 2 29 1 11 9 0 28 9 9 3 0 0 1 1 8 40 6 499580 0 2 1 7 12 1 12 13 1 1 1 62 0 2 0 19 8 0 3 3 0 5 2 2 2 1 8 0
184 TTG 8 2 5 2 4 5 0 6 2 1 25 2 0 1 9 0 0 1 42 1 36 1 7 19 35 37 7 6 5 10 48 28 1 6 1 1 2 0 3 8 7 0 2 3 2 0 39 1 0 1 15 0 2 0 4 3 0 3 4 0 58 93 499296 90
185 GTG 9 7 2 1 0 3 1 3 1 0 10 1 1 7 2 2 1 1 3 0 2 1 2 6 15 3 6 1 9 1 50 33 1 7 0 1 4 3 8 1 5 9 30 1 56 124 499464 40 0 5 0 3 2 2 1 1 0 10 2 8 15 1 12 0
186 GTA 1 1 3 5 13 5 2 0 8 0 5 6 6 0 0 4 0 3 2 0 12 7 26 2 7 24 4 0 22 13 0 3 2 2 1 1 27 18 46 12 23 0 12 13 499505 35 34 22 0 0 0 0 0 7 1 7 0 4 3 0 24 0 15 2
187 ACT 4 8 1 31 69 95 23 499463 2 2 9 37 2 2 4 27 3 8 0 10 0 1 0 9 3 3 1 4 5 4 5 12 0 1 1 9 10 5 6 17 1 0 0 0 2 10 4 7 0 5 0 0 0 25 2 27 0 3 2 5 0 7 1 3
188 CAT 4 6 0 53 3 0 1 6 5 1 9 3 0 2 0 2 13 6 7 499512 23 1 10 14 11 7 8 19 0 12 41 31 0 2 1 80 0 0 0 2 4 0 2 0 1 1 0 1 0 6 0 35 2 10 0 6 0 21 7 1 0 0 5 3
189 GGG 5 1 0 2 4 7 6 8 3 1 8 2 2 0 1 1 0 4 0 0 2 1 1 3 4 4 26 11 9 4 3 2 2 10 30 5 0 4 2 1 85 48 499495 24 7 2 35 3 0 1 0 8 13 22 3 1 0 29 5 22 9 1 5 3
190 GAT 14 2 3 29 2 0 3 0 0 1 0 1 0 3 2 3 9 4 12 40 0 1 6 0 1 3 5 2 11 11 5 17 8 12 13 499588 0 3 19 36 5 5 3 5 3 1 19 6 0 7 0 27 2 1 2 11 0 10 4 5 8 0 3 4
191 GCC 5 0 13 23 1 2 2 33 18 40 31 29 3 1 8 10 0 67 1 87 9 32 3 1 66 28 13 40 74 1 97 31 10 3 8 1 49 496587 1 5 4 16 14 2 3 55 4 12 0 11 0 9 21 17 24 20 0 2 6 2 113 694 25 1513
192 TGC 2 6 1 1 343 5842 66 1081 8 9 3 16 158 57 3 9 5 2 6 0 3 18 7 1 3 3 15 6 1 0 1 0 41 21 3 3 7 1 0 9 49 12 13 23 17 8 8 11 0 55 0 3 9 7 8 7 1 491938 7 33 5 22 2 1
193 CTC 10 4 3 0 1 0 4 8 16 1 0 0 0 28 48 2 10 1 20 0 10 19 8 1 23 55 5 5 38 499391 35 103 1 0 1 20 0 6 2 0 1 1 3 2 18 14 2 1 0 1 0 2 5 0 0 0 0 1 0 2 44 4 11 9
194 CCG 0 1 1 1 6 21 19 5 37 15 9 4 0 0 1 2 2 5 6 4 75 72 499440 41 38 6 15 26 2 45 3 10 3 10 4 2 6 4 5 4 0 0 7 1 3 0 1 0 0 2 0 2 1 4 4 8 0 0 3 4 3 1 4 2
195 AAC 15 499542 37 47 9 11 11 3 3 36 9 0 0 42 0 2 1 2 6 0 1 3 5 5 11 6 4 7 5 2 1 5 1 5 0 13 7 1 0 3 1 4 0 2 1 14 2 5 0 29 0 12 15 22 1 7 0 1 0 3 8 8 1 3
196 ATA 33 0 1 2 82 9 1 15 39 23 2 30 499340 19 3 12 13 2 18 0 16 1 3 2 22 2 3 19 17 10 7 12 4 0 0 4 0 2 6 1 0 1 0 7 49 0 1 4 0 0 0 3 29 39 17 13 0 1 9 2 33 7 5 5
197 ATG 3 3 13 3 6 0 23 2 4 1 3 1 13 2 499363 208 79 1 32 5 1 8 5 2 7 6 9 11 4 23 58 3 4 10 2 4 0 8 0 4 0 1 0 3 2 0 17 4 0 0 0 0 0 1 2 5 0 3 0 4 6 1 12 5
198 GTG 3 0 7 0 2 3 2 4 2 3 1 1 2 3 5 1 14 0 8 0 5 0 5 0 1 0 0 7 9 21 91 3 7 4 7 0 7 13 8 2 5 4 8 6 53 12 499597 5 0 0 0 6 2 1 2 0 0 15 0 8 3 5 17 0
199 GAA 25 2 38 1 4 1 9 3 8 20 17 33 2 0 15 1 45 11 9 111 8 5 3 0 6 10 11 14 1 2 4 4 499006 97 48 88 24 28 27 4 52 16 7 1 4 9 2 20 2 12 0 1 11 4 2 22 0 21 2 38 17 0 6 6
200 AAC 15 499506 7 61 5 38 9 21 2 54 1 7 4 3 3 0 2 6 7 16 5 5 0 0 0 3 0 0 9 3 12 7 4 11 0 6 3 2 1 3 8 0 5 1 8 18 3 0 0 13 0 1 16 48 7 5 0 2 1 1 6 2 13 1
201 GGC 4 0 0 4 4 5 4 10 9 4 4 1 1 3 0 5 2 0 1 0 1 1 0 0 0 40 5 22 4 1 2 6 4 32 1 6 0 9 0 0 124 499505 12 27 3 23 5 9 0 12 0 4 20 11 21 1 0 3 1 8 0 5 7 4
202 CGT 31 8 7 2 9 0 14 3 39 1 5 66 13 8 2 29 4 2 4 6 5 0 4 21 72 33 128 499202 5 46 18 56 1 2 2 5 2 4 3 0 4 10 2 4 0 6 1 17 0 0 0 0 10 45 9 2 0 0 0 10 2 7 6 3
203 TTT 3 0 0 5 4 0 1 1 1 0 1 5 0 2 2 19 2 4 4 3 2 0 4 7 2 0 4 4 0 5 16 2 8 0 26 0 1 1 0 0 0 1 2 0 6 5 0 39 0 2 0 6 4 3 13 8 0 1 4 50 12 73 20 499612
204 AGC 6 21 0 9 18 72 6 3 17 499313 57 16 5 39 11 27 2 14 2 9 5 0 1 11 32 3 0 40 3 12 1 0 2 1 26 7 4 5 9 4 2 9 0 10 9 1 2 3 0 16 0 1 9 83 1 14 0 13 4 4 1 3 2 0
205 GGA 1 0 6 2 0 1 2 1 30 24 0 3 1 3 1 1 9 0 10 1 0 1 2 3 20 0 0 3 3 0 4 5 6 7 0 4 3 2 4 0 499669 19 18 8 28 12 14 6 0 0 0 3 6 1 0 2 24 5 1 15 1 0 0 5
206 TTC 0 0 2 5 0 9 6 0 4 14 7 2 0 1 2 1 1 4 0 3 0 2 1 6 9 13 8 7 1 55 3 12 1 2 0 2 1 1 1 0 0 2 3 1 2 9 11 21 0 15 0 0 68 0 3 2 0 29 0 16 1 499607 5 19
207 ATT 4 2 0 6 16 5 18 45 7 1 1 4 74 2 32 499594 15 2 4 4 1 3 2 1 0 4 0 2 3 3 2 4 2 1 2 3 1 5 8 3 4 8 0 7 12 16 4 12 0 2 0 0 1 0 1 10 0 3 0 3 5 16 6 4
208 GAT 0 12 2 48 9 1 18 6 0 4 0 6 8 2 0 14 7 3 0 24 5 0 0 3 0 4 1 1 1 0 4 0 20 19 12 499604 4 10 4 10 1 9 5 12 0 10 1 47 0 1 0 15 2 8 5 3 0 2 0 4 1 3 2 3
209 TGC 0 9 4 13 30 14 8 31 40 14 69 9 1 0 0 0 3 0 15 6 0 6 5 0 10 27 27 42 4 16 19 13 3 4 2 1 10 11 19 51 9 21 16 34 9 1 15 25 0 118 0 3 8 25 5 15 32 498954 11 14 24 61 52 12
210 GGA 0 1 0 0 27 4 3 8 24 5 3 11 2 2 0 6 5 0 9 1 1 2 0 0 31 0 7 4 10 5 3 2 4 7 0 0 3 0 10 0 499528 24 33 124 6 23 3 6 0 0 0 6 11 10 1 0 0 2 0 12 7 2 0 2
211 CGG 2 2 2 0 5 0 0 0 35 2 25 23 14 1 0 10 0 9 12 3 22 3 13 4 45 33 499417 38 25 18 22 25 2 0 5 5 2 3 1 1 7 2 17 14 3 0 3 0 0 1 0 4 27 5 8 24 0 17 22 6 3 0 5 3
212 TTG 3 0 0 2 3 14 6 3 7 0 9 0 0 1 19 0 9 3 3 0 6 7 1 4 7 23 8 1 40 17 30 52 5 0 3 1 0 0 6 2 3 1 3 3 3 2 4 6 0 1 0 1 1 2 2 7 0 9 27 0 79 51 499499 1
213 GGT 4 2 1 2 0 4 0 2 7 2 7 3 1 0 4 2 0 1 2 1 0 3 9 5 2 29 15 56 1 5 5 5 3 13 0 1 19 3 25 14 36 106 42 499403 17 9 26 4 0 18 0 1 3 0 6 3 0 11 2 46 1 5 0 3
214 GTC 2 13 12 3 1 0 1 2 0 3 0 1 1 4 8 9 0 5 5 1 9 0 8 2 0 1 3 4 10 15 11 10 5 1 7 0 3 13 1 0 20 7 74 63 38 499445 32 66 0 3 0 5 1 7 3 7 0 0 2 0 10 40 2 1
215 GCT 5 0 2 0 0 22 11 50 3 61 2 24 1 3 6 5 3 1 6 0 2 1 8 36 7 3 1 2 9 0 0 1 32 2 0 12 15 50 46 499394 1 11 2 37 4 21 2 38 0 7 0 0 6 8 18 5 0 3 1 0 6 2 0 2
216 GAT 1 0 5 14 7 4 0 14 0 12 2 4 0 0 2 3 3 3 2 9 1 3 0 6 0 0 3 0 0 6 5 3 32 31 19 499504 5 47 9 27 17 1 6 40 16 2 27 11 0 39 0 2 1 4 4 5 0 19 0 7 0 3 6 4
217 CGA 5 4 4 0 6 16 6 0 144 9 44 5 0 12 0 3 30 4 3 5 3 3 0 2 499244 186 25 60 13 2 1 13 0 1 1 1 4 7 2 12 17 1 10 3 13 9 2 6 0 1 0 5 0 9 4 4 0 2 5 1 4 1 15 8
218 TAT 4 0 2 15 1 2 6 6 0 25 0 8 5 3 1 4 3 8 0 19 1 11 0 5 2 1 2 0 2 1 0 5 1 15 2 39 1 0 1 0 0 0 5 4 10 4 1 1 57 3 0 499603 17 20 5 21 0 11 2 13 2 6 7 7
219 CAA 10 1 6 1 4 17 11 1 2 0 15 1 0 6 0 10 499430 41 99 68 13 48 1 2 59 14 8 1 5 3 0 4 18 5 2 0 3 6 0 2 5 7 13 3 1 4 4 8 11 9 0 1 1 1 0 1 0 4 3 0 2 0 4 1
220 GAT 10 4 1 66 0 11 8 3 0 4 9 0 1 0 2 6 1 3 4 7 3 4 1 9 8 3 2 7 3 0 0 0 1 64 13 499508 22 7 2 32 1 23 25 11 0 4 5 4 0 18 0 45 3 0 0 0 0 3 1 11 2 8 5 2
221 ATA 13 3 11 1 40 17 42 5 2 12 4 0 498246 61 35 5 14 1 4 1 2 8 10 3 0 0 0 9 335 228 226 182 1 1 2 3 4 1 1 2 2 3 22 3 10 0 3 10 0 0 0 6 13 6 0 1 0 11 7 1 209 6 152 0
222 GCA 1 3 0 0 12 11 4 2 1 3 0 1 8 0 0 1 0 4 7 2 13 0 4 0 16 2 8 0 9 1 2 1 18 7 0 4 499603 50 48 10 6 2 14 2 12 9 4 25 0 2 0 6 9 1 11 14 0 3 1 6 10 2 2 3
223 TTG 1 0 0 0 1 7 1 8 4 0 8 4 2 0 13 2 1 0 3 2 9 8 5 15 8 4 1 4 33 11 26 9 0 1 4 2 3 1 3 13 6 0 0 0 0 3 16 1 0 0 42 0 2 0 17 1 0 1 17 4 81 2 499588 2
224 GCA 4 2 6 0 34 0 4 6 1 5 1 20 0 1 7 3 2 9 0 3 12 7 3 4 4 1 15 3 5 0 1 1 34 4 7 1 499443 81 60 41 3 11 0 11 11 1 3 1 0 9 0 10 35 9 6 22 0 11 4 4 1 0 12 1
225 ACT 2 55 0 10 29 4 18 499397 1 7 4 1 32 72 2 14 1 0 0 3 1 3 1 33 0 2 3 4 2 2 5 5 0 1 2 5 7 4 9 11 7 10 2 2 23 8 9 24 0 1 0 4 14 6 12 23 0 2 7 89 1 2 0 2
226 CGC 0 0 2 5 4 10 1 19 7 34 46 11 8 1 0 1 0 11 0 12 15 2 15 14 64 499350 70 15 2 11 15 40 1 2 0 0 0 3 3 4 1 56 16 12 0 0 4 1 0 2 0 1 21 22 17 17 0 16 3 0 8 2 3 0
227 GAT 4 4 0 3 5 5 3 4 0 30 5 5 5 6 2 2 5 6 2 5 2 3 0 0 8 8 0 2 0 9 4 3 8 84 52 499174 7 0 17 10 7 1 6 9 10 0 20 8 0 32 0 16 76 107 101 20 0 39 2 50 3 0 0 1
228 ATC 1 5 11 5 25 18 35 36 2 7 22 5 26 499475 49 38 2 5 4 0 2 1 2 2 15 3 11 0 9 3 7 2 24 1 1 4 7 3 3 2 5 3 3 3 27 20 6 10 0 0 0 4 7 7 1 5 0 3 2 9 2 2 7 1
229 GCC 1 0 3 0 4 13 3 11 2 12 20 15 2 0 0 0 17 3 1 0 14 15 12 0 4 3 1 17 3 1 0 0 27 7 51 1 9 499495 44 36 7 6 5 1 3 56 13 4 0 1 0 1 21 8 8 4 0 2 6 0 2 1 1 3
230 GAA 17 3 2 2 6 24 78 14 0 99 2 182 7 1 5 2 39 74 0 317 13 1 11 0 4 14 6 5 3 1 6 4 498125 6 142 1 45 36 6 6 8 48 51 10 13 1 1 13 31 14 0 19 165 14 46 235 0 8 2 4 1 5 0 2
231 GAG 4 2 13 12 5 1 9 0 27 2 46 3 15 4 16 5 9 130 17 193 0 2 0 2 9 62 130 15 1 2 0 1 41 3 495921 14 8 8 45 42 0 4 8 12 9 16 7 20 0 2118 0 851 1 10 2 3 0 1 61 0 0 58 0 0
232 CTT 0 1 9 13 1 7 1 0 2 0 4 1 1 0 20 11 6 1 4 10 35 4 15 71 8 9 4 11 15 11 81 499484 1 11 1 1 1 5 0 0 1 0 2 3 6 4 21 34 0 1 0 6 9 5 1 0 0 7 1 1 14 0 3 21
233 GGT 1 2 0 0 10 2 0 1 15 3 6 1 1 1 0 4 1 3 1 1 0 3 6 2 20 4 0 8 4 8 1 1 4 2 1 11 0 0 0 48 42 18 8 499593 21 0 16 34 0 9 0 9 12 7 12 1 0 26 1 2 10 0 2 1
234 GGT 617 43 697 151 85 75 108 0 29 24 45 84 16 14 18 13 100 149 54 13 553 153 35 70 16 100 85 8 60 18 1 18 88 177 76 8 425 6 19 29 88 101 22 494915 2 102 15 83 0 11 0 9 11 11 88 9 0 22 165 50 7 2 5 2
235 GAA 29 1 2 1 3 0 3 0 2 7 0 4 0 1 7 0 32 3 3 5 10 4 2 0 7 4 4 2 2 2 1 8 499592 27 37 9 44 5 2 1 46 4 8 2 2 0 2 10 24 7 0 10 5 1 2 5 0 0 1 4 0 0 0 1
236 TGG 3 0 0 1 0 1 3 3 9 6 39 0 0 1 6 3 4 2 2 0 0 0 0 3 4 1 3 4 26 79 7 12 0 1 3 0 5 2 3 4 3 21 101 25 2 2 1 5 0 3 2 0 13 9 15 13 32 16 499345 10 7 2 133 0
237 GCA 1 1 0 4 4 23 0 0 0 1 0 3 2 3 0 4 5 3 1 0 0 3 0 1 3 2 2 1 4 1 4 1 29 1 2 3 499405 101 93 15 20 0 1 1 125 3 13 1 0 0 0 8 18 23 43 2 0 1 0 0 0 5 6 4
238 GAC 41 11 159 12 11 7 19 6 31 12 284 32 62 81 110 111 918 162 70 48 12 12 5 2 187 25 3 26 19 109 24 47 326 495613 732 28 53 76 7 9 0 12 4 0 37 31 17 30 0 36 0 34 31 80 22 11 0 13 12 3 40 21 28 36
239 AGA 33 3 0 8 24 9 18 13 499375 10 73 18 16 0 0 7 3 3 1 9 10 17 0 0 21 44 15 25 16 9 7 0 3 1 5 0 4 5 2 12 20 4 15 11 6 0 8 1 0 4 0 0 9 7 7 16 23 6 0 5 11 0 25 3
240 TTT 3 0 17 0 14 0 9 0 3 0 37 6 3 17 3 13 12 1 8 2 2 4 3 2 0 1 4 0 9 3 0 4 9 1 1 14 3 12 7 1 0 1 3 1 18 26 34 3 0 2 0 178 0 5 1 13 0 12 1 40 13 49 14 499358
241 TTA 3 1 5 0 1 1 0 0 5 3 9 10 2 1 15 0 1 0 3 1 1 16 4 6 0 17 0 3 50 54 3 10 6 12 0 8 2 0 3 0 0 0 4 2 8 1 0 0 2 0 0 1 12 1 5 2 1 2 2 1 499639 2 55 4
242 GTT 20 13 119 62 218 167 197 177 241 112 61 0 1 0 314 42 165 36 106 10 9 10 0 7 26 48 133 138 9 6 26 9 96 6 144 111 127 134 153 50 0 9 0 1 24 19 17 496121 0 44 0 27 127 14 41 10 0 29 84 15 17 29 37 32
243 CTG 9 3 6 3 1 0 1 0 7 13 90 18 0 0 4 1 4 5 13 5 25 29 4 0 21 51 10 34 4 57 499241 31 80 3 28 15 17 0 0 5 0 2 0 4 11 1 10 5 0 4 0 4 6 6 2 8 0 2 2 8 26 0 60 1
244 TAT 7 3 2 1 2 2 4 0 11 4 1 4 7 0 2 1 0 5 6 20 0 5 1 3 2 0 1 6 8 15 0 4 4 2 1 0 1 3 5 3 1 14 3 2 5 2 0 7 2 40 0 499638 2 1 6 68 0 6 1 23 3 1 1 28
245 GGT 4 2 4 1 9 5 0 1 9 1 40 55 1 2 0 1 0 5 1 0 1 1 4 4 61 43 0 102 6 14 1 14 0 3 2 8 9 1 3 4 73 2 22 499086 22 30 34 36 0 2 0 2 11 20 6 23 0 30 1 123 11 3 33 8
246 ATC 11 6 4 0 3 14 6 8 3 16 26 20 33 499393 12 11 8 3 8 11 2 12 1 2 10 10 8 1 10 33 18 16 1 3 6 15 0 0 4 2 4 1 2 0 6 10 5 9 0 7 0 5 22 18 10 41 0 20 6 2 24 36 19 3
247 GCG 26 54 18 9 22 14 17 7 7 13 4 22 4 5 2 0 3 10 16 5 2 2 43 7 49 34 22 36 25 1 26 11 10 12 18 15 49 23 498984 25 31 10 14 8 6 14 19 7 0 1 0 13 30 35 31 49 0 28 1 0 1 9 29 12
248 GCA 3 3 30 2 37 2 8 49 2 6 5 16 4 13 23 11 45 34 22 24 55 10 19 7 2 5 6 5 209 80 9 8 5 37 38 11 498728 30 51 4 31 8 22 13 2 8 6 9 0 18 0 5 12 25 4 39 0 2 7 0 47 11 30 43
249 CCA 1 0 17 24 3 5 1 30 13 2 1 4 0 0 1 3 13 10 7 5 499354 6 67 53 87 16 12 20 1 7 25 5 2 0 0 7 28 10 13 22 14 4 5 5 8 2 12 10 0 2 0 2 21 0 7 15 0 6 4 0 3 0 4 1
250 GAC 2 11 0 2 1 9 4 9 0 11 1 7 0 3 3 1 10 14 32 0 4 1 8 4 2 0 0 1 1 3 0 4 1 499548 4 21 2 7 7 3 4 79 4 16 9 4 2 11 0 76 0 11 6 6 2 1 0 11 2 1 0 9 2 3
251 TCT 20 14 10 7 29 12 1 29 22 29 24 21 27 25 24 126 2 2 7 226 3 4 14 17 90 67 28 61 6 51 11 25 19 6 4 44 5 42 7 24 5 7 0 6 0 9 5 10 0 35 0 211 236 119 31 497620 0 10 200 6 58 164 12 71
252 CAG 17 16 2 7 16 15 5 1 4 0 13 0 2 0 4 1 18 24 499109 63 0 27 79 9 12 1 14 3 1 13 47 5 8 45 70 187 8 1 1 3 5 13 5 1 8 1 1 0 0 5 13 1 11 26 18 16 0 0 3 8 5 5 3 1
253 CGT 14 2 111 4 3 8 0 0 33 5 12 76 3 4 18 5 0 3 8 5 0 1 0 3 34 16 64 499073 30 10 28 134 8 5 5 6 6 1 2 5 0 0 1 23 7 11 14 5 0 1 0 3 0 1 10 19 0 28 1 65 43 5 17 1
254 ATC 0 4 0 4 12 59 7 0 2 3 14 1 22 499505 5 54 3 0 6 0 2 2 0 3 0 5 10 0 6 52 18 13 9 3 3 19 7 2 0 0 3 0 1 2 2 15 1 2 0 0 0 0 10 4 0 3 0 2 0 5 11 62 10 12
255 GCC 0 1 3 1 26 13 1 2 10 31 7 25 9 0 0 0 3 0 1 2 0 0 5 4 12 11 11 0 1 8 0 0 15 6 18 7 32 499402 38 30 21 48 14 22 12 12 2 9 0 20 0 5 15 18 38 7 0 1 3 1 1 13 2 1
256 TTT 9 3 3 3 8 7 4 6 7 1 0 3 0 5 2 13 0 1 44 2 15 0 3 0 1 7 5 9 0 3 25 11 8 8 2 1 0 12 2 11 1 0 6 2 2 7 0 6 0 66 0 263 19 41 8 40 0 0 1055 3 8 20 39 498170
257 TAT 1 4 0 3 2 0 4 11 4 4 0 2 1 0 6 1 9 10 2 7 0 0 0 0 1 3 1 5 1 0 0 1 2 0 4 1 8 4 1 2 2 1 1 6 3 8 1 0 6 27 2 499766 1 4 0 7 0 10 2 8 3 1 1 35
258 AGA 16 11 6 0 22 3 2 3 499254 36 25 68 36 0 0 5 6 13 3 4 2 14 0 1 39 87 27 56 18 9 2 1 1 0 1 7 9 2 5 0 26 8 25 20 4 5 0 4 0 1 0 2 0 14 1 33 13 4 5 15 1 2 21 2
259 TTA 2 1 2 0 0 3 1 2 2 0 6 4 0 8 12 2 1 2 1 0 1 13 1 5 3 2 1 1 32 21 10 15 1 1 0 0 3 4 0 0 6 0 1 1 18 11 7 5 68 3 0 3 18 1 5 1 5 3 0 8 499587 21 65 0
260 CTA 0 4 5 1 2 2 1 0 0 1 3 1 6 3 22 1 4 0 1 6 8 12 6 3 17 1 13 2 499540 89 3 28 8 0 0 0 3 0 5 1 5 1 0 0 9 13 0 3 0 1 0 1 1 2 1 7 0 0 0 0 115 3 35 1
261 GAC 7 50 6 0 5 7 5 2 5 9 7 1 1 0 3 4 6 4 2 5 0 3 0 0 11 0 0 3 0 1 4 3 9 499688 3 36 6 5 1 0 8 9 7 11 5 4 2 6 0 14 0 4 1 3 3 9 0 6 0 0 0 2 3 1
262 GAG 11 4 4 0 1 4 1 1 15 1 0 7 0 2 4 2 17 5 3 3 0 3 1 1 0 0 3 1 7 0 0 3 25 18 499627 15 4 9 59 5 13 7 59 5 5 0 10 5 0 0 3 10 5 2 0 2 0 1 3 2 0 0 0 2
263 TTC 6 5 1 4 3 0 2 0 3 5 6 5 0 2 2 1 6 0 0 6 2 1 2 6 3 4 6 1 26 29 7 0 0 7 0 2 6 4 1 6 4 3 0 2 2 34 7 5 0 14 0 1 8 2 0 7 0 3 1 4 6 499553 114 60
264 TTC 0 4 0 1 2 2 2 1 3 14 6 1 5 103 3 5 2 1 0 2 1 3 0 0 1 0 5 1 7 4 25 17 1 0 6 3 0 1 0 2 5 2 0 0 13 7 7 1 0 29 0 3 2 2 1 7 0 8 0 4 31 499540 53 51
