# POSITION WT AAA AAC AAG AAT ACA ACC ACG ACT AGA AGC AGG AGT ATA ATC ATG ATT CAA CAC CAG CAT CCA CCC CCG CCT CGA CGC CGG CGT CTA CTC CTG CTT GAA GAC GAG GAT GCA GCC GCG GCT GGA GGC GGG GGT GTA GTC GTG GTT TAA TAC TAG TAT TCA TCC TCG TCT TGA TGC TGG TGT TTA TTC TTG TTT
1 ATG 21 3 3 0 23 1 19 0 8 0 0 0 1 8 99673 1 4 6 1 1 1 7 3 3 1 3 2 8 1 3 0 12 8 11 10 1 8 11 24 1 10 10 6 0 4 6 1 1 7 2 3 14 2 5 1 4 1 15 0 4 7 2 0 4
2 ATT 0 3 2 8 9 5 5 9 0 9 0 4 0 10 6 99588 9 9 32 0 6 31 2 4 1 8 0 6 0 7 2 5 0 19 12 10 0 19 2 3 10 0 23 6 5 13 6 19 3 7 1 2 0 3 2 8 3 7 27 3 1 1 4 1
3 GAG 2 2 4 0 9 1 5 15 2 11 8 2 5 2 0 8 13 7 9 4 1 3 3 0 1 0 3 5 26 5 0 2 9 4 99657 4 5 5 1 1 6 7 4 11 3 0 1 8 12 1 5 3 17 0 3 16 3 6 15 2 20 5 4 4
4 CAA 2 1 8 12 2 2 5 30 1 5 0 12 1 4 0 2 99688 0 4 9 0 5 0 4 1 25 3 13 0 19 3 6 1 0 4 4 7 6 1 0 0 5 5 11 2 1 0 1 10 8 10 16 7 6 1 0 4 7 8 3 0 2 1 2
5 GAC 7 11 25 25 8 3 2 1 0 11 34 1 18 0 7 11 9 1 6 0 9 4 26 7 5 3 0 3 4 7 0 2 1 99571 6 21 5 2 4 0 4 5 25 4 14 9 16 16 3 2 3 2 0 0 2 2 6 2 8 6 3 1 0 7
6 GGC 6 20 16 2 0 3 1 2 3 3 6 0 3 7 4 0 2 4 3 11 14 5 1 1 14 17 1 0 1 3 7 2 28 3 2 1 0 1 1 8 4 99689 8 5 6 9 7 14 4 4 5 1 10 8 0 0 1 0 2 0 5 1 6 5
7 CTT 3 0 4 8 2 2 7 2 5 0 6 16 7 3 8 7 2 24 2 1 0 2 6 4 5 1 23 0 0 2 16 99686 3 3 4 4 4 4 8 0 3 2 2 4 6 8 15 0 0 4 1 2 2 6 7 15 9 0 4 3 5 7 2 9
8 CAT 2 12 15 8 6 4 6 1 1 8 9 2 1 21 16 6 1 13 4 99664 6 7 3 8 1 2 7 0 5 4 6 1 5 0 8 21 0 0 8 0 5 14 6 4 1 4 0 5 5 1 1 0 4 1 3 2 1 1 8 16 4 3 15 4
9 GCA 5 14 0 15 10 3 10 0 0 2 0 4 6 16 6 6 1 10 6 3 22 1 2 7 1 8 3 2 0 6 1 1 3 18 15 1 99700 2 3 2 5 1 7 10 5 11 0 1 8 0 1 12 1 2 3 4 6 0 0 0 3 3 0 2
10 GGA 6 3 7 7 13 0 0 11 2 1 1 0 1 4 13 0 6 0 1 4 9 1 4 3 0 3 0 1 13 4 7 10 0 4 0 2 7 18 2 0 99678 2 5 0 4 0 10 13 0 0 8 6 3 17 31 6 1 11 11 7 7 2 2 8
11 TCT 2 10 3 8 2 2 1 4 2 0 1 12 1 8 31 9 3 15 9 9 6 5 3 10 11 1 9 3 22 1 20 3 3 9 6 10 3 1 5 3 1 12 1 5 4 11 0 5 2 7 2 4 2 2 8 99611 16 3 14 7 8 2 5 2
12 CCC 13 17 6 11 6 3 1 17 8 1 2 4 17 2 6 1 0 5 2 7 14 99584 3 1 4 8 2 2 2 14 4 2 4 24 24 11 8 9 6 3 2 5 3 4 0 10 13 6 11 7 9 5 5 0 4 6 16 3 12 11 2 6 1 1
13 GCT 3 3 4 4 4 13 1 9 5 13 5 6 2 2 6 11 25 7 3 3 3 16 6 3 3 11 0 1 0 0 0 2 0 23 13 6 17 0 6 99645 12 2 3 5 4 3 4 19 11 5 2 1 5 4 2 2 14 9 5 1 1 1 0 1
14 GCA 12 3 6 7 5 13 5 10 2 0 6 7 1 1 10 11 22 1 0 3 0 11 4 6 10 1 7 7 19 9 5 3 2 3 8 25 99578 19 5 5 2 20 1 3 1 2 7 4 12 5 9 6 4 0 3 5 19 4 4 8 16 9 3 1
15 TGG 4 5 16 5 2 9 16 2 10 8 5 3 3 7 0 6 4 8 8 3 6 3 0 0 5 4 11 29 6 6 2 1 11 0 3 0 2 3 2 9 0 3 0 7 3 5 28 0 0 1 0 0 42 1 11 7 4 0 99617 12 1 4 23 4
16 GTG 6 5 1 6 4 16 9 15 11 0 2 2 13 13 6 6 14 26 15 4 7 8 9 0 12 0 0 11 3 5 3 8 0 4 12 8 3 10 5 5 2 6 15 0 8 4 99598 2 0 3 4 4 1 6 10 1 0 3 1 8 0 23 12 2
17 GAA 1 4 5 3 4 26 2 1 0 9 3 0 1 22 5 4 9 11 21 3 0 0 3 1 5 10 4 4 1 4 6 13 99627 2 6 1 2 11 14 7 13 4 9 1 1 12 3 8 24 1 2 6 31 2 1 0 5 1 8 1 2 0 4 6
18 CGT 1 5 7 1 0 13 0 1 1 7 13 5 4 2 3 2 13 0 17 4 3 9 3 8 8 7 6 99618 5 5 6 18 5 3 4 5 7 8 1 8 9 7 18 8 3 8 6 19 2 5 4 0 2 4 4 2 6 17 8 8 5 16 0 3
19 TTG 7 0 12 6 3 6 3 5 3 0 8 0 0 1 7 2 30 3 5 10 8 9 0 0 5 2 8 4 13 2 4 5 3 1 15 0 1 31 5 9 14 0 11 4 0 0 1 2 10 4 13 10 2 5 3 2 4 3 0 1 10 3 99657 5
20 TTC 0 4 1 2 4 1 5 19 13 1 16 3 11 10 16 0 3 4 4 10 0 1 20 0 3 9 1 10 5 1 18 6 2 6 10 4 2 7 15 7 3 3 4 11 8 9 4 2 9 10 0 6 2 2 7 13 5 4 1 2 5 99629 2 5
21 GGA 7 3 0 17 0 1 13 1 10 4 3 6 1 10 7 6 7 8 0 1 4 7 0 7 2 5 4 2 2 5 5 1 4 3 7 4 10 3 4 1 99640 2 16 3 0 10 19 0 10 14 9 0 0 5 26 10 1 5 5 0 15 10 3 12
22 TAT 8 3 5 17 0 8 2 1 1 0 3 4 11 10 1 4 9 7 5 7 17 7 6 2 8 4 3 10 2 9 0 5 14 8 14 11 3 8 11 22 1 1 0 17 2 3 4 1 1 1 1 99629 1 8 6 2 12 2 3 0 6 13 13 3
23 GAT 10 3 0 14 0 8 4 10 8 8 2 21 4 7 18 5 3 7 10 11 1 3 1 6 5 10 6 1 12 0 3 1 6 1 4 99634 7 1 1 6 6 13 2 12 7 1 0 10 0 3 1 3 11 1 19 4 10 6 7 0 3 2 16 1
24 TGG 0 11 0 12 17 3 18 9 6 6 1 5 7 11 6 1 4 9 1 12 2 9 1 2 31 2 7 21 2 5 6 8 8 0 0 12 6 1 1 13 7 3 1 3 2 20 0 4 2 0 2 5 11 6 7 0 0 4 99564 34 18 2 20 9
25 GCA 1 3 7 3 2 16 1 4 3 17 0 0 3 0 1 4 4 3 2 0 4 6 5 1 21 2 7 2 3 3 0 8 0 8 9 4 99740 2 3 0 2 5 3 7 6 1 10 9 12 6 4 1 7 0 2 1 7 1 1 6 3 4 0 0
26 CAA 0 10 0 8 7 4 8 1 2 0 10 6 3 18 1 5 99585 4 8 9 1 3 17 2 41 23 0 5 7 1 1 8 12 9 0 2 5 0 10 8 1 11 3 0 10 24 0 5 0 4 8 6 6 0 15 22 3 3 1 2 11 8 3 10
27 CAA 3 0 12 1 3 2 2 0 4 8 2 0 0 4 7 20 99619 0 2 0 0 8 6 13 6 3 2 4 16 7 1 11 5 10 0 22 12 6 17 23 7 9 3 1 4 3 5 0 4 1 15 14 2 8 3 3 6 8 13 7 8 2 5 8
28 ACA 4 13 0 9 99616 15 5 0 0 2 5 8 8 13 0 6 2 14 4 0 2 4 3 7 9 0 3 2 0 13 3 1 13 5 8 12 3 13 7 9 5 7 1 0 1 6 0 3 3 33 0 0 7 10 20 10 12 4 4 11 2 8 7 5
29 ATC 2 8 6 10 25 1 2 1 2 1 2 3 4 99635 10 3 9 1 8 1 6 17 6 6 1 3 4 5 3 9 12 2 5 1 9 1 4 0 4 1 3 10 1 6 13 3 1 4 6 14 10 27 2 0 0 26 2 6 8 3 10 6 2 4
30 GGC 7 1 7 0 25 2 9 4 12 10 9 20 0 8 0 13 2 17 3 20 25 14 5 0 20 11 2 2 16 7 0 8 6 1 15 16 1 3 1 2 4 99541 4 9 12 6 6 6 12 3 5 8 7 2 5 1 18 0 5 4 3 2 0 13
31 TGC 9 10 0 10 2 7 5 10 2 11 15 1 7 14 2 8 3 7 6 16 7 0 1 2 8 7 0 15 11 5 7 3 24 2 1 5 1 3 2 19 7 0 12 14 5 5 3 11 5 3 2 0 3 1 1 0 5 99623 13 0 5 6 3 5
32 AGT 18 17 0 5 10 10 4 15 10 4 2 99605 7 0 9 22 6 2 8 0 1 28 3 6 2 6 7 1 0 11 14 14 12 2 2 1 2 1 14 3 1 6 2 0 11 6 2 4 1 4 1 8 2 18 0 11 7 1 8 4 5 1 6 7
33 GAC 3 12 37 10 12 13 18 11 9 6 14 28 36 15 0 12 12 2 3 10 1 15 6 3 14 14 5 0 11 10 7 1 3 99483 13 5 3 1 8 0 10 10 0 0 1 3 5 9 0 3 1 3 11 13 5 7 1 8 1 11 13 5 5 9
34 GCC 5 6 10 0 7 3 4 2 1 9 3 7 8 9 10 12 10 6 2 10 7 4 2 11 18 0 1 3 10 5 1 13 13 4 1 12 0 99655 2 2 3 5 4 4 7 1 4 1 10 1 5 3 1 7 10 0 0 4 3 4 2 8 15 10
35 GCC 0 13 1 2 14 3 8 6 1 12 3 0 2 5 15 22 0 30 1 1 17 4 0 2 3 5 0 8 1 10 9 6 9 4 6 2 5 99580 10 20 13 2 5 0 13 1 11 19 14 0 16 1 12 2 17 1 13 2 5 2 0 6 2 3
36 GTA 26 9 3 4 10 9 4 7 5 11 25 5 7 7 7 8 3 2 4 20 21 0 2 1 2 2 1 10 2 23 6 0 0 2 0 0 4 1 6 7 0 1 19 6 99621 10 3 1 13 0 0 3 6 7 3 1 0 1 11 8 5 3 5 7
37 TTT 35 3 4 26 4 1 0 7 3 5 5 4 6 1 5 9 6 3 1 3 1 0 29 8 12 10 6 3 2 5 3 3 2 6 9 4 4 7 1 4 6 1 1 2 2 1 2 21 0 9 4 4 6 10 13 2 1 7 12 4 1 4 8 99629
38 CGC 7 18 4 4 3 20 0 0 1 12 6 0 6 3 5 0 6 6 2 7 7 11 0 4 11 99619 4 1 10 5 17 20 7 0 11 7 0 0 5 4 4 8 6 8 1 0 22 4 6 3 2 1 4 11 0 7 1 11 26 3 3 0 1 15
39 CTT 17 2 8 1 1 1 1 2 1 7 9 3 8 14 0 9 7 16 2 0 7 0 4 9 0 0 22 7 2 0 1 99696 0 6 0 1 4 3 6 2 4 11 6 1 6 3 0 1 5 10 0 4 1 1 5 13 3 10 2 0 3 21 4 7
40 AGT 2 10 3 9 0 1 4 3 0 6 1 99642 8 6 5 2 1 4 2 12 3 6 8 3 5 2 3 9 30 1 4 4 7 0 3 4 1 9 5 17 2 25 10 11 4 7 0 22 0 8 0 2 1 3 4 5 1 2 18 5 6 9 2 8
41 GCT 1 8 2 4 8 0 0 1 0 2 1 2 18 3 4 5 6 5 14 8 2 3 14 2 1 3 6 6 12 8 0 7 25 1 1 1 11 4 2 99685 2 0 0 4 5 20 0 12 10 4 2 3 5 7 2 1 0 11 4 2 0 4 1 15
42 CAG 0 6 1 5 4 6 29 1 0 11 2 0 4 5 4 1 7 1 99577 5 10 9 11 3 8 5 23 2 8 3 6 21 2 3 13 9 0 9 1 1 11 9 0 16 6 4 12 1 13 2 1 0 7 23 2 6 9 2 3 0 10 19 22 6
43 GGA 1 22 1 0 1 5 13 1 16 10 6 0 0 4 1 10 0 7 0 19 6 6 3 1 15 3 8 4 0 4 1 1 9 0 0 2 0 0 3 17 99641 3 3 4 16 3 3 6 10 4 1 2 2 7 3 8 13 1 22 0 5 12 23 8
44 AGG 15 0 2 2 4 15 0 14 4 2 99626 2 1 1 0 5 5 0 0 0 13 19 4 5 0 9 13 1 7 0 10 5 1 2 3 17 15 16 2 2 6 7 13 6 5 4 1 2 14 0 17 18 0 6 2 2 5 17 4 0 0 6 4 19
45 CCG 3 12 1 6 5 4 11 2 8 3 8 2 7 0 12 1 5 3 12 6 3 0 99674 10 10 3 11 8 7 3 1 7 3 1 2 0 2 7 17 9 7 7 3 14 0 6 1 3 0 25 3 3 7 1 0 4 7 4 0 2 5 4 4 1
46 GTG 0 12 3 0 2 4 2 6 0 15 8 6 4 2 5 10 5 1 1 1 3 7 1 3 1 7 10 1 1 4 5 1 5 5 0 9 11 18 9 3 6 0 4 2 0 1 99644 5 15 9 6 2 2 9 0 0 21 11 8 7 25 16 7 9
47 TTG 8 1 16 1 8 2 3 8 0 1 1 1 4 5 2 1 6 2 12 12 7 3 7 0 10 2 21 3 1 5 8 15 0 11 1 0 3 0 11 6 5 14 1 6 1 4 0 21 6 3 2 2 6 2 0 3 3 3 5 2 1 2 99694 6
48 TTC 0 3 1 24 10 3 2 12 1 18 11 1 6 28 15 7 5 2 3 8 26 6 0 0 1 2 5 4 5 15 4 5 0 1 6 1 1 4 1 1 7 0 4 10 28 9 1 2 2 6 11 4 16 1 0 3 5 0 12 1 4 99622 2 2
49 GTT 3 0 8 5 10 5 12 2 0 4 2 1 1 3 3 5 2 8 10 1 0 12 0 3 3 1 9 2 16 1 14 6 26 8 0 9 4 8 4 0 4 5 10 1 5 25 15 99572 15 21 4 28 1 0 7 1 5 24 13 0 9 2 17 5
50 AAG 9 7 99622 6 6 5 5 0 3 8 0 6 4 4 4 7 5 12 3 24 4 4 6 1 0 7 3 4 1 0 10 6 3 12 5 2 14 0 6 14 2 18 0 4 12 0 15 1 6 22 3 1 6 1 7 0 7 5 3 12 1 26 1 5
51 ACC 16 7 0 14 6 99569 1 13 14 7 8 0 7 5 4 1 4 1 5 1 8 6 4 9 7 22 5 6 21 7 38 5 0 8 8 4 18 1 15 10 4 11 0 8 8 7 3 1 0 0 5 15 8 4 0 3 9 0 3 0 13 5 1 7
52 GAT 3 5 1 6 0 0 15 16 3 29 2 2 7 6 20 5 8 20 6 2 7 2 4 1 0 15 3 8 0 6 19 2 0 1 3 99626 4 7 14 2 8 5 4 4 3 9 2 0 0 1 14 4 5 0 4 16 8 2 0 26 0 2 1 2
53 TTG 7 4 10 7 2 1 17 2 8 13 3 0 18 6 6 6 1 4 1 0 5 1 14 12 10 0 1 6 2 2 8 0 4 9 2 15 8 9 4 4 8 13 5 12 12 9 2 6 11 5 2 4 1 12 18 8 4 3 13 21 1 11 99583 4
54 TCT 0 1 3 27 1 3 0 1 6 1 7 6 0 5 19 1 3 6 3 0 14 7 0 9 27 10 1 5 4 7 4 5 3 5 3 14 13 1 0 14 0 1 4 5 7 5 16 2 5 2 4 1 20 10 6 99620 7 9 2 9 7 0 9 10
55 GGG 1 5 8 5 4 15 2 23 11 2 5 0 4 8 0 6 10 0 3 8 3 2 4 1 4 16 8 4 0 14 17 0 7 3 13 1 1 12 6 35 6 8 99550 7 20 7 1 13 11 0 3 6 3 0 5 3 28 1 14 4 17 13 1 8
56 GCG 3 3 4 0 10 12 5 18 2 1 2 0 13 0 8 8 0 1 4 31 5 1 2 7 7 4 1 4 1 3 4 1 3 10 1 11 3 1 99685 2 0 8 29 1 1 0 0 0 0 0 2 3 0 3 41 2 0 1 0 0 7 18 2 1
57 CTA 1 17 2 3 4 27 0 4 13 17 5 7 4 3 2 1 7 22 11 13 13 6 0 1 12 6 2 21 99537 5 11 1 5 2 4 8 6 13 1 9 10 6 2 6 7 4 5 2 28 4 4 2 2 2 0 8 1 2 10 2 14 45 5 3
58 AAC 23 99581 1 11 1 25 13 4 3 3 5 0 1 0 9 3 1 3 6 8 17 8 1 8 5 2 14 11 3 0 5 0 4 2 6 4 3 3 12 4 2 4 12 24 1 39 11 2 2 7 5 11 5 10 5 3 5 5 6 0 0 4 19 5
59 GAG 11 7 5 4 11 7 7 0 7 25 9 13 2 3 14 15 0 3 3 2 1 0 25 4 4 7 4 3 3 17 8 1 11 0 99625 34 11 6 3 0 0 0 3 4 2 2 5 0 12 1 1 14 6 1 0 4 1 1 8 2 2 4 2 10
60 CTG 3 1 3 3 2 3 6 4 0 20 6 6 9 9 5 3 14 8 5 3 6 6 13 0 0 9 2 1 1 0 99568 9 0 22 2 12 16 1 10 23 8 31 0 0 4 3 1 14 8 7 6 5 8 5 0 8 33 1 11 22 0 3 1 7
61 CAA 9 7 0 8 2 17 3 1 10 11 14 7 6 1 2 5 99584 15 5 3 0 0 20 4 6 2 7 5 1 0 4 16 12 33 2 6 5 8 1 4 7 5 0 19 12 11 5 0 2 2 0 7 17 0 1 10 2 6 2 5 6 10 8 17
62 GAT 4 6 9 3 49 9 15 3 4 2 0 21 2 2 3 6 3 7 4 1 3 8 2 8 1 3 2 3 0 2 28 0 1 1 16 99646 1 4 2 2 3 0 3 1 15 1 2 8 8 0 2 3 2 3 0 4 0 4 5 20 5 3 19 3
63 GAG 17 8 4 5 7 0 5 2 12 7 4 9 6 4 3 12 2 13 7 6 2 32 4 6 16 13 6 11 1 1 13 1 1 10 99596 13 0 7 3 5 8 0 25 2 5 1 2 3 1 2 1 6 0 14 4 3 14 11 8 0 3 5 5 3
64 GCG 4 0 15 12 2 2 9 1 11 0 10 3 10 5 6 0 1 14 7 1 5 7 0 1 16 8 3 2 0 5 6 3 8 2 4 7 1 0 99686 7 0 20 3 0 4 0 5 4 7 0 10 0 3 25 0 10 1 5 6 1 7 1 4 0
65 GCC 3 9 0 5 8 2 3 3 3 0 1 5 1 0 2 8 3 1 1 0 1 2 13 3 8 2 1 5 8 0 0 4 1 4 17 0 0 99701 8 2 5 2 11 1 7 3 7 2 1 3 4 7 19 1 22 5 0 23 9 4 15 1 3 7
66 CGA 14 3 2 18 2 4 23 1 2 10 1 10 8 9 3 0 6 3 6 13 2 3 5 0 99646 6 2 13 3 2 5 0 2 9 7 1 7 0 2 0 3 0 4 10 3 9 2 0 3 3 23 11 11 2 1 1 18 3 3 6 2 13 16 0
67 CTT 9 11 2 18 1 7 6 0 7 8 4 17 0 15 2 10 2 7 2 14 19 17 4 0 4 0 0 2 1 1 0 99639 0 11 5 6 3 5 10 3 5 5 1 7 5 0 7 15 1 1 2 13 5 15 4 17 7 3 0 7 1 2 1 4
68 TCG 17 1 7 7 10 4 14 1 9 0 18 0 0 12 27 8 17 1 1 6 6 8 5 0 11 34 0 16 11 2 9 12 2 3 3 4 4 3 2 7 0 1 1 15 1 0 5 10 5 28 4 3 19 1 99553 13 4 6 6 5 0 7 4 7
69 TGG 4 7 1 1 5 4 40 1 5 2 4 5 7 6 2 2 4 3 7 11 1 2 5 2 2 4 6 1 8 1 10 3 12 2 1 13 4 9 3 9 5 11 3 16 4 16 9 5 0 5 8 7 1 1 5 0 10 2 99638 1 18 5 11 0
70 CTG 12 2 1 3 2 1 0 1 7 4 16 13 2 5 8 2 0 12 1 7 0 3 19 1 14 2 3 5 0 0 99668 9 5 4 2 1 1 5 13 2 10 0 1 8 11 1 28 1 7 1 0 1 7 3 0 4 6 7 6 9 0 9 8 16
71 GCC 24 11 2 5 0 8 7 1 9 10 10 14 2 4 2 3 0 3 14 0 13 14 4 19 3 7 13 0 1 8 5 4 3 9 3 1 1 99615 8 21 7 24 5 4 14 2 1 2 1 4 1 0 3 21 3 0 1 11 3 2 1 6 1 2
72 ACA 0 1 1 19 99532 0 24 17 7 14 3 5 6 1 7 5 6 38 13 0 7 3 3 1 0 0 3 25 17 2 2 15 16 5 7 21 1 4 14 3 5 2 18 6 3 2 2 4 1 7 30 2 2 8 0 2 8 30 5 0 0 7 1 7
73 ACA 4 7 6 5 99630 0 25 4 3 0 4 0 3 11 2 1 12 2 10 8 8 7 3 1 7 4 4 3 0 1 0 0 16 1 11 11 9 2 3 5 9 15 1 12 5 9 2 0 4 5 2 5 7 20 1 4 5 5 24 2 7 11 7 5
74 GGG 8 7 2 10 12 2 5 10 0 4 0 6 12 7 5 1 6 0 4 3 5 15 2 0 0 7 0 1 9 2 2 0 8 15 6 13 3 2 2 0 3 15 99672 20 3 3 4 1 4 2 28 1 1 7 0 0 0 1 9 2 2 14 12 0
75 GTT 2 4 0 9 20 3 5 4 1 3 9 11 1 2 9 3 3 0 7 2 2 9 1 3 10 3 1 9 2 1 8 3 1 7 10 3 1 4 1 7 2 3 0 6 4 5 1 99728 0 1 2 1 8 5 8 5 12 4 0 10 9 0 1 1
76 CCG 1 2 0 4 21 3 1 7 4 3 4 9 0 3 2 0 4 11 9 10 3 0 99645 8 22 1 1 4 8 4 10 1 7 3 8 7 7 12 2 1 2 3 17 10 6 6 0 13 12 1 1 3 3 1 13 17 2 1 9 9 6 6 4 3
77 TGC 10 4 2 1 4 8 1 6 6 8 16 1 10 2 1 16 0 0 0 5 13 9 5 1 4 0 6 0 2 3 9 15 1 2 16 11 1 1 6 8 6 11 8 0 21 12 27 4 12 3 1 7 8 3 19 9 3 99563 2 15 11 2 38 1
78 GCA 0 15 8 3 1 8 35 0 1 1 0 1 3 8 7 0 6 6 5 7 3 3 14 3 10 3 20 1 3 6 6 2 5 5 0 25 99592 1 7 4 3 1 0 10 15 4 6 1 4 2 7 8 5 14 4 2 5 8 0 6 27 22 15 3
79 GCG 2 2 3 17 2 0 4 0 3 5 2 1 3 2 4 5 13 21 5 3 3 0 12 12 8 2 5 3 8 7 2 10 2 0 7 3 5 1 99669 8 15 10 2 2 7 2 2 23 7 1 2 5 0 3 7 7 1 1 7 1 5 8 16 2
80 GTT 18 12 10 6 12 7 1 8 12 11 4 6 2 2 12 8 4 1 8 18 7 10 7 2 3 5 3 3 2 1 4 7 8 2 2 4 8 4 1 7 10 0 0 3 21 5 2 99583 3 2 17 0 5 8 3 22 16 13 3 8 4 1 16 3
81 TTA 6 8 17 29 3 1 0 23 1 1 0 5 3 4 5 4 4 10 7 7 8 10 2 4 2 9 3 4 8 15 2 4 15 0 4 2 8 8 6 15 9 0 5 7 2 1 2 1 3 13 1 5 13 5 7 5 2 4 8 0 99605 3 23 9
82 GAT 3 1 10 8 9 1 3 7 9 4 12 4 7 5 3 3 1 3 10 2 7 3 1 0 2 9 12 12 6 5 1 3 5 1 0 99646 11 2 15 0 7 0 7 2 3 0 3 3 0 8 21 25 18 0 16 1 8 9 5 7 4 0 5 2
83 GTT 10 3 0 4 7 6 7 4 4 12 10 12 3 10 5 16 9 2 12 2 1 0 1 11 3 5 3 20 4 2 22 1 2 2 0 8 2 1 13 0 7 10 6 3 3 2 7 99613 1 6 3 3 6 5 5 3 1 11 4 3 6 9 12 32
84 GTA 5 11 2 2 6 2 14 0 12 10 3 12 2 2 4 8 8 17 0 1 14 3 6 7 6 3 7 1 4 1 0 2 12 10 0 1 11 4 0 1 4 2 3 4 99681 0 4 9 6 7 3 5 11 1 5 2 3 12 3 4 3 5 6 3
85 ACG 1 3 2 10 2 16 99611 0 9 2 3 20 1 5 17 20 4 0 2 8 9 3 2 5 4 6 5 11 15 0 1 5 4 3 2 5 2 4 10 13 1 10 0 0 3 3 14 1 1 8 5 5 5 13 8 12 7 11 9 13 7 16 2 1
86 GAG 4 16 4 15 0 6 1 3 0 5 3 0 4 6 11 1 0 1 0 0 6 3 13 0 5 5 0 0 3 3 11 0 8 5 99720 3 8 0 7 3 0 4 8 22 0 15 3 1 0 3 2 2 2 5 1 12 0 0 1 4 1 9 16 6
87 GCG 4 6 12 9 17 0 8 5 3 13 2 5 1 23 6 26 5 17 6 0 12 19 1 5 6 1 7 4 34 2 19 5 3 3 0 2 3 5 99567 22 0 1 3 1 2 0 17 8 4 2 1 4 2 5 7 5 10 3 5 3 10 7 6 6
88 GGC 2 15 5 18 4 8 3 2 4 3 0 5 6 5 6 1 0 1 4 3 0 6 1 12 2 3 0 3 4 18 4 2 17 10 2 3 3 5 5 7 5 99638 1 7 3 0 3 6 19 5 4 3 7 6 26 6 11 1 6 6 14 1 20 0
89 AGG 4 2 16 33 0 22 9 0 1 1 99607 1 1 3 0 2 3 12 16 14 8 6 5 3 8 18 14 4 0 1 1 0 12 0 10 5 5 0 9 3 11 13 6 5 0 11 16 8 6 8 0 1 0 20 0 5 6 10 1 4 1 7 0 2
90 GAT 2 7 1 2 1 16 8 2 16 15 8 25 5 0 0 13 5 13 2 2 4 6 3 4 2 9 6 6 0 0 8 4 0 11 12 99610 0 18 6 1 1 4 28 8 12 1 9 1 1 5 0 6 4 8 8 0 5 5 8 11 6 4 9 3
91 TGG 7 10 8 1 7 1 9 1 3 20 3 27 0 10 4 12 19 6 2 8 2 7 1 3 7 2 12 9 0 3 7 8 4 2 0 2 16 18 4 5 5 7 11 4 3 6 1 0 4 11 3 1 12 1 10 0 4 7 99589 30 5 6 5 5
92 CTA 6 6 0 13 3 2 5 0 11 3 2 8 4 2 1 7 9 5 2 3 18 4 3 6 3 5 3 6 99628 11 0 5 3 3 10 6 9 11 12 21 5 4 1 1 3 12 5 8 1 12 1 10 2 16 0 2 7 15 2 15 11 7 1 0
93 TTA 3 18 0 7 12 19 4 0 1 3 9 2 13 3 11 14 2 1 6 2 5 9 3 10 8 7 3 7 2 17 4 4 14 0 4 3 2 2 0 10 4 27 3 1 7 1 5 13 5 6 13 0 18 7 1 1 8 3 5 8 99589 20 1 10
94 TTA 9 1 1 4 8 8 10 29 7 12 12 20 12 4 8 8 7 0 4 3 12 5 0 6 13 3 6 3 11 3 11 0 1 1 2 4 0 4 6 1 3 4 1 1 10 7 7 7 7 6 20 4 2 2 14 8 4 7 4 11 99599 9 0 4
95 GGT 1 4 2 5 6 7 1 20 6 3 10 4 4 21 7 0 3 4 2 3 13 26 3 7 11 2 3 2 0 6 4 5 8 7 5 2 5 0 0 1 15 4 1 99624 4 18 13 10 4 0 5 16 1 4 5 3 1 0 9 11 15 5 1 8
96 GAG 28 1 17 0 2 7 11 4 7 4 4 3 8 9 0 8 1 1 3 6 7 1 4 0 9 1 16 4 1 10 0 13 5 5 99563 0 44 1 5 13 13 1 28 2 11 13 9 11 11 3 6 4 15 2 3 2 1 11 0 1 14 6 7 0
97 GTT 2 0 2 3 13 1 3 15 11 2 5 8 1 1 6 11 13 6 0 17 24 9 15 0 1 29 4 10 13 4 1 10 10 8 8 9 4 3 4 8 23 20 1 4 6 2 0 99542 2 11 20 1 2 4 6 3 1 6 3 21 16 0 0 12
98 CCG 3 2 2 2 1 9 3 1 0 1 12 9 1 5 15 2 2 1 1 4 1 3 99659 2 13 3 5 20 7 3 11 16 2 4 1 7 13 5 3 2 4 5 7 5 11 5 9 2 3 4 2 6 1 8 1 0 3 0 6 32 8 0 15 7
99 GGG 1 19 12 3 3 1 1 2 5 1 1 6 9 21 5 2 9 2 10 6 2 2 0 2 1 8 12 18 11 6 7 4 3 4 2 3 3 4 17 1 5 6 99652 10 0 6 4 3 10 3 1 9 2 10 5 11 0 5 3 4 0 2 10 10
100 CAA 13 8 2 5 5 6 10 3 8 4 4 11 4 2 4 3 99667 6 1 3 11 1 1 14 1 6 6 7 0 2 8 5 9 5 17 1 1 1 8 0 2 6 3 2 0 1 3 0 25 1 3 8 1 17 0 10 1 8 11 1 17 4 2 1
101 GAC 0 3 6 9 0 1 5 4 3 19 4 6 3 2 6 0 2 18 1 5 0 3 1 10 3 17 10 12 5 5 2 6 0 99652 0 14 1 2 9 23 12 2 0 9 5 12 15 3 9 8 2 2 9 5 2 6 1 13 0 2 3 6 0 2
102 TTG 11 12 2 4 12 2 2 3 1 2 16 3 11 0 12 24 12 6 0 11 0 0 10 6 19 4 7 3 4 1 4 12 14 9 7 4 12 4 10 18 0 6 1 0 10 2 3 4 1 9 1 13 4 14 10 6 19 12 18 10 25 21 99511 6
103 CTT 1 5 6 0 1 3 10 0 2 4 7 1 5 5 4 8 5 11 1 11 2 7 21 5 6 0 4 12 0 12 4 99635 0 10 0 12 2 3 21 7 0 1 3 3 5 3 6 16 5 12 14 0 12 18 11 13 1 8 4 5 2 4 1 0
104 AGT 0 17 4 6 10 17 1 4 7 7 6 99550 2 2 3 31 5 0 13 7 1 39 10 8 19 0 0 5 3 1 0 5 1 7 3 12 5 5 10 14 11 13 5 3 9 1 3 20 7 16 0 6 0 3 3 1 9 11 0 5 11 7 4 12
105 TCC 0 11 14 2 1 0 0 2 3 15 2 2 8 0 9 14 3 7 1 7 0 5 4 1 6 4 6 6 2 4 4 2 17 15 8 9 1 0 7 7 29 1 8 3 9 11 6 5 9 0 5 1 3 99650 7 4 7 0 8 0 4 4 15 2
106 CAC 2 1 0 3 5 3 2 4 1 5 3 5 4 17 11 5 13 99587 14 1 2 9 21 13 9 2 5 3 7 0 1 4 5 5 24 11 2 1 2 16 9 4 15 4 2 7 4 5 0 3 8 8 1 2 1 6 26 7 15 4 13 3 4 21
107 CTG 8 10 5 2 19 5 0 0 15 0 0 3 15 1 2 3 6 0 11 11 0 1 20 1 3 5 4 3 5 3 99620 7 8 20 7 8 2 11 3 7 5 3 3 2 5 15 5 7 8 0 2 5 5 2 2 10 4 11 0 1 35 13 0 3
108 GCC 28 5 3 0 8 2 3 2 3 12 9 2 6 0 9 3 7 3 9 1 27 10 6 7 8 0 1 7 0 9 3 1 10 1 13 3 4 99620 0 8 10 4 7 1 4 4 3 15 1 4 0 1 3 7 0 23 3 3 25 3 2 9 13 2
109 CCG 0 1 6 2 2 14 1 0 3 2 5 9 0 3 7 11 10 1 1 2 0 9 99701 11 4 12 4 2 13 0 3 8 0 1 7 3 7 1 4 4 2 11 1 2 22 5 0 0 6 0 1 9 0 2 8 6 7 6 2 3 2 8 4 19
110 GCG 36 0 1 3 16 0 1 0 8 5 13 0 0 1 1 5 7 6 1 4 2 26 7 18 4 0 1 0 2 14 1 21 8 0 3 18 2 1 99632 2 3 8 1 0 0 11 0 2 2 0 1 8 1 1 10 9 3 10 1 29 4 17 3 6
111 GAG 7 7 2 3 11 7 0 15 12 0 3 7 2 9 9 5 3 11 3 34 20 2 9 3 2 2 6 4 0 1 7 8 3 2 99606 9 2 1 4 5 16 5 0 15 3 1 7 2 7 1 11 0 19 7 2 10 13 6 4 13 4 2 5 1
112 AAA 99698 1 6 8 2 0 1 2 7 9 0 1 0 17 1 8 1 4 4 2 10 6 2 5 7 2 14 3 8 3 3 5 3 2 4 13 2 1 5 0 5 3 3 2 1 0 11 1 1 14 14 4 2 1 0 4 21 16 3 12 4 3 2 3
113 GTA 4 0 12 6 9 7 15 7 3 3 3 1 1 4 1 1 10 4 1 5 2 4 0 10 4 10 8 3 2 1 15 15 0 10 3 1 5 2 4 6 9 3 10 17 99608 7 7 8 0 4 1 26 4 11 7 6 9 27 0 11 9 8 0 6
114 AGT 2 14 4 1 10 8 8 2 1 4 6 99678 1 2 3 8 11 4 3 1 19 16 4 3 8 1 2 0 0 4 4 8 3 7 3 4 8 15 1 15 6 4 5 2 4 3 0 20 1 4 2 6 7 3 2 1 0 15 0 1 10 1 7 0
115 ATA 17 0 9 5 1 3 2 3 0 0 11 29 99681 6 1 2 11 1 0 10 4 1 1 14 1 11 3 19 7 4 0 9 7 6 2 4 9 6 2 5 8 6 5 5 1 1 2 8 7 0 3 3 2 4 2 7 1 1 3 2 16 4 1 1
116 ATG 0 3 3 5 0 2 1 0 1 0 0 14 2 10 99633 0 14 1 4 3 29 8 4 16 18 0 4 12 7 4 5 3 2 7 0 3 2 8 5 4 1 7 2 3 5 10 10 9 3 11 1 7 2 1 9 20 7 10 13 3 0 21 2 6
117 GCT 6 4 4 6 9 7 4 6 24 1 20 11 5 11 6 4 4 8 4 1 3 9 7 6 5 15 4 8 27 0 8 6 2 0 2 15 2 0 8 99619 3 5 1 1 2 2 4 2 4 1 2 4 1 4 11 2 29 9 3 0 3 11 5 0
118 GAT 7 0 6 2 6 6 11 2 8 8 18 3 19 4 3 8 16 8 8 2 2 10 10 4 9 4 9 3 18 6 3 1 0 14 6 99542 1 22 10 3 8 12 5 1 11 0 18 6 0 10 13 4 13 9 12 1 5 13 1 2 13 1 0 20
119 GCT 3 7 5 1 0 0 29 10 2 1 6 4 2 2 9 8 5 2 2 1 4 18 7 1 2 9 2 11 1 4 4 4 8 6 10 1 2 6 13 99652 5 5 10 0 1 8 2 1 5 0 20 0 4 4 18 1 6 7 2 6 0 1 24 6
120 ATG 0 8 1 3 23 0 4 14 0 9 1 21 10 1 99608 3 1 4 22 2 2 1 3 5 10 4 4 13 1 6 6 0 5 2 11 7 1 1 4 1 5 38 5 3 7 5 3 10 5 0 3 16 1 2 5 4 0 9 22 1 11 8 4 11
121 AGG 0 0 7 0 0 14 1 25 23 21 99568 4 20 5 1 29 0 1 8 13 8 13 1 8 4 7 0 2 13 7 3 7 2 1 1 0 5 10 9 15 19 5 2 0 2 10 11 1 2 11 8 17 8 2 2 6 2 0 8 1 13 4 5 5
122 CGT 0 9 0 2 12 4 12 0 6 2 1 15 0 1 9 2 0 4 4 7 0 2 4 27 9 17 1 99617 0 6 7 9 2 0 2 7 2 20 2 2 9 17 2 6 10 3 13 7 2 2 3 3 9 13 1 20 1 1 12 4 20 1 14 1
123 TTA 2 0 11 0 7 6 6 5 11 1 2 11 1 1 7 22 1 7 7 16 3 8 1 5 2 3 2 11 0 4 7 4 10 14 6 7 1 11 1 6 13 27 6 5 20 11 4 3 1 6 3 10 0 12 0 22 1 17 27 6 99556 10 8 2
124 CAC 12 5 2 5 5 2 10 3 6 2 8 1 9 3 3 3 14 99646 1 9 2 3 3 8 10 2 1 0 12 6 11 8 2 12 11 10 4 0 10 0 3 6 8 2 0 7 4 4 6 2 16 2 3 4 11 6 5 1 0 10 1 11 13 11
125 ACA 0 5 1 7 99677 2 8 2 7 5 0 3 2 7 1 1 0 0 0 4 3 3 11 5 0 9 17 11 1 9 3 2 1 1 0 33 3 14 0 8 2 10 4 1 9 5 2 4 0 6 7 6 9 5 1 5 7 5 12 2 15 0 7 10
126 CTA 2 7 0 8 1 2 6 1 8 3 1 0 4 7 5 0 7 5 4 0 23 8 0 1 21 6 4 2 99693 3 2 4 0 0 10 4 5 3 4 4 3 7 1 4 3 7 9 3 7 8 11 0 8 6 0 9 8 17 0 6 0 8 3 4
127 GAT 2 8 19 0 17 2 4 2 2 2 0 3 1 19 2 3 8 0 12 1 3 11 2 6 9 11 6 6 0 4 1 5 4 10 6 99674 0 7 1 5 3 0 0 5 2 12 8 11 4 3 3 18 7 0 6 2 14 7 1 3 2 0 0 11
128 CCA 1 1 4 7 2 1 13 6 8 14 2 0 2 0 8 2 1 2 8 1 99653 4 2 4 11 0 7 7 10 1 2 20 7 1 2 21 6 2 0 9 6 7 4 2 4 2 3 4 1 1 15 22 4 8 3 11 10 0 3 5 1 4 15 13
129 GCA 7 9 7 2 0 2 15 5 7 2 7 1 13 1 6 1 4 6 0 8 2 15 3 6 4 5 0 7 5 14 15 1 2 3 8 6 99635 6 6 10 16 2 4 19 9 1 2 2 5 18 11 3 4 0 18 5 5 0 2 7 0 8 0 3
130 ACG 11 0 6 16 15 4 99707 1 3 20 11 0 0 5 5 7 3 2 0 0 0 22 7 3 12 0 2 1 3 3 9 9 9 0 4 2 3 1 2 6 4 5 4 6 3 1 6 3 4 12 4 1 0 2 4 1 0 1 9 0 7 2 4 3
131 TGC 0 1 4 4 13 12 12 11 12 6 10 0 2 1 11 4 7 6 7 2 2 5 0 1 2 3 3 2 3 20 5 10 5 18 18 6 10 4 3 15 13 3 6 3 14 1 0 1 0 2 7 29 18 1 2 5 2 99612 0 3 1 2 5 10
132 CCA 4 9 11 25 2 12 2 8 19 0 10 14 3 4 0 4 3 8 0 4 99625 9 13 5 2 1 2 20 5 6 15 4 1 5 0 12 6 7 2 1 6 2 2 7 3 1 1 1 12 7 8 2 5 7 4 16 12 4 4 0 4 2 0 7
133 TTC 28 8 8 0 9 5 4 6 3 4 3 3 8 2 4 17 0 5 1 0 0 2 0 4 4 0 6 7 1 7 0 4 3 14 2 6 23 1 9 3 4 0 3 2 4 0 1 0 4 5 3 11 4 0 0 3 0 8 19 12 15 99685 2 1
134 GAT 7 0 0 13 13 10 6 4 2 2 1 6 3 1 1 6 1 4 7 3 3 7 10 7 9 4 3 4 9 2 0 8 6 6 3 99686 14 4 12 0 4 9 3 0 12 9 1 12 1 6 4 2 4 5 9 1 7 0 11 2 3 5 1 2
135 CAC 11 5 16 5 1 19 12 5 7 8 5 2 8 1 4 5 31 99652 0 2 0 24 3 12 6 0 4 0 0 0 5 5 17 3 1 4 13 1 8 3 2 10 1 0 3 3 13 0 6 0 2 8 1 5 5 0 6 1 0 6 3 6 6 5
136 CAA 1 1 5 6 7 0 0 20 3 0 6 3 7 7 14 14 99645 5 10 3 2 2 1 2 1 1 0 0 2 8 15 10 4 10 5 4 7 11 5 5 4 5 3 8 4 6 13 5 5 6 11 7 13 0 12 0 14 3 0 8 1 4 6 10
137 GCG 3 2 3 1 25 2 8 48 3 2 16 3 3 0 5 6 18 6 10 9 2 3 12 7 1 5 0 4 3 5 2 10 2 6 0 10 8 3 99576 9 2 4 2 18 2 11 3 0 6 1 10 15 5 2 0 4 8 15 20 11 3 11 6 0
138 AAA 99691 9 7 8 2 11 4 2 6 1 5 16 0 0 9 2 0 3 12 1 12 1 0 5 3 8 7 3 2 5 1 1 2 2 2 2 7 19 5 13 4 6 3 0 1 2 8 3 8 10 6 0 4 4 6 13 14 2 9 0 3 2 1 2
139 CAC 0 6 15 6 4 3 7 9 6 7 18 2 3 0 3 6 10 99579 4 3 2 0 5 11 7 0 5 14 2 15 2 9 2 11 14 11 6 9 0 8 0 5 3 10 24 7 0 8 6 4 11 0 1 17 11 1 0 17 11 8 5 15 3 9
140 CGA 0 11 13 7 0 0 0 23 3 4 1 3 4 0 11 2 1 4 5 0 5 3 12 13 99700 0 3 1 5 2 8 11 3 4 3 3 6 1 0 4 5 14 0 19 1 7 5 7 0 1 1 3 0 2 5 8 2 0 9 1 16 5 5 5
141 ATA 4 2 2 5 6 0 3 9 4 13 5 0 99660 13 10 12 3 0 0 19 2 0 6 5 5 15 2 2 7 9 3 7 2 19 0 9 3 4 0 11 4 10 10 8 3 2 1 3 6 2 2 6 0 1 13 8 1 3 0 12 13 0 9 2
142 GAA 8 4 1 5 13 0 11 2 8 2 9 1 3 3 23 5 1 2 2 5 29 1 1 17 0 1 6 5 5 3 0 4 99678 6 0 8 3 2 2 1 2 2 10 5 0 10 6 3 5 19 6 6 4 5 2 0 4 0 4 16 0 2 3 6
143 CGA 2 0 0 10 17 2 1 15 4 5 2 4 28 4 3 18 5 14 2 3 6 5 3 2 99623 7 6 7 15 1 12 1 2 3 11 1 16 12 0 3 5 5 8 18 1 2 13 7 1 0 11 1 11 2 0 9 2 0 6 1 10 9 2 1
144 GCA 23 2 6 26 4 2 4 1 5 0 18 3 11 10 3 17 3 0 20 0 0 7 2 7 1 2 0 2 5 4 0 2 6 0 1 5 99643 3 13 1 0 2 6 0 2 6 10 8 6 5 15 13 9 1 1 7 6 6 4 8 1 20 0 2
145 AGA 19 3 0 0 1 1 5 1 99699 3 2 1 2 4 7 3 0 4 5 14 12 4 1 7 9 2 7 18 17 3 6 0 5 1 3 4 2 12 8 2 15 2 2 13 0 7 4 3 0 1 1 2 9 0 6 4 5 5 4 5 5 5 1 4
146 ACT 7 2 18 13 11 5 0 99584 14 3 4 5 1 0 1 1 6 24 5 7 5 1 27 0 3 15 9 0 6 2 7 1 12 11 6 16 13 12 1 12 2 9 5 7 10 4 1 16 21 2 2 8 7 0 2 5 2 6 5 1 10 3 2 0
147 CGC 4 3 16 1 3 6 3 9 11 0 3 6 1 2 6 13 0 4 5 13 6 2 3 8 0 99633 0 3 6 0 7 32 1 1 4 3 4 2 5 5 3 6 10 9 3 18 2 20 24 6 7 12 0 1 8 1 4 7 3 5 4 4 4 5
148 ATG 2 14 7 3 0 8 0 4 2 7 1 3 12 0 99702 6 8 15 6 12 2 2 9 1 4 8 3 4 0 3 1 3 10 13 2 5 5 8 0 3 8 2 5 0 21 1 0 0 2 4 0 8 2 7 2 1 2 8 0 4 3 3 1 18
149 GAG 13 11 9 2 3 2 11 10 1 5 7 2 4 0 1 14 14 6 7 0 0 1 1 1 2 7 8 1 6 7 4 21 4 1 99602 15 0 18 4 2 21 4 0 31 1 6 1 1 2 4 8 4 1 34 1 3 6 16 1 2 0 4 3 19
150 GCT 12 0 5 4 5 2 9 11 2 7 3 3 3 13 7 0 11 8 13 5 2 13 10 2 6 1 42 2 1 5 14 3 11 5 6 4 1 11 17 99603 3 2 11 14 0 12 3 3 4 10 2 3 3 3 12 3 4 4 7 4 1 8 2 0
151 GGA 13 10 7 1 4 12 0 1 1 2 12 4 3 0 6 7 3 13 0 9 4 7 3 7 14 9 8 3 13 5 17 0 3 3 11 6 4 3 6 3 99604 9 14 1 22 3 4 6 7 6 9 8 5 0 17 10 1 4 12 4 4 9 2 2
152 CTA 4 1 8 3 0 7 5 1 2 6 1 7 8 11 13 7 11 3 2 3 14 3 1 0 0 1 6 4 99607 6 23 15 6 20 21 5 1 7 4 2 0 20 2 0 5 3 7 8 5 1 11 13 7 6 0 18 4 10 2 5 0 0 2 22
153 GTA 0 6 0 12 23 5 4 2 10 4 3 4 7 1 1 3 0 2 15 3 3 26 0 18 17 5 2 15 2 11 13 18 3 3 5 4 10 2 2 1 13 3 4 14 99532 20 14 0 2 10 1 4 7 7 19 7 13 13 6 3 18 8 11 6
154 GAT 1 11 1 2 3 12 3 7 2 4 16 5 3 9 0 1 0 6 12 3 6 4 1 14 1 6 5 0 1 27 0 4 10 4 2 99697 2 1 1 1 7 8 2 6 0 11 13 4 5 3 14 0 4 6 11 0 0 7 1 3 2 1 0 4
155 CAA 7 2 6 4 8 0 5 6 24 0 3 7 0 3 13 1 99639 5 0 2 2 6 3 4 0 8 0 5 1 20 1 0 2 0 3 12 14 8 0 4 5 2 14 5 7 25 2 2 2 11 15 14 8 5 0 5 9 1 19 2 1 13 3 2
156 GAT 3 4 13 2 2 4 3 6 5 2 2 10 7 2 0 3 5 5 1 6 8 2 3 0 2 3 15 10 0 14 1 9 1 0 10 99646 5 9 8 18 6 0 2 1 5 6 1 1 10 26 1 5 1 0 6 10 12 18 15 8 2 1 14 0
157 GAT 4 1 11 3 0 4 4 5 0 0 1 4 2 1 2 4 4 4 3 3 2 0 1 3 0 2 4 5 15 8 3 5 12 2 3 99660 19 12 27 1 7 0 2 10 15 0 16 8 13 5 1 7 2 10 2 0 4 9 9 17 4 0 8 7
158 CTT 4 26 4 3 6 1 1 8 6 0 7 0 11 2 12 7 11 2 6 3 1 0 12 0 6 8 27 1 4 2 9 99636 9 0 4 0 5 1 14 3 12 9 8 2 4 3 1 11 4 2 7 15 2 1 2 2 21 9 5 5 0 0 5 8
159 GAC 13 2 6 9 9 4 5 15 5 22 1 1 17 4 3 0 8 0 10 5 7 2 1 0 12 0 4 7 4 6 1 1 3 99692 8 0 2 0 5 4 2 5 8 13 1 8 2 1 0 30 0 1 0 5 3 7 1 3 0 0 1 6 1 4
160 GAG 4 6 8 7 3 2 21 6 0 13 6 9 0 2 2 3 7 13 1 9 8 0 2 8 9 0 4 1 1 1 10 8 6 10 99645 10 7 14 1 4 0 4 0 9 3 1 5 4 11 4 1 16 23 0 1 1 1 6 2 9 1 7 9 11
161 GAG 12 4 4 8 2 5 8 11 1 13 25 2 14 0 9 11 20 0 3 10 7 4 9 0 0 0 0 5 0 7 0 15 2 0 99616 2 1 4 2 5 3 8 3 6 0 11 0 4 14 8 6 4 4 17 14 4 2 13 10 9 7 1 7 4
162 CAT 4 4 1 12 21 0 9 16 4 8 8 2 20 7 5 2 0 5 10 99612 8 1 2 1 3 7 17 0 8 9 2 0 3 18 0 1 3 0 9 11 14 0 1 17 1 5 6 6 3 0 8 11 6 2 11 2 1 1 1 3 22 9 17 0
163 CAA 6 3 2 0 28 7 16 1 4 1 23 1 1 6 5 3 99571 2 3 2 10 9 10 2 20 4 8 4 0 15 1 8 2 9 4 2 1 5 4 3 0 15 5 11 3 9 2 1 15 16 9 13 7 3 8 6 5 30 8 19 2 6 1 0
164 GGG 12 3 3 5 3 16 1 10 17 5 1 3 3 4 5 22 5 0 8 1 6 9 5 9 21 4 4 1 7 6 7 3 1 1 10 4 12 4 3 5 8 7 99567 10 16 3 2 13 33 9 7 8 14 4 0 4 12 5 3 11 1 12 0 2
165 CTG 2 3 1 7 2 3 1 2 3 7 2 4 5 3 9 9 0 2 8 4 35 3 6 2 9 12 4 1 1 2 99666 11 1 3 6 3 13 9 1 7 0 0 0 8 7 26 6 2 12 5 5 4 1 2 0 0 3 4 1 4 17 5 5 11
166 GCG 5 9 5 7 4 7 6 0 0 0 9 5 0 10 1 8 3 10 1 3 10 15 5 1 0 0 0 0 7 3 0 0 5 7 14 3 2 2 99685 7 2 0 4 16 2 10 3 1 8 3 1 11 4 6 0 1 19 9 0 11 14 10 5 1
167 CCC 7 13 26 5 17 5 0 6 1 0 8 7 9 2 5 9 17 2 11 0 8 99591 4 3 7 10 4 1 5 3 9 3 9 12 13 4 2 4 1 0 1 0 11 1 9 7 18 10 0 2 16 15 3 3 4 12 3 2 1 13 18 1 5 2
168 GCG 5 7 0 7 1 9 11 1 1 1 4 2 5 11 1 1 2 0 0 12 3 2 5 4 4 14 13 1 5 7 10 0 0 4 5 2 5 4 99726 22 7 4 7 0 6 2 5 0 0 3 8 0 0 4 3 2 8 0 7 4 2 3 0 8
169 GAA 6 6 3 2 3 3 15 25 1 10 8 36 1 5 7 1 6 4 10 6 8 22 10 6 11 5 8 3 5 17 1 2 99563 0 6 9 4 3 2 0 0 4 12 22 6 8 0 5 11 2 28 8 4 1 5 0 1 8 0 6 18 5 2 1
170 CTC 3 6 2 1 0 8 0 3 6 0 1 1 10 7 12 14 5 8 14 21 2 30 1 13 1 2 3 5 2 99615 18 6 4 6 1 8 6 22 0 3 1 9 5 7 8 7 3 6 2 0 9 1 15 3 2 4 10 20 0 0 0 0 5 13
171 TTT 1 3 1 1 0 29 0 9 4 5 27 7 2 3 16 6 2 1 9 2 2 3 4 8 2 16 2 2 24 2 7 5 5 5 2 15 10 0 2 4 2 4 20 9 4 4 17 2 5 6 12 1 15 4 13 8 10 1 10 3 2 0 7 99593
172 GCT 2 1 6 3 4 9 5 3 16 0 4 1 7 4 3 20 13 4 1 1 2 41 2 7 8 0 7 10 1 16 4 1 7 6 2 2 1 2 1 99649 4 8 0 0 4 0 9 21 10 0 10 1 1 5 0 1 3 4 25 2 1 5 6 4
173 AGG 17 17 2 1 0 8 3 6 17 6 99607 14 1 3 9 6 7 4 8 1 3 4 7 3 0 3 12 6 0 9 3 15 3 9 0 1 0 2 7 2 10 3 6 2 10 3 6 17 3 2 3 10 19 1 8 20 4 7 14 1 12 2 6 5
174 TTG 0 0 4 7 2 2 8 3 0 0 0 4 2 8 8 0 2 5 3 11 2 2 3 4 5 12 4 2 3 4 0 8 7 0 1 19 9 8 1 11 3 12 7 12 1 2 3 3 5 3 7 1 1 2 2 0 3 0 11 20 2 3 99722 1
175 AAA 99560 0 15 0 14 6 3 6 0 4 2 3 0 2 8 0 14 4 5 7 0 18 22 0 3 0 6 1 12 5 7 24 3 7 9 1 2 0 3 4 21 16 9 25 3 12 1 3 11 16 8 2 9 1 21 8 2 4 2 10 18 12 1 5
176 GCT 1 17 7 2 26 5 0 1 1 1 0 3 5 15 1 6 11 8 1 10 6 1 4 1 12 9 12 9 7 2 5 6 16 12 5 1 9 10 5 99592 8 5 9 4 5 18 4 11 0 4 1 3 0 6 3 9 15 16 5 1 2 5 21 0
177 CGG 3 2 2 7 2 5 0 5 5 1 17 5 4 11 7 6 5 1 4 2 6 4 5 11 14 3 99533 27 15 0 12 14 2 5 15 9 0 10 6 7 4 5 13 11 16 2 22 10 11 0 32 5 9 6 8 1 12 3 8 5 10 13 2 0
178 ATG 14 1 3 1 4 26 3 5 15 4 0 8 21 7 99527 9 0 7 7 4 1 3 0 12 5 3 14 22 10 16 3 2 2 0 3 1 4 2 31 2 3 0 7 9 3 0 8 3 2 26 0 25 5 11 2 6 1 6 30 16 14 16 0 5
179 CCC 3 4 8 1 3 7 5 5 23 23 22 4 8 10 3 12 7 0 8 6 3 99533 10 15 9 9 5 6 4 15 6 2 6 2 5 5 2 10 22 1 4 10 6 0 7 13 0 6 11 8 2 0 11 30 13 1 9 4 7 5 7 6 4 4
180 GAC 1 1 8 12 10 2 1 5 22 0 8 2 11 2 1 0 4 4 9 6 12 0 1 0 13 0 6 2 2 7 8 14 27 99634 0 12 13 4 2 2 12 5 0 5 6 0 8 12 9 0 4 5 3 1 10 3 9 3 11 4 2 8 10 2
181 GGT 9 0 0 2 3 4 2 0 14 4 4 19 1 6 0 3 13 0 2 8 16 4 2 3 17 3 11 13 4 14 1 2 15 0 4 2 6 26 17 7 0 3 1 99585 7 18 0 8 9 0 5 15 4 10 1 9 7 33 3 7 1 6 6 1
182 GAA 4 2 5 8 8 2 9 7 3 13 0 5 21 8 1 6 4 8 30 11 1 7 4 8 0 3 0 4 11 3 0 4 99622 3 10 5 4 0 6 5 2 11 20 18 2 10 7 0 3 1 4 3 5 6 22 11 0 2 0 2 10 3 1 2
183 GAT 2 7 4 3 4 4 14 9 5 3 8 0 23 4 2 23 5 0 7 12 1 8 4 4 0 2 23 0 12 0 4 0 2 0 3 99592 4 2 0 13 9 4 14 6 13 9 20 1 4 5 34 4 13 3 9 0 3 13 0 2 15 3 3 0
184 TTG 7 42 14 4 11 1 1 3 0 2 8 17 0 1 3 1 6 1 29 0 3 5 2 17 0 3 2 5 0 6 4 8 10 6 6 4 1 0 10 2 13 2 3 1 5 4 26 2 6 20 8 6 12 3 6 12 5 6 4 3 3 12 99590 3
185 GTG 4 6 4 1 2 12 3 10 11 8 4 27 5 15 1 7 2 9 4 4 0 4 2 11 8 6 6 1 1 6 2 5 1 9 0 5 13 10 24 0 1 5 6 2 2 13 99621 2 10 2 6 7 1 15 4 2 3 4 6 15 16 2 0 2
186 GTA 3 6 8 4 1 2 1 1 2 9 1 1 5 0 9 25 1 1 6 0 3 1 15 11 2 4 0 4 7 7 9 2 4 1 5 7 0 10 11 14 5 3 1 12 99684 3 4 12 4 0 7 3 0 3 6 11 7 18 2 1 5 1 1 4
187 ACT 12 1 13 0 0 9 2 99700 6 10 11 3 4 9 0 1 2 2 5 9 1 7 5 0 3 6 7 2 4 2 2 0 2 9 2 0 3 4 0 5 3 1 9 5 1 3 5 2 0 14 3 6 4 13 0 12 8 3 0 3 17 5 10 10
188 CAT 0 0 5 4 4 2 1 1 10 5 4 9 10 36 7 7 7 5 1 99609 3 3 2 4 3 4 6 15 4 12 20 8 0 8 1 12 5 9 3 0 5 6 1 0 5 2 3 13 7 8 6 43 3 1 9 1 8 13 1 0 2 5 5 4
189 GGG 0 16 4 3 1 16 3 1 1 10 0 13 18 2 3 4 9 4 4 3 3 18 5 2 0 4 12 0 7 17 0 7 2 4 5 3 7 6 1 9 3 0 99661 8 18 0 15 5 1 4 0 5 15 9 2 2 1 0 7 1 7 4 3 2
190 GAT 4 0 7 5 2 8 6 0 12 2 15 0 2 8 1 4 2 10 8 6 0 7 8 2 8 13 10 0 5 2 1 16 2 10 15 99650 0 6 0 1 4 6 1 25 2 7 15 2 2 7 7 0 3 10 0 4 0 22 1 7 3 9 1 4
191 GCC 5 2 0 14 4 4 0 1 1 6 2 3 4 6 19 5 3 15 0 3 2 7 6 7 8 2 5 1 14 2 1 4 2 4 1 12 0 99650 15 7 10 1 3 10 2 0 5 8 3 17 7 19 0 5 14 0 3 0 3 5 8 23 4 3
192 TGC 0 4 5 11 4 1 8 8 10 4 7 6 4 7 0 2 26 1 0 4 2 3 0 6 9 6 6 7 15 10 1 0 1 11 1 1 11 10 11 13 1 1 14 2 0 2 5 2 2 6 10 2 0 0 4 2 0 99684 1 1 4 1 13 7
193 CTC 0 4 5 0 0 2 14 3 0 11 6 3 6 0 23 2 20 5 1 9 1 6 5 27 1 29 10 0 2 99526 8 3 3 0 5 4 8 2 29 1 0 5 6 3 6 4 25 10 9 12 31 1 7 3 6 2 13 1 21 9 14 8 9 11
194 CCG 0 7 3 4 8 8 14 0 3 5 1 2 7 1 7 10 11 1 3 3 0 2 99673 10 2 5 2 3 0 12 3 5 5 0 2 8 10 6 5 0 11 0 0 8 12 6 2 4 5 7 8 1 0 6 8 3 19 7 2 2 13 1 20 4
195 AAC 11 99623 12 8 13 11 4 1 4 11 4 7 8 0 0 6 5 3 11 0 13 6 6 14 12 5 5 12 3 6 1 1 3 2 1 7 5 8 15 3 0 2 14 4 0 0 12 0 3 1 5 45 6 2 0 2 1 2 4 2 9 15 0 1
196 ATA 1 3 6 11 2 0 2 2 2 12 5 14 99603 8 14 36 7 9 3 4 7 4 5 2 9 16 8 4 2 7 2 4 1 3 2 10 0 9 0 4 6 1 23 8 0 2 2 2 10 4 4 3 15 2 13 12 11 11 3 3 9 3 1 9
197 ATG 3 3 10 2 5 4 7 11 8 1 0 2 2 3 99669 3 15 27 14 7 1 4 15 3 4 0 3 0 3 0 1 1 1 15 15 16 11 4 11 1 0 5 0 1 4 3 10 1 3 13 4 1 5 3 2 0 7 5 5 11 3 7 1 1
198 GTG 17 3 0 5 1 3 7 9 5 4 9 2 0 15 5 5 6 22 4 12 7 20 9 4 13 12 11 3 2 6 10 0 10 13 1 7 16 1 1 3 6 5 23 10 12 9 99558 9 6 11 0 3 11 1 0 15 0 1 0 5 5 7 11 9
199 GAA 9 1 9 13 5 16 2 0 3 8 1 5 5 4 3 6 1 2 2 1 5 14 19 4 2 0 4 12 3 2 3 5 99610 5 4 4 4 0 0 20 1 26 3 6 10 2 0 10 8 23 14 0 5 25 2 7 3 4 5 3 2 10 7 8
200 AAC 4 99579 0 1 4 30 3 1 11 5 7 2 20 1 3 2 4 13 1 8 2 5 5 7 3 2 4 12 4 0 44 0 15 2 2 2 3 16 11 2 3 5 2 0 14 8 5 8 6 2 12 22 5 4 2 1 18 4 1 5 8 13 4 8
201 GGC 2 4 9 10 3 6 10 24 4 3 8 4 1 4 2 12 6 11 1 0 1 2 1 4 4 5 3 12 0 7 0 14 0 8 2 16 18 4 6 12 26 99580 4 20 1 1 2 1 4 5 17 7 3 1 24 0 3 13 21 3 0 14 7 0
202 CGT 1 12 11 1 9 8 0 2 11 0 14 0 0 11 0 9 6 8 1 2 12 3 1 7 3 4 8 99635 0 0 21 3 0 3 17 3 3 1 2 1 1 16 2 6 0 0 6 7 1 12 11 0 6 4 14 8 4 12 0 5 18 1 32 1
203 TTT 1 2 0 2 14 4 1 1 3 4 3 1 0 6 1 7 4 0 2 4 3 2 0 4 13 13 15 6 8 3 0 31 1 0 10 3 5 16 12 7 11 6 4 1 2 9 4 4 2 2 10 2 4 0 5 0 11 7 11 38 9 18 4 99624
204 AGC 6 5 8 10 5 3 2 6 10 99634 0 8 1 5 2 7 5 2 3 5 8 14 9 0 7 7 11 1 7 1 1 16 6 8 13 14 1 7 1 3 10 0 18 4 3 2 9 7 2 3 6 0 4 9 6 5 17 15 4 4 1 3 5 1
205 GGA 5 0 9 10 1 1 9 7 3 1 18 0 21 2 2 3 5 10 12 3 3 2 1 6 4 11 0 7 0 2 8 6 6 1 1 1 1 4 0 2 99705 10 3 2 2 15 7 0 12 1 2 9 5 2 2 0 17 3 1 0 1 10 3 0
206 TTC 2 0 1 0 1 0 2 0 2 10 5 2 0 7 5 1 8 5 0 12 0 1 0 6 1 15 11 1 9 18 3 2 1 6 9 2 7 15 0 1 24 4 7 0 11 1 13 7 6 1 7 12 4 0 11 2 8 0 0 10 2 99684 12 3
207 ATT 5 2 8 3 9 12 11 3 5 10 2 3 6 2 3 99541 0 12 11 14 3 2 11 2 5 15 5 16 2 12 13 0 2 3 3 7 8 1 14 13 1 10 10 3 3 0 9 7 25 13 31 2 6 15 0 3 5 20 1 19 3 2 3 10
208 GAT 2 5 0 2 0 14 17 10 2 1 3 7 3 12 2 2 14 5 1 9 1 30 3 6 7 12 17 6 7 10 0 10 17 2 7 99567 12 8 8 7 4 1 20 14 2 0 6 12 1 1 2 2 0 7 4 5 16 0 12 2 8 3 23 7
209 TGC 1 16 3 1 0 8 12 14 2 10 12 5 0 25 10 17 1 1 1 0 6 3 28 11 2 3 1 12 5 12 5 4 6 7 7 2 0 5 3 10 1 3 0 7 3 0 0 0 7 0 0 14 3 2 5 2 0 99659 2 3 2 3 4 9
210 GGA 23 1 0 4 2 6 6 4 5 0 2 11 0 27 4 5 2 7 0 14 6 5 3 0 1 11 2 8 0 1 1 0 18 19 2 3 5 5 2 8 99592 10 4 13 7 18 15 10 15 18 2 2 6 5 1 3 0 2 6 2 3 0 2 41
211 CGG 10 10 0 0 1 7 26 3 1 5 3 1 3 1 2 1 8 1 2 7 15 8 0 0 0 8 99657 2 11 9 11 6 3 2 1 1 8 4 6 4 9 1 6 6 13 1 7 11 0 3 5 6 13 6 3 11 0 5 2 13 1 5 11 14
212 TTG 2 1 4 5 7 41 1 11 10 1 4 0 0 0 0 36 0 2 16 5 8 2 2 3 14 0 4 15 8 3 4 2 1 4 4 7 11 7 2 0 1 1 7 15 1 5 4 5 1 18 8 0 13 15 4 5 5 3 7 0 6 3 99624 2
213 GGT 1 1 1 5 0 0 1 13 0 0 16 7 3 1 3 5 1 3 9 8 11 13 17 7 7 5 1 12 0 5 6 15 1 3 0 6 3 10 6 9 7 3 0 99667 7 3 0 7 0 2 3 3 10 15 13 2 2 5 2 18 0 9 0 7
214 GTC 5 0 4 1 2 18 3 4 2 6 7 10 5 8 20 1 7 1 4 9 0 13 0 2 1 14 2 1 4 1 4 5 3 3 8 2 4 0 12 15 4 4 10 3 2 99662 1 4 12 0 6 1 15 13 2 14 2 6 2 14 5 7 0 0
215 GCT 6 18 0 18 0 1 23 12 21 0 5 2 10 11 0 3 3 3 4 3 7 4 10 7 6 0 4 7 0 12 12 32 6 0 2 3 7 4 0 99583 5 8 12 8 6 10 1 3 10 5 12 0 15 2 2 0 9 6 18 0 1 6 8 4
216 GAT 8 3 10 15 4 5 0 14 1 9 12 11 1 3 5 1 2 3 5 6 3 2 6 4 5 0 1 1 6 1 9 2 2 2 3 99673 2 8 0 10 3 6 11 0 9 7 10 5 3 6 0 9 13 3 13 2 4 0 0 5 1 5 27 0
217 CGA 5 2 13 2 8 4 3 2 0 7 2 11 4 0 4 17 21 0 3 12 1 10 7 2 99559 5 6 2 5 11 1 6 11 37 20 5 15 5 1 15 7 7 7 7 10 5 12 4 2 2 20 0 5 2 1 8 12 2 3 1 17 10 3 9
218 TAT 7 7 2 4 9 5 54 0 4 4 9 12 3 11 19 11 19 1 2 3 45 5 14 1 4 6 7 2 13 16 12 6 6 7 8 3 2 37 0 1 0 1 22 13 3 4 13 5 2 10 3 99472 4 3 5 6 4 1 0 6 10 0 30 2
219 CAA 17 7 1 1 20 7 0 1 4 12 1 1 15 12 15 8 99575 30 29 1 5 18 1 0 8 4 12 1 15 1 1 3 6 5 4 1 5 15 2 0 15 5 2 2 3 2 6 5 14 1 15 7 6 1 10 6 0 2 8 4 0 6 16 0
220 GAT 2 0 14 3 0 0 3 3 2 5 2 39 5 11 10 10 4 8 10 4 5 13 2 2 4 8 15 7 0 8 4 13 2 5 2 99584 1 11 0 15 9 3 12 8 0 4 1 12 6 0 2 2 2 15 6 1 7 30 0 1 4 26 10 3
221 ATA 2 4 3 12 0 10 4 9 2 0 0 5 99599 8 3 2 7 13 6 3 4 4 3 1 9 0 10 4 15 17 0 12 8 2 19 3 5 5 6 3 7 1 1 27 0 12 8 1 24 2 6 6 4 8 26 0 1 12 0 11 3 6 1 11
222 GCA 2 1 2 2 13 2 3 2 1 1 2 2 0 30 1 6 5 11 0 2 3 4 0 5 0 1 11 15 2 0 2 7 0 5 0 11 99712 2 5 1 11 6 2 0 9 0 1 16 4 14 0 0 0 13 0 0 0 6 6 25 5 0 7 1
223 TTG 4 5 0 6 9 2 3 6 8 2 2 6 3 4 6 12 5 10 6 2 1 7 3 1 3 15 2 1 10 4 3 10 1 1 4 4 10 11 0 3 1 0 5 1 6 13 5 14 6 6 1 2 5 2 0 3 11 3 4 8 12 1 99695 1
224 GCA 7 2 8 18 8 8 6 4 1 5 1 11 4 3 6 8 0 6 4 0 7 6 4 5 2 2 13 4 5 7 24 8 24 16 7 12 99573 3 5 2 12 1 6 5 3 15 9 1 2 7 2 1 2 5 5 3 6 7 10 15 9 5 12 18
225 ACT 10 6 1 0 2 0 0 99686 4 1 0 1 3 0 5 1 6 7 2 5 8 0 1 20 0 0 8 5 8 1 1 4 5 1 1 8 11 5 3 1 0 6 7 9 25 2 13 3 10 7 7 16 3 5 1 4 4 0 6 3 1 7 6 24
226 CGC 3 3 1 11 8 5 0 6 17 5 6 1 1 6 1 2 1 1 23 12 6 3 10 4 16 99638 2 5 6 0 6 8 2 4 16 9 1 1 7 2 13 5 12 4 5 3 0 8 6 11 1 10 9 10 5 7 1 8 1 0 8 0 9 5
227 GAT 3 0 2 2 5 16 3 5 11 3 10 19 13 0 1 2 7 13 5 15 3 10 1 0 11 21 1 4 9 1 3 8 8 6 8 99610 8 0 11 5 3 0 0 0 18 14 6 27 5 3 1 0 0 5 0 5 9 8 1 1 0 9 9 13
228 ATC 25 5 13 4 10 6 0 5 8 36 20 15 1 99559 10 8 3 6 0 2 1 11 2 0 9 4 0 11 0 3 11 2 5 20 1 2 0 10 9 14 9 3 2 1 3 3 7 4 5 10 16 15 6 16 3 2 7 0 10 2 16 5 4 0
229 GCC 2 1 1 0 4 11 10 12 9 3 12 11 11 4 1 6 1 6 18 13 20 6 10 0 3 2 6 11 3 7 1 11 4 17 7 5 2 99580 3 5 6 15 0 3 8 5 9 2 0 23 20 6 5 0 5 4 13 2 10 0 3 6 7 9
230 GAA 6 1 1 8 5 9 0 12 9 24 5 0 8 1 3 3 2 8 3 5 8 5 9 2 7 1 0 5 5 10 18 3 99598 3 11 6 8 6 4 4 2 9 10 0 1 18 1 5 9 0 5 5 0 4 42 4 1 3 17 16 0 0 21 1
231 GAG 10 5 7 12 5 0 1 4 10 4 11 4 14 4 4 10 0 3 9 20 2 9 7 4 13 15 10 2 3 2 3 6 0 0 99619 3 8 1 14 3 5 1 5 3 1 12 8 1 7 6 1 13 9 13 10 0 1 10 4 3 2 5 12 7
232 CTT 13 1 1 0 6 10 1 1 12 14 12 4 3 10 2 2 1 0 6 0 3 7 5 18 3 3 3 28 2 15 6 99575 11 9 0 12 8 13 14 4 1 3 19 21 14 5 5 0 6 8 0 4 3 0 13 27 1 5 4 5 3 7 4 4
233 GGT 8 2 5 8 4 3 11 17 8 2 0 3 21 19 5 14 0 1 10 0 0 0 3 2 2 10 0 0 4 2 0 0 9 5 2 2 24 14 10 8 6 8 8 99549 7 4 10 7 26 42 21 0 4 9 15 1 3 2 4 14 2 7 1 12
234 GGT 3 16 6 2 0 18 3 5 0 3 2 1 13 3 12 6 2 5 10 3 8 22 5 8 0 0 5 10 0 1 7 5 0 7 19 3 8 9 20 8 4 30 1 99566 5 7 2 15 4 10 1 6 1 1 9 12 2 3 9 7 2 16 24 5
235 GAA 13 8 8 18 3 6 14 11 4 12 18 10 8 0 11 5 10 5 0 11 17 1 6 0 1 7 0 1 3 1 24 25 99570 3 6 4 1 0 12 7 11 7 3 6 8 2 1 4 10 4 6 1 0 4 0 14 8 11 1 8 3 6 6 12
236 TGG 5 3 0 13 4 1 5 0 3 3 8 2 0 1 9 3 20 10 5 5 2 9 9 0 2 7 18 0 19 1 8 12 0 3 10 26 7 2 1 4 12 7 3 2 3 15 9 5 0 6 5 11 1 3 9 21 0 4 99629 1 7 4 1 2
237 GCA 4 1 3 6 7 0 3 8 1 2 0 32 10 3 5 0 9 2 4 14 1 4 0 3 11 18 2 25 0 5 7 3 2 11 3 2 99609 10 1 5 15 4 0 5 7 0 7 7 0 1 19 17 10 13 6 15 2 9 8 11 0 4 3 1
238 GAC 1 45 9 10 5 1 3 7 4 5 3 28 14 36 6 2 2 21 4 0 3 5 16 33 4 5 8 6 2 6 3 5 10 99531 5 3 9 4 0 7 4 4 3 2 2 12 5 7 4 7 5 0 9 3 4 8 13 2 0 16 2 0 0 17
239 AGA 5 2 6 4 7 1 1 8 99684 2 2 3 11 5 0 4 6 6 0 2 31 11 0 1 10 0 21 2 4 0 3 8 5 1 6 1 10 10 0 19 2 6 3 0 6 1 1 4 0 1 7 6 0 7 8 1 3 9 10 4 6 3 10 0
240 TTT 13 5 33 10 6 2 3 24 3 7 6 2 2 6 12 4 0 0 1 8 14 10 17 4 0 3 0 8 0 4 4 1 1 3 9 26 8 0 0 7 6 3 0 7 12 7 3 7 11 2 12 15 6 1 8 2 28 0 3 5 2 18 2 99574
241 TTA 4 3 4 32 5 3 4 0 3 11 13 12 5 6 0 15 3 1 5 3 3 11 3 8 14 2 18 10 2 3 5 6 0 2 2 2 3 4 5 9 8 7 0 2 5 2 24 2 4 18 0 11 31 1 7 0 4 4 1 15 99590 3 9 8
242 GTT 3 2 14 2 4 1 7 5 5 1 1 1 0 4 9 8 2 13 2 3 5 19 4 14 16 4 3 8 0 7 1 3 2 3 4 0 4 0 10 2 5 0 17 3 3 21 1 99661 0 0 2 10 1 14 13 8 0 2 5 9 2 12 13 2
243 CTG 6 2 0 7 4 6 3 2 0 4 0 8 2 1 4 1 1 3 15 2 8 5 0 0 1 4 8 15 3 10 99660 13 2 1 1 16 10 2 3 15 0 13 9 2 12 5 11 2 1 1 10 4 2 3 3 9 1 3 10 18 0 12 15 6
244 TAT 13 4 7 20 1 7 2 4 0 4 0 1 1 3 11 9 6 7 3 5 18 1 7 1 8 0 17 1 0 31 1 4 5 7 19 3 12 9 0 4 15 4 4 0 1 2 8 3 5 3 9 99627 3 0 3 2 0 7 19 3 0 18 5 3
245 GGT 3 2 1 6 0 2 12 9 26 0 2 1 5 10 6 6 8 1 6 0 1 1 11 7 0 2 6 4 2 2 5 8 3 3 5 8 0 19 23 34 17 4 10 99608 6 13 4 9 1 2 14 1 1 0 5 20 1 6 7 4 1 6 2 8
246 ATC 4 0 7 3 10 6 3 9 24 0 6 15 6 99586 0 3 1 0 6 8 4 4 11 2 13 0 6 2 5 1 2 7 8 12 2 5 17 6 6 5 0 9 10 6 17 0 1 5 5 2 16 14 18 7 10 4 5 13 1 9 6 8 0 19
247 GCG 0 5 14 10 10 4 9 6 5 2 17 47 0 1 10 10 5 6 4 16 25 3 0 14 8 3 4 6 6 0 3 9 6 24 4 1 1 2 99524 5 5 0 9 5 8 12 4 2 8 3 4 19 14 1 1 9 4 8 1 3 19 5 5 22
248 GCA 4 2 7 0 9 1 3 13 11 4 3 18 3 2 9 6 5 0 3 3 0 13 10 0 8 6 17 7 16 8 0 3 1 3 4 19 99648 4 4 1 9 1 8 6 3 18 6 4 0 8 15 0 1 10 0 2 1 3 4 0 7 9 7 0
249 CCA 1 2 0 1 1 0 11 5 9 11 2 8 3 0 9 6 11 17 3 4 99630 6 0 2 4 0 12 17 6 5 3 2 0 3 4 4 1 2 24 8 7 2 20 5 7 3 4 2 5 6 5 3 1 3 8 5 23 2 0 11 22 11 0 8
250 GAC 4 7 2 0 10 6 6 5 1 17 8 3 5 1 1 2 8 7 22 3 7 6 10 2 2 12 2 6 1 17 22 5 6 99579 5 6 8 17 0 2 1 5 5 6 4 1 16 13 0 2 1 8 11 10 3 3 0 5 2 13 10 8 5 35
251 TCT 0 5 2 0 1 2 10 23 1 9 4 5 0 1 0 13 10 7 4 0 4 1 4 1 3 15 32 4 0 1 18 7 9 15 5 1 2 2 5 6 10 1 9 3 11 1 2 3 3 6 1 0 4 6 3 99657 0 12 11 6 9 3 3 4
252 CAG 8 11 3 6 7 3 0 4 3 1 7 4 3 8 0 4 0 2 99708 25 4 1 3 2 1 5 4 2 0 1 2 8 3 10 0 13 11 4 2 1 0 5 0 2 9 1 4 3 1 1 6 16 4 0 5 3 2 5 0 2 5 21 17 4
253 CGT 3 1 0 1 2 0 2 5 1 8 4 5 16 0 16 20 17 1 1 3 2 4 8 12 7 0 2 99629 2 6 1 2 1 16 4 9 0 3 13 17 1 9 23 3 0 14 27 1 5 8 2 4 4 4 1 16 1 3 9 2 1 5 9 4
254 ATC 14 13 12 2 3 2 0 7 9 19 8 4 1 99637 3 0 9 2 5 6 1 14 4 4 2 2 17 0 0 1 4 2 13 2 5 1 13 6 2 12 0 5 8 0 0 2 7 15 27 0 7 0 3 11 3 9 0 0 5 1 13 8 9 6
255 GCC 4 11 8 3 2 9 0 12 8 13 1 9 12 0 2 6 0 2 4 3 1 0 14 3 6 4 1 6 11 1 6 1 11 7 2 6 0 99639 5 21 12 8 0 1 3 0 5 3 15 1 11 12 2 10 0 7 3 17 4 9 3 13 5 2
256 TTT 15 0 0 25 4 10 1 0 3 12 13 1 5 21 25 5 28 11 9 6 16 6 21 2 12 3 17 3 11 4 4 14 4 5 12 4 4 0 7 1 8 0 7 2 0 3 3 2 6 11 25 11 9 7 7 3 7 5 5 0 3 1 1 99530
257 TAT 7 1 1 1 0 2 2 9 5 1 0 0 0 15 13 6 0 15 9 20 18 4 2 10 6 8 5 1 1 9 2 7 0 11 5 10 12 1 7 5 2 0 4 0 8 15 3 4 5 1 13 99635 2 5 6 3 25 4 2 6 5 1 5 15
258 AGA 1 7 31 1 3 2 7 6 99608 6 2 0 5 1 11 3 1 8 25 8 4 2 1 15 7 2 2 3 22 5 0 8 16 5 12 3 13 6 1 12 9 0 6 2 1 0 3 4 1 5 0 4 13 13 0 1 7 1 11 12 15 2 0 15
259 TTA 0 0 8 19 20 2 1 0 16 22 6 15 0 11 4 1 0 6 9 7 1 3 9 0 2 1 13 10 4 0 2 14 1 3 15 12 0 9 2 4 0 5 11 0 1 7 5 8 3 16 9 5 0 5 2 3 12 14 3 4 99613 13 9 0
260 CTA 3 2 12 10 0 15 4 1 5 3 2 16 3 7 7 8 10 3 13 4 3 1 0 0 8 11 5 7 99652 23 1 2 0 12 5 1 3 7 1 6 2 21 1 0 0 14 2 7 5 0 0 4 6 0 9 5 3 3 25 2 0 2 6 7
261 GAC 6 1 14 6 1 6 1 7 10 16 6 5 10 12 0 1 9 7 6 13 2 4 5 7 11 0 4 1 6 2 0 0 12 99675 5 0 12 3 2 2 4 2 5 2 1 3 24 3 1 6 4 0 5 6 11 5 6 3 4 5 1 3 0 6
262 GAG 11 16 4 13 14 1 1 2 13 1 1 8 12 3 10 3 10 6 7 20 5 9 5 3 2 16 4 4 3 7 10 7 4 3 99551 4 0 4 2 3 6 0 17 0 18 2 19 2 6 6 9 15 20 13 1 7 13 14 1 7 7 6 8 1
263 TTC 1 2 11 19 14 4 22 3 2 13 0 2 1 34 0 5 4 0 17 8 5 7 5 1 6 4 1 3 1 0 5 5 2 2 7 1 1 10 6 7 0 15 0 9 11 5 4 1 5 5 1 7 7 8 2 7 13 11 10 8 25 99585 3 17
264 TTC 20 9 10 3 2 0 0 3 1 2 0 8 3 1 1 3 24 23 1 18 9 1 4 1 1 7 3 0 3 0 3 2 7 0 13 7 1 9 0 0 2 5 10 8 1 9 19 9 1 4 5 7 3 0 4 3 5 14 0 26 4 99647 3 8
