# POSITION WT AAA AAC AAG AAT ACA ACC ACG ACT AGA AGC AGG AGT ATA ATC ATG ATT CAA CAC CAG CAT CCA CCC CCG CCT CGA CGC CGG CGT CTA CTC CTG CTT GAA GAC GAG GAT GCA GCC GCG GCT GGA GGC GGG GGT GTA GTC GTG GTT TAA TAC TAG TAT TCA TCC TCG TCT TGA TGC TGG TGT TTA TTC TTG TTT
1 ATG 311 42 40 15 229 20 195 0 121 21 34 22 49 725 994622 93 24 125 16 27 11 74 61 21 37 20 38 54 58 41 39 90 79 157 124 43 206 275 397 5 75 141 106 0 34 58 28 24 0 78 0 213 40 36 44 79 0 183 17 92 86 15 11 79
2 ATT 119 85 123 185 68 39 40 91 1 33 6 2 15 61 38 995330 73 324 282 2 5 39 2 10 5 55 2 50 4 19 5 17 5 36 21 21 33 438 43 49 14 2 35 1 129 337 200 416 0 325 0 87 9 28 25 43 0 25 200 15 2 137 32 162
3 GAG 48 58 208 48 339 87 122 497 16 245 674 17 38 29 1 64 417 484 322 225 21 136 35 5 133 150 284 230 395 47 8 93 69 82 991171 98 25 21 6 0 29 44 33 81 7 5 17 37 0 55 0 133 331 12 80 243 0 39 42 14 310 755 76 709
4 CAA 138 99 491 252 26 18 64 236 10 24 1 45 20 59 11 67 994970 1 29 50 20 169 66 92 9 144 31 129 57 712 179 159 22 9 100 37 17 9 6 0 4 134 187 298 185 19 24 34 0 40 0 41 49 14 9 11 0 54 228 12 1 15 34 29
5 GAC 1581 974 4268 2121 245 241 146 50 2 1001 481 569 1072 64 10 558 332 107 359 13 392 431 986 359 117 58 4 56 560 1160 82 596 154 974213 497 198 62 57 88 10 248 543 1594 255 155 113 245 161 0 16 0 7 5 165 375 416 0 27 240 42 684 91 209 135
6 GGC 1640 4146 4595 128 38 1040 83 577 107 1650 115 10 818 2073 823 851 18 7 34 33 4445 1827 871 1263 290 236 33 57 8 83 164 33 1792 118 160 41 297 42 168 753 59 960526 92 38 129 181 331 426 0 476 0 130 2092 1583 38 217 0 40 973 2 77 437 141 545
7 CTT 114 12 210 11 3 3 17 2 46 7 60 128 8 3 44 7 6 49 23 4 21 32 44 38 61 9 140 8 1 40 137 997116 173 7 197 11 32 26 36 4 47 30 49 135 63 51 72 0 0 4 0 2 19 43 40 93 0 45 11 284 58 10 37 17
8 CAT 0 129 39 168 20 8 13 2 18 25 81 13 1 25 304 7 15 120 39 993635 570 1142 500 697 67 13 58 25 182 127 118 4 266 8 292 132 0 5 17 6 27 142 39 86 9 54 8 80 0 22 0 6 13 4 35 18 0 10 28 86 51 7 371 13
9 GCA 88 192 38 120 22 17 18 1 0 31 14 14 192 654 18 187 1 33 23 24 471 73 53 124 10 56 19 17 6 98 45 16 52 32 90 0 996141 16 51 22 53 69 138 174 81 111 7 3 0 7 0 38 23 25 36 26 0 0 2 0 80 23 16 9
10 GGA 9 8 11 6 40 0 9 69 15 5 3 5 2 4 31 2 20 0 11 7 41 7 20 17 8 4 12 7 47 14 10 19 5 17 2 8 3 26 2 4 998783 29 64 10 35 12 117 166 0 1 0 7 7 16 54 11 0 89 8 21 21 8 1 10
11 TCT 25 29 39 24 154 193 154 203 801 9 940 114 552 1892 7331 2101 111 2201 1839 747 589 503 714 1036 2648 3656 4455 1968 5853 828 6919 1881 129 419 157 177 16 14 20 34 68 142 29 41 159 858 2 260 0 5716 0 2005 32 11 78 930772 0 1392 59 1475 3335 975 705 411
12 CCC 16 26 6 14 48 26 17 69 12 2 2 15 19 0 4 0 5 3 17 6 74 999067 7 18 4 23 6 1 16 26 24 8 7 34 11 30 56 76 7 18 3 4 9 2 4 13 25 4 0 5 0 7 15 8 18 18 0 10 11 6 6 8 3 1
13 GCT 114 4 139 12 59 92 110 116 37 162 67 116 15 14 10 42 124 65 13 16 6 35 19 5 110 183 4 21 3 15 27 30 8 490 97 264 131 2 36 996472 45 12 18 20 55 50 23 160 0 21 0 0 40 93 62 40 0 31 12 6 6 0 16 5
14 GCA 235 35 91 44 72 117 84 93 17 24 32 92 2 6 74 24 34 11 8 18 33 167 56 71 62 29 41 81 23 3 2 4 13 17 50 133 997127 172 55 63 38 149 18 16 1 9 42 12 0 5 0 16 67 34 80 78 0 33 5 32 22 15 4 9
15 TGG 2 4 16 0 3 11 24 2 84 22 18 11 10 13 1 2 4 8 33 1 10 5 2 6 41 33 61 167 26 60 24 3 19 1 4 0 3 7 4 16 18 12 19 70 9 14 37 3 0 5 0 1 94 2 18 14 0 12 998761 38 5 1 100 6
16 GTG 1127 118 173 38 85 229 116 186 572 11 75 120 17 12 14 12 198 43 236 4 16 7 6 1 774 25 20 832 24 57 30 70 23 5 243 45 89 446 106 125 29 170 302 6 58 36 992083 45 0 74 0 53 46 89 258 145 0 10 19 79 10 33 125 0
17 GAA 2 10 5 4 11 53 6 2 7 81 34 2 2 30 5 6 124 44 146 17 19 27 46 14 54 78 12 18 7 9 17 14 998216 12 73 10 7 30 24 9 49 27 37 10 3 21 11 26 0 1 0 19 337 44 12 4 0 3 66 7 10 2 15 9
18 CGT 79 34 535 9 0 22 0 1 14 87 60 75 9 11 7 3 19 4 27 17 5 98 3 38 98 44 111 997196 9 30 30 79 235 21 76 79 14 18 1 42 85 66 98 73 8 18 9 36 0 22 0 0 33 26 32 13 0 76 39 51 32 30 2 11
19 TTG 5 0 15 6 4 2 8 4 23 4 32 1 8 0 60 0 17 3 5 1 19 25 0 3 22 2 26 13 145 89 71 77 7 1 27 0 2 22 7 9 16 2 12 5 2 11 11 3 0 2 0 7 1 3 4 4 0 1 0 0 79 4 999066 2
20 TTC 10 3 65 4 137 40 89 521 643 17 848 16 245 173 184 20 18 99 36 123 2 36 258 12 189 695 37 800 70 18 216 78 117 52 430 72 21 137 236 157 11 8 6 31 72 96 29 14 0 59 0 15 10 31 36 54 0 130 12 99 62 992196 34 71
21 GGA 43 27 13 45 4 0 13 9 22 19 9 71 1 15 8 3 10 5 2 2 10 20 1 5 11 8 12 5 3 17 12 1 7 45 17 29 16 12 9 10 998765 5 129 44 3 27 85 7 0 27 0 4 5 32 119 72 0 33 19 5 30 5 4 9
22 TAT 9 11 3 27 1 11 3 2 2 20 3 11 9 2 0 4 26 18 14 29 13 8 11 1 10 5 4 15 4 35 0 12 11 31 22 22 10 11 15 26 4 2 2 9 3 7 8 5 0 17 0 999284 10 37 10 10 0 10 2 0 24 19 46 20
23 GAT 27 15 0 95 26 76 32 111 52 17 28 36 16 54 16 46 12 27 37 58 8 9 3 16 57 57 19 6 33 1 12 2 35 12 11 998524 11 4 5 6 15 37 9 37 9 4 8 11 0 48 0 6 30 12 35 19 0 21 18 1 7 6 55 0
24 TGG 1 21 1 22 16 4 21 18 11 18 12 20 2 11 3 1 9 6 4 8 0 8 2 1 104 2 58 64 17 22 37 56 5 5 1 27 3 1 4 10 39 11 17 13 5 15 0 1 0 1 0 3 17 14 18 0 0 21 998795 182 99 2 90 21
25 GCA 12 3 71 4 19 42 3 30 19 121 1 6 11 1 4 52 56 6 34 1 5 13 5 8 30 5 13 6 14 11 4 20 5 92 118 33 998433 7 20 4 10 15 6 19 79 39 191 143 0 21 0 1 54 8 15 9 0 11 0 30 6 1 0 0
26 CAA 8 23 20 13 14 14 12 4 19 3 66 8 6 54 4 15 998071 64 81 86 1 20 33 21 269 118 2 72 101 40 21 136 92 12 7 4 6 2 1 7 11 15 7 0 11 35 0 3 0 13 0 14 23 1 32 55 0 15 22 3 103 25 42 20
27 CAA 15 1 19 45 45 10 17 10 26 26 28 2 21 305 29 1580 996823 11 9 8 15 36 7 24 40 4 7 9 15 4 6 15 20 18 1 24 15 8 14 25 10 17 4 3 134 130 210 7 0 0 0 13 1 18 17 10 0 16 15 35 8 4 7 4
28 ACA 6 64 0 40 998021 151 72 1 6 13 55 22 20 22 8 17 4 157 10 7 12 11 5 16 47 10 40 28 2 45 3 10 15 14 6 8 61 205 145 154 4 4 0 1 4 6 2 13 0 182 0 1 41 32 73 45 0 3 3 14 6 14 8 11
29 ATC 2 10 9 7 23 5 6 0 4 4 2 14 40 999118 39 44 36 0 25 0 3 54 18 5 0 2 1 5 9 33 51 12 5 1 28 0 6 1 1 0 14 20 6 13 41 7 8 8 0 14 0 27 7 2 0 93 0 10 9 5 44 8 27 14
30 GGC 11 1 9 1 18 0 4 5 41 31 17 98 1 9 3 12 4 14 5 20 21 13 0 0 56 40 1 6 18 8 4 8 4 1 8 15 7 10 3 7 40 998951 66 75 23 58 28 20 0 1 0 7 23 30 42 24 0 7 5 24 6 6 0 30
31 TGC 7098 19 593 13 6 11 10 8 85 66 479 13 23 30 8 13 770 15 1094 24 16 1 1 6 289 161 10 186 151 96 215 117 50 5 3 8 13 13 1 37 20 3 18 13 41 26 12 35 0 9 0 3 16 6 26 9 0 987736 29 6 122 38 44 31
32 AGT 12 24 1 10 37 29 10 21 37 27 32 998951 21 3 5 87 8 4 15 0 0 23 0 10 17 33 29 0 4 19 12 28 7 2 3 4 6 2 12 0 2 33 6 2 21 23 2 15 0 10 0 6 46 155 2 89 0 5 7 6 7 1 10 7
33 GAC 36 52 228 36 897 1178 1583 632 162 369 292 1296 79 34 1 18 36 1 12 39 94 426 167 186 191 201 48 33 69 88 99 8 12 987020 44 46 32 57 76 10 324 343 136 25 9 27 20 45 0 11 0 38 885 523 619 848 0 24 8 45 103 10 60 9
34 GCC 5 14 12 0 10 4 7 6 23 37 15 28 13 13 13 34 80 25 9 6 10 12 6 20 81 1 0 27 9 8 5 10 49 1 8 22 0 998983 55 23 10 19 15 14 18 5 2 10 0 0 0 12 0 43 113 0 0 11 4 4 3 4 17 12
35 GCC 3 219 3 90 660 200 318 234 1 216 14 68 18 41 45 311 2 239 5 13 71 14 4 5 23 28 5 33 10 22 19 7 109 7 54 5 63 995233 66 180 50 7 16 3 79 21 79 66 0 0 0 17 266 9 500 20 0 5 7 4 0 116 6 71
36 GTA 32 2 1 1 4 10 1 5 12 7 29 2 14 2 22 16 11 3 6 20 25 0 3 2 4 3 1 43 13 70 20 1 4 3 0 3 13 4 19 17 1 3 106 12 999223 103 13 10 0 0 0 0 5 2 4 1 0 1 10 10 15 3 23 7
37 TTT 30 4 4 22 9 1 0 9 4 19 3 13 7 3 8 13 2 3 0 3 1 0 27 9 15 4 5 2 4 19 11 5 2 2 18 3 8 13 4 0 7 1 2 4 5 2 8 29 0 35 0 8 58 33 55 18 0 7 5 8 3 30 25 999348
38 CGC 20 16 9 1 7 16 0 5 13 62 69 0 10 1 4 1 5 26 4 19 12 10 3 4 87 998948 30 9 61 17 83 87 7 0 15 7 1 0 8 9 16 21 10 15 1 0 10 7 0 0 0 1 13 45 3 51 0 44 26 7 13 0 14 17
39 CTT 17 0 3 1 1 0 1 4 0 8 19 3 11 7 4 10 3 21 0 1 11 4 3 9 0 1 53 17 35 12 15 999164 0 8 4 3 1 4 6 3 87 95 108 15 10 6 1 0 0 21 0 4 1 1 15 21 0 19 6 0 35 25 51 12
40 AGT 3 13 5 25 9 45 31 78 1 92 9 998624 39 29 9 3 3 9 60 38 3 8 10 5 32 18 12 86 21 1 5 4 10 0 5 13 5 9 7 11 4 47 17 26 13 11 5 50 0 7 0 4 37 40 12 54 0 2 248 5 2 12 4 10
41 GCT 3 63 4 6 42 1 2 13 2 8 2 29 9 2 2 6 45 5 168 12 9 5 22 3 0 1 11 9 2 5 0 3 119 4 13 0 217 54 42 998333 5 0 3 4 8 51 1 25 0 2 0 7 31 52 36 25 0 420 1 43 1 2 2 5
42 CAG 13 2 16 4 55 134 424 5 16 204 20 24 1 4 10 2 58 2 996634 29 150 271 175 20 117 48 231 32 23 4 40 81 12 19 209 67 14 50 16 1 12 9 0 18 16 11 30 4 0 1 0 2 39 249 77 119 0 5 11 1 27 46 78 8
43 GGA 9 435 10 30 23 34 93 31 85 1854 36 333 1 9 3 13 12 85 6 62 6 12 14 1 90 34 64 14 4 12 4 9 18 15 6 2 6 6 12 38 993345 15 35 44 35 6 9 26 0 3 0 2 359 1110 235 1084 0 1 19 9 12 34 55 31
44 AGG 160 3 10 4 3 5 0 14 25 2 998786 2 2 6 3 5 25 0 1 0 31 24 5 10 4 99 162 21 38 1 45 30 0 10 5 30 12 25 8 6 60 45 100 46 7 8 1 10 0 0 0 14 1 8 4 6 0 14 4 0 0 7 21 22
45 CCG 70 89 41 39 20 15 45 10 99 7 66 9 14 0 12 1 52 15 104 21 69 3 998324 85 88 28 99 75 29 2 12 9 15 8 65 5 6 11 30 12 21 25 7 25 2 10 4 5 0 83 0 5 35 8 3 17 0 7 0 5 10 1 21 2
46 GTG 1 91 2 5 161 313 144 182 1 141 27 108 7 4 24 20 6 8 4 4 47 139 53 35 3 6 41 2 29 24 32 5 23 68 7 48 555 734 553 219 145 22 175 49 1 26 995029 67 0 17 0 3 41 89 7 27 0 172 14 108 87 5 33 7
47 TTG 83 0 100 1 8 3 2 12 2 2 6 0 5 9 26 1 27 23 30 235 29 41 31 0 94 36 114 29 6 30 58 144 1 16 6 2 2 0 1 4 9 29 2 7 2 4 0 28 0 27 0 32 7 0 0 0 0 12 7 18 24 54 998378 141
48 TTC 0 3 0 23 14 10 5 9 0 34 6 10 2 26 11 2 6 2 10 6 30 2 1 3 0 3 7 1 13 66 23 2 0 4 4 5 1 4 0 3 22 0 10 12 58 21 2 11 0 22 0 16 46 0 0 11 0 1 14 2 10 999364 3 24
49 GTT 3 0 6 5 6 2 13 12 0 1 0 1 5 3 10 13 3 7 5 1 0 20 2 2 4 1 10 4 52 5 71 32 80 7 6 4 10 11 14 7 8 21 25 8 54 249 82 998970 0 21 0 15 1 0 6 1 0 13 12 1 31 0 42 2
50 AAG 80 17 999185 25 23 8 6 2 15 49 20 14 8 13 10 14 14 10 6 25 8 3 12 5 6 53 5 51 8 1 7 3 3 15 12 3 14 0 6 9 0 16 0 17 20 0 20 4 0 32 0 1 17 6 48 1 0 2 4 15 0 26 0 3
51 ACC 15 16 0 51 61 998963 21 107 35 30 7 1 9 4 9 16 14 4 43 3 21 6 9 16 13 28 19 7 57 17 58 4 1 19 12 25 21 0 30 44 8 9 0 7 16 7 3 1 0 0 0 11 30 8 10 23 0 1 12 1 7 10 3 17
52 GAT 4 15 1 33 32 107 838 866 5 1446 2 61 185 415 58 436 130 24 139 4 17 10 7 2 0 16 5 4 0 25 85 21 31 19 55 985950 1128 1366 2198 468 75 19 16 42 89 233 58 18 0 20 0 31 383 51 349 932 0 249 1 1199 4 8 13 2
53 TTG 424 44 729 153 68 14 179 82 199 125 227 27 52 33 66 10 33 159 7 14 26 17 70 46 708 18 48 177 16 32 66 7 84 37 100 56 175 268 98 339 11 22 9 29 555 502 64 322 0 373 0 283 32 185 383 130 0 4 207 44 12 196 991526 78
54 TCT 2 4 4 76 7 8 0 4 68 18 51 99 9 20 16 13 14 155 6 11 14 12 1 23 142 59 2 19 6 11 8 16 75 8 21 17 26 0 2 27 6 7 7 20 14 10 37 1 0 0 0 3 250 105 22 998371 0 8 3 11 26 0 17 8
55 GGG 0 15 15 3 12 28 2 30 73 11 18 20 3 9 0 5 36 32 22 378 2 2 8 1 27 64 55 17 3 55 111 7 6 10 10 10 4 20 11 75 41 70 998165 37 111 30 4 41 0 2 0 14 7 7 18 7 0 14 9 26 129 37 11 10
56 GCG 15 7 3 9 27 18 15 47 17 19 15 3 37 6 13 18 11 13 29 234 29 10 18 51 11 8 3 9 2 3 7 6 40 170 10 142 40 36 998535 24 4 7 41 1 3 2 5 5 0 1 0 8 8 8 143 12 0 3 6 2 8 18 2 3
57 CTA 0 25 7 10 2 8 0 10 86 30 47 3 5 3 9 1 5 58 9 30 35 31 3 10 98 25 15 160 998723 43 105 27 12 5 5 15 7 22 3 4 12 8 5 4 14 5 5 6 0 2 0 2 8 4 5 8 0 5 3 4 114 45 43 2
58 AAC 168 998570 8 110 3 32 50 9 14 9 59 1 4 1 9 5 1 27 29 30 14 17 2 12 27 7 85 68 2 10 9 1 37 9 25 27 16 33 90 26 3 11 21 51 1 61 32 1 0 9 0 10 10 21 22 9 0 1 8 0 3 2 56 12
59 GAG 15 6 11 8 20 11 18 0 3 34 14 24 3 4 20 15 6 11 37 2 1 0 34 6 11 9 5 1 13 49 19 6 111 0 999235 86 7 3 13 13 4 6 7 6 3 0 5 0 0 2 0 22 4 0 2 15 0 3 10 3 2 11 5 6
60 CTG 8 3 2 10 6 6 4 3 14 48 35 20 24 48 62 11 10 16 5 3 22 27 50 8 12 45 41 6 53 2 998784 84 3 116 8 61 17 1 24 41 6 30 0 1 4 15 1 30 0 10 0 5 35 8 13 10 0 1 21 32 3 13 6 13
61 CAA 137 9 11 22 8 74 4 7 43 33 79 5 13 2 15 17 997835 218 62 29 4 1 43 8 26 13 33 44 1 3 10 35 151 247 47 108 29 76 3 29 36 3 2 41 31 22 15 1 0 30 0 98 27 5 1 21 0 4 4 11 15 30 31 38
62 GAT 11 21 8 3 73 10 30 15 7 3 7 34 1 2 1 3 4 25 2 2 7 7 4 18 6 3 7 6 0 3 73 1 32 5 573 998673 3 4 3 0 15 1 15 7 38 11 19 25 0 0 0 11 6 2 1 9 0 17 12 48 22 5 38 8
63 GAG 46 14 16 6 14 0 5 2 16 20 16 32 5 4 1 15 21 6 43 21 9 32 12 8 58 24 26 14 21 15 134 5 10 25 998724 109 3 19 35 28 29 2 106 26 9 6 5 8 0 2 0 3 0 27 17 16 0 6 7 4 49 9 52 3
64 GCG 13 0 60 9 4 5 16 4 18 0 22 21 13 2 3 5 2 9 7 0 8 11 4 4 13 4 15 5 0 6 4 2 44 5 19 17 20 7 999101 48 5 30 8 1 11 3 17 10 0 1 0 1 20 210 9 68 0 25 6 11 3 5 5 1
65 GCC 14 11 3 4 11 2 1 6 9 1 3 42 0 2 8 11 5 0 6 4 16 6 21 15 18 3 2 16 12 3 3 5 10 14 54 2 7 998273 55 9 4 2 10 6 306 245 144 268 0 3 0 11 71 1 62 8 0 88 39 22 15 1 4 3
66 CGA 16 2 3 27 4 2 19 1 24 69 10 45 3 3 0 3 11 21 9 52 23 11 11 1 999070 53 35 70 27 10 14 0 0 10 6 2 3 0 1 1 7 0 17 24 5 19 13 2 0 3 0 5 63 21 21 11 0 22 3 20 8 8 56 0
67 CTT 10 15 4 24 4 3 14 0 43 11 14 52 1 25 9 1 1 54 5 59 116 119 30 3 32 6 1 10 37 33 10 998953 4 9 3 6 3 3 4 3 17 11 5 11 12 0 2 22 0 3 0 9 12 36 16 63 0 4 0 5 20 6 8 4
68 TCG 158 6 62 45 47 23 76 5 262 4 243 21 2 79 62 33 291 3 52 11 11 7 5 5 141 466 9 381 22 5 19 20 22 8 14 5 38 29 63 79 8 43 30 39 2 0 27 13 0 60 0 11 167 7 996588 120 0 9 10 5 1 11 4 11
69 TGG 5 6 4 0 16 9 47 11 3 9 5 29 16 3 4 2 8 3 12 4 1 2 6 5 2 4 8 0 37 5 33 8 23 10 3 21 12 13 14 21 45 56 5 98 1 17 12 8 0 31 0 48 9 9 38 6 0 5 999055 6 68 8 51 0
70 CTG 20 3 3 6 6 0 1 0 34 4 54 22 3 2 51 2 0 18 3 1 18 15 53 8 38 12 4 8 2 9 999075 107 13 19 5 1 1 0 9 4 7 3 4 11 26 1 90 6 0 6 0 0 2 2 0 10 0 21 15 13 2 12 120 15
71 GCC 36 9 1 11 4 15 11 1 26 53 49 64 3 2 5 2 1 0 38 2 25 45 9 44 22 24 29 0 0 15 10 2 17 12 13 1 34 998503 69 197 28 103 27 16 30 3 3 15 0 8 0 0 35 196 44 27 0 40 1 4 2 5 2 7
72 ACA 10 3 8 47 998973 59 147 118 8 91 1 36 5 1 5 6 1 35 9 1 38 9 9 5 1 0 3 22 19 0 3 16 4 3 4 16 6 5 16 4 15 10 27 11 0 0 1 7 0 4 0 3 23 52 1 22 0 46 3 3 1 5 2 17
73 ACA 0 7 4 5 999284 4 245 57 3 0 1 0 5 23 3 4 16 1 13 5 6 17 8 1 3 4 0 1 0 0 1 0 14 1 11 3 16 11 15 9 4 2 0 6 10 9 5 2 0 16 0 41 21 31 0 6 0 6 17 2 6 8 5 2
74 GGG 4 1 1 2 10 6 8 24 2 2 2 6 5 1 10 0 4 2 2 1 2 15 4 0 0 4 1 2 6 1 6 0 4 8 5 6 18 20 3 17 89 98 999212 289 8 7 10 3 0 0 0 0 7 2 0 4 0 11 4 16 7 8 10 0
75 GTT 2 7 0 7 40 8 11 6 0 1 8 7 2 27 24 18 35 4 55 2 2 4 0 2 10 4 2 17 25 11 42 18 1 6 9 2 10 14 15 20 7 3 0 6 90 61 25 999182 0 0 0 0 11 0 2 12 0 24 0 14 54 0 30 1
76 CCG 6 0 0 0 73 32 6 15 32 22 35 33 1 9 1 0 26 32 96 26 11 0 998730 64 95 16 19 39 70 13 66 19 1 7 11 3 3 6 1 3 1 5 22 18 3 3 0 9 0 1 0 6 14 18 73 111 0 0 6 5 40 5 35 3
77 TGC 5 2 1 0 20 22 3 5 9 13 24 7 7 1 1 12 0 3 0 5 20 8 1 2 7 0 3 0 7 2 5 23 1 5 13 12 0 1 3 17 16 74 23 4 42 33 56 11 0 2 0 8 21 10 36 14 0 999131 0 190 14 1 44 0
78 GCA 0 9 5 2 6 20 62 5 13 4 4 7 1 4 3 0 8 4 10 7 1 1 10 1 74 18 79 15 3 4 6 0 8 1 3 13 999205 7 39 90 3 0 0 16 22 13 8 0 0 0 0 7 12 50 33 6 0 5 0 2 35 15 16 5
79 GCG 36 44 368 187 36 24 82 0 106 63 102 33 412 176 2 262 95 111 42 24 23 4 45 35 216 108 90 62 6 5 0 4 28 4 51 11 29 16 996352 42 144 104 40 50 18 1 2 36 0 3 0 6 10 26 52 117 0 10 4 7 3 7 22 2
80 GTT 4 9 6 4 4 5 0 1 85 8 19 5 14 7 9 29 3 0 3 14 2 2 0 1 12 33 12 8 2 32 19 23 1 1 1 5 13 14 5 20 29 5 2 3 167 69 10 999101 0 0 0 1 4 3 1 19 0 29 6 21 17 3 74 1
81 TTA 21 10 29 38 23 2 1 69 4 1 2 10 95 29 30 44 17 13 21 7 39 32 12 18 23 32 27 34 82 115 12 22 139 0 25 3 20 24 8 19 35 2 14 25 8 7 9 13 0 45 0 12 11 2 16 11 0 10 10 0 998469 2 139 8
82 GAT 8 2 8 10 17 9 5 14 9 5 14 6 8 6 3 3 1 9 7 7 4 7 2 2 2 5 9 8 4 3 2 1 6 25 6 999449 7 1 18 3 17 7 5 6 7 4 4 7 0 54 0 107 18 1 12 2 0 8 4 13 4 0 3 2
83 GTT 23 4 7 3 17 19 12 10 75 52 134 57 6 25 55 42 25 9 19 13 2 2 0 9 33 44 31 157 34 33 110 1 13 7 9 11 8 10 122 5 71 52 39 19 41 11 66 994409 0 14 0 14 42 32 48 11 0 21 5 7 50 922 39 2839
84 GTA 9 9 1 9 25 9 37 3 14 28 7 44 15 20 6 23 95 28 24 1 12 1 7 9 18 2 6 5 12 15 13 3 14 8 0 2 114 23 1 29 9 7 1 4 998931 24 14 96 0 12 0 10 47 5 24 16 0 42 5 24 10 8 6 4
85 ACG 0 12 5 35 30 123 999087 3 9 4 4 32 11 16 11 56 5 3 1 15 7 2 7 4 5 1 9 12 23 4 6 7 3 7 4 6 11 22 40 38 0 10 0 0 10 14 28 7 0 17 0 1 18 38 20 29 0 37 5 49 7 19 6 5
86 GAG 4 10 5 27 9 10 3 4 0 6 7 0 17 13 15 1 2 2 2 0 11 3 27 3 13 5 2 0 18 13 30 0 49 22 999263 11 26 2 31 23 0 26 25 63 2 19 9 1 0 7 0 2 4 19 2 13 0 3 11 12 0 12 59 22
87 GCG 11 9 94 32 33 0 9 14 1 72 6 25 1 36 155 34 11 48 12 2 51 87 5 21 24 7 37 8 44 3 14 10 27 6 0 4 14 33 998526 149 1 4 16 30 1 14 42 18 0 6 0 5 17 25 40 41 0 4 11 2 15 15 13 5
88 GGC 7 23 13 33 5 17 5 3 31 13 1 29 5 6 4 2 1 1 9 5 1 9 0 3 17 22 1 7 4 15 8 9 17 48 5 16 9 10 9 24 36 999150 2 85 19 3 4 17 0 9 0 5 22 32 86 27 0 4 6 15 14 0 17 0
89 AGG 9 1 26 26 3 24 12 7 21 11 998744 4 1 4 1 1 3 40 26 72 9 7 14 2 45 146 230 8 11 7 3 5 17 0 11 4 5 1 3 3 29 55 18 22 0 6 28 4 0 23 0 7 1 111 6 40 0 44 2 16 9 8 2 2
90 GAT 1 28 2 3 7 28 17 11 23 18 13 30 4 1 2 16 12 11 11 3 9 13 2 4 1 10 22 2 2 2 5 6 0 119 16 999187 9 51 17 3 6 16 50 37 10 10 12 0 0 22 0 6 3 14 8 0 0 13 21 21 8 4 14 4
91 TGG 8 13 17 0 9 2 9 3 3 47 14 62 0 8 5 14 71 11 3 10 1 18 1 3 13 12 36 22 7 19 41 24 7 1 0 5 13 17 5 9 66 38 50 20 8 7 4 0 0 17 0 0 15 2 18 1 0 18 999047 79 6 15 18 8
92 CTA 18 12 1 15 4 3 5 0 16 2 0 9 9 7 13 10 21 10 7 0 34 12 6 32 5 9 8 0 999184 123 2 68 6 1 21 1 16 5 6 18 13 4 2 7 5 12 2 4 0 5 0 7 8 15 1 1 0 22 2 30 118 8 15 0
93 TTA 6 14 0 4 11 21 8 8 1 3 34 7 12 3 24 12 1 0 7 1 16 57 34 36 38 10 9 25 19 163 40 66 20 0 9 7 1 1 0 11 8 33 6 1 17 1 25 36 0 6 0 0 22 15 5 4 0 8 12 21 998964 42 24 11
94 TTA 7 2 0 4 44 39 52 87 10 0 46 9 4 3 39 3 11 1 6 0 41 19 12 34 44 4 8 10 64 35 67 18 2 3 3 6 1 2 5 4 3 1 0 1 11 7 4 7 0 5 0 6 1 2 10 6 0 2 13 7 999154 5 5 1
95 GGT 3 5 37 2 7 3 2 17 24 14 102 7 10 15 4 1 3 3 4 11 3 18 2 2 38 19 18 14 4 14 8 18 5 10 9 10 2 0 2 2 107 40 12 998998 48 51 49 38 0 5 0 8 7 30 15 10 0 1 3 61 33 5 1 6
96 GAG 83 0 47 0 2 3 10 3 5 1 6 4 2 5 4 8 29 6 48 8 7 2 3 0 10 1 20 4 4 22 9 14 81 3 999183 1 82 5 7 20 42 7 71 3 15 12 2 13 0 9 0 1 15 2 6 5 0 11 0 0 15 9 8 2
97 GTT 6 1 6 2 14 4 11 20 74 0 11 6 3 0 0 1 7 1 0 12 16 11 15 0 6 127 27 29 42 22 5 40 15 14 2 13 6 2 7 8 31 34 1 10 69 20 22 999101 0 11 0 0 7 5 6 3 0 7 8 18 49 1 5 6
98 CCG 1 3 0 7 16 44 8 11 7 6 41 19 1 2 15 4 28 1 28 3 15 20 999141 24 35 16 66 106 19 7 8 37 8 4 0 7 15 8 1 1 10 9 17 23 16 4 6 2 0 6 0 6 2 5 13 0 0 4 12 23 16 0 36 7
99 GGG 2 14 9 3 3 7 1 5 23 3 0 43 6 19 8 3 10 1 4 1 5 11 0 0 4 29 32 40 7 1 1 5 0 10 2 13 2 14 61 2 73 118 999083 93 0 16 14 12 0 3 0 3 6 51 17 38 0 26 2 22 0 6 6 7
100 CAA 70 4 10 8 14 15 17 26 22 5 7 20 5 5 16 1 999154 14 11 15 40 23 9 63 3 40 18 23 2 15 26 13 49 2 40 3 3 0 10 0 4 5 5 2 3 2 0 0 0 1 0 7 3 17 3 14 0 12 4 5 80 4 4 4
101 GAC 0 13 17 20 2 4 11 7 3 67 0 29 3 3 17 0 10 33 15 8 0 6 1 5 2 12 7 12 6 5 9 9 11 999012 1 124 10 3 47 110 26 2 0 26 15 60 68 4 0 13 0 10 42 16 9 9 0 24 0 0 9 7 2 4
102 TTG 20 13 11 2 19 5 2 7 1 4 102 5 8 0 33 21 24 5 0 6 6 1 59 31 69 21 32 42 31 14 53 129 4 20 7 16 45 3 23 42 3 9 5 4 18 10 4 5 0 4 0 7 5 14 8 3 0 3 20 5 263 13 998657 4
103 CTT 4 3 15 2 1 8 10 0 7 9 8 1 2 5 20 3 1 6 2 13 4 9 28 8 11 0 0 31 7 188 60 999292 2 8 0 10 4 5 12 3 0 2 1 8 3 8 5 19 0 9 0 0 30 20 13 22 0 14 4 3 21 7 4 5
104 AGT 0 19 5 10 93 130 2 35 23 54 19 998796 7 4 33 68 17 1 29 7 1 30 3 16 59 0 10 18 1 2 2 21 1 1 5 11 7 2 6 24 56 30 18 33 16 1 10 27 0 28 0 7 5 34 70 21 0 6 0 14 24 10 8 10
105 TCC 0 29 12 0 1 0 3 3 7 57 18 0 4 1 5 4 5 9 6 12 0 5 6 0 36 13 20 18 7 4 9 16 6 17 8 16 0 1 11 21 158 5 18 14 11 8 7 7 0 2 0 3 58 999023 160 33 0 0 12 0 11 7 70 3
106 CAC 5 6 0 34 18 9 3 12 21 75 20 73 6 19 19 4 62 998067 145 16 40 67 238 72 65 9 27 7 4 0 6 5 29 63 207 83 8 0 5 40 23 18 75 9 7 4 7 10 0 7 0 26 9 24 12 51 0 31 19 16 19 1 2 41
107 CTG 2 4 3 0 18 4 0 1 15 1 1 6 14 1 9 2 12 4 15 3 1 4 93 4 13 8 6 7 90 23 998982 146 6 22 6 1 1 5 5 3 9 7 2 2 10 18 19 12 0 0 0 6 5 6 0 9 0 8 1 1 301 8 35 0
108 GCC 15 4 4 0 18 4 7 7 3 79 7 18 6 2 9 17 2 4 4 0 456 88 46 73 4 0 0 2 0 3 5 3 42 0 26 7 50 998322 13 73 69 48 16 23 24 26 16 52 0 4 0 3 24 34 3 149 0 13 24 7 1 15 19 7
109 CCG 0 4 6 1 7 57 0 1 8 7 12 12 1 1 7 12 56 2 9 0 2 98 999204 81 6 20 0 3 75 3 7 24 1 4 8 10 11 5 3 7 5 13 0 1 99 24 9 0 0 1 0 10 2 2 14 6 0 4 2 3 2 6 4 18
110 GCG 38 1 5 5 28 1 0 2 2 28 21 12 2 3 2 6 22 8 1 6 2 23 11 28 3 0 6 2 10 33 0 29 23 0 8 40 28 10 999167 48 0 5 0 1 2 20 2 1 0 0 0 4 7 30 62 69 0 15 2 62 20 19 10 5
111 GAG 2 6 0 0 29 16 0 32 21 1 1 6 6 28 3 15 6 11 16 16 16 5 4 3 7 4 11 12 3 15 29 30 59 3 999286 32 3 0 0 5 35 9 9 34 5 4 24 7 0 2 0 0 15 6 3 10 0 4 11 18 37 1 22 2
112 AAA 999544 3 31 26 0 8 8 9 3 11 2 1 7 26 0 34 0 1 5 6 8 9 2 7 7 2 14 1 5 4 6 11 16 1 25 16 5 1 3 0 3 5 6 5 2 6 12 1 0 15 0 7 1 9 0 11 0 19 3 1 4 1 13 8
113 GTA 6 1 11 2 54 69 80 21 7 4 11 0 3 8 3 0 15 2 1 6 1 6 1 18 16 14 10 3 12 2 26 27 0 5 1 0 17 8 13 11 10 5 22 21 999068 67 101 80 0 2 0 26 10 10 5 6 0 16 1 14 15 10 2 14
114 AGT 20 39 3 10 14 17 7 3 11 27 46 996101 18 8 10 12 16 3 5 5 37 30 7 13 39 7 26 0 8 39 10 43 16 19 9 3 473 614 76 396 21 71 17 30 17 11 13 85 0 13 0 10 65 20 75 10 0 1028 0 145 60 7 59 3
115 ATA 55 0 30 15 8 11 11 14 1 0 27 46 999315 78 1 22 10 1 1 5 3 7 7 7 3 18 2 25 14 3 2 8 20 10 3 18 3 8 2 4 9 11 3 0 12 8 3 28 0 3 0 0 14 16 9 20 0 4 0 2 30 7 1 2
116 ATG 4 5 3 6 12 10 5 7 17 2 7 7 7 26 999418 5 20 1 7 3 17 6 3 2 89 9 35 56 2 5 5 0 1 9 0 0 3 3 7 5 1 3 2 1 28 27 21 20 0 6 0 5 0 3 7 10 0 5 7 4 3 12 3 3
117 GCT 5 10 7 6 16 10 4 10 46 9 62 71 8 4 4 6 25 6 18 3 1 7 3 1 13 38 9 37 13 3 7 6 18 0 8 9 33 2 102 999211 0 10 2 1 10 1 12 13 0 2 0 11 2 6 31 21 0 11 5 1 0 5 4 1
118 GAT 3 0 5 1 5 19 4 2 5 9 8 9 17 4 2 10 20 12 13 8 1 8 5 7 10 4 5 1 21 4 4 3 6 124 18 999234 1 35 18 10 11 20 6 0 50 1 39 20 0 39 0 17 23 5 16 2 0 43 4 4 12 0 1 12
119 GCT 4 5 2 0 4 0 46 17 3 5 4 12 3 6 11 9 5 6 1 6 9 24 13 1 2 10 1 9 1 4 7 2 31 5 25 3 36 59 145 999280 5 12 13 0 4 9 4 6 0 0 0 0 10 22 50 2 0 9 5 9 0 0 11 13
120 ATG 4 10 2 7 115 2 14 68 3 6 1 37 42 16 998676 10 8 9 36 1 1 4 8 7 31 8 14 31 33 113 117 1 21 12 26 20 0 1 3 2 9 65 18 18 13 9 13 13 0 0 0 24 0 1 7 3 0 15 40 0 148 15 57 12
121 AGG 3 2 12 0 1 40 15 77 173 82 998667 13 21 4 0 61 5 2 17 16 24 24 3 27 54 44 4 10 57 26 4 24 7 8 2 0 4 18 8 26 56 12 5 4 7 15 9 6 0 11 0 35 38 19 23 47 0 0 3 0 80 9 21 15
122 CGT 6 23 8 8 26 12 64 1 77 11 46 130 6 4 10 4 0 13 13 24 0 2 2 21 84 140 6 995195 72 478 258 564 20 7 12 40 9 71 22 19 26 62 4 25 10 17 44 33 0 7 0 7 70 93 6 88 0 4 80 2 1124 0 788 2
123 TTA 4 1 5 4 9 7 6 23 72 1 3 14 0 1 25 18 2 10 14 28 5 13 10 6 20 26 18 80 5 67 55 39 15 31 9 11 0 13 0 15 6 28 9 3 82 40 36 10 0 8 0 9 1 7 1 34 0 15 27 5 998890 4 96 4
124 CAC 37 13 1 23 15 17 47 38 44 3 42 7 12 13 10 5 53 998851 15 72 11 22 48 57 40 24 1 0 30 1 13 13 0 75 17 55 5 2 29 2 8 15 16 4 5 7 10 5 0 6 0 8 10 10 30 23 0 5 2 14 2 19 26 12
125 ACA 1 32 4 100 998577 7 60 16 43 104 5 70 1 26 5 2 0 0 4 8 3 21 51 37 8 31 68 67 0 14 3 7 1 3 0 48 30 97 7 60 15 26 16 9 7 5 3 3 0 4 0 9 65 39 26 67 0 9 33 6 22 0 11 4
126 CTA 2 3 0 8 1 8 5 1 9 0 5 1 2 5 22 0 12 1 5 3 99 33 0 3 21 10 14 2 999323 10 26 59 0 1 11 7 3 2 9 4 2 6 2 9 11 48 27 38 0 9 0 1 10 6 1 3 0 32 0 8 1 9 42 5
127 GAT 0 25 20 4 27 0 2 6 5 43 0 65 1 12 1 4 15 0 27 2 9 25 7 10 11 11 10 9 4 2 5 18 17 151 23 998678 1 4 5 7 12 19 0 15 6 9 10 10 0 10 0 54 185 69 184 116 0 10 3 1 9 0 1 11
128 CCA 2 4 11 8 6 2 40 26 16 27 12 0 12 3 8 18 5 0 13 1 999338 73 19 59 21 0 7 10 8 2 5 25 4 1 3 21 7 7 0 6 18 10 10 7 2 1 3 1 0 1 0 19 2 22 6 8 0 2 13 11 2 0 21 11
129 GCA 11 23 9 1 3 2 22 11 10 14 42 22 14 2 11 3 8 13 4 13 8 36 7 9 12 19 13 51 21 32 27 2 17 3 20 11 998772 88 57 105 21 6 3 13 19 2 6 8 0 58 0 7 24 0 180 69 0 0 2 5 0 19 0 10
130 ACG 38 0 28 54 111 41 999183 10 7 66 18 3 0 13 55 6 9 0 1 0 4 14 12 3 22 0 6 3 7 8 41 42 6 2 6 1 1 10 0 11 7 6 12 6 15 4 5 4 0 9 0 4 2 7 13 1 0 0 6 0 33 3 20 1
131 TGC 4 1 0 11 10 20 29 5 19 13 16 0 3 0 17 2 11 10 10 2 10 8 0 0 4 5 3 1 6 19 2 25 3 21 14 10 7 4 5 8 12 5 12 3 14 5 0 4 0 2 0 38 25 2 9 15 0 999474 3 15 0 11 6 7
132 CCA 8 11 7 35 19 56 17 28 49 0 26 19 4 4 3 1 30 8 4 6 999078 59 87 31 6 2 10 31 7 26 34 22 2 9 1 12 58 24 13 16 2 2 2 9 3 1 2 0 0 11 0 2 17 19 7 32 0 3 2 0 12 5 1 5
133 TTC 10 13 2 0 12 1 6 4 2 6 4 5 5 6 3 10 1 2 0 2 0 4 2 3 5 1 5 1 5 18 3 11 1 6 1 4 18 0 1 5 1 0 6 5 11 6 2 4 0 1 0 5 7 5 0 4 0 6 29 9 33 999668 6 4
134 GAT 9 2 0 28 17 3 3 2 0 1 2 6 6 7 1 7 31 10 111 12 5 9 4 5 14 7 5 5 14 1 0 9 7 106 8 999384 13 6 13 0 9 23 0 2 5 1 3 7 0 15 0 6 7 6 3 3 0 0 24 2 2 4 2 3
135 CAC 6 18 11 23 3 35 22 11 3 2 3 2 8 1 3 5 45 999500 0 40 1 43 5 34 7 1 11 6 0 2 7 8 8 9 3 3 7 2 14 0 3 14 3 2 3 2 8 0 0 0 0 18 0 6 2 0 0 2 0 5 6 5 3 6
136 CAA 10 12 22 13 63 4 5 97 6 3 47 11 10 4 19 13 999167 22 94 12 4 5 5 13 4 4 2 7 0 7 12 4 15 1 21 3 10 7 0 3 5 1 2 11 2 8 19 14 0 10 0 9 58 7 40 8 0 6 3 16 2 2 3 13
137 GCG 47 3 26 2 37 3 11 67 189 6 583 28 782 44 155 1429 96 8 78 11 3 5 16 6 256 321 5 326 82 177 27 181 24 4 5 8 81 10 991934 128 4 7 4 30 16 425 73 66 0 165 0 1215 17 3 7 32 0 34 28 21 151 327 149 22
138 AAA 999390 10 58 16 2 10 4 4 28 1 52 34 1 4 3 0 0 7 33 0 9 9 3 4 5 42 41 18 3 5 2 0 4 4 7 1 14 27 10 9 2 1 2 0 4 2 14 0 0 36 0 7 8 5 9 9 0 11 9 0 2 2 1 2
139 CAC 1 53 56 64 9 10 9 14 22 14 37 5 9 0 3 11 86 998747 18 43 17 10 21 46 24 3 9 27 12 50 11 36 1 35 15 63 42 39 3 22 1 3 9 7 29 17 6 10 0 11 0 0 1 34 36 4 0 5 7 4 23 67 10 19
140 CGA 0 14 10 1 1 0 0 33 50 17 5 21 6 0 5 1 2 14 1 0 7 7 5 14 999345 6 13 13 23 9 12 25 0 1 7 1 3 0 1 5 7 47 0 54 0 3 3 11 0 5 0 0 5 20 18 56 0 1 10 1 33 11 36 1
141 ATA 2 1 3 18 38 1 10 37 6 7 12 2 998756 137 19 70 25 0 2 36 0 0 4 8 14 33 0 4 12 25 7 17 0 19 1 8 6 6 0 12 4 16 10 6 183 81 79 103 0 6 0 10 2 5 16 17 0 13 0 50 17 2 10 12
142 GAA 50 5 12 1 9 0 7 3 10 4 6 6 14 17 23 7 2 4 4 3 28 6 2 20 0 1 5 2 5 3 0 11 999555 4 2 13 5 1 3 1 12 8 28 14 2 7 3 13 0 15 0 3 6 1 5 0 0 2 5 12 0 2 5 3
143 CGA 3 0 0 16 384 25 22 537 14 41 6 24 31 2 51 27 6 123 3 23 50 30 23 13 997618 47 62 75 98 3 55 7 2 2 13 4 26 13 1 5 16 24 11 35 33 25 85 53 0 1 0 1 39 12 14 59 0 2 19 20 40 18 7 1
144 GCA 23 1 10 43 7 5 10 3 5 0 9 20 23 20 2 14 5 2 17 2 2 12 6 10 1 0 1 2 3 2 0 0 18 1 14 4 999295 31 140 38 1 4 5 2 7 9 20 7 0 6 0 3 24 13 5 29 0 7 7 10 2 33 1 4
145 AGA 27 12 0 25 4 3 10 4 998663 7 24 10 2 6 6 2 1 29 9 122 16 5 6 10 92 36 94 145 89 38 48 18 3 1 8 2 3 18 36 8 29 15 8 27 1 11 13 3 0 4 0 4 38 3 18 4 0 24 7 12 58 58 3 18
146 ACT 73 19 419 74 80 13 6 993287 182 37 64 53 161 29 4 23 174 173 178 123 19 2 31 5 60 176 204 4 331 97 344 38 404 16 243 34 81 81 9 89 19 24 20 7 500 194 141 937 0 1 0 15 36 5 23 39 0 121 4 31 327 18 95 3
147 CGC 12 4 8 0 4 3 2 9 80 10 53 52 0 1 3 4 6 7 21 19 7 3 4 34 13 999038 22 33 32 0 24 90 1 1 1 2 4 6 7 7 19 21 50 25 4 9 0 26 0 14 0 16 3 6 96 11 0 20 1 7 14 6 16 9
148 ATG 7 8 14 3 1 27 0 12 0 7 0 9 43 12 999509 34 9 13 15 10 0 0 2 2 4 7 3 2 0 15 3 4 5 8 6 7 3 5 2 1 10 3 2 1 79 7 1 2 0 3 0 13 2 5 2 4 0 12 0 0 11 2 5 24
149 GAG 298 311 175 301 2 1 16 5 5 17 92 6 220 41 33 420 174 84 62 10 0 2 3 0 10 31 26 28 117 135 127 420 49 24 995214 86 4 33 11 11 224 27 8 265 21 60 66 38 0 22 0 62 7 139 18 18 0 169 5 26 17 26 60 118
150 GCT 40 3 7 3 18 9 20 28 12 26 9 17 1 16 14 1 101 308 73 72 3 44 20 3 13 5 73 3 0 1 13 2 35 7 19 4 23 126 173 998273 5 1 18 18 0 57 33 11 0 17 0 17 25 31 55 18 0 15 6 16 4 26 2 7
151 GGA 11 135 11 19 5 33 0 2 17 6 66 12 0 4 5 9 7 11 1 12 11 9 3 12 46 44 26 16 10 6 12 0 148 13 98 16 8 3 19 14 998641 66 110 43 59 28 6 32 0 9 0 10 12 6 27 15 0 25 5 14 2 5 0 5
152 CTA 11 4 19 14 1 5 7 1 9 6 9 6 1 1 93 5 6 4 2 1 35 13 3 1 9 5 15 25 998892 81 226 166 7 22 18 3 7 18 9 11 3 27 2 0 5 12 20 6 0 3 0 45 10 4 2 28 0 9 4 9 13 0 16 11
153 GTA 0 3 0 11 53 18 15 4 19 4 7 4 139 113 247 104 0 1 21 7 133 754 123 455 22 6 1 13 92 181 443 551 14 2 8 0 42 3 5 6 19 23 5 9 994218 132 78 8 0 20 0 5 9 6 18 4 0 67 12 4 380 588 261 510
154 GAT 2 23 7 2 6 17 7 10 11 10 109 6 1 8 1 1 2 8 5 6 20 1 9 30 5 40 49 3 3 42 2 15 24 25 6 999206 6 4 3 2 42 13 10 22 7 43 26 11 0 6 0 12 7 5 18 4 0 5 2 5 5 6 1 13
155 CAA 43 13 10 11 598 54 740 914 140 13 19 48 412 473 1047 633 967556 33 3 12 11 60 23 38 3 21 1 34 13 503 66 16 680 0 1269 21 47 17 6 36 75 39 228 24 671 4180 769 252 0 950 0 1035 52 38 3 31 0 425 14999 317 14 130 75 56
156 GAT 2 25 15 2 2 6 9 3 5 0 5 23 2 0 1 3 14 14 10 14 17 3 5 1 3 2 36 15 3 19 2 20 2 3 14 999260 27 14 46 56 8 0 4 4 5 8 1 0 0 142 0 22 3 4 19 14 0 13 9 8 12 0 21 0
157 GAT 6 18 3 7 1 8 6 5 0 0 2 11 1 1 3 0 6 9 2 0 4 2 3 1 1 1 2 4 11 4 3 3 14 18 1 999517 17 10 25 1 45 2 7 31 20 3 28 11 0 8 0 47 7 16 2 0 0 11 3 19 1 1 7 0
158 CTT 9 44 7 8 31 19 5 20 29 0 22 0 8 4 81 9 30 11 18 21 6 0 43 2 23 13 111 5 69 4 132 986751 11 0 10 1 8 2 19 2 9 9 18 3 11 12 5 21 0 351 0 1489 16 6 13 5 0 19 605 8 2 1207 27 8576
159 GAC 14 15 2 28 43 3 26 50 26 18 7 0 14 4 6 3 11 5 24 21 4 1 3 0 62 10 35 31 2 31 2 4 16 999105 53 4 3 0 11 5 1 13 13 21 3 28 3 4 0 169 0 8 0 3 4 7 0 1 3 3 5 6 0 3
160 GAG 21 36 23 20 12 2 24 1 8 26 53 15 6 4 3 3 425 20 49 12 12 0 6 13 51 27 34 15 0 9 43 20 64 450 997616 417 24 63 16 12 5 44 6 29 4 2 13 10 0 4 0 40 38 8 4 1 0 32 4 31 2 27 14 27
161 GAG 28 5 19 3 0 7 7 7 6 3 64 2 17 0 8 17 64 8 4 11 24 2 12 0 1 2 2 7 3 5 3 19 42 0 999346 9 5 41 5 14 5 22 2 31 1 6 1 5 0 4 0 6 7 13 15 0 0 8 6 19 14 1 6 6
162 CAT 13 347 1 1386 56 0 15 20 5 17 10 2 16 4 9 3 0 57 16 997159 8 0 6 2 12 22 45 2 7 9 3 0 1 43 0 0 9 1 20 11 238 6 61 229 0 8 12 4 0 1 0 18 5 3 20 0 0 3 2 10 19 14 9 1
163 CAA 71 13 31 1 611 270 265 47 34 18 153 7 343 1498 1415 720 983565 13 5 53 17 35 34 8 81 17 57 25 131 1976 169 1046 20 18 36 14 200 379 104 229 2 25 14 51 832 1301 421 187 0 689 0 935 58 10 58 32 0 411 76 187 302 354 136 190
164 GGG 8 10 1 4 2 13 0 12 24 3 5 1 2 0 4 1 2 3 7 2 7 9 15 9 41 2 6 0 5 4 4 1 4 5 12 13 10 4 2 11 78 55 999217 100 81 14 6 41 0 9 0 9 29 16 2 11 0 15 2 35 1 9 0 2
165 CTG 2 48 5 53 32 43 5 27 7 9 1 5 54 50 91 48 4 7 38 8 185 34 20 19 23 22 8 2 10 14 997251 105 4 13 13 3 26 18 8 6 0 6 0 12 181 367 122 129 0 56 0 53 5 3 0 0 0 41 9 51 233 61 111 239
166 GCG 40 22 79 15 30 40 35 2 22 1 32 17 8 34 1 40 26 7 2 11 4 26 4 3 0 3 3 2 71 95 28 8 18 40 80 5 8 12 998519 92 6 0 6 22 2 67 7 23 0 5 0 11 26 50 3 9 0 9 8 22 144 9 84 2
167 CCC 5 15 37 2 80 24 14 31 7 0 16 5 311 72 73 354 58 1 27 0 120 994513 32 29 24 10 16 1 213 161 885 217 10 6 28 8 12 15 20 7 38 2 69 22 148 224 356 226 0 15 0 50 5 14 13 15 0 11 0 65 927 1 328 12
168 GCG 97 10 1 8 22 190 95 30 4 68 28 152 30 120 21 25 9 14 1 57 9 32 13 3 32 74 115 5 59 21 44 15 4 6 72 2 28 49 997395 128 20 13 10 3 23 17 40 18 0 13 0 4 91 197 38 195 0 2 126 2 21 22 9 48
169 GAA 13 13 7 8 2 6 16 25 4 13 15 19 3 4 7 5 16 4 42 9 8 28 2 10 14 2 12 4 6 13 1 8 999200 1 86 40 8 5 1 0 14 25 43 69 39 23 6 30 0 0 0 2 6 4 4 0 0 16 0 9 19 8 3 0
170 CTC 4 8 3 1 2 6 0 1 5 0 2 2 5 3 38 11 6 6 5 7 8 114 6 46 7 10 6 5 40 999065 149 37 10 10 1 12 6 11 0 1 4 9 8 7 7 12 1 10 0 1 0 0 14 2 1 4 0 156 0 28 3 2 53 19
171 TTT 3 4 3 1 1 15 6 8 6 20 143 6 0 4 16 8 5 2 19 8 13 4 12 23 11 83 2 11 182 22 71 32 8 11 2 32 17 0 4 3 5 9 46 34 5 20 50 6 0 1 0 0 31 7 34 11 0 1 14 2 36 0 26 998841
172 GCT 0 2 40 13 10 17 16 5 165 1 55 4 8 0 7 4 74 9 9 11 2 26 1 3 118 3 47 91 0 18 4 2 58 20 44 16 6 15 38 998674 7 8 0 1 64 25 56 124 0 0 0 6 0 30 0 3 0 1 7 0 6 8 13 5
173 AGG 18 6 0 2 0 13 5 7 156 19 996227 60 1 3 973 0 196 12 141 8 7 4 16 1 7 93 164 104 39 206 65 242 91 1 4 0 2 18 29 37 18 7 12 7 47 8 22 115 0 2 0 11 56 12 38 75 0 10 20 0 361 0 200 2
174 TTG 2 1 3 5 0 2 4 4 0 1 2 2 1 10 23 1 4 2 5 4 4 8 10 13 6 27 3 0 22 41 14 103 7 1 0 12 5 6 2 1 5 16 8 15 5 5 2 6 0 1 0 1 3 22 2 1 0 13 17 75 30 6 999404 2
175 AAA 996811 3 118 2 25 8 3 4 5 3 11 11 2 52 14 12 109 3 27 10 2 30 16 2 18 1 23 6 471 161 258 543 8 18 12 5 3 1 1 2 29 34 5 30 113 277 11 108 0 28 0 1 1 0 27 11 0 5 4 19 432 14 30 7
176 GCT 1 34 8 5 34 10 0 0 8 1 3 7 9 9 0 6 54 4 3 16 14 2 11 1 67 57 38 35 13 11 11 23 10 38 3 5 86 89 41 998875 14 16 19 20 7 29 5 8 0 10 0 2 27 54 16 55 0 5 1 0 10 15 43 2
177 CGG 21 411 0 1029 2195 9872 873 4393 36 968 115 5522 1444 1225 1204 686 236 23 181 699 29 10 6 33 92 65 926115 216 2176 833 1782 2088 338 301 2311 223 302 1306 1818 1238 812 553 3738 1523 432 23 594 245 0 44 0 605 1536 1456 4565 583 0 1103 1403 2408 1966 2868 736 392
178 ATG 248 5 64 2 103 346 38 79 370 7 15 22 79 18 991193 50 13 248 143 156 53 177 138 368 85 97 241 666 312 215 45 79 45 2 45 6 7 0 47 7 21 1 22 22 42 9 154 101 0 966 0 635 4 18 9 13 0 101 499 268 226 895 6 154
179 CCC 3 3 14 0 10 55 32 10 132 62 135 17 55 78 5 117 56 1 59 7 43 998160 157 156 71 26 25 51 12 79 15 14 3 6 4 10 2 7 33 0 7 5 6 1 22 16 3 14 0 9 0 1 16 63 23 6 0 4 7 7 20 7 33 5
180 GAC 2 8 9 29 64 4 24 53 73 9 57 14 154 35 2 22 4 19 11 21 53 2 1 9 34 9 23 6 5 16 14 31 67 998223 1 109 52 54 38 32 32 26 0 12 11 7 19 17 0 4 0 34 5 12 44 3 0 4 80 3 1 136 20 137
181 GGT 9 5 4 0 44 32 5 6 56 19 19 171 3 7 0 3 15 0 0 8 14 2 0 1 59 18 53 55 3 28 5 6 22 0 5 4 10 55 17 9 3 41 6 998344 43 195 3 127 0 8 0 115 23 43 3 50 0 163 3 31 2 13 12 0
182 GAA 8 3 5 38 15 6 42 39 12 18 3 3 30 7 2 1 9 5 33 12 3 6 0 11 0 26 2 9 12 6 1 0 999193 14 68 4 32 3 18 32 8 21 46 61 10 16 15 4 0 1 0 2 4 14 25 11 0 3 6 2 9 8 3 0
183 GAT 4 3 4 0 5 1 12 11 13 4 47 1 20 3 1 13 3 2 6 14 3 5 5 5 1 10 67 13 12 0 3 0 4 8 0 999540 7 0 1 10 12 6 23 18 7 11 2 1 0 9 0 11 11 2 2 0 0 9 0 2 8 1 3 1
184 TTG 12 44 16 3 11 1 1 1 3 2 36 17 2 7 12 0 22 0 165 3 21 14 6 61 13 36 7 19 1 60 21 57 12 2 6 2 1 1 7 0 15 2 4 0 3 1 10 1 0 20 0 9 11 3 9 14 0 5 6 5 31 5 999140 1
185 GTG 1 0 1 2 6 8 6 4 22 11 10 24 4 13 2 11 0 5 3 5 2 2 1 11 13 26 9 6 5 15 11 6 0 4 1 3 29 18 47 2 1 7 3 3 46 100 999402 5 0 0 0 6 2 15 3 4 0 0 0 9 38 1 4 2
186 GTA 0 6 8 2 7 3 3 0 9 1 6 2 3 6 15 26 10 0 17 0 5 3 34 9 3 3 0 2 11 28 25 7 1 5 5 6 15 38 23 43 12 3 5 22 999348 33 22 109 0 0 0 1 0 0 5 2 0 6 2 8 23 0 8 1
187 ACT 12 13 6 1 1 81 8 999509 2 28 8 12 5 15 0 3 0 4 9 21 0 8 4 2 1 11 3 3 5 2 4 0 3 1 0 1 5 18 2 4 0 1 8 2 6 10 20 3 0 11 0 11 2 32 2 43 0 4 1 5 10 3 4 7
188 CAT 0 5 1 15 2 0 2 2 15 4 1 6 11 16 6 7 61 20 20 999178 11 19 16 56 8 19 29 36 12 23 64 25 0 24 5 18 4 4 8 1 3 3 2 4 1 9 0 9 0 17 0 112 3 5 10 3 0 35 1 6 8 1 11 3
189 GGG 2 10 1 2 2 22 4 3 2 42 3 61 19 0 0 4 7 7 3 0 4 10 3 1 3 5 14 1 15 34 1 5 0 4 1 1 7 4 2 17 18 7 999341 78 49 8 28 24 0 1 0 2 46 35 6 2 0 2 2 1 12 4 4 4
190 GAT 2 1 6 9 3 6 8 1 12 3 11 0 0 2 2 0 3 14 11 17 0 6 7 5 6 16 10 1 5 3 0 21 14 71 55 999488 4 18 0 6 5 4 8 41 3 2 18 4 0 12 0 0 5 20 1 4 0 7 1 10 6 1 1 0
191 GCC 9 3 4 19 13 2 1 1 5 25 8 15 2 13 18 12 6 767 1 78 3 14 16 8 21 24 13 4 211 68 4 57 11 6 7 8 23 993909 103 68 6 1 5 20 9 8 27 60 0 56 0 48 7 37 32 1 0 0 3 7 74 3292 41 686
192 TGC 3 9 12 10 1850 395 8065 3442 17 7 23 19 44 140 2 34 61 0 0 4 10 1 1 14 2 11 0 32 6 17 3 0 10 35 3 7 9 10 17 21 11 5 66 8 2 10 15 15 0 27 0 32 1 1 19 3 0 985340 2 30 1 5 11 50
193 CTC 0 5 3 2 1 1 10 3 6 7 20 2 4 0 100 3 62 4 1 1 7 11 18 55 9 92 30 1 8 998949 140 42 0 8 5 7 6 2 22 0 0 2 5 4 20 4 34 16 0 6 0 0 6 2 8 1 0 3 10 2 168 5 53 4
194 CCG 1 6 5 4 29 26 66 4 20 22 30 7 10 6 5 22 68 1 21 2 13 29 999087 118 43 27 7 20 0 33 19 4 4 1 2 32 20 5 6 2 1 3 1 5 9 1 2 4 0 7 0 0 2 7 9 9 0 15 6 0 41 2 43 6
195 AAC 39 999369 41 76 24 31 14 6 9 37 2 28 7 0 0 6 1 3 7 3 3 0 6 4 4 7 5 11 2 7 1 2 0 22 0 17 6 1 6 4 0 1 6 0 1 2 23 0 0 2 0 94 13 13 3 1 0 3 3 2 13 6 2 1
196 ATA 0 14 6 17 6 5 9 7 11 89 33 48 998655 76 17 310 27 7 14 1 5 7 1 3 53 73 40 15 3 8 1 5 1 7 1 9 0 4 0 1 2 2 16 8 2 12 16 16 0 5 0 6 125 10 66 39 0 5 7 8 43 2 0 21
197 ATG 7 4 26 1 12 15 11 17 25 1 2 1 4 26 999292 23 91 17 92 3 0 2 5 2 20 1 10 2 20 3 2 7 0 50 8 56 11 5 6 1 1 5 2 1 13 14 20 1 0 8 0 1 2 0 1 0 0 9 1 13 16 4 5 2
198 GTG 14 1 2 2 1 2 8 12 11 2 16 1 1 11 9 3 15 7 5 9 1 7 4 2 22 21 16 6 4 9 8 2 16 9 1 4 28 9 14 6 10 7 24 9 176 42 999240 89 0 13 0 2 7 1 0 9 0 1 0 6 6 4 31 2
199 GAA 21 1 23 20 2 12 1 0 19 65 8 18 3 7 7 4 18 38 16 16 0 5 10 2 9 1 16 43 2 2 13 9 998829 26 26 11 23 4 2 113 0 78 16 17 12 6 1 24 0 31 0 1 20 122 3 39 0 50 7 99 7 5 3 14
200 AAC 15 999281 10 110 12 94 16 0 9 13 8 10 13 3 2 0 1 21 2 23 3 0 1 9 5 2 2 7 7 1 84 3 11 17 4 10 2 19 1 3 0 9 1 3 20 17 14 21 0 0 0 11 14 8 5 6 0 0 1 3 13 7 9 4
201 GGC 3 1 6 8 3 4 16 28 13 22 32 9 2 2 0 15 8 1 0 1 0 3 6 2 18 25 9 44 3 6 6 15 0 6 2 29 11 2 10 10 272 998901 35 189 9 8 7 1 0 2 0 3 19 3 73 5 0 56 8 5 1 14 8 0
202 CGT 31 11 66 1 19 3 2 2 87 2 203 15 0 15 0 5 3 6 0 2 17 3 3 6 30 32 112 998515 9 3 136 15 2 9 12 3 0 1 1 0 4 29 2 12 0 0 11 1 0 10 0 1 21 51 99 21 0 48 0 32 65 2 204 5
203 TTT 0 0 0 2 6 1 1 4 1 4 3 5 1 5 0 8 3 0 8 0 1 4 0 10 12 9 13 1 15 6 0 49 0 0 16 3 6 12 9 7 5 4 6 1 4 13 15 6 0 1 0 3 5 1 18 1 0 12 5 42 31 152 10 999440
204 AGC 7 33 11 47 32 20 30 24 33 998795 0 51 3 51 9 97 23 2 5 4 17 19 6 4 49 21 48 10 2 0 3 16 4 3 15 12 0 9 0 9 20 1 47 18 4 2 8 8 0 5 0 1 56 85 67 93 0 25 5 11 3 6 9 2
205 GGA 1 2 4 7 6 2 6 6 1 6 22 2 16 2 0 7 2 3 29 0 2 6 2 2 2 9 2 7 0 2 13 6 10 0 3 3 0 5 0 10 999346 196 53 21 9 72 26 4 0 0 0 8 6 6 13 3 0 11 1 7 0 6 3 1
206 TTC 1 2 1 1 2 0 6 0 4 28 10 16 2 5 8 2 5 2 0 8 0 0 0 6 0 20 15 4 12 32 5 1 3 3 6 1 4 8 0 0 13 2 4 2 33 2 26 7 0 1 0 18 39 8 29 20 0 2 3 55 10 999438 20 45
207 ATT 1 7 3 9 5 33 26 14 4 10 0 5 47 27 9 999426 3 9 27 11 4 0 6 0 3 10 8 8 1 13 20 0 2 6 5 5 12 1 7 8 0 9 12 5 8 0 33 26 0 9 0 1 11 18 0 8 0 10 2 13 8 8 1 23
208 GAT 5 28 0 3 1 22 52 26 2 1 2 17 1 19 1 6 3 7 0 7 2 29 4 6 1 4 4 1 7 5 0 3 48 35 12 999261 60 44 26 42 19 2 37 45 1 0 8 10 0 0 0 15 3 11 1 3 0 0 8 9 4 3 19 5
209 TGC 0 13 4 1 6 77 176 100 26 52 55 21 0 19 18 10 1 2 4 1 15 6 24 7 15 24 2 48 7 26 15 12 6 6 12 2 0 17 30 105 2 3 2 37 11 3 6 0 0 2 0 47 5 7 15 10 0 998753 2 39 5 17 17 52
210 GGA 15 0 1 3 7 10 6 4 12 0 11 32 3 28 0 4 12 11 8 6 3 1 5 2 7 13 4 25 1 0 0 7 13 23 1 5 6 8 3 9 999128 92 48 135 37 55 53 36 0 20 0 3 13 8 2 15 0 8 0 10 5 0 3 20
211 CGG 5 6 0 2 1 4 18 2 19 18 35 1 2 3 5 5 5 3 1 13 15 23 0 3 13 78 999133 56 67 27 60 24 3 3 3 2 3 2 4 6 7 7 8 13 11 9 5 3 0 3 0 3 46 31 18 43 0 15 2 43 1 1 50 8
212 TTG 4 0 2 6 4 50 1 19 28 2 21 2 2 0 13 17 2 2 19 1 23 14 2 6 28 2 8 29 114 41 50 26 3 3 1 6 9 2 1 2 3 1 3 16 2 9 6 20 0 14 0 0 21 9 4 6 0 6 6 0 40 1 999267 1
213 GGT 2 2 0 8 0 0 0 14 7 1 98 2 1 2 0 0 0 1 10 1 17 6 15 4 38 22 0 52 0 6 9 23 1 10 1 10 4 22 17 8 53 21 8 999271 25 10 0 36 0 6 0 2 4 8 7 6 0 13 0 101 1 8 0 6
214 GTC 5 1 2 1 0 6 0 4 0 6 2 5 3 46 49 1 7 0 4 6 1 6 2 2 1 27 7 0 23 11 25 25 4 2 10 0 11 5 15 42 30 8 87 17 28 999340 30 27 0 2 0 0 6 10 3 8 0 5 1 5 16 9 1 0
215 GCT 2 15 1 23 0 1 59 24 9 12 0 3 16 2 0 2 7 1 6 3 18 20 29 10 12 2 0 6 0 9 6 14 22 0 9 2 78 32 3 999248 20 21 23 23 8 22 6 4 0 3 0 4 91 16 17 1 0 14 7 0 1 4 3 6
216 GAT 5 16 9 28 8 3 7 20 1 6 15 13 1 3 0 1 0 3 5 6 9 6 9 2 4 2 0 3 13 4 15 6 4 46 11 999314 8 11 0 30 21 14 12 8 14 7 44 22 0 78 0 39 13 8 33 2 0 1 1 9 1 1 25 0
217 CGA 2 2 8 0 18 5 8 1 7 30 48 42 6 0 2 7 7 0 0 38 1 3 7 3 999177 68 55 12 5 18 0 17 20 23 7 11 11 2 1 13 23 32 12 9 6 7 20 3 0 1 0 1 40 14 3 58 0 3 3 9 30 10 15 16
218 TAT 4 9 0 1 2 8 28 0 3 22 8 52 2 8 9 8 34 0 5 5 41 6 10 1 1 1 9 2 8 7 7 3 8 46 8 7 6 27 1 6 0 3 19 10 3 2 4 5 0 52 0 999364 17 1 23 27 0 4 0 12 5 0 28 8
219 CAA 52 4 2 2 61 9 3 11 17 6 3 0 18 18 13 10 999027 130 292 5 11 69 1 0 36 25 30 6 16 3 4 2 11 3 7 2 2 5 0 0 12 6 0 2 3 0 2 8 0 0 0 4 2 0 10 2 0 2 4 1 0 11 14 1
220 GAT 5 0 1 5 2 0 2 4 3 4 2 19 4 7 4 3 5 21 5 6 5 13 1 2 2 4 16 9 1 2 2 12 5 60 2 999431 10 36 0 42 15 19 31 34 1 6 3 23 0 3 0 10 2 8 2 0 0 46 1 1 2 27 7 2
221 ATA 8 16 1 40 0 65 32 76 2 5 1 54 993128 66 10 36 24 20 12 4 8 7 4 2 12 0 4 3 1498 2114 302 1292 8 5 15 5 10 11 11 6 15 1 1 34 0 36 20 2 0 2 0 5 14 42 195 10 0 7 0 15 450 8 200 26
222 GCA 0 3 0 5 24 9 1 12 4 5 3 16 2 25 0 3 2 11 0 0 1 4 3 3 1 2 24 23 1 0 1 5 1 23 0 18 999363 32 75 31 22 11 4 3 37 7 6 82 0 20 0 0 0 9 0 1 0 12 5 40 2 0 3 0
223 TTG 3 0 0 5 4 1 1 3 35 2 12 5 7 9 4 27 6 8 4 4 3 5 5 4 3 37 7 3 158 29 38 145 1 3 5 7 7 10 5 0 1 2 11 0 3 12 3 11 0 5 0 1 2 4 2 0 0 5 0 7 145 1 999170 0
224 GCA 6 6 7 24 4 2 8 8 0 36 3 82 5 2 5 12 0 12 1 0 12 11 11 18 1 3 20 4 0 5 15 9 116 16 30 9 999088 23 37 23 33 2 12 12 7 22 30 3 0 6 0 3 18 32 56 32 0 10 3 24 6 4 5 6
225 ACT 5 39 0 0 16 14 4 999295 4 6 3 4 57 7 9 7 2 7 4 2 10 0 0 12 0 1 4 5 10 1 0 3 4 4 9 41 20 9 3 9 1 18 6 3 88 8 66 24 0 7 0 12 22 16 6 9 0 15 9 20 4 9 2 25
226 CGC 4 2 1 8 19 11 5 8 173 30 73 11 4 4 0 2 6 1 12 21 10 0 25 4 153 998709 19 45 37 6 51 53 0 6 24 8 0 3 10 0 29 3 30 6 12 4 1 13 0 14 0 11 65 49 62 47 0 18 0 3 46 0 27 2
227 GAT 0 3 2 2 11 17 4 9 28 11 8 253 10 1 1 0 20 27 10 58 4 24 0 0 27 37 5 13 5 0 6 7 29 73 29 998758 17 2 30 2 1 0 0 1 42 33 16 47 0 18 0 0 3 68 2 103 0 70 0 29 0 1 19 4
228 ATC 17 24 12 11 49 28 6 17 11 108 29 26 22 999070 9 82 25 5 2 2 0 16 0 0 19 10 0 25 2 11 30 2 40 14 12 4 1 9 7 20 0 1 1 1 15 9 40 14 0 4 0 5 14 42 6 3 0 0 7 0 39 7 12 3
229 GCC 4 0 2 0 10 19 12 17 9 14 27 23 12 4 2 1 1 1 33 7 38 9 27 5 10 9 14 14 5 2 3 9 50 7 72 2 43 999148 56 68 8 26 0 5 12 11 31 3 0 14 0 2 13 5 22 23 0 5 4 11 2 3 6 5
230 GAA 29 2 4 7 160 178 15 256 10 829 2 32 6 1 10 3 7 216 23 124 13 10 26 4 8 5 2 4 10 10 10 4 995649 10 70 25 47 14 24 26 4 70 64 4 2 7 0 4 0 7 0 6 128 54 1591 116 0 2 21 18 2 3 12 0
231 GAG 76 3 132 16 3 0 3 7 239 4 153 4 27 19 17 12 1 471 15 758 4 7 5 0 188 278 115 63 5 7 1 4 5 0 990812 10 56 5 93 44 32 2 12 10 6 70 65 8 0 1747 0 4175 12 18 3 0 0 12 48 2 1 67 11 37
232 CTT 12 0 4 0 9 5 1 0 17 10 17 4 5 3 1 1 1 0 17 0 14 50 18 66 2 5 12 53 6 135 55 999193 8 3 0 10 7 9 5 0 2 1 10 10 25 23 10 10 0 10 0 1 6 2 21 23 0 6 2 3 4 12 52 9
233 GGT 0 0 4 4 1 0 13 15 25 4 1 11 11 15 8 8 0 1 3 3 2 1 4 1 17 18 2 0 11 15 6 1 2 6 0 1 14 5 2 3 30 94 40 999233 43 12 52 20 0 47 0 2 16 39 33 1 0 23 1 54 11 2 2 7
234 GGT 703 274 356 125 3 429 31 95 15 32 50 36 101 36 179 84 153 57 238 87 567 1280 428 199 10 13 97 117 5 2 19 22 11 66 605 94 728 515 1248 608 60 260 1 988462 121 152 66 294 0 65 0 20 8 79 104 253 0 25 73 48 11 18 157 5
235 GAA 20 7 23 18 12 5 10 15 4 10 15 7 12 1 8 3 12 2 2 8 14 4 7 1 2 7 3 0 0 1 23 21 999443 6 72 3 3 1 44 22 11 10 1 10 11 5 0 5 0 7 0 7 0 4 2 25 0 4 2 5 10 1 3 6
236 TGG 8 1 3 7 5 1 0 0 29 8 29 8 1 4 4 6 25 12 5 5 6 9 6 1 9 28 55 0 77 15 28 72 0 0 4 10 3 2 3 5 69 30 11 4 5 28 21 6 0 4 0 1 0 16 13 35 0 44 999142 15 48 1 9 4
237 GCA 2 2 2 9 17 0 8 9 0 12 0 59 15 1 5 0 16 6 4 15 0 3 0 1 16 16 1 29 0 13 7 10 6 5 13 1 999190 173 28 47 10 6 0 6 10 1 9 21 0 5 0 16 25 58 14 47 0 5 4 6 4 8 2 2
238 GAC 85 230 473 34 30 12 7 28 325 131 158 298 270 551 35 71 132 394 172 7 2 2 26 49 196 176 460 231 74 134 42 92 533 993067 138 36 53 71 15 53 13 7 12 7 26 78 73 31 0 109 0 2 101 37 89 81 0 18 26 51 57 23 42 224
239 AGA 8 1 6 11 37 10 6 34 999021 9 13 4 6 1 0 5 4 12 2 7 23 29 1 2 118 4 170 28 26 1 20 45 1 2 11 1 5 7 1 14 11 26 9 3 4 3 0 7 0 1 0 12 8 28 18 8 0 38 2 31 19 6 60 0
240 TTT 17 4 30 11 6 3 0 12 7 11 8 6 6 5 7 3 6 1 3 7 7 19 13 8 1 3 3 14 0 5 6 0 0 0 12 30 8 3 1 8 12 4 0 6 38 18 11 33 0 2 0 5 12 2 14 6 0 3 2 68 8 209 0 999253
241 TTA 2 1 1 23 1 4 4 1 16 15 49 13 6 5 10 17 4 3 12 4 13 58 26 18 76 6 69 59 8 49 62 82 1 9 1 7 5 8 6 11 3 4 0 2 2 3 5 1 0 19 0 13 38 0 8 4 0 2 2 13 999041 3 70 2
242 GTT 67 37 437 50 321 56 265 362 168 20 29 7 2 6 172 12 15 350 45 124 12 42 10 32 666 197 70 222 0 24 11 18 192 30 373 3 96 3 420 60 6 1 14 0 34 149 18 993474 0 20 0 105 54 299 208 247 0 5 106 25 23 118 41 27
243 CTG 9 2 1 11 6 14 5 2 0 4 5 10 5 0 19 3 12 4 51 0 39 39 15 0 21 27 55 69 36 93 998665 124 101 4 71 30 23 18 8 43 1 11 10 4 23 22 15 6 0 1 0 19 8 4 3 11 0 9 9 25 35 13 124 3
244 TAT 10 4 2 10 1 17 2 6 2 6 2 2 1 5 34 5 2 6 7 16 7 2 3 1 16 1 12 0 9 86 5 11 11 6 20 2 8 9 4 5 12 9 4 2 7 2 14 0 0 25 0 999426 6 1 3 3 0 13 23 21 0 40 25 6
245 GGT 3 3 0 4 0 2 10 5 79 2 1 3 10 11 4 15 24 2 7 1 5 3 12 6 0 21 30 25 12 2 13 18 0 2 4 14 5 16 38 55 255 63 89 998812 60 45 6 53 0 0 0 0 1 3 8 62 0 41 1 24 3 4 3 0
246 ATC 8 2 21 1 13 5 6 14 76 18 10 108 77 998741 0 38 1 1 14 16 3 1 16 2 49 2 21 6 21 3 14 25 9 12 1 9 10 2 9 6 1 18 15 8 64 11 2 16 0 6 0 57 79 51 64 12 0 67 1 51 28 23 2 33
247 GCG 9 21 80 80 35 20 54 26 38 40 64 299 0 1 8 14 32 10 19 18 72 7 0 43 41 34 8 24 24 0 10 51 19 62 19 4 12 23 997751 75 25 2 49 11 10 30 13 4 0 6 0 17 225 38 17 125 0 87 2 31 97 11 23 30
248 GCA 44 11 36 0 130 6 31 169 18 21 3 76 13 7 73 26 133 11 74 8 6 24 10 0 4 22 14 10 332 113 36 117 24 47 45 122 997434 35 41 34 10 9 20 24 11 26 14 15 0 23 0 0 23 68 3 22 0 8 4 0 231 35 89 5
249 CCA 0 10 0 4 18 1 72 19 70 16 7 15 4 3 2 7 61 26 18 10 998796 73 2 40 28 2 100 67 43 19 14 21 0 1 3 9 0 25 71 58 4 7 34 4 21 3 10 10 0 15 0 8 4 0 15 6 0 17 1 23 64 7 2 10
250 GAC 4 12 2 1 16 11 19 5 4 11 11 1 12 3 6 3 65 6 119 5 5 4 9 1 1 3 1 7 5 18 9 4 10 999241 3 32 18 49 8 4 1 10 6 8 5 1 35 28 0 31 0 32 11 13 2 4 0 12 1 14 8 3 2 25
251 TCT 9 19 45 6 51 27 143 298 25 60 72 32 26 1 98 91 434 66 90 6 9 5 18 0 81 236 252 119 36 10 316 209 18 51 25 16 11 9 54 43 14 1 33 22 13 1 4 3 0 332 0 41 10 111 16 994479 0 25 1324 8 86 127 21 212
252 CAG 23 39 16 15 13 13 0 9 22 1 27 22 2 20 1 6 6 22 998775 99 23 0 16 7 5 24 36 6 1 1 5 10 43 245 4 192 9 0 1 1 2 1 0 2 6 5 6 1 0 4 0 18 11 0 39 25 0 8 0 8 10 52 35 7
253 CGT 11 3 3 4 3 1 1 1 21 30 28 40 7 1 34 18 4 1 0 4 7 6 10 7 48 0 8 999313 2 36 3 20 0 10 2 7 0 3 11 11 10 15 50 9 0 20 41 0 0 3 0 6 21 4 6 34 0 3 8 6 6 2 36 1
254 ATC 21 14 13 2 7 2 1 12 5 77 5 5 23 999195 6 5 20 5 31 4 3 6 0 5 3 8 42 0 4 25 16 23 19 8 25 0 13 10 2 13 0 1 6 0 0 1 19 21 0 1 0 2 7 43 11 52 0 0 1 0 73 14 53 17
255 GCC 3 8 5 3 12 41 0 34 22 42 6 47 9 0 19 7 0 0 4 2 3 1 16 8 4 4 8 17 9 1 5 2 54 16 4 13 10 998926 36 136 103 46 4 19 10 0 17 8 0 16 0 84 1 51 9 44 0 12 6 8 4 17 2 2
256 TTT 13 0 0 23 8 13 2 0 12 26 27 10 3 16 27 12 42 21 16 5 27 4 32 1 40 5 46 11 66 10 22 68 4 7 21 3 14 1 19 1 9 0 8 4 2 2 10 1 0 194 0 312 22 34 14 27 0 18 1164 0 12 15 8 997466
257 TAT 1 1 1 1 0 3 0 6 1 4 0 0 3 10 14 5 4 36 19 27 18 3 2 14 5 5 6 0 4 7 1 5 0 8 3 6 12 0 3 3 1 0 1 0 10 14 5 7 0 6 0 999645 6 2 7 4 0 16 1 13 10 0 3 8
258 AGA 5 8 34 1 6 2 2 3 999102 10 34 3 6 1 5 1 10 15 17 15 3 6 6 25 106 21 43 20 45 40 2 14 13 1 8 9 5 5 2 12 48 0 20 15 0 0 0 1 0 5 0 1 55 61 3 6 0 4 6 16 84 1 0 8
259 TTA 0 1 8 9 10 5 1 2 16 12 3 6 4 11 30 0 0 3 5 3 3 6 8 1 6 3 18 6 51 4 30 116 1 2 7 12 1 4 3 5 2 0 7 3 1 12 9 7 0 10 0 6 2 3 6 3 0 19 1 12 999390 1 90 0
260 CTA 3 0 5 7 0 12 1 4 0 2 1 12 0 9 22 5 6 3 10 3 6 1 1 2 4 14 2 11 999425 210 16 16 0 12 0 1 2 4 1 3 1 11 1 0 0 21 2 11 0 0 0 2 4 0 7 5 0 4 17 2 1 0 72 3
261 GAC 10 1 12 5 3 13 2 26 12 13 6 3 7 11 1 4 23 4 8 18 4 4 0 5 12 3 4 3 11 0 1 1 8 999588 4 2 7 1 0 3 8 15 5 5 2 4 34 1 0 36 0 1 2 1 22 3 0 1 5 1 3 3 0 5
262 GAG 57 17 27 7 7 3 5 1 29 5 2 11 5 1 9 1 21 1 13 10 5 15 7 0 4 26 13 2 0 3 3 6 40 10 999391 9 1 16 2 10 7 2 29 0 22 2 22 10 0 4 0 6 30 19 2 10 0 14 0 7 8 3 5 3
263 TTC 0 1 5 11 10 6 17 1 4 30 0 10 5 61 0 16 9 1 13 5 6 2 0 0 0 4 2 3 2 2 13 13 2 4 3 0 3 8 11 7 1 6 0 4 6 5 0 0 0 8 0 6 10 9 11 16 0 7 4 7 25 999495 2 88
264 TTC 12 8 8 10 1 1 0 2 1 4 0 14 6 7 2 1 15 20 0 10 2 1 1 0 1 9 2 6 23 3 8 15 7 0 8 2 0 9 0 0 1 8 14 10 10 12 40 45 0 23 0 39 19 13 10 7 0 29 0 46 20 999383 19 33
