# POSITION WT SITE_ENTROPY PI_A PI_C PI_D PI_E PI_F PI_G PI_H PI_I PI_K PI_L PI_M PI_N PI_P PI_Q PI_R PI_S PI_T PI_V PI_W PI_Y
1 M 4.09928 0.0543627 0.0465592 0.0447411 0.0462368 0.0441727 0.0444547 0.0518805 0.188841 0.0542457 0.0292413 0.0301365 0.0502275 0.053836 0.0246571 0.025342 0.0451087 0.0305309 0.0232699 0.06404 0.0481156
2 I 3.5179 0.053073 0.00902606 0.00551592 0.0101961 0.179038 0.00605394 0.110883 0.0305883 0.221291 0.0164837 0.00382354 0.0421623 0.0056645 0.0257586 0.0205251 0.0141631 0.0333482 0.0832735 0.0305883 0.0985448
3 E 3.63114 0.00415282 0.0178802 0.0204345 0.0143041 0.241127 0.0105127 0.125769 0.0170287 0.0358373 0.0244597 0.00794675 0.0786013 0.0286083 0.0537606 0.0830137 0.0343024 0.0624181 0.00260075 0.0286083 0.108634
4 Q 3.95487 0.00512844 0.0248101 0.0262473 0.0874417 0.0342623 0.0685889 0.0122222 0.0472234 0.0914305 0.0977517 0.0516049 0.0860082 0.075672 0.0258025 0.0288276 0.0102728 0.0198096 0.0916865 0.109787 0.00542226
5 D 3.66212 0.0174768 0.00762751 0.00886325 0.0461888 0.0344034 0.0609862 0.0279966 0.0618413 0.15792 0.180433 0.00177265 0.0845508 0.044065 0.0334131 0.0135485 0.136339 0.0478178 0.0109393 0.0233244 0.000492403
6 G 3.60661 0.0321387 0.00634436 0.0176576 0.0230839 0.0531751 0.00326282 0.000778779 0.119595 0.131742 0.00717554 0.0388819 0.0628618 0.198265 0.00200393 0.0076979 0.0654602 0.0974946 0.0107207 0.0748001 0.0468596
7 L 3.40743 0.0205384 0.264397 0.00849215 0.163761 0.00435961 0.0923784 0.0191823 0.0115449 0.15274 0.0439594 0.0236704 0.00815141 0.0364914 0.0164848 0.0325318 0.0421724 0.00979817 0.0294647 0.0160355 0.00384645
8 H 3.56075 0.0103084 0.031108 0.0156538 0.0878327 0.00237305 0.0597424 0.0371778 0.00473835 0.00996519 0.106927 0.0936982 0.052049 0.281717 0.0309815 0.0366429 0.0228787 0.00647048 0.0532387 0.00640997 0.0500868
9 A 3.8513 0.0497814 0.00728508 0.00896065 0.0428072 0.0271535 0.0674921 0.0127565 0.116448 0.133286 0.104906 0.0335262 0.0661703 0.132498 0.0111934 0.0463106 0.0360785 0.0153963 0.0647372 0.00628818 0.0169257
10 G 3.89711 0.00783121 0.0791032 0.0531404 0.0229206 0.0088239 0.156624 0.026104 0.0119171 0.0295089 0.0353315 0.0413725 0.025262 0.0484299 0.0638099 0.0573498 0.022127 0.0601437 0.173286 0.0335623 0.0433514
11 S 3.44432 0.00251433 0.0996368 0.0136771 0.0118483 0.0600881 0.00389608 0.0376873 0.0797151 0.00177611 0.108021 0.0613031 0.00100415 0.0349747 0.0598477 0.197673 0.0027614 0.0167026 0.0162827 0.00219785 0.188393
12 P 3.84853 0.107106 0.0178242 0.051723 0.0191644 0.0371849 0.0234293 0.0283469 0.00948707 0.0259087 0.056084 0.0178242 0.0297351 0.196066 0.109345 0.0405137 0.0534726 0.103221 0.0426988 0.0249237 0.0059414
13 A 3.86871 0.0526685 0.0135786 0.115212 0.0502136 0.0133381 0.0205318 0.0309428 0.0270273 0.162708 0.116016 0.00983918 0.00772472 0.0102342 0.0301808 0.0622183 0.0776433 0.0618748 0.0548271 0.0702247 0.0129961
14 A 4.0176 0.0702798 0.0472571 0.0383344 0.0539357 0.00921702 0.0498861 0.0411583 0.00916693 0.0779189 0.00661725 0.117766 0.0433826 0.110003 0.0237432 0.0517616 0.0920624 0.0787134 0.0399757 0.0131775 0.0256426
15 W 3.78153 0.0170742 0.111511 0.0355804 0.0222328 0.0102445 0.117843 0.0279396 0.0289057 0.0224719 0.120148 0.0174157 0.0150506 0.0125817 0.0492182 0.109629 0.046178 0.0155671 0.0302326 0.174157 0.0160204
16 V 3.51381 0.0913718 0.0211229 0.00984677 0.0416613 0.00285631 0.05735 0.00584652 0.0032002 0.274094 0.022953 0.014882 0.0505441 0.00395107 0.0453234 0.147079 0.0765002 0.061806 0.0233861 0.0281541 0.0180711
17 E 3.94529 0.0185333 0.0117251 0.0574531 0.114906 0.0239388 0.0536229 0.056587 0.0176237 0.0275775 0.0314153 0.014186 0.0130083 0.0947708 0.0923989 0.0718164 0.132236 0.0317644 0.0283805 0.0947977 0.0132584
18 R 3.25644 0.0113464 0.0218435 0.0429149 0.252907 0.0147899 0.0325752 0.0460546 0.0123822 0.30975 0.0261918 0.0052642 0.0360101 0.0202216 0.00734174 0.0443696 0.0448899 0.00852593 0.011624 0.0391497 0.0118474
19 L 3.85637 0.0226081 0.0399934 0.0185415 0.0261329 0.061599 0.0272931 0.041066 0.0385663 0.0230996 0.184797 0.159597 0.0194523 0.0476521 0.0166484 0.0682869 0.0193072 0.0161473 0.097657 0.0547547 0.0167997
20 F 3.84214 0.0554699 0.0700725 0.0454121 0.140464 0.0231997 0.00668637 0.044136 0.0629706 0.127228 0.0238221 0.034486 0.00773323 0.0580781 0.0234897 0.160522 0.0151408 0.0507936 0.0207893 0.00713836 0.0223669
21 G 4.01506 0.0449112 0.0950939 0.0936156 0.0326885 0.0137938 0.156905 0.0176961 0.0190911 0.0655722 0.0428991 0.0176298 0.0585345 0.0300656 0.0174339 0.0435699 0.0794803 0.0209207 0.063808 0.0321856 0.0541052
22 Y 3.95625 0.0320931 0.0799767 0.0528757 0.0306343 0.0502104 0.0191465 0.101227 0.0215805 0.0188081 0.0696895 0.0236322 0.029905 0.0126327 0.0422257 0.0276141 0.102976 0.029409 0.0446 0.0269582 0.183806
23 D 4.00713 0.0173255 0.0298967 0.101288 0.129114 0.0228126 0.0307866 0.0618981 0.087072 0.0318482 0.0301895 0.0142436 0.05292 0.0306049 0.0355303 0.0605741 0.0250374 0.132983 0.0185958 0.0266547 0.0606248
24 W 3.89049 0.0215004 0.0556286 0.0547184 0.0198487 0.0245515 0.0728187 0.0287603 0.0143802 0.0220353 0.137411 0.0441927 0.0611157 0.02383 0.0489703 0.0634383 0.0491178 0.0199509 0.0191959 0.201322 0.0172134
25 A 3.99457 0.0764786 0.0484986 0.0613272 0.0925027 0.0158014 0.0192831 0.0382393 0.066192 0.116223 0.0195402 0.0430192 0.0108152 0.0251876 0.0777324 0.0152957 0.0577581 0.0397689 0.133926 0.0117659 0.0306447
26 Q 3.79808 0.00996546 0.00894771 0.0130709 0.0926935 0.040503 0.0213609 0.147637 0.0358575 0.0475613 0.16321 0.0162405 0.017049 0.025128 0.105136 0.0850277 0.0287165 0.0280658 0.0158695 0.0829403 0.0150194
27 Q 2.97278 0.00561244 0.0145348 0.00556477 0.016149 0.00980598 0.0119139 0.0174265 0.441455 0.0271686 0.0055914 0.0285712 0.0721359 0.0167903 0.0486917 0.0283464 0.0156181 0.0459536 0.163175 0.0194767 0.00601808
28 T 3.80507 0.160646 0.0194402 0.0341056 0.019294 0.0163532 0.009538 0.153399 0.0154754 0.0136243 0.0278966 0.0375161 0.0647299 0.0476455 0.00750322 0.0985694 0.0624244 0.112548 0.0321567 0.0125054 0.0546287
29 I 3.92808 0.0185519 0.0267089 0.0116862 0.0449742 0.041069 0.0491269 0.0170201 0.185519 0.0330627 0.128128 0.07639 0.0507277 0.0226588 0.0703691 0.00862877 0.0722047 0.0285413 0.0513385 0.0327386 0.030556
30 G 3.82127 0.0543213 0.142511 0.0284304 0.028653 0.0376912 0.200571 0.0255272 0.0233817 0.0232546 0.0183662 0.0266244 0.025749 0.0150428 0.0185142 0.0680007 0.113851 0.0178948 0.0791525 0.0253595 0.0271042
31 C 1.3365 0.00254433 0.00805706 0.00322282 0.00174431 0.0052262 0.00152431 0.00303791 0.00217599 0.753688 0.0189193 0.0020484 0.00131365 0.00233538 0.15892 0.0226351 0.00528298 0.000861717 0.00369467 0.00128913 0.00147883
32 S 3.87635 0.021721 0.0435619 0.0216227 0.022086 0.0344222 0.0685627 0.016478 0.0827068 0.0318574 0.0399605 0.0336273 0.0415532 0.0229741 0.0244487 0.0802469 0.238931 0.0382289 0.0883716 0.0238931 0.0247464
33 D 3.14585 0.0231065 0.00919144 0.0269331 0.0114666 0.0041956 0.137317 0.00475289 0.00617216 0.0250805 0.0240723 0.00563715 0.0125513 0.10395 0.0269331 0.0389394 0.185873 0.320399 0.017521 0.00491635 0.0109931
34 A 3.91712 0.15229 0.0304579 0.0232665 0.0887356 0.015229 0.0368328 0.0256329 0.0260006 0.011553 0.0217556 0.0304579 0.0229253 0.0427287 0.139403 0.0737758 0.107707 0.029715 0.0633047 0.044791 0.0134373
35 A 3.66968 0.0415846 0.0312875 0.0129952 0.0634712 0.0636 0.0137326 0.0362321 0.0814244 0.00680475 0.0134912 0.0277231 0.0765685 0.0168774 0.0529531 0.0249031 0.101323 0.279541 0.0236874 0.0138615 0.0179385
36 V 3.63841 0.0455039 0.0365904 0.043233 0.00509084 0.0163761 0.204197 0.0181066 0.028822 0.0291267 0.0788749 0.0511556 0.0187343 0.0159667 0.037557 0.0566839 0.0194413 0.019027 0.234179 0.0126583 0.028675
37 F 3.75083 0.0267032 0.0208514 0.0192254 0.0261946 0.261946 0.0223968 0.0120898 0.0362937 0.0241266 0.0959124 0.0523891 0.0540523 0.0364409 0.0291051 0.0211786 0.129995 0.0295984 0.0451352 0.0341668 0.0221988
38 R 3.89195 0.0228247 0.0575773 0.0334071 0.0248017 0.0283129 0.0296354 0.067196 0.0432327 0.0473212 0.112251 0.0377978 0.0192649 0.0428848 0.0192846 0.209988 0.113115 0.0207088 0.021548 0.0262485 0.0225996
39 L 3.51834 0.022009 0.0312878 0.0140907 0.0179079 0.039454 0.236963 0.0234517 0.0176791 0.0178525 0.151746 0.202328 0.0246075 0.0495171 0.00615187 0.020084 0.0309863 0.0198773 0.0149557 0.0233455 0.0357049
40 S 3.50177 0.0149297 0.0136453 0.00937617 0.0190072 0.0159565 0.0171052 0.0593256 0.0506313 0.0129522 0.0117452 0.0178699 0.0241649 0.0121794 0.0591887 0.0721706 0.101263 0.289248 0.0316981 0.151894 0.0156497
41 A 3.07045 0.101211 0.419198 0.0015106 0.0255807 0.0147599 0.0136464 0.00806102 0.00763853 0.0259352 0.00638707 0.00389271 0.0942305 0.0199815 0.0908184 0.0135294 0.0597142 0.0429599 0.0264424 0.00817863 0.0163243
42 Q 3.58254 0.0492183 0.0111337 0.0423274 0.255142 0.0160838 0.00618237 0.0335234 0.013197 0.0764018 0.0188886 0.0120394 0.002756 0.0926292 0.057187 0.063277 0.0912664 0.121826 0.0185974 0.0119694 0.00635411
43 G 2.56887 0.0142264 0.021888 0.0361407 0.00996216 0.01954 0.043267 0.0315405 0.0114448 0.0163779 0.00934406 0.00579868 0.0799168 0.00868235 0.0177506 0.0234945 0.588945 0.0354836 0.0102321 0.00623499 0.00972991
44 R 3.66599 0.025123 0.0198478 0.0254614 0.0207328 0.0224464 0.117105 0.0108416 0.0306215 0.189991 0.10226 0.00700187 0.0160043 0.0362086 0.0909902 0.168045 0.00912704 0.0424833 0.0358815 0.0067218 0.0231062
45 P 3.82026 0.020518 0.0177514 0.0641116 0.115347 0.00755038 0.0189871 0.0516991 0.0180107 0.176472 0.0172308 0.0161221 0.068473 0.0927019 0.0962674 0.100973 0.0338213 0.0337601 0.012548 0.0111689 0.0264863
46 V 3.34145 0.168185 0.0592205 0.0464546 0.0106876 0.00294362 0.120904 0.00601178 0.00506487 0.00681335 0.0203778 0.0193638 0.0562021 0.0631237 0.0080157 0.0108855 0.05349 0.287998 0.0400785 0.00559235 0.00858825
47 L 3.6987 0.00754528 0.0462647 0.0134939 0.00919363 0.139835 0.0159274 0.128694 0.0124315 0.0631947 0.0896379 0.0537827 0.0123638 0.0580609 0.0270868 0.0654114 0.00756204 0.00828586 0.0211645 0.0307581 0.189305
48 F 3.90666 0.0225783 0.0369187 0.0385896 0.0265549 0.22382 0.0293422 0.0172169 0.0419662 0.0126096 0.090553 0.0177283 0.0316267 0.0214236 0.0808761 0.0229952 0.064845 0.0452669 0.0659469 0.0416409 0.0675012
49 V 3.79836 0.0564623 0.0256273 0.0618091 0.0625995 0.0189446 0.0762679 0.0165493 0.0786092 0.0351168 0.112456 0.0501419 0.0149978 0.0276883 0.0210848 0.0294694 0.0215479 0.0206866 0.239965 0.0173469 0.0126297
50 K 3.8866 0.0253625 0.0275119 0.0213579 0.042524 0.0214069 0.0217393 0.0150296 0.035287 0.2029 0.0175037 0.0293671 0.0435341 0.0217393 0.0541775 0.137419 0.0803019 0.0763202 0.0625482 0.0399148 0.0240552
51 T 3.94117 0.0456238 0.0331122 0.0737141 0.00938179 0.0276643 0.0272594 0.0392726 0.0349518 0.00919784 0.036407 0.0625453 0.0914123 0.0380231 0.119405 0.0335367 0.0540008 0.187636 0.0289562 0.0268051 0.0210952
52 D 3.13407 0.330595 0.0948021 0.0159987 0.0970586 0.00260848 0.00995836 0.00589425 0.0790038 0.00207042 0.00704419 0.00380921 0.00855743 0.00399967 0.0530767 0.00181863 0.113208 0.1134 0.0418789 0.00449963 0.0107176
53 L 3.90454 0.0753767 0.00786851 0.00534931 0.082755 0.0541775 0.00567764 0.0653033 0.0100467 0.121355 0.0228562 0.0380936 0.0436025 0.0137501 0.0187226 0.102903 0.0400755 0.0277116 0.0842177 0.0555078 0.12465
54 S 3.79107 0.0260961 0.0316783 0.0230647 0.172536 0.0203876 0.0444124 0.179998 0.0680959 0.0144978 0.0329264 0.077667 0.0271834 0.0176118 0.0261243 0.0600767 0.108734 0.0152128 0.0231859 0.0200299 0.0104804
55 G 3.59987 0.023682 0.0440161 0.0335102 0.0103019 0.0264604 0.0904776 0.317451 0.0246757 0.019388 0.0718703 0.0452388 0.0190479 0.0134041 0.0619423 0.0748609 0.0205501 0.0163023 0.0436711 0.00452388 0.0386249
56 A 3.90095 0.106102 0.0109383 0.164287 0.0891708 0.0119551 0.0172882 0.0815088 0.0317817 0.0640814 0.0132627 0.0276788 0.0215225 0.0549685 0.112554 0.0211632 0.0497881 0.0380879 0.046721 0.0190033 0.0181371
57 L 3.78811 0.0282987 0.0415369 0.0208461 0.0279565 0.0381628 0.0154119 0.0740441 0.0351368 0.0213143 0.200355 0.0702097 0.02376 0.0744774 0.0255772 0.186998 0.022288 0.0179805 0.0166962 0.0339062 0.0250443
58 N 4.03433 0.0981921 0.02022 0.0603132 0.0605663 0.022553 0.0267012 0.0594433 0.0266536 0.122921 0.0356553 0.0273858 0.125653 0.0245281 0.0539913 0.088871 0.0518566 0.0248411 0.014158 0.0263272 0.0291693
59 E 3.91094 0.0536359 0.0556516 0.092677 0.189216 0.0946078 0.0557379 0.0241552 0.0280319 0.0289079 0.0462038 0.0199174 0.0211414 0.0185011 0.117963 0.0183112 0.0397812 0.0165807 0.0352029 0.0265752 0.0172014
60 L 3.85594 0.0273109 0.0244092 0.0572508 0.0438856 0.0273544 0.0166044 0.0408934 0.0541459 0.0179931 0.149942 0.191465 0.0197293 0.0774496 0.0209222 0.0919892 0.0441795 0.0171363 0.00789171 0.0299885 0.0394585
61 Q 3.88659 0.0433051 0.00967783 0.0866247 0.105936 0.0159956 0.0209539 0.0864784 0.0328798 0.119946 0.0171082 0.0675027 0.0172854 0.0264153 0.0789116 0.0436532 0.0127571 0.0242115 0.0219473 0.0163265 0.152084
62 D 3.2131 0.0123609 0.0178272 0.0972394 0.437076 0.0200035 0.0322734 0.0243099 0.0123261 0.0388958 0.0261157 0.0216088 0.0272745 0.0174609 0.00904553 0.0310626 0.0166446 0.0135683 0.0317308 0.0388958 0.0742801
63 E 3.97859 0.0721244 0.0262614 0.0555749 0.142562 0.0275119 0.0623708 0.0162928 0.0221763 0.0622088 0.0959052 0.0712809 0.0221763 0.0188574 0.131518 0.0462618 0.0415053 0.0255993 0.0217147 0.0269711 0.0111268
64 A 3.86863 0.181542 0.114976 0.0297214 0.0990228 0.0223819 0.0404832 0.0113464 0.0303262 0.0545739 0.0169916 0.0259345 0.0216766 0.0331386 0.0160184 0.0299844 0.133882 0.0283659 0.0502731 0.0363084 0.0230529
65 A 3.21827 0.0994304 0.0352631 0.0221439 0.040121 0.0124288 0.0117145 0.0216153 0.0163001 0.0218528 0.0123553 0.0568174 0.0176871 0.0432636 0.0157239 0.0256534 0.0309547 0.00942874 0.434045 0.0552391 0.0179616
66 R 3.88953 0.0328825 0.041153 0.0507028 0.0148208 0.0411031 0.0448458 0.0615476 0.0287755 0.0223092 0.0606948 0.0140124 0.0544504 0.114926 0.0161682 0.192671 0.116261 0.0166454 0.0432736 0.0163975 0.0163588
67 L 3.92062 0.0191344 0.0328529 0.0363966 0.0224173 0.0246888 0.0476367 0.10344 0.0250546 0.0149868 0.190547 0.0579925 0.0291653 0.102787 0.0243251 0.10701 0.0468347 0.0254062 0.0311097 0.0251872 0.0330281
68 S 3.87142 0.093757 0.00936477 0.0187295 0.0223314 0.0129989 0.0413611 0.0161282 0.0497213 0.0913932 0.0151202 0.0244986 0.0470022 0.0307902 0.13299 0.168894 0.0967693 0.0390799 0.0238042 0.0426441 0.0226214
69 W 3.87556 0.0573118 0.0251368 0.0245004 0.0313193 0.0293262 0.104636 0.0132798 0.0277827 0.0274219 0.102266 0.0456186 0.0111615 0.0183553 0.032992 0.0201242 0.10159 0.0205284 0.0242989 0.175957 0.106393
70 L 3.88067 0.0144435 0.0630379 0.0443377 0.0298982 0.00917511 0.028067 0.030403 0.0177351 0.0281897 0.185796 0.111241 0.0189588 0.0717848 0.0116122 0.0600343 0.0298467 0.02467 0.0783257 0.030966 0.111478
71 A 3.94494 0.146748 0.0617163 0.0161422 0.12767 0.0166129 0.0534161 0.0183434 0.0148731 0.0364339 0.0145178 0.0269536 0.0308341 0.0790727 0.053543 0.054209 0.117891 0.0221705 0.0550303 0.0338648 0.0199577
72 T 3.75472 0.0447743 0.0288883 0.0318589 0.0155472 0.0179736 0.0423314 0.0337344 0.0227742 0.12956 0.0217397 0.0116425 0.0616951 0.117294 0.0184703 0.0269245 0.130842 0.194339 0.0123152 0.0138814 0.0234144
73 T 3.77538 0.0870064 0.032689 0.0157781 0.0219503 0.0241453 0.00918737 0.0767284 0.061163 0.0118283 0.013369 0.0402422 0.0494137 0.0284977 0.0448413 0.0206753 0.0523535 0.265598 0.0516441 0.0241453 0.0687431
74 G 3.59539 0.116783 0.119817 0.0217849 0.0337945 0.0112203 0.279572 0.0240258 0.0199695 0.0206001 0.036888 0.0177506 0.0077659 0.010105 0.0177506 0.0273411 0.0447013 0.052169 0.0877996 0.0349465 0.0152148
75 V 3.67553 0.0748774 0.043122 0.0835305 0.0201336 0.00793728 0.00693679 0.0131926 0.137321 0.00833816 0.123709 0.0309554 0.0182988 0.0102644 0.0769791 0.0248328 0.0252697 0.0539528 0.206369 0.0138902 0.0200891
76 P 3.68526 0.0103821 0.0218488 0.0192784 0.015242 0.0210726 0.0306971 0.0514919 0.0117495 0.0197068 0.102096 0.0253373 0.00723922 0.177361 0.160939 0.110487 0.0995664 0.0681066 0.0123382 0.0228286 0.0122318
77 C 3.39313 0.0150372 0.17257 0.0235323 0.0159787 0.0379654 0.0671954 0.0220056 0.0191744 0.0129677 0.0266077 0.0246529 0.0238028 0.0219453 0.0158685 0.030802 0.033913 0.0456803 0.0412829 0.34514 0.00387798
78 A 3.7439 0.222909 0.013408 0.0242292 0.0816189 0.0178327 0.0393007 0.0318441 0.0173695 0.0287624 0.0142998 0.00909832 0.0159221 0.0352993 0.0694681 0.153221 0.0562076 0.0413973 0.0351961 0.0810577 0.0115582
79 A 3.2068 0.0344104 0.00754614 0.0125455 0.0361309 0.00471375 0.0349908 0.0304617 0.249868 0.252904 0.00169629 0.00148002 0.0584177 0.0121549 0.045307 0.127318 0.035793 0.0452854 0.00594525 0.00107532 0.00195514
80 V 3.72366 0.0611461 0.0740076 0.0547656 0.0109219 0.0542722 0.054605 0.0128429 0.112717 0.0155665 0.120696 0.0158741 0.00644301 0.0103137 0.0156473 0.124565 0.0158441 0.0124185 0.182552 0.0260789 0.0187233
81 L 3.98663 0.0243507 0.0358204 0.0395067 0.138532 0.0103656 0.0501254 0.02369 0.10086 0.0355855 0.123035 0.0862514 0.0133288 0.054745 0.0447401 0.0771919 0.0163643 0.0371669 0.0446457 0.015214 0.0284804
82 D 3.68323 0.0148125 0.0326968 0.205523 0.0144508 0.0256903 0.0426889 0.0471493 0.0267461 0.0243091 0.0215672 0.0474283 0.0556624 0.0228359 0.022523 0.0233249 0.0258752 0.0451859 0.0266104 0.0320295 0.242891
83 V 2.56942 0.0398732 0.00835185 0.00661212 0.020474 0.597764 0.039627 0.0142654 0.0131206 0.0119068 0.0298578 0.0336858 0.012891 0.00647325 0.00887809 0.0424481 0.0289655 0.0124251 0.0477726 0.00995262 0.0146549
84 V 3.86124 0.11673 0.0528151 0.0219061 0.0301118 0.0173979 0.0439675 0.0160028 0.049494 0.0274704 0.0514586 0.0372812 0.0181687 0.0172002 0.203402 0.0168367 0.0497661 0.0460818 0.130484 0.0329574 0.0204681
85 T 3.9456 0.0776136 0.0676988 0.0349502 0.0243839 0.028085 0.0286308 0.0311718 0.0708012 0.0155334 0.0381956 0.0157276 0.0771817 0.02521 0.0435743 0.0261002 0.0805597 0.209701 0.0561543 0.0299573 0.0187696
86 E 4.02675 0.0811177 0.0437091 0.094225 0.171822 0.0429555 0.0292664 0.0114548 0.0166279 0.04091 0.0568707 0.0306825 0.0316514 0.0236996 0.0954567 0.0424869 0.0335679 0.0273919 0.0400488 0.0515466 0.0345082
87 A 3.92724 0.121921 0.0184581 0.0192968 0.112763 0.0217215 0.0825506 0.0398109 0.0203201 0.0627223 0.0222554 0.166256 0.0382775 0.0398355 0.0480294 0.0197991 0.068303 0.0195508 0.0380631 0.0142044 0.025862
88 G 3.94395 0.04168 0.13218 0.0666693 0.02493 0.0203606 0.179852 0.0572256 0.022365 0.00799342 0.0222256 0.044963 0.0226643 0.0386459 0.0309121 0.0848533 0.0707004 0.0218317 0.0415043 0.0367045 0.0317386
89 R 3.97869 0.0284025 0.0990664 0.0292285 0.0141703 0.0344039 0.0639686 0.0730076 0.033115 0.0440995 0.0700281 0.0339227 0.0135021 0.0436665 0.0458791 0.186575 0.0781761 0.0255712 0.0350705 0.00932875 0.0388176
90 D 3.91788 0.0664128 0.0399178 0.210156 0.0300222 0.0191051 0.0610411 0.0141451 0.0146377 0.0216237 0.0254192 0.0338961 0.114085 0.020885 0.039947 0.0331383 0.0268949 0.0660974 0.0344787 0.0592747 0.0688229
91 W 3.80577 0.0226731 0.0681648 0.00732517 0.0217579 0.0229595 0.138417 0.0355794 0.0277169 0.0262955 0.0860607 0.0146503 0.0113666 0.0242103 0.0537179 0.0705097 0.0493653 0.0281394 0.0269511 0.219755 0.044384
92 L 3.83349 0.0277333 0.0486433 0.0212815 0.0258338 0.0515666 0.0351092 0.0239728 0.0608343 0.0365793 0.235733 0.138666 0.0308148 0.0687157 0.0536818 0.0378719 0.0281555 0.0178109 0.0125538 0.0240544 0.0203877
93 L 3.89539 0.018729 0.0413779 0.0211816 0.0309307 0.0527934 0.0289481 0.0307583 0.0232997 0.0216982 0.222406 0.0847263 0.0220568 0.104721 0.0226945 0.0722248 0.0457432 0.0344573 0.0556016 0.0525688 0.0130827
94 L 3.7227 0.0266766 0.0204257 0.0259407 0.0370581 0.0120096 0.0125519 0.0194555 0.0370581 0.0264701 0.259407 0.0713368 0.0117912 0.0921081 0.044666 0.0664672 0.0231902 0.111558 0.01723 0.0663598 0.0182395
95 G 3.72799 0.0262038 0.0967807 0.0283557 0.00628661 0.0218213 0.188598 0.0202522 0.0165437 0.154651 0.040863 0.0106754 0.0282897 0.0133977 0.0404139 0.108269 0.0759632 0.0178121 0.073546 0.010777 0.0204998
96 E 3.70063 0.0350798 0.0325709 0.0135004 0.202506 0.0219145 0.0610733 0.0298779 0.0277406 0.0659137 0.0308161 0.0644337 0.0124619 0.0267267 0.226669 0.026729 0.0199292 0.0277406 0.0279778 0.0328388 0.0135004
97 V 3.8426 0.0374731 0.0455076 0.0335119 0.0449242 0.0208576 0.0439537 0.0250292 0.0198644 0.0519474 0.0711056 0.0195033 0.0229625 0.0294017 0.0375438 0.126158 0.0325901 0.0364747 0.250292 0.0294461 0.0214536
98 P 3.8177 0.0161716 0.0389724 0.0123262 0.019907 0.0147229 0.0487577 0.0135904 0.0168262 0.0441687 0.0521659 0.0430915 0.0179436 0.176675 0.176675 0.0754932 0.0653775 0.0898221 0.0284643 0.0226749 0.0261741
99 G 3.85284 0.0531736 0.110457 0.0516493 0.0125945 0.0341922 0.21883 0.0323271 0.0144139 0.0324192 0.0239158 0.0273537 0.0345521 0.0206144 0.0152672 0.0635313 0.106853 0.0159149 0.0661049 0.0356521 0.0301834
100 Q 3.90066 0.0253713 0.0458858 0.018045 0.0405556 0.0259556 0.0156828 0.0969038 0.0198272 0.108766 0.0710667 0.0382382 0.0223056 0.0988918 0.178445 0.0573573 0.0420191 0.048249 0.0192745 0.00336688 0.0237926
101 D 3.85405 0.0979942 0.0232203 0.178796 0.0347075 0.0146956 0.0429893 0.00616539 0.0147701 0.00838108 0.0229801 0.0371755 0.0465772 0.0306226 0.122774 0.0188574 0.0618746 0.0169705 0.078496 0.0493231 0.0926295
102 L 3.86873 0.0639032 0.019219 0.0445134 0.0245782 0.0224715 0.0469493 0.00869431 0.0304301 0.019219 0.182581 0.0663929 0.0242364 0.0750331 0.0356767 0.0919599 0.0188312 0.0207478 0.0444544 0.146064 0.0140447
103 L 3.78127 0.0383225 0.0408673 0.0237234 0.0406857 0.0272449 0.0273765 0.0223548 0.0247329 0.0294291 0.290612 0.0908163 0.0186632 0.0431377 0.062274 0.0354405 0.065675 0.024855 0.0273225 0.0447096 0.0217571
104 S 3.79383 0.0202516 0.0204766 0.0256432 0.0201483 0.0165463 0.0904277 0.0151887 0.0407119 0.020568 0.0257148 0.0670595 0.040833 0.0151887 0.0628259 0.0791868 0.197453 0.166111 0.0214623 0.0212939 0.0329088
105 S 3.91804 0.0500955 0.0444623 0.0443486 0.0197423 0.0362673 0.0884014 0.0197914 0.061201 0.0144683 0.0938587 0.0197423 0.0258232 0.0114931 0.0240004 0.0941554 0.204003 0.0455752 0.0264449 0.03588 0.0402456
106 H 3.96114 0.022918 0.0279073 0.0635648 0.123931 0.0269106 0.042297 0.0941872 0.0134145 0.0290262 0.0129842 0.0327039 0.116114 0.0678372 0.0692754 0.0548884 0.11557 0.025881 0.0152362 0.00619653 0.0391565
107 L 3.71025 0.0156899 0.0183049 0.0226119 0.0343216 0.0383812 0.0205706 0.0267876 0.0397408 0.0540144 0.274573 0.0196124 0.0180048 0.144512 0.061898 0.0465731 0.024622 0.0242763 0.0637818 0.021121 0.0306026
108 A 3.6005 0.142017 0.0379436 0.0194013 0.0334159 0.0161703 0.1485 0.015646 0.0170421 0.0204974 0.0155041 0.0157797 0.0136555 0.218615 0.00891323 0.0115149 0.0981356 0.0493974 0.0819698 0.018524 0.0173577
109 P 3.83501 0.0429007 0.0229726 0.0234029 0.0133695 0.0310306 0.0316022 0.013091 0.0125822 0.0255824 0.113362 0.0304664 0.0199482 0.209456 0.0813183 0.0394876 0.0518589 0.0903045 0.0985114 0.0312981 0.0174547
110 A 3.79868 0.181154 0.0377404 0.0512905 0.191532 0.0190688 0.0284456 0.0325426 0.0264183 0.0264183 0.0285454 0.0150961 0.0389578 0.0306655 0.030762 0.0144454 0.100321 0.0311517 0.0794534 0.019907 0.0160837
111 E 3.8429 0.0164061 0.020781 0.0633065 0.20781 0.0181494 0.0503783 0.0159854 0.0454585 0.0145467 0.151591 0.0308907 0.0239781 0.0250958 0.0445308 0.0418117 0.0255206 0.0477853 0.0894739 0.0457183 0.020781
112 K 3.84439 0.0215519 0.0106353 0.0391755 0.107587 0.0219745 0.0444353 0.0195878 0.0578139 0.249044 0.0277951 0.0478931 0.0688846 0.018645 0.0347504 0.031317 0.0378547 0.0547196 0.0285789 0.0574718 0.0202842
113 V 3.82047 0.0678045 0.0651966 0.0424066 0.0384317 0.0313199 0.0124466 0.0249581 0.0367016 0.0153992 0.0538331 0.0616725 0.0134228 0.0226132 0.0209097 0.0366842 0.0369447 0.144916 0.228188 0.0224974 0.0236536
114 S 2.90053 0.24264 0.403091 0.00282283 0.00873107 0.00846849 0.0435676 0.00655523 0.0201765 0.0139914 0.0378896 0.024379 0.0043253 0.0126743 0.0112565 0.0441383 0.0536337 0.0140722 0.0207324 0.0110422 0.0158123
115 I 3.76798 0.0150853 0.0197425 0.0573667 0.0233278 0.0271536 0.0218477 0.0277887 0.22628 0.0743008 0.0316305 0.139249 0.0288484 0.0171703 0.0174061 0.0361085 0.0495503 0.0762464 0.0873144 0.0107752 0.0128083
116 M 3.72608 0.0164092 0.033682 0.0344063 0.0277315 0.0297655 0.00493795 0.029998 0.13278 0.0505555 0.0166822 0.213319 0.0191604 0.0146049 0.0322459 0.124687 0.0173285 0.0883043 0.0776245 0.0237022 0.0120747
117 A 3.78935 0.173133 0.024158 0.0164888 0.104262 0.0203685 0.0329301 0.0164888 0.0210496 0.0502643 0.014055 0.173133 0.0131731 0.0108826 0.0619633 0.0477225 0.0894112 0.0359882 0.0428369 0.0117378 0.0399537
118 D 3.77806 0.0734118 0.0904548 0.260846 0.0526479 0.0178866 0.0181143 0.0110998 0.0199882 0.0154739 0.0227723 0.0287947 0.0368783 0.0217372 0.0471409 0.0171132 0.0453274 0.0387396 0.0629629 0.029811 0.0887988
119 A 3.78691 0.244341 0.0170471 0.0814471 0.124419 0.0214335 0.0292374 0.0219633 0.0120168 0.0428391 0.0217607 0.0444257 0.0302983 0.0268352 0.0168511 0.0193122 0.073649 0.043301 0.0510033 0.060084 0.0177345
120 M 3.65655 0.020529 0.0271486 0.0381816 0.0392749 0.0194035 0.0284729 0.0226238 0.0805154 0.0404715 0.296775 0.126693 0.0146891 0.0254384 0.0217754 0.0264613 0.0165612 0.0704329 0.0418088 0.0196593 0.023084
121 R 3.99001 0.0314556 0.036122 0.0964026 0.0361589 0.029706 0.0519056 0.0201134 0.0281694 0.0484785 0.0749777 0.00214543 0.0299362 0.0515461 0.0548548 0.160907 0.107272 0.0689603 0.0257452 0.02503 0.0201134
122 R 3.32414 0.0260255 0.0156684 0.0387102 0.0208465 0.0224343 0.03195 0.0240308 0.028171 0.0472991 0.419522 0.0283653 0.0106632 0.0111161 0.0164518 0.0822592 0.0511722 0.0266963 0.020121 0.0593032 0.0191938
123 L 3.92113 0.0229171 0.0309185 0.0452467 0.0247634 0.0346891 0.0196589 0.0254512 0.0168505 0.0275149 0.20361 0.0719173 0.0414122 0.0688536 0.0315452 0.125759 0.0208069 0.0334885 0.0722105 0.0598853 0.0225014
124 H 3.74859 0.0301342 0.021751 0.252553 0.0199785 0.0143496 0.0184635 0.103317 0.0177115 0.0142507 0.0149767 0.0234812 0.0606899 0.0965498 0.0577876 0.0566832 0.0322721 0.0752776 0.0190912 0.0179682 0.0527129
125 T 4.00369 0.076233 0.0192589 0.0234637 0.0470529 0.0185799 0.0547081 0.0260237 0.0361331 0.0125698 0.0134017 0.115018 0.109267 0.0646392 0.055866 0.0670669 0.0904933 0.103516 0.0104618 0.0322428 0.0240038
126 L 3.58751 0.0144848 0.0162729 0.0207056 0.0195826 0.019789 0.0160469 0.0156396 0.0144784 0.0187213 0.192562 0.220071 0.0113272 0.123598 0.0247259 0.0329166 0.0174126 0.0247389 0.0754636 0.0770249 0.0444375
127 D 3.45854 0.0406846 0.0310205 0.13649 0.0462679 0.018957 0.0309484 0.0267352 0.00992656 0.0306407 0.0217891 0.0251684 0.0227484 0.0372246 0.0349548 0.0240058 0.365407 0.0131435 0.019005 0.0272981 0.0375843
128 P 3.86911 0.0221613 0.018006 0.0298031 0.0318795 0.0193498 0.0311746 0.0163561 0.152093 0.055655 0.052214 0.033476 0.0301866 0.216072 0.0630211 0.0515903 0.0468634 0.0403652 0.0164106 0.0469723 0.0263503
129 A 3.98403 0.155488 0.0313967 0.0151696 0.0682358 0.038872 0.023289 0.0322354 0.0161967 0.0218655 0.0586984 0.0478425 0.0375316 0.0358819 0.0495881 0.0674862 0.147751 0.0261791 0.0544209 0.0111063 0.0607655
130 T 3.93447 0.0475532 0.0243228 0.028551 0.035905 0.04273 0.0255026 0.0375919 0.0368969 0.0783383 0.0806006 0.0239367 0.1002 0.0243808 0.0434813 0.0183779 0.0619201 0.21543 0.0246676 0.0165716 0.0330414
131 C 3.90275 0.0285861 0.255076 0.034942 0.0275758 0.0890743 0.0474561 0.0397992 0.0248855 0.0301703 0.0412245 0.0466269 0.020725 0.0270878 0.034296 0.0510153 0.0528899 0.0478268 0.0440587 0.0141709 0.0425127
132 P 3.82541 0.0782821 0.0348053 0.0337824 0.0206814 0.0289573 0.0275614 0.0294891 0.0256831 0.0175741 0.072315 0.0156815 0.0339766 0.20386 0.115314 0.036808 0.0420012 0.133724 0.0147877 0.0169883 0.0177269
133 F 3.59522 0.0228229 0.0196315 0.0203085 0.0251988 0.1997 0.023931 0.0132033 0.0126392 0.00950953 0.0392853 0.249625 0.0206586 0.0251421 0.0171873 0.0207006 0.0374438 0.035022 0.0796618 0.0748875 0.0534409
134 D 3.47003 0.00549482 0.0154739 0.192319 0.00120955 0.0558345 0.0595568 0.0366321 0.0345573 0.0191256 0.0192319 0.0153855 0.0623967 0.0240398 0.281971 0.0190955 0.0198779 0.0173782 0.0164258 0.0256425 0.0783521
135 H 3.86639 0.0434877 0.0337013 0.0513945 0.020336 0.0276186 0.0176009 0.256973 0.022591 0.0263043 0.0379548 0.0335182 0.0975371 0.0399236 0.0385459 0.0669862 0.0290365 0.0386841 0.0193005 0.034263 0.0642432
136 Q 3.85766 0.017356 0.0234048 0.00666065 0.0670676 0.0213696 0.0158199 0.0693738 0.0217999 0.0976896 0.0107784 0.0189952 0.0488448 0.0891948 0.170957 0.116691 0.0569856 0.0782886 0.015903 0.0348245 0.0179954
137 A 3.00052 0.0182742 0.00675894 0.00197559 0.0110038 0.0589962 0.00390768 0.0019236 0.365636 0.0213891 0.0524039 0.0883251 0.00464106 0.00365483 0.0103671 0.133854 0.00903365 0.00223889 0.0615115 0.00522119 0.138884
138 K 3.70041 0.0542486 0.0321617 0.0285882 0.0428823 0.022148 0.029405 0.0354888 0.0158823 0.257294 0.02182 0.0180106 0.0250463 0.0184882 0.02419 0.176933 0.0333312 0.0433068 0.0193391 0.0302698 0.0711663
139 H 3.9473 0.0736403 0.017112 0.0621523 0.0146674 0.0531694 0.0143378 0.141785 0.0193343 0.0507441 0.0583821 0.0315078 0.146674 0.075857 0.0815749 0.0461019 0.0210462 0.0345817 0.0264779 0.0214015 0.00945233
140 R 3.78327 0.0250367 0.0423106 0.0284387 0.0418936 0.0246433 0.0621927 0.0511767 0.0188369 0.0229182 0.0727439 0.0137509 0.0473311 0.0178006 0.0468782 0.229182 0.163184 0.0293267 0.0140316 0.0185824 0.0297412
141 I 3.18538 0.0186592 0.0442079 0.0200945 0.0077401 0.0459962 0.0182089 0.0215129 0.104491 0.00928812 0.0192863 0.0298547 0.0151437 0.0175423 0.097285 0.0179405 0.0200718 0.0322504 0.426673 0.0219982 0.0117553
142 E 3.79788 0.044439 0.0213307 0.0837847 0.229305 0.0148786 0.0643174 0.0355262 0.0873926 0.122961 0.0260574 0.0369848 0.0114653 0.0262063 0.049458 0.0204381 0.0222807 0.0198231 0.0504472 0.0220486 0.0108547
143 R 3.60337 0.012342 0.183418 0.00745336 0.0114497 0.0195278 0.0112784 0.0475824 0.00978838 0.00924612 0.0495997 0.066267 0.00914223 0.0459675 0.0240096 0.0813659 0.048273 0.226723 0.0803359 0.0439376 0.0122927
144 A 3.7228 0.240647 0.0131861 0.0239387 0.108361 0.0243855 0.0315411 0.0866328 0.0280754 0.0381979 0.0118924 0.0133693 0.0275901 0.0408079 0.0274154 0.0196272 0.138244 0.0354637 0.0433348 0.036097 0.0111929
145 R 3.92267 0.0353272 0.0430448 0.0171721 0.0194041 0.082077 0.0510217 0.0854567 0.0174695 0.014201 0.0955854 0.0366859 0.113829 0.0173568 0.022576 0.146744 0.0532054 0.018343 0.0225162 0.01079 0.0971939
146 T 3.63062 0.0185694 0.0483977 0.00531771 0.11176 0.00524205 0.00820409 0.0391184 0.15188 0.0553703 0.154348 0.0286565 0.0168568 0.00791825 0.126908 0.0487967 0.018985 0.0286565 0.115784 0.00477609 0.00445438
147 R 3.87296 0.0176478 0.0707886 0.0294586 0.0331246 0.0201211 0.0918924 0.0632378 0.0127538 0.028457 0.062166 0.0259437 0.0220597 0.0358753 0.10118 0.189713 0.114415 0.0130837 0.019701 0.0281057 0.0202747
148 M 3.83961 0.0151818 0.0406873 0.0284527 0.0228347 0.0382703 0.0157296 0.0359006 0.166738 0.0588895 0.0565102 0.203437 0.0101718 0.0143449 0.0331176 0.0355786 0.0283865 0.0398484 0.0698364 0.0598343 0.0262499
149 E 3.8764 0.00712241 0.0494784 0.0217636 0.0357545 0.0202609 0.0327116 0.114835 0.113058 0.0812602 0.0856514 0.109498 0.125141 0.0112402 0.0364166 0.0424483 0.0159878 0.00565736 0.0530551 0.00550069 0.0331594
150 A 3.65635 0.0980323 0.0776089 0.0980323 0.0532175 0.03959 0.0158719 0.286698 0.0128267 0.0167372 0.00639973 0.0175426 0.0150819 0.032293 0.0580653 0.0193949 0.0380808 0.0222104 0.035131 0.0326774 0.0245081
151 G 3.6761 0.0203327 0.0571997 0.0400514 0.236275 0.0114753 0.123933 0.0214817 0.0128006 0.0168044 0.0122006 0.0356519 0.140833 0.0285999 0.0403502 0.0643806 0.0215943 0.0217426 0.0684109 0.013925 0.0119584
152 L 3.91309 0.0373187 0.0269906 0.0226043 0.0322918 0.013017 0.0288243 0.0181449 0.0269606 0.0508058 0.190522 0.130806 0.0541255 0.0486438 0.0145436 0.0651432 0.0265844 0.0237428 0.0262788 0.0816521 0.0810002
153 V 2.87628 0.00901087 0.0186452 0.00253494 0.00279493 0.260312 0.0094652 0.0113818 0.0824007 0.00458269 0.100401 0.32002 0.00408249 0.096026 0.00515186 0.00690349 0.00471424 0.01015 0.0363342 0.00987341 0.00521543
154 D 3.98832 0.0528245 0.0286354 0.16704 0.0659367 0.0652344 0.0740901 0.0262294 0.016704 0.0345599 0.0308131 0.0219789 0.0345277 0.0287999 0.0168334 0.0999586 0.0150439 0.0238628 0.0860507 0.0278399 0.083037
155 Q 2.68408 0.00139678 0.0676316 0.000733111 0.156061 0.00250717 0.00559053 0.00283247 0.0573888 0.00124552 0.0126568 0.0515558 0.000631387 0.0025354 0.00399878 0.00221087 0.00306198 0.0499913 0.100361 0.442188 0.0354221
156 D 3.77109 0.0337414 0.0210507 0.18136 0.0325518 0.0102656 0.0179861 0.045697 0.018136 0.0125408 0.0235096 0.0245081 0.0986811 0.0327195 0.18136 0.0223594 0.0361078 0.0838943 0.0196277 0.0229893 0.0809144
157 D 3.60036 0.0429876 0.0413983 0.278288 0.0117587 0.0221646 0.105621 0.017393 0.010307 0.0124607 0.018867 0.0219701 0.0379484 0.029154 0.0309209 0.0265036 0.0515747 0.0222631 0.00479807 0.0846964 0.128925
158 L 1.51621 0.000578831 0.00262125 0.00196329 0.000466281 0.67656 0.00111452 0.00296507 0.000278897 0.00116773 0.00746049 0.00668103 0.00166426 0.00211566 0.00340303 0.00260693 0.00203113 0.004044 0.00189673 0.177933 0.102448
159 D 3.93187 0.0327393 0.0221211 0.181393 0.129003 0.0114392 0.0440769 0.0344182 0.0131545 0.0211846 0.0241092 0.0320106 0.0570094 0.0187004 0.0434847 0.069861 0.0202734 0.0938978 0.0483716 0.0453484 0.057403
160 E 2.8537 0.019508 0.0404192 0.259357 0.05169 0.0107209 0.0370672 0.00725983 0.0101613 0.0143583 0.0239722 0.00708082 0.0179945 0.0130403 0.401926 0.0435284 0.0137039 0.00886114 0.00732505 0.00637274 0.00565359
161 E 3.81567 0.0973551 0.0237931 0.0283651 0.177655 0.047133 0.0546632 0.0310192 0.0280943 0.0515773 0.0128536 0.177655 0.00986974 0.0402125 0.0738145 0.0439033 0.0189861 0.0158123 0.0355311 0.0197395 0.0119664
162 H 1.89389 0.0116299 0.0191726 0.0111668 0.00390741 0.00332325 0.075884 0.0461562 0.00622743 0.00839204 0.00382121 0.00419602 0.715156 0.00323094 0.0110775 0.0144124 0.0132993 0.0103296 0.00839204 0.016378 0.0138469
163 Q 3.19787 0.0485744 0.0148087 0.00398776 0.0219283 0.0629312 0.0024323 0.0062283 0.207752 0.0110889 0.143969 0.219271 0.00376095 0.00230976 0.00886509 0.00493462 0.0079543 0.0203397 0.153511 0.00886509 0.0464877
164 G 3.81 0.0351758 0.0993283 0.0424622 0.0234505 0.0381071 0.228642 0.100167 0.00680484 0.0186104 0.0200194 0.0228642 0.0268991 0.0298994 0.0342964 0.033748 0.055874 0.0121943 0.107112 0.0381071 0.0262377
165 L 3.78749 0.012846 0.0541305 0.00325282 0.00968671 0.139973 0.00766841 0.0169986 0.077846 0.0129387 0.0658697 0.0164674 0.0420834 0.0354929 0.050669 0.0147639 0.0155657 0.110993 0.153112 0.0731885 0.0864539
166 A 3.98656 0.103313 0.0293187 0.0563527 0.0455279 0.017672 0.0186538 0.0357623 0.0398316 0.140047 0.120615 0.0175852 0.0216625 0.0120047 0.0254929 0.0315519 0.0847769 0.0685625 0.0642019 0.049254 0.0178126
167 P 3.23388 0.0323158 0.0395897 0.0154368 0.00363958 0.0049741 0.0433583 0.019665 0.113463 0.00877782 0.383287 0.0447669 0.00837224 0.049741 0.0347704 0.016534 0.011547 0.0272773 0.117121 0.0071484 0.018215
168 A 3.58196 0.04668 0.005835 0.0029175 0.037547 0.017505 0.0132441 0.0391103 0.0596711 0.0562168 0.0394894 0.0893751 0.00954818 0.0115348 0.0590413 0.0260994 0.308171 0.0940906 0.0292295 0.03501 0.0196843
169 E 3.78808 0.0430931 0.0383734 0.162395 0.188378 0.0191013 0.060717 0.0162796 0.0245711 0.0372832 0.0228037 0.0200403 0.0493372 0.0144906 0.0826558 0.0239464 0.0171253 0.0162539 0.116688 0.0313964 0.0150703
170 L 3.63358 0.0169979 0.208746 0.0377731 0.0190452 0.0798022 0.0196627 0.02562 0.025182 0.0214388 0.226638 0.0422546 0.0101178 0.0597728 0.0333292 0.0612992 0.0107582 0.0208746 0.0255882 0.0472163 0.00788307
171 F 3.90872 0.0221522 0.0444542 0.0230209 0.0122778 0.184167 0.0388539 0.0399029 0.0174642 0.0150682 0.121151 0.0920837 0.0172657 0.0383682 0.0460419 0.0966726 0.0417208 0.0176599 0.0575002 0.050646 0.023528
172 A 3.7137 0.117456 0.00677633 0.0340005 0.15962 0.0225878 0.0158963 0.0381972 0.00402248 0.0906092 0.0126026 0.0191208 0.0223167 0.0122033 0.0967288 0.158534 0.0457323 0.0421931 0.0777642 0.00927287 0.0143652
173 R 2.77868 0.0230335 0.0142083 0.00255006 0.157165 0.00308615 0.00911784 0.0148812 0.00189205 0.0135404 0.11815 0.43453 0.00486052 0.0109509 0.0869061 0.0452636 0.0285397 0.00117568 0.0189661 0.000532513 0.0106503
174 L 3.71063 0.0185883 0.104132 0.0716976 0.0143395 0.0438965 0.0162334 0.0374074 0.0192262 0.0144774 0.215093 0.182829 0.025157 0.0545525 0.0302723 0.0323144 0.0406119 0.016132 0.0172074 0.0268866 0.018946
175 K 3.43375 0.00819896 0.0147161 0.0106943 0.0160826 0.0147581 0.013683 0.0131565 0.0952986 0.0860891 0.245463 0.0101281 0.0457016 0.0127424 0.101061 0.0490891 0.0116152 0.0112578 0.198489 0.0268535 0.0149221
176 A 3.69689 0.167757 0.0239654 0.0366016 0.0259625 0.0398424 0.0388706 0.0132808 0.0193871 0.013072 0.0407669 0.0069899 0.0603927 0.0270577 0.230667 0.0711849 0.0927807 0.0274775 0.0253945 0.00541153 0.0331373
177 R 3.48448 0.0430399 0.0826478 0.00928514 0.0312384 0.034716 0.0586393 0.0269461 0.0478007 0.00166162 0.0490948 0.0197099 0.0742508 0.000718812 0.0172004 0.00223131 0.09006 0.319183 0.0070703 0.0277224 0.056783
178 M 3.81625 0.00357958 0.0595071 0.00829493 0.0183153 0.14384 0.0110927 0.0653829 0.0145248 0.0472424 0.0557163 0.0252454 0.00590537 0.101339 0.0895229 0.100127 0.00395062 0.0276384 0.0402384 0.0557141 0.122822
179 P 3.8075 0.0200904 0.0256124 0.0170749 0.0106368 0.0154487 0.0196026 0.00742954 0.121659 0.0870404 0.0756071 0.00717751 0.00893539 0.162212 0.0888496 0.105368 0.0449663 0.0764138 0.0540706 0.0304147 0.0213905
180 D 3.92988 0.0541974 0.0114971 0.0827791 0.0260811 0.127385 0.0281137 0.019677 0.0872296 0.00948131 0.0164857 0.0827791 0.0267029 0.0367332 0.00662233 0.0533204 0.0377438 0.0449438 0.0287368 0.0689826 0.150507
181 G 3.83756 0.0301362 0.037263 0.0212931 0.0143912 0.0484419 0.149052 0.0164471 0.0134685 0.0279472 0.0322813 0.0175355 0.0171983 0.0201422 0.021485 0.0808879 0.0852437 0.0805361 0.163287 0.0175355 0.105427
182 E 3.90399 0.086724 0.0880638 0.0230996 0.200966 0.013071 0.0530107 0.00985128 0.0214364 0.0401932 0.0201616 0.0187819 0.0682526 0.02312 0.0389706 0.05949 0.0218029 0.0697417 0.081939 0.0426292 0.0186945
183 D 3.67963 0.0299545 0.0420001 0.291376 0.0582751 0.0230033 0.078397 0.0156094 0.0393751 0.0249203 0.0197171 0.0582751 0.0203963 0.0230425 0.0340971 0.113442 0.0272716 0.0260764 0.00927104 0.0112068 0.0542936
184 L 3.69071 0.0241376 0.0286537 0.0289292 0.0276303 0.0126911 0.010185 0.0245603 0.0211876 0.0318374 0.214903 0.0537256 0.0474785 0.0830305 0.155619 0.124624 0.0188361 0.0183677 0.00131842 0.0234439 0.0488415
185 V 3.67303 0.0654742 0.0170219 0.0267113 0.070151 0.0178206 0.0335139 0.0297379 0.0275836 0.0224816 0.0755042 0.0622466 0.0261391 0.0185694 0.0132321 0.0584591 0.0384584 0.0231691 0.315679 0.0364245 0.0216219
186 V 3.77112 0.129639 0.0178553 0.0202682 0.0231458 0.0105031 0.0644775 0.0185166 0.0255076 0.0230473 0.0672255 0.0526262 0.0338948 0.0401876 0.0416624 0.0360788 0.0163411 0.0646192 0.249974 0.0127106 0.0517188
187 T 3.60707 0.0796581 0.0305607 0.0238386 0.0332451 0.014049 0.0219655 0.0773753 0.00231216 0.033933 0.01876 0.0140848 0.0645927 0.0277877 0.0197907 0.0394786 0.0990619 0.307517 0.0476208 0.0144149 0.029953
188 H 3.76024 0.0116562 0.094561 0.121038 0.0108587 0.0127947 0.0150595 0.137543 0.0117058 0.00932497 0.0617475 0.0305652 0.0887376 0.0948215 0.15165 0.0419904 0.0248666 0.0140926 0.0135289 0.0231509 0.0303062
189 G 3.70202 0.0340912 0.13789 0.0531106 0.00102969 0.0280306 0.252275 0.0160175 0.0509647 0.0153931 0.0373459 0.0630688 0.0168183 0.0174989 0.0237436 0.0415898 0.0893091 0.0416738 0.0473887 0.0148397 0.0179212
190 D 3.75652 0.0765019 0.0190701 0.260625 0.0590095 0.0108594 0.0383867 0.0991509 0.00992858 0.0247877 0.039615 0.0236932 0.071329 0.0161211 0.0269612 0.017886 0.0255158 0.0134806 0.0460736 0.0558482 0.0651563
191 A 1.97357 0.0289391 0.00267954 0.00408115 0.0138404 0.65946 0.00487926 0.146219 0.00386976 0.00631665 0.0463156 0.0042697 0.00496366 0.00777289 0.00406956 0.0107479 0.0134751 0.00917314 0.0118387 0.00361739 0.0134716
192 C 0.977929 0.00199565 0.0152113 0.00408108 0.00402328 0.0217304 0.00804598 0.00131132 0.0348909 0.0028849 0.00169014 0.00345711 0.00125598 0.00431926 0.00425916 0.00225504 0.00334375 0.874918 0.00602368 0.00223696 0.00206573
193 L 3.68961 0.019373 0.0172596 0.0742912 0.0261535 0.0107889 0.0197605 0.0234068 0.00287176 0.0255268 0.2441 0.103219 0.0364328 0.0825126 0.0591179 0.119549 0.0134255 0.0193987 0.0471842 0.0406833 0.0149449
194 P 3.65637 0.0350214 0.0181748 0.0422964 0.01343 0.0158289 0.0230404 0.0094909 0.0257038 0.0272389 0.0512606 0.0259418 0.0152267 0.233476 0.105293 0.161193 0.0365441 0.101036 0.0163843 0.0122882 0.0311302
195 N 3.72957 0.0156238 0.0311665 0.109275 0.0278342 0.0183196 0.0116576 0.0215135 0.00745058 0.0804662 0.0330531 0.0213799 0.245869 0.0147521 0.0252514 0.0373236 0.0455825 0.0435393 0.03438 0.122934 0.0526275
196 I 3.70094 0.0195395 0.00833118 0.0246464 0.0251893 0.0217413 0.0133675 0.0148808 0.197171 0.0209385 0.0571042 0.0318018 0.00876316 0.0186105 0.0791672 0.0790637 0.119003 0.0449251 0.166039 0.0356333 0.0140837
197 M 3.56376 0.0106242 0.0193691 0.0351739 0.0129954 0.012228 0.0232522 0.0144115 0.211369 0.0295261 0.041448 0.172938 0.00698741 0.0108087 0.153864 0.0582169 0.016235 0.0174026 0.052705 0.0864692 0.0139748
198 V 3.66554 0.100629 0.0524256 0.00879397 0.0400166 0.0113 0.0432974 0.00940045 0.017744 0.0213814 0.107073 0.0222541 0.0109045 0.015771 0.0664058 0.0528951 0.025385 0.0176214 0.272613 0.049566 0.0545226
199 E 3.53054 0.0512724 0.133741 0.0702572 0.0960503 0.0174637 0.0323686 0.30145 0.00619679 0.0299968 0.00884441 0.015492 0.0312163 0.00902291 0.0334088 0.0299775 0.0589038 0.0132595 0.0258597 0.0240126 0.0112059
200 N 3.62562 0.0246642 0.0135292 0.0667666 0.0131108 0.0317936 0.0225373 0.0378496 0.00446226 0.0635873 0.0679726 0.0110587 0.254349 0.0170991 0.0227097 0.0225088 0.143991 0.0822446 0.0705903 0.0254349 0.00374043
201 G 3.74477 0.0273743 0.155363 0.0696363 0.0137822 0.0356111 0.220515 0.018548 0.0195784 0.0123653 0.0334114 0.0236266 0.0188245 0.0174091 0.0250993 0.0673385 0.08607 0.0336529 0.0826931 0.0154747 0.0236266
202 R 3.84005 0.0147588 0.114695 0.0152108 0.0132504 0.025085 0.0373735 0.0359336 0.0249644 0.114519 0.0772942 0.0401431 0.019753 0.0452934 0.0134865 0.177777 0.117436 0.0270102 0.0166055 0.0478629 0.0215487
203 F 3.66054 0.0363818 0.00381652 0.0202752 0.047936 0.324404 0.0227083 0.0207468 0.0279659 0.0298793 0.0815301 0.0376121 0.0254434 0.0389842 0.0348821 0.0236468 0.0460801 0.0218699 0.0676671 0.0529639 0.0352066
204 S 3.86177 0.0286519 0.0294059 0.0170469 0.0199951 0.0269074 0.0541213 0.0274355 0.106836 0.027807 0.0204208 0.0349624 0.0614452 0.0357484 0.024075 0.105098 0.196039 0.121358 0.0194419 0.0226199 0.0205841
205 G 3.711 0.0394529 0.0888422 0.0345355 0.0300782 0.0336523 0.272584 0.0233643 0.0143465 0.0195779 0.0307426 0.0203421 0.0201914 0.0232316 0.068146 0.0130423 0.089007 0.0164207 0.10538 0.034073 0.022989
206 F 3.64037 0.0197533 0.148981 0.0277596 0.0234052 0.265259 0.0255434 0.0193619 0.0424414 0.00899182 0.0434396 0.0252627 0.0145747 0.0162554 0.0150146 0.0451615 0.10251 0.0186556 0.0757882 0.0218021 0.040039
207 I 3.76805 0.0299177 0.0299177 0.0224383 0.0207123 0.0723384 0.0283736 0.0340117 0.26926 0.026926 0.040202 0.00384657 0.0417817 0.0241318 0.0856028 0.0207674 0.026926 0.0555109 0.0966573 0.0475164 0.0231621
208 D 3.77348 0.0987804 0.0291165 0.266707 0.0575468 0.00904092 0.0587391 0.0133354 0.0441012 0.0344138 0.0227677 0.0280744 0.0785304 0.0324564 0.0242461 0.0168669 0.0271314 0.0658923 0.032985 0.0444512 0.0148171
209 C 3.90335 0.118626 0.1465 0.0255524 0.025853 0.0685323 0.0563768 0.0133182 0.0350327 0.0188675 0.0430785 0.0488334 0.0104643 0.0195956 0.0159239 0.0602888 0.0495761 0.136529 0.07653 0.0183125 0.0122084
210 G 3.90362 0.0238908 0.0686731 0.0176576 0.0152928 0.0250541 0.214099 0.0247037 0.0171279 0.0356831 0.0450734 0.0214099 0.0299738 0.0160373 0.0583905 0.0963444 0.0699097 0.0363165 0.0789353 0.0713662 0.0340611
211 R 3.72661 0.00830804 0.0838496 0.0317375 0.0144146 0.0160437 0.0397314 0.0352168 0.0207477 0.0257266 0.125697 0.0679182 0.0196089 0.0359736 0.015401 0.226394 0.128084 0.0170123 0.0251549 0.0183873 0.0445928
212 L 3.71072 0.0170614 0.0395121 0.0191921 0.0182829 0.0042411 0.0250902 0.0255191 0.0275672 0.0344067 0.271431 0.128033 0.0198236 0.0562424 0.040212 0.0494051 0.0290819 0.0352924 0.0634513 0.0782973 0.0178573
213 G 3.62302 0.0565531 0.147095 0.048852 0.0563891 0.0157667 0.246702 0.0145119 0.0172692 0.023985 0.0382343 0.0155403 0.014427 0.0286863 0.008971 0.102947 0.025253 0.0140305 0.0975142 0.0120343 0.0152375
214 V 3.77429 0.0562212 0.0172988 0.0461302 0.0394745 0.0321264 0.129547 0.0167468 0.0549719 0.0245564 0.129165 0.0464048 0.0206984 0.0270294 0.0317772 0.017173 0.0165794 0.0144157 0.224885 0.0154031 0.0393959
215 A 3.72809 0.220237 0.0261299 0.00207771 0.122923 0.0257725 0.0720777 0.0463658 0.022834 0.0233192 0.0186642 0.0220237 0.0660712 0.031184 0.0101259 0.0188203 0.127826 0.0469098 0.062241 0.0220237 0.0123729
216 D 3.76419 0.0691255 0.0563442 0.218669 0.103525 0.0381167 0.0732288 0.0136668 0.00204364 0.0191815 0.0275634 0.0218669 0.00633824 0.0247753 0.0109335 0.0119585 0.0384328 0.0512928 0.0712579 0.0364449 0.105235
217 R 3.7963 0.0202958 0.0515578 0.029598 0.0266382 0.0126849 0.0641549 0.0575962 0.0192235 0.0294345 0.0615468 0.0228328 0.0244387 0.0488367 0.0331097 0.266382 0.107165 0.0446677 0.0397697 0.0253697 0.0146969
218 Y 3.6198 0.0385784 0.0503071 0.215227 0.0394717 0.0533402 0.0203825 0.060043 0.0202419 0.0108866 0.0115414 0.018274 0.0166547 0.0124372 0.0548219 0.0108558 0.0834132 0.0187425 0.0242723 0.0212214 0.219287
219 Q 3.7167 0.0131445 0.00858485 0.0135882 0.0521658 0.0248603 0.0282649 0.145018 0.0205512 0.104176 0.0183507 0.0265176 0.0149162 0.0484606 0.198882 0.108764 0.0176578 0.0898504 0.031538 0.0128311 0.0218771
220 D 3.61436 0.0765015 0.0445404 0.263193 0.00360539 0.0199894 0.110597 0.0641935 0.0140996 0.0169382 0.0155391 0.0146219 0.0294958 0.0302789 0.0206188 0.0256628 0.0226182 0.0357797 0.0314932 0.0167996 0.143433
221 I 2.20587 0.014038 0.00500364 0.00882388 0.00791886 0.0204189 0.00699997 0.0106393 0.0561519 0.00706467 0.664015 0.028076 0.0170157 0.00659436 0.0179208 0.00425642 0.0442409 0.0438213 0.020938 0.00867388 0.00738841
222 A 3.76762 0.250286 0.0455065 0.0618353 0.00568831 0.0194397 0.0705934 0.0222028 0.0279389 0.0182026 0.0179176 0.0238367 0.022962 0.0126407 0.0405869 0.0370794 0.0672938 0.046746 0.128352 0.0481319 0.0327599
223 L 3.63988 0.0265613 0.0396981 0.0464368 0.037137 0.00807892 0.0212211 0.0269297 0.0323157 0.0363117 0.306999 0.0622295 0.0191874 0.0901595 0.0118076 0.0953413 0.0343655 0.0171234 0.0152231 0.055818 0.0170555
224 A 3.77021 0.226821 0.0519799 0.0247033 0.123597 0.0156429 0.0579381 0.0432041 0.0236272 0.0245951 0.0173909 0.0183458 0.0171546 0.0556354 0.0155357 0.0266326 0.12861 0.0396037 0.0511147 0.0135192 0.0243481
225 T 3.66823 0.0297891 0.15646 0.0602039 0.0286284 0.016478 0.0236777 0.0214713 0.143142 0.00403734 0.0114901 0.0140586 0.0953933 0.0120656 0.00915444 0.0119704 0.0741737 0.157456 0.0878328 0.0342297 0.00828718
226 R 3.79367 0.0324567 0.0934513 0.0394089 0.0211823 0.00911067 0.0722888 0.0511297 0.0468635 0.0188753 0.0830678 0.0217254 0.00841681 0.0499335 0.0188287 0.211823 0.122876 0.0491376 0.0172214 0.00572495 0.0264779
227 D 3.49339 0.0310471 0.21108 0.138777 0.00213503 0.0142335 0.0339956 0.0534868 0.0111709 0.0211182 0.0119777 0.0154196 0.0614582 0.0123791 0.0225043 0.0206408 0.225019 0.0165464 0.0360894 0.0132168 0.0477045
228 I 3.71655 0.0281234 0.0192075 0.0216909 0.0713631 0.0111215 0.0233977 0.0213024 0.203895 0.0149922 0.0458983 0.00509736 0.046457 0.0137457 0.138357 0.045137 0.0623479 0.117224 0.0880769 0.00703085 0.0155348
229 A 3.42917 0.189171 0.041729 0.0195022 0.31945 0.0178205 0.0222555 0.0137387 0.0154426 0.041729 0.0108098 0.0236464 0.00772128 0.0328083 0.0284594 0.038122 0.0627763 0.0362794 0.0518402 0.0128563 0.0138418
230 E 3.06595 0.0437554 0.00689423 0.0132432 0.0651122 0.00827698 0.0364487 0.208127 0.00395953 0.016061 0.00813903 0.0131873 0.00628276 0.0172547 0.0434081 0.00846322 0.358237 0.105305 0.00847492 0.0122085 0.0171614
231 E 2.20034 0.0143477 0.00118901 0.00368968 0.021105 0.0310218 0.00642326 0.126446 0.00523535 0.025326 0.00315 0.0460472 0.00368968 0.00248294 0.00289676 0.0356342 0.00247687 0.00295296 0.0126889 0.0345095 0.618687
232 L 3.56824 0.00718593 0.0177193 0.0227554 0.021201 0.0795358 0.0147501 0.0153946 0.0228543 0.0160717 0.249112 0.134655 0.0132105 0.151663 0.0473664 0.0363056 0.0270298 0.0163174 0.0718161 0.0118625 0.0231932
233 G 3.60238 0.00171111 0.143077 0.0260459 0.0149098 0.00910442 0.241267 0.0148472 0.0306814 0.0283844 0.0827535 0.0241267 0.0231988 0.0173286 0.0382964 0.0521947 0.055061 0.0173574 0.139144 0.0151979 0.0253133
234 G 3.74213 0.109447 0.0120845 0.036565 0.0562436 0.00291497 0.0189473 0.0320713 0.0249307 0.237436 0.0127656 0.0275597 0.0373755 0.127604 0.0700846 0.0302281 0.0339505 0.0457968 0.0465562 0.0216933 0.0157449
235 E 3.71998 0.0704324 0.0172442 0.0893429 0.273443 0.0328132 0.0227869 0.0187862 0.0279024 0.00882075 0.0200081 0.0375985 0.0638035 0.0264623 0.0315512 0.0230931 0.0312289 0.0297221 0.0224871 0.035283 0.11719
236 W 3.54981 0.0220603 0.222167 0.0112661 0.0144546 0.0250454 0.101706 0.0198128 0.0225322 0.0177336 0.119108 0.012891 0.00709346 0.0192809 0.0270097 0.0644137 0.03839 0.0127682 0.0390864 0.191523 0.0116579
237 A 3.72806 0.271608 0.0261791 0.0186398 0.109799 0.0353213 0.0093658 0.0472362 0.0244576 0.0232807 0.0374632 0.00696432 0.0402383 0.00953012 0.0476506 0.0309605 0.0962522 0.0405722 0.0488046 0.0323343 0.0433417
238 D 3.65857 0.0233554 0.00709355 0.0248274 0.103448 0.025669 0.00755617 0.0682754 0.0414071 0.172508 0.0422066 0.0374979 0.0085941 0.00620685 0.195682 0.112663 0.0308077 0.00897125 0.0169278 0.0397239 0.0265799
239 R 3.76703 0.0131466 0.0485138 0.017695 0.0172069 0.0101837 0.0745361 0.0665333 0.0179199 0.00106624 0.0908043 0.0665333 0.0163224 0.0252904 0.0117136 0.166333 0.0591622 0.0688275 0.0159936 0.166333 0.045885
240 F 3.60728 0.027474 0.154495 0.0228549 0.0189263 0.232524 0.0180601 0.0162226 0.029759 0.033388 0.0185555 0.0152474 0.0140923 0.0149479 0.114527 0.046772 0.0462066 0.0226514 0.126102 0.0197892 0.00740521
241 L 3.58444 0.0341913 0.0186607 0.0667089 0.0152508 0.00697322 0.0124405 0.0198737 0.00975396 0.0276503 0.264982 0.113971 0.0384652 0.128377 0.056054 0.0855844 0.0300791 0.0233509 0.00234498 0.0211986 0.0240893
242 V 3.90723 0.0774414 0.0108666 0.091306 0.129623 0.0329431 0.00314615 0.0697067 0.00483688 0.0792584 0.0140359 0.0498439 0.0206231 0.00626545 0.0462439 0.0887827 0.0534489 0.115179 0.024838 0.0496761 0.0319346
243 L 2.8532 0.0380808 0.0130065 0.0142192 0.498345 0.00350454 0.0112956 0.013479 0.00955783 0.0130461 0.105136 0.0525681 0.00790497 0.0392148 0.0100815 0.0802087 0.0165899 0.0201324 0.0306647 0.00667531 0.0162887
244 Y 3.81763 0.0191602 0.0740605 0.0598482 0.0234856 0.055815 0.0181785 0.0714155 0.0196299 0.0287966 0.080174 0.0781107 0.00812859 0.0159545 0.0302975 0.0274549 0.0522292 0.036906 0.0254052 0.0249954 0.249954
245 G 3.69825 0.0368625 0.105857 0.00928213 0.0185311 0.018462 0.199566 0.0176831 0.014893 0.017462 0.0686227 0.066522 0.0354784 0.0181424 0.0191365 0.0926313 0.0433656 0.0250711 0.168153 0.0108854 0.0133937
246 I 3.95703 0.0171992 0.0884528 0.0263476 0.0200271 0.0425469 0.0260703 0.0192836 0.176906 0.0286874 0.105885 0.0172591 0.0267415 0.0262594 0.0638204 0.0715019 0.0924821 0.0269204 0.0530717 0.0245702 0.0459676
247 A 3.96258 0.100617 0.133512 0.0361191 0.0157215 0.0243354 0.0514367 0.0192291 0.0127903 0.0568707 0.0549424 0.0335391 0.122091 0.0295004 0.0765893 0.0583472 0.0909759 0.0410373 0.019875 0.00838478 0.0140864
248 A 3.77867 0.0615056 0.019088 0.0462815 0.10579 0.0187517 0.0131883 0.0542899 0.0280952 0.0479172 0.177281 0.0570325 0.0180168 0.0104665 0.171965 0.00962011 0.0394322 0.0707315 0.0110395 0.0159915 0.0235169
249 P 3.92727 0.0809862 0.0427596 0.0322914 0.0128958 0.0207253 0.0412104 0.0211604 0.0307222 0.0276763 0.0537521 0.0145077 0.0473862 0.174093 0.0326424 0.141185 0.0306042 0.0965423 0.0522278 0.0217616 0.0248704
250 D 3.80317 0.0663307 0.0610859 0.222131 0.0255323 0.0236939 0.0544849 0.0187339 0.064301 0.00427174 0.0177705 0.0271305 0.0314124 0.0233264 0.142798 0.0263266 0.0237498 0.0286005 0.0510542 0.0158665 0.0713992
251 S 3.39777 0.0186514 0.00403957 0.0165791 0.00602407 0.101048 0.00616577 0.0542482 0.0322203 0.0253127 0.044331 0.105001 0.00800853 0.0045045 0.0696321 0.0332729 0.0248686 0.0367246 0.00471646 0.329709 0.0749418
252 Q 3.71257 0.0181069 0.0295568 0.228353 0.145552 0.033868 0.0144373 0.0736709 0.0160873 0.0489205 0.0321517 0.0119165 0.0389273 0.0582107 0.107249 0.0499515 0.0385056 0.0263547 0.00956094 0.0077396 0.0108803
253 R 3.76126 0.0221788 0.0641227 0.0210716 0.0205257 0.0153645 0.0445531 0.0119167 0.0220554 0.130302 0.109733 0.0502734 0.0258007 0.0284883 0.0187964 0.227906 0.0844824 0.0269766 0.0366094 0.016279 0.022565
254 I 3.80077 0.0204386 0.0143046 0.0286321 0.0542918 0.0233922 0.0202502 0.0185694 0.213548 0.0341676 0.14087 0.0553642 0.0242668 0.00744934 0.0919441 0.0357015 0.0934271 0.0213548 0.0301987 0.0427095 0.0291201
255 A 3.57962 0.141118 0.00688381 0.026342 0.0661491 0.0108552 0.124352 0.0249032 0.0121954 0.0122711 0.017489 0.070559 0.0166021 0.0156044 0.0218788 0.0228365 0.0743419 0.0490582 0.0209064 0.0131273 0.252527
256 F 1.39402 0.00698064 0.00535657 0.00435222 0.00507951 0.0267829 0.00430773 0.00257528 0.00297587 0.00535657 0.0146962 0.00301779 0.00248698 0.00352075 0.00448022 0.00712572 0.0104638 0.00318987 0.0118508 0.797364 0.0780364
257 Y 3.6069 0.0210212 0.0706759 0.0520604 0.0223782 0.0350723 0.0188323 0.0976001 0.0353826 0.0391984 0.0298376 0.0208242 0.0136638 0.0189975 0.0512595 0.0128768 0.0257058 0.0370207 0.0421939 0.0222124 0.333186
258 R 3.63102 0.0192872 0.0215646 0.0268453 0.0229303 0.026051 0.104721 0.0579293 0.0212482 0.0306874 0.0879556 0.068791 0.0207902 0.030333 0.0239273 0.275164 0.112354 0.00645925 0.01231 0.0165399 0.014111
259 L 3.64838 0.0201544 0.0453208 0.0451148 0.0351544 0.00859329 0.018604 0.0248753 0.0215602 0.0343732 0.300765 0.0971703 0.0130767 0.0644497 0.0250638 0.0336923 0.030559 0.0162914 0.047982 0.100255 0.0169445
260 L 3.57827 0.0173112 0.0383509 0.0199744 0.0149032 0.0322523 0.0178312 0.0240552 0.0333386 0.0133669 0.319591 0.118705 0.0173272 0.0812832 0.0348644 0.0381102 0.017172 0.0271652 0.0437225 0.0726342 0.0180414
261 D 3.64509 0.0192701 0.0203353 0.289052 0.0113601 0.0124323 0.0518811 0.0146976 0.0278604 0.0401993 0.0336107 0.0215442 0.0829064 0.0204037 0.0439066 0.0294244 0.0226707 0.053891 0.0240877 0.0412931 0.139173
262 E 3.82739 0.0492032 0.0879694 0.0196295 0.263908 0.0323153 0.0595626 0.0182006 0.0281502 0.0833394 0.022187 0.0251341 0.0243073 0.0436683 0.0274465 0.0497463 0.0254911 0.0265807 0.0527817 0.0433282 0.0170503
263 F 3.52359 0.0333322 0.00363083 0.0266866 0.0474428 0.355821 0.0186383 0.0412546 0.0444777 0.0353855 0.048949 0.0291657 0.0359086 0.0148823 0.0258779 0.0224868 0.0818835 0.0294288 0.0320937 0.0688686 0.00378533
264 F 3.64237 0.0194453 0.069813 0.0169473 0.0113807 0.222737 0.0242434 0.00593964 0.0263075 0.0417631 0.102801 0.0118477 0.0200463 0.0309687 0.0114224 0.0212854 0.0802274 0.0246183 0.0720997 0.0171336 0.168973
