# POSITION WT AAA AAC AAG AAT ACA ACC ACG ACT AGA AGC AGG AGT ATA ATC ATG ATT CAA CAC CAG CAT CCA CCC CCG CCT CGA CGC CGG CGT CTA CTC CTG CTT GAA GAC GAG GAT GCA GCC GCG GCT GGA GGC GGG GGT GTA GTC GTG GTT TAA TAC TAG TAT TCA TCC TCG TCT TGA TGC TGG TGT TTA TTC TTG TTT
1 ATG 55 7 9 2 36 4 49 0 30 3 6 10 6 159 198833 23 10 29 2 6 4 17 11 2 7 2 11 14 13 10 18 17 17 31 16 9 40 62 90 1 20 37 11 0 8 16 4 3 0 13 0 51 10 14 12 16 0 41 3 15 26 3 10 16
2 ATT 90 21 110 8 7 1 13 11 13 2 13 15 25 0 13 198807 7 178 9 10 0 8 0 5 6 0 2 2 10 1 5 0 1 2 1 1 46 14 2 10 0 0 0 0 121 23 4 12 0 121 0 32 23 9 7 13 0 9 3 7 4 32 4 107
3 GAG 20 94 16 125 50 0 13 33 9 35 71 115 31 6 8 6 247 95 85 327 101 0 7 17 5 17 86 11 108 87 6 33 7 16 197807 5 0 2 5 9 23 2 9 8 12 2 0 4 0 26 1 32 40 17 15 16 0 4 0 6 2 31 33 2
4 CAA 47 24 35 33 5 2 5 12 6 4 2 2 6 33 11 0 198791 2 35 20 84 103 112 23 11 13 5 2 5 2 31 5 40 16 0 2 2 3 0 0 7 3 24 17 20 80 43 4 0 0 0 5 29 9 4 5 0 2 53 0 1 19 125 16
5 GAC 359 15 20 106 31 25 93 10 1 404 22 23 149 111 0 32 19 16 71 29 305 12 16 69 6 20 0 44 845 50 68 15 104 193885 63 1 1 30 48 20 339 53 239 42 76 2 4 2 0 13 0 3 27 259 74 451 0 19 9 21 244 77 808 100
6 GGC 787 336 208 155 113 526 82 195 33 24 180 135 377 40 117 148 10 4 3 11 1411 634 106 1423 10 42 29 45 32 20 21 5 83 24 98 82 89 7 167 16 18 190874 1 2 34 10 19 68 0 149 0 115 12 283 187 76 0 10 171 3 26 81 2 31
7 CTT 5 2 29 4 4 4 0 0 12 3 4 9 1 0 3 3 1 1 1 5 2 10 4 25 33 2 6 8 10 15 11 199125 32 0 23 3 2 12 0 7 13 0 46 2 5 10 10 15 0 3 0 1 6 1 9 8 0 268 10 141 17 2 11 1
8 CAT 4 3 0 13 2 0 7 2 0 4 9 1 3 0 77 0 8 5 6 199223 51 9 202 38 32 3 6 3 2 16 2 23 23 2 25 2 4 14 3 2 1 2 11 36 6 1 1 16 0 13 0 7 29 2 1 8 0 12 3 11 1 0 9 1
9 GCA 3 10 34 49 2 6 4 1 12 10 6 2 25 28 4 16 6 3 3 9 25 45 13 62 3 8 5 47 33 83 5 5 13 0 30 2 199076 27 9 8 14 15 56 7 17 7 20 21 0 3 0 8 19 4 4 14 0 0 5 1 6 4 42 1
10 GGA 1 0 1 5 12 2 3 4 7 1 0 2 2 0 5 0 11 0 2 3 2 0 4 17 4 30 3 15 7 4 1 2 5 2 0 2 3 0 2 0 199742 11 15 10 12 0 4 15 0 3 0 0 6 2 1 0 1 8 0 0 1 1 4 0
11 TCT 7 1 17 1 206 57 43 167 136 65 1609 12 109 138 51 137 221 87 455 127 487 57 102 107 1819 393 784 62 719 342 186 305 7 26 60 57 15 2 10 4 1 61 8 5 94 78 42 1 0 403 0 1538 23 32 1 186373 0 369 1 50 556 219 168 787
12 CCC 6 0 2 4 7 4 6 10 0 3 3 5 0 0 0 0 20 1 1 2 27 199737 4 11 2 9 0 5 13 1 9 3 1 6 0 2 4 33 18 4 3 0 0 3 5 2 5 1 0 0 0 1 2 1 1 2 0 1 4 0 0 5 0 1
13 GCT 1 1 40 4 21 14 8 30 8 1 4 26 0 9 1 6 13 17 8 3 4 0 3 38 9 20 0 10 43 63 9 39 16 13 34 16 0 9 32 199109 2 2 2 17 4 16 4 41 0 0 0 1 18 12 14 78 0 6 0 0 14 0 81 6
14 GCA 7 2 8 3 36 17 5 6 1 12 19 11 2 0 15 1 1 0 2 18 2 9 4 20 5 18 13 3 0 2 0 0 17 0 4 2 199525 4 12 59 5 7 11 11 5 0 0 5 0 1 0 3 19 5 9 37 0 7 0 2 2 1 0 5
15 TGG 0 1 0 0 0 5 1 0 5 0 17 17 1 3 0 0 2 3 0 5 1 3 2 0 4 1 1 4 24 16 9 36 1 0 1 0 6 0 1 3 5 4 3 18 2 0 0 5 0 1 8 5 6 2 7 5 4 13 199711 10 15 1 1 1
16 GTG 131 7 338 11 28 7 20 39 50 38 48 31 1 5 2 0 7 1 39 0 2 5 0 1 76 172 1 86 7 8 1 0 44 0 3 7 24 48 25 23 6 60 79 28 11 34 198249 25 0 0 0 1 28 15 54 7 0 11 27 13 4 1 11 0
17 GAA 19 3 1 2 1 15 1 10 7 7 6 2 2 1 4 2 22 5 17 14 26 6 28 0 21 8 5 1 0 2 1 15 199588 8 6 8 4 4 0 0 5 5 1 8 4 1 14 3 0 2 0 1 21 32 10 11 0 0 2 1 2 0 2 3
18 CGT 17 9 162 4 1 3 1 0 15 22 6 61 6 1 5 5 0 5 1 16 1 7 1 13 10 37 16 199401 1 5 4 9 11 2 3 13 0 3 0 11 25 13 1 13 8 0 1 3 0 5 0 1 6 8 4 9 0 3 4 3 5 0 0 0
19 TTG 0 0 0 1 0 2 0 0 2 0 1 0 1 1 9 3 1 0 2 0 4 2 1 0 8 3 11 8 1 12 11 9 5 2 2 6 2 1 2 0 0 8 0 0 1 2 5 4 0 0 0 1 0 1 10 2 0 1 7 0 4 26 199812 3
20 TTC 175 2 53 3 169 4 6 50 93 23 120 17 7 5 24 13 19 20 16 6 3 10 47 9 15 27 50 124 0 29 2 20 283 16 304 0 24 36 29 17 20 3 0 1 5 6 1 3 0 11 0 23 6 12 7 4 0 29 2 16 26 197917 19 19
21 GGA 6 4 0 2 0 6 0 0 18 1 6 2 2 6 4 2 0 2 0 0 1 4 1 0 5 5 1 8 0 0 1 0 1 5 2 9 7 3 1 2 199813 2 4 14 10 3 2 2 0 0 0 1 6 0 4 9 6 0 1 1 5 0 0 0
22 TAT 0 5 0 9 0 1 0 1 0 0 3 11 2 1 4 1 3 0 0 10 0 0 2 1 0 0 1 0 0 0 1 8 0 2 2 6 0 1 1 0 0 2 2 1 1 3 2 1 3 0 0 199861 5 11 5 6 0 1 1 12 0 2 3 2
23 GAT 8 4 1 41 14 0 6 2 15 1 1 0 6 1 0 2 3 2 8 20 5 7 1 2 8 3 7 9 2 6 18 9 15 4 6 199627 1 8 1 5 3 0 2 23 1 2 4 1 0 7 0 24 5 10 0 4 0 17 2 11 2 2 1 0
24 TGG 3 3 7 4 1 3 2 0 6 0 14 7 0 1 1 0 1 0 4 0 2 2 0 0 4 16 35 1 1 3 1 3 0 6 0 0 1 0 0 1 4 6 3 3 7 1 5 0 0 0 0 6 4 2 12 8 0 19 199753 11 7 0 14 2
25 GCA 17 1 20 3 6 5 7 10 0 22 5 15 18 3 2 8 6 0 6 4 1 4 3 0 7 1 3 6 2 0 2 12 30 24 2 12 199412 24 25 43 1 4 5 3 10 17 28 39 0 11 0 14 32 23 18 11 0 1 1 2 3 1 3 2
26 CAA 11 0 28 3 0 1 4 0 7 3 3 0 9 9 3 1 199624 22 14 6 22 8 1 18 37 2 5 7 1 17 16 14 19 0 2 8 1 1 0 2 3 4 1 0 0 0 3 2 2 0 0 0 11 3 4 2 0 0 14 2 5 6 6 3
27 CAA 12 4 0 6 22 34 25 9 12 4 8 3 208 17 12 139 199054 2 7 6 3 3 0 17 0 3 15 3 1 0 1 0 8 3 5 4 0 6 0 1 0 3 4 1 23 106 116 0 11 1 0 1 11 17 25 5 0 9 0 0 0 6 0 4
28 ACA 8 16 3 3 199537 24 15 7 7 4 11 4 14 4 0 1 0 18 0 25 9 4 2 16 1 30 10 15 0 0 1 0 1 0 0 0 50 11 52 13 3 0 4 0 2 1 0 1 0 3 0 27 13 4 12 0 0 1 1 1 2 3 6 0
29 ATC 0 11 2 0 1 1 1 3 0 48 0 7 27 199739 0 11 1 2 7 0 0 2 1 0 0 1 2 3 3 2 7 4 2 2 0 2 0 1 0 0 10 2 10 0 4 2 1 1 0 3 0 0 15 1 13 12 0 7 1 1 11 4 7 2
30 GGC 0 1 1 4 1 1 3 0 1 21 4 22 2 7 6 2 2 2 1 1 0 1 0 1 11 10 15 10 0 6 1 2 0 16 0 7 0 8 0 2 82 199658 16 1 2 5 5 9 0 2 0 3 3 2 2 3 0 5 2 14 3 7 1 3
31 TGC 3524 3 673 3 1 0 6 5 12 22 12 0 1 4 2 2 896 7 46 0 0 10 2 0 54 42 70 15 175 63 4 4 3 4 1 2 2 2 0 3 0 9 1 0 1 15 2 8 0 3 0 4 18 0 8 18 13 194179 3 5 23 0 14 1
32 AGT 0 0 0 0 10 6 1 3 17 67 4 199715 8 1 2 2 5 0 8 2 3 0 1 1 1 0 23 1 2 0 0 2 3 1 2 6 1 0 0 0 0 2 2 12 8 5 3 3 0 5 0 4 15 3 5 4 0 19 1 3 1 2 5 0
33 GAC 5 5 30 14 72 34 33 74 14 14 17 23 2 0 1 1 4 9 0 7 102 26 17 6 19 15 11 8 1 5 50 10 2 198534 19 14 4 14 1 17 79 40 242 16 14 19 14 7 0 3 0 12 33 90 57 109 0 4 8 2 7 2 5 3
34 GCC 3 0 0 0 2 1 0 0 1 8 2 2 1 2 1 2 9 0 11 6 5 4 1 3 13 4 3 22 1 0 2 0 3 3 6 0 5 199793 4 2 2 6 2 4 11 4 2 4 0 0 0 0 12 4 11 10 0 0 0 0 2 0 0 1
35 GCC 10 12 1 10 6 22 93 146 2 3 0 0 1 8 0 33 10 18 24 5 1 11 6 3 9 2 15 8 6 0 1 0 11 19 3 2 10 199204 15 27 2 8 1 3 1 64 24 11 0 5 0 0 22 46 16 10 0 8 0 4 2 2 7 7
36 GTA 4 2 2 3 0 2 1 3 1 0 2 2 0 1 11 0 0 1 3 0 0 0 0 0 3 3 1 4 31 1 17 3 33 6 0 2 3 7 1 1 20 5 13 13 199717 16 18 13 0 1 0 0 0 0 0 3 0 0 1 0 19 4 0 3
37 TTT 2 1 0 1 1 0 0 0 0 2 1 8 0 7 2 3 3 1 0 2 1 6 3 3 0 0 3 1 2 2 9 3 4 1 1 2 2 2 2 1 0 2 0 2 0 5 2 4 0 3 0 15 5 2 12 17 0 0 0 3 6 14 2 199824
38 CGC 1 1 5 0 2 0 3 0 9 23 11 7 0 0 4 0 1 12 1 0 4 3 3 1 15 199754 5 20 8 19 11 1 1 0 1 0 1 2 2 2 0 12 2 3 3 3 2 1 0 1 0 1 3 7 7 5 0 10 0 3 0 0 4 0
39 CTT 2 2 2 2 0 2 0 3 0 4 0 5 1 0 1 3 0 1 0 4 3 1 2 2 1 0 3 7 13 36 12 199752 4 1 1 3 1 0 0 3 34 20 3 2 0 0 9 1 0 3 0 0 4 9 4 2 0 0 0 0 16 0 8 8
40 AGT 3 6 2 9 47 52 12 12 23 10 4 199607 1 0 2 3 6 4 4 7 0 7 0 0 15 8 5 44 6 2 0 0 8 1 2 0 0 4 0 1 2 1 6 7 6 18 5 3 0 0 0 0 8 1 3 7 0 2 3 7 0 0 2 2
41 GCT 1 0 11 23 0 3 7 3 5 2 5 3 1 0 1 1 16 3 23 0 6 0 1 5 0 1 0 1 1 0 0 2 0 1 9 8 23 13 9 199649 1 1 0 0 3 4 2 1 0 0 0 0 7 2 2 9 0 102 0 27 0 1 1 0
42 CAG 42 4 0 0 51 42 19 19 7 27 18 11 2 0 2 1 3 9 199333 5 8 52 34 35 9 19 37 3 8 2 13 15 0 16 16 2 10 2 7 11 4 0 0 4 0 2 0 3 0 0 16 0 10 7 22 11 0 4 6 1 10 0 6 0
43 GGA 8 19 8 10 27 9 10 11 6 286 0 39 2 0 1 6 0 12 2 1 1 2 1 4 5 4 8 26 2 0 0 0 25 4 4 7 11 1 1 17 198627 6 22 7 7 2 1 1 0 0 0 5 19 122 327 239 2 2 7 3 3 8 3 7
44 AGG 28 1 37 0 2 0 19 2 38 15 199625 0 2 1 4 3 8 1 10 0 6 1 3 4 1 8 9 21 4 4 14 2 0 0 2 1 3 1 2 1 35 11 17 25 0 3 3 0 0 1 0 0 4 1 1 0 0 0 4 1 1 3 6 1
45 CCG 30 18 84 14 0 8 20 4 0 6 3 7 0 2 4 5 4 2 26 1 81 1 199425 0 4 2 11 35 2 2 2 4 30 8 6 4 1 4 74 7 0 2 0 4 1 5 2 3 0 0 0 1 2 4 4 22 0 0 1 0 1 5 1 1
46 GTG 2 4 1 44 87 327 40 67 3 9 7 11 0 0 12 6 2 1 0 1 78 19 7 5 4 12 7 2 7 18 8 14 0 0 24 10 88 17 135 119 92 1 24 6 25 59 198444 26 0 0 0 0 35 2 2 17 0 3 0 31 16 2 16 1
47 TTG 13 0 13 0 0 1 1 2 10 2 10 2 0 0 10 6 18 38 3 0 4 0 0 1 5 14 14 10 9 7 9 30 0 0 1 4 0 0 1 0 0 9 0 0 1 1 12 1 0 61 0 15 0 0 0 1 0 2 21 6 17 8 199581 26
48 TTC 0 0 2 1 0 1 0 0 0 10 6 6 1 5 1 0 10 1 0 0 0 4 0 2 3 0 1 0 8 8 8 9 2 0 2 0 1 0 0 3 0 1 0 5 5 29 8 4 0 4 0 4 0 26 5 1 0 2 0 0 6 199781 3 21
49 GTT 4 3 2 2 3 0 1 0 0 0 2 0 0 3 1 26 0 0 0 2 1 4 0 1 2 0 1 0 3 2 5 1 0 2 0 8 3 9 10 3 5 0 0 4 6 65 5 199790 0 1 0 0 0 0 2 1 0 0 2 4 3 0 6 2
50 AAG 8 12 199803 0 0 0 10 1 5 3 6 0 1 6 1 3 8 2 3 1 3 0 0 0 1 0 17 3 0 0 2 3 4 0 12 1 0 6 1 1 1 0 1 1 16 0 1 5 0 4 12 0 5 3 5 3 0 1 3 2 3 3 0 4
51 ACC 0 3 1 8 36 199764 16 12 3 10 2 2 1 6 1 1 1 0 6 0 3 2 0 4 1 3 5 3 1 0 5 1 1 8 0 2 1 17 4 2 0 6 0 4 1 0 2 3 0 1 0 2 4 26 4 0 0 1 1 1 1 0 5 2
52 GAT 0 3 0 4 10 127 82 34 2 109 0 76 29 54 2 3 36 0 59 2 1 5 2 0 1 7 0 0 9 18 2 8 239 26 29 196591 286 57 644 540 0 7 5 21 29 32 44 8 0 6 0 6 165 84 130 224 0 48 1 88 2 3 0 0
53 TTG 45 12 5 12 1 10 41 38 29 33 65 15 12 1 2 3 2 17 20 27 0 87 4 0 120 37 107 83 3 2 21 3 0 13 15 3 114 33 28 71 2 10 1 2 10 49 20 14 0 3 3 213 32 10 25 108 0 0 17 2 10 14 198308 13
54 TCT 1 2 0 2 6 5 6 1 0 0 0 2 9 1 1 4 3 34 6 6 0 0 1 5 9 1 8 6 1 0 0 0 19 0 17 0 5 0 12 1 7 20 0 6 2 5 1 2 0 1 0 1 13 11 17 199717 0 2 0 9 2 0 0 10
55 GGG 0 0 0 0 0 0 0 2 26 0 35 0 1 0 0 2 15 50 8 41 0 0 1 0 0 2 10 4 0 23 1 12 2 2 0 2 0 3 23 0 25 3 199555 16 27 1 26 5 0 9 0 4 3 0 7 6 0 9 1 5 14 0 12 7
56 GCG 2 0 7 7 0 5 1 3 5 1 3 12 1 5 2 9 10 8 24 35 10 12 22 1 4 3 0 5 0 2 0 4 10 2 17 6 20 14 199623 6 2 3 9 4 8 8 16 5 0 4 0 0 1 11 24 0 0 0 1 2 0 0 1 0
57 CTA 7 4 0 8 0 0 1 0 13 0 6 3 13 2 6 6 0 0 1 1 17 7 21 1 26 1 4 24 199733 16 3 4 1 1 0 5 4 1 1 2 1 3 0 0 9 2 0 0 0 2 0 0 7 7 0 2 0 4 0 0 12 0 8 0
58 AAC 6 199690 3 23 6 3 4 3 23 7 0 1 0 8 4 0 5 27 4 12 0 1 5 1 18 8 1 16 11 16 1 3 7 9 0 0 8 9 1 1 1 4 0 6 1 0 0 3 0 12 0 3 0 2 1 4 0 0 0 1 6 1 10 0
59 GAG 0 1 1 1 1 1 2 0 2 1 0 2 2 0 2 1 18 2 30 2 2 0 0 2 0 1 4 0 9 3 1 2 15 4 199832 3 2 2 2 3 4 3 15 1 1 0 1 0 0 0 1 0 0 2 0 6 0 0 1 6 3 0 0 0
60 CTG 0 0 0 3 1 1 0 7 23 2 23 1 8 0 18 3 1 3 1 3 9 12 7 0 17 4 14 0 52 3 199659 27 2 5 0 1 6 2 1 1 1 1 1 0 0 0 2 0 0 0 0 3 8 7 1 6 0 3 0 1 11 0 34 1
61 CAA 6 4 8 4 1 1 3 0 7 4 10 1 8 4 12 0 199677 4 29 16 2 7 3 7 3 5 0 8 5 0 0 2 18 9 2 21 6 0 0 7 0 3 3 4 5 12 5 5 15 7 0 17 1 6 1 2 0 3 1 0 0 0 5 1
62 GAT 0 7 0 8 1 0 1 0 5 0 9 0 2 4 0 1 0 2 0 4 4 0 9 0 7 2 0 1 0 6 3 5 101 28 107 199602 3 3 2 2 14 4 1 4 9 6 0 4 0 5 0 1 0 0 4 1 0 1 0 0 3 4 3 7
63 GAG 5 1 25 1 1 3 5 3 7 0 4 1 0 4 0 0 14 1 9 2 4 0 0 0 1 8 1 0 6 10 3 5 45 22 199700 3 4 10 25 1 0 5 0 8 4 3 5 5 0 1 3 1 1 4 2 0 0 2 1 0 5 2 14 0
64 GCG 2 0 7 0 3 0 0 3 2 16 1 8 0 6 1 8 0 0 1 0 0 0 0 1 0 0 4 1 1 0 2 1 1 4 8 4 18 3 199807 16 7 3 0 3 2 2 0 4 0 0 0 3 15 1 21 1 0 3 0 3 1 2 0 0
65 GCC 3 4 0 0 1 3 1 6 4 5 3 1 1 1 1 1 3 0 5 0 9 1 0 4 1 4 3 7 1 1 0 2 1 7 1 5 21 199295 17 5 4 3 1 1 111 197 47 147 0 1 0 7 9 12 4 6 0 5 2 8 1 0 2 4
66 CGA 0 2 3 6 1 5 5 2 7 11 18 8 0 4 4 0 6 0 8 3 12 8 9 6 199686 25 38 3 9 1 6 7 4 1 4 0 0 6 0 1 1 0 8 1 0 2 1 4 0 0 0 0 10 5 27 9 4 1 1 1 3 1 0 2
67 CTT 5 1 3 1 1 0 1 2 2 0 3 0 8 4 7 34 1 2 1 29 10 16 2 10 21 4 1 7 23 8 20 199683 1 2 7 0 1 1 0 7 2 10 0 3 1 6 0 3 0 1 0 0 0 5 3 6 0 0 4 0 14 3 8 2
68 TCG 5 5 11 8 0 0 3 1 13 6 92 16 3 14 1 3 24 1 26 0 2 2 14 0 15 2 22 1 3 2 4 1 1 0 0 1 14 3 17 15 2 2 3 8 2 2 0 5 0 1 0 1 6 6 199562 24 0 0 9 0 2 0 13 1
69 TGG 3 2 3 1 0 0 0 4 5 2 18 2 0 0 0 6 0 1 0 0 1 4 2 4 0 9 13 0 4 3 28 12 9 0 4 2 0 1 0 3 6 7 49 25 0 0 3 0 0 2 10 1 0 2 6 4 0 0 199703 1 12 1 17 5
70 CTG 1 1 1 2 2 5 0 1 4 3 2 0 1 1 27 1 2 0 0 1 13 1 17 1 1 2 17 3 12 21 199746 36 0 3 1 7 1 0 0 3 4 8 2 2 2 7 2 1 0 0 0 0 1 5 4 0 0 6 1 2 2 1 9 1
71 GCC 1 1 8 10 0 9 1 7 0 9 8 24 0 0 1 4 1 2 3 1 1 20 15 0 0 1 7 5 2 0 0 0 2 0 5 1 19 199702 15 33 14 7 0 3 0 2 0 3 0 3 0 1 16 5 0 12 0 1 0 7 2 0 6 0
72 ACA 7 5 1 3 199709 73 27 12 3 12 4 4 2 0 0 1 3 0 0 5 35 12 5 4 10 0 0 1 0 0 0 0 0 0 0 3 0 0 6 0 1 1 0 3 2 2 6 0 0 0 0 3 16 3 9 2 0 1 0 1 1 0 1 1
73 ACA 2 0 2 2 199818 30 19 1 4 3 0 2 12 8 0 0 0 2 3 0 5 1 2 1 2 1 1 0 0 0 2 0 5 0 0 2 27 1 2 2 3 0 0 0 2 3 1 3 0 3 0 7 4 4 2 1 0 1 1 2 0 1 0 0
74 GGG 1 0 0 0 0 2 0 0 2 4 25 0 0 0 1 0 0 2 3 0 0 0 1 0 1 2 19 1 3 0 0 1 1 0 5 0 5 20 10 2 114 24 199726 2 0 3 0 5 0 2 0 0 2 1 1 0 0 3 0 2 0 1 1 2
75 GTT 0 2 2 0 4 1 0 2 2 1 0 0 1 28 3 18 1 2 12 2 3 0 0 1 4 0 1 0 4 0 2 54 2 0 0 18 1 4 0 3 1 0 1 2 11 12 8 199733 0 1 0 0 1 0 1 3 0 4 0 2 3 0 22 17
76 CCG 4 0 3 0 15 28 15 4 0 32 5 5 0 5 0 2 4 3 7 0 7 8 199683 3 4 0 3 10 6 1 34 8 1 1 0 0 4 1 2 0 5 1 2 4 0 1 0 0 0 2 0 0 10 3 15 20 0 0 1 0 24 1 0 3
77 TGC 1 0 1 0 7 1 1 0 5 0 5 2 0 0 1 5 0 2 0 3 0 0 0 1 3 18 1 0 1 2 0 4 0 1 0 1 0 0 1 1 1 10 5 0 3 7 7 7 0 10 0 1 0 1 6 7 14 199811 18 16 0 5 0 3
78 GCA 0 0 1 0 7 2 1 9 14 4 15 7 2 0 1 0 17 2 2 1 14 2 5 0 22 10 10 2 3 0 0 0 10 0 24 1 199713 21 28 7 12 2 0 0 2 1 3 0 0 0 0 2 0 8 6 7 0 0 0 0 0 0 0 0
79 GCG 104 19 101 14 1 26 50 1 4 5 11 5 1 102 2 225 9 4 17 3 1 11 10 0 31 10 3 41 0 0 0 0 11 0 47 7 21 13 198932 6 26 7 66 12 0 1 1 0 0 0 0 0 5 4 19 4 0 4 0 0 0 0 1 2
80 GTT 2 1 1 0 1 2 1 0 3 0 0 2 11 0 0 8 0 0 3 2 0 2 1 1 4 3 5 2 1 1 0 10 0 0 1 1 3 2 0 9 2 3 5 14 21 10 18 199824 0 0 0 0 0 0 0 0 0 2 0 0 5 0 1 12
81 TTA 1 0 15 1 0 4 7 6 2 3 7 1 8 5 9 15 6 5 2 2 3 7 0 11 0 34 9 0 36 14 25 4 55 0 22 7 0 1 1 0 3 4 8 1 10 6 4 4 0 2 0 1 8 0 3 3 10 0 1 0 199564 12 11 17
82 GAT 0 1 0 1 4 7 4 1 2 2 3 1 1 0 0 0 1 4 0 3 1 6 2 0 0 0 0 0 1 0 2 2 2 21 12 199842 0 0 0 3 12 2 0 7 2 4 1 4 0 1 0 26 0 1 3 0 0 0 3 2 0 3 0 0
83 GTT 7 0 9 1 3 0 2 0 2 2 16 9 7 2 14 7 0 4 4 6 2 0 1 5 19 0 8 9 0 4 26 6 7 9 5 6 0 2 10 10 0 2 12 53 29 17 24 198937 0 7 0 13 6 14 22 0 0 4 2 3 17 339 14 261
84 GTA 0 2 3 1 15 0 5 1 1 21 1 1 3 1 0 3 12 1 0 1 0 4 3 4 0 1 0 4 5 8 6 0 6 0 1 7 15 9 10 40 5 2 7 6 199697 23 10 4 0 2 0 3 0 7 2 1 0 2 10 0 18 0 6 0
85 ACG 8 7 20 2 7 62 199704 6 1 1 1 2 6 15 2 4 2 3 1 1 0 0 3 0 0 2 3 0 2 2 0 1 0 2 2 0 1 1 36 22 0 1 4 1 2 0 0 11 0 0 0 5 1 4 23 0 0 2 1 2 2 2 6 1
86 GAG 6 0 12 2 0 2 0 0 0 0 3 3 0 0 1 0 1 1 2 0 0 0 0 2 5 1 1 6 6 2 19 4 9 19 199759 5 1 19 20 1 6 1 16 0 0 2 7 2 0 4 4 7 1 0 4 0 0 5 0 4 17 2 6 0
87 GCG 3 5 27 0 6 0 10 3 2 5 3 26 0 0 5 0 1 1 0 11 2 18 11 1 1 0 2 6 1 0 0 1 11 1 29 5 17 76 199621 17 2 0 14 1 1 0 0 5 0 0 0 4 6 5 14 1 0 7 3 1 0 7 0 1
88 GGC 0 4 0 6 1 1 1 0 3 17 1 3 1 1 2 1 1 0 0 2 1 1 0 1 9 1 6 1 1 8 1 1 1 3 8 5 2 27 4 5 4 199770 20 4 16 2 2 2 0 0 0 0 6 2 4 7 0 15 0 10 1 0 4 0
89 AGG 1 0 2 2 2 8 1 3 28 19 199638 14 1 0 0 4 1 3 0 9 1 3 4 2 20 23 23 27 3 9 0 0 3 5 1 1 1 3 5 3 2 3 4 3 1 1 2 1 0 2 0 2 17 3 1 3 0 15 48 1 0 0 12 6
90 GAT 0 6 12 8 3 5 2 0 0 1 3 1 0 0 3 2 0 2 5 1 0 2 0 0 10 4 0 7 5 1 1 0 2 8 11 199810 7 0 15 12 0 6 3 6 1 0 0 11 0 4 0 7 3 1 2 2 0 0 2 1 0 1 1 0
91 TGG 0 0 3 3 3 4 1 0 0 3 7 6 2 1 1 1 5 1 0 0 2 1 3 0 8 20 5 9 4 3 17 9 2 0 1 1 1 1 0 0 28 4 17 0 2 1 0 0 0 6 0 3 0 0 15 1 2 6 199756 15 5 2 9 0
92 CTA 1 3 2 1 0 1 2 0 2 3 0 1 9 0 0 0 3 7 3 2 4 7 4 0 0 0 0 7 199643 24 75 84 0 2 0 0 0 0 1 1 1 0 4 2 8 0 0 3 0 2 0 2 0 1 0 5 0 0 7 5 16 0 52 0
93 TTA 1 1 0 4 1 0 2 5 1 1 5 0 3 0 3 0 0 0 9 2 17 8 1 3 3 0 1 4 38 34 12 4 2 0 0 0 0 0 2 2 0 5 0 7 6 3 2 4 1 0 0 2 10 0 2 0 0 0 2 1 199761 7 14 4
94 TTA 0 0 1 0 4 0 7 2 4 0 1 0 5 0 2 0 4 0 0 0 0 3 9 3 0 7 4 0 9 17 11 4 1 2 2 2 0 1 0 5 0 1 0 0 12 3 4 1 0 1 0 1 10 0 3 0 20 0 0 2 199800 3 21 8
95 GGT 6 0 0 1 1 0 0 1 5 0 0 4 0 1 1 0 0 3 6 0 0 1 2 0 6 14 1 7 3 0 0 0 0 6 1 2 5 5 7 10 14 6 7 199818 14 2 9 1 0 0 0 1 1 1 0 1 0 14 3 2 0 1 5 1
96 GAG 7 0 6 2 0 1 0 0 0 1 3 1 0 1 0 1 3 2 43 1 0 0 2 0 0 3 1 0 0 1 0 2 35 8 199790 1 0 3 8 1 4 5 10 3 1 2 0 3 0 1 3 1 5 3 0 1 0 0 1 12 2 6 3 7
97 GTT 1 0 0 1 0 1 1 2 5 1 2 0 0 0 1 8 0 3 0 0 1 1 1 1 0 15 13 2 3 1 1 7 1 0 0 7 5 2 0 5 2 2 10 4 21 12 22 199813 0 1 0 1 2 2 0 0 0 0 0 1 1 0 13 1
98 CCG 0 1 2 0 1 1 12 14 6 3 10 1 1 1 1 0 1 0 7 0 14 7 199802 11 2 8 10 0 2 9 1 2 0 1 0 0 1 0 2 6 1 1 3 7 0 0 2 1 0 0 0 1 3 8 16 4 0 1 4 1 0 2 5 0
99 GGG 0 0 0 0 0 0 1 3 6 5 32 0 0 1 1 0 2 0 0 0 3 1 0 2 4 4 11 0 4 0 1 1 2 3 1 2 2 4 5 0 9 20 199814 5 9 2 2 0 0 0 0 0 1 2 4 9 0 4 7 4 0 2 2 3
100 CAA 2 1 3 1 0 2 8 5 0 1 0 4 0 1 0 0 199765 6 55 3 17 26 2 8 15 2 4 5 1 1 5 0 1 4 4 1 2 2 0 1 1 0 2 2 1 5 2 1 0 0 0 1 4 0 3 2 0 1 2 3 0 1 10 1
101 GAC 1 1 2 4 5 2 1 2 0 3 4 6 0 0 6 4 5 5 11 0 0 1 0 7 4 1 0 0 0 0 1 3 4 199792 6 41 0 13 4 3 1 1 2 2 1 11 3 2 0 4 0 0 11 5 5 2 0 0 2 1 1 2 2 0
102 TTG 0 1 1 4 3 0 0 0 15 0 8 1 0 0 16 0 2 0 0 0 1 1 0 9 12 2 12 6 18 6 3 13 1 1 0 15 1 0 0 3 1 0 3 2 0 1 5 1 0 0 0 2 0 1 10 1 0 1 1 1 75 1 199737 2
103 CTT 3 3 1 0 2 1 0 1 0 5 0 0 0 0 2 12 0 3 1 5 6 2 1 21 0 3 0 4 17 32 2 199822 2 0 0 1 0 0 0 0 0 1 1 1 0 0 1 6 0 0 0 4 0 7 0 0 0 0 1 1 16 0 5 4
104 AGT 3 10 1 4 1 2 4 0 8 5 9 199796 6 3 1 3 0 1 13 0 0 1 0 2 5 4 8 4 0 3 1 0 0 2 1 0 3 0 1 3 1 3 10 10 2 2 0 5 0 2 0 0 23 2 5 12 0 0 3 4 0 0 5 3
105 TCC 0 0 2 2 0 2 1 2 6 9 2 24 15 9 2 8 0 4 0 2 1 2 0 1 1 6 0 16 3 4 7 12 0 0 1 1 12 22 2 0 1 7 1 0 3 0 2 0 0 8 0 0 41 199716 6 8 0 4 7 2 1 7 5 0
106 CAC 0 33 5 8 16 3 2 7 2 23 8 11 0 3 9 4 56 199478 64 5 20 14 1 6 0 2 3 16 1 13 3 1 0 48 4 27 2 12 1 1 3 2 2 11 1 0 2 1 0 5 0 1 21 0 10 16 0 6 0 6 0 0 1 0
107 CTG 2 1 0 0 2 2 1 3 0 0 4 3 0 3 6 1 1 0 6 0 0 0 25 0 6 1 15 4 44 28 199738 5 0 1 0 0 0 1 0 0 2 3 3 0 6 0 16 1 0 10 0 1 0 0 1 0 0 3 2 0 11 2 34 2
108 GCC 4 1 1 2 1 0 0 3 1 10 0 6 2 3 0 0 1 0 6 0 82 22 3 33 0 0 1 0 3 3 2 2 1 2 2 2 24 199631 8 5 11 15 14 8 0 10 11 5 0 1 0 8 3 5 7 22 0 1 2 4 2 2 1 1
109 CCG 2 0 0 0 6 2 8 8 1 1 0 2 2 1 1 0 8 0 7 2 55 3 199754 27 0 6 14 1 0 7 6 6 0 0 1 6 5 1 0 3 1 0 0 7 3 9 6 3 0 0 0 1 0 0 4 4 0 0 2 3 5 1 5 0
110 GCG 0 0 1 2 2 2 20 4 0 2 0 16 1 0 5 1 0 1 3 8 0 1 2 8 8 2 1 3 2 0 5 0 61 6 35 4 16 46 199611 27 0 1 4 0 1 8 25 1 0 4 0 0 7 13 16 2 0 1 0 4 0 0 5 2
111 GAG 1 0 5 0 1 0 3 4 0 2 2 4 2 1 4 4 6 2 3 2 4 0 2 4 1 6 0 3 18 18 3 3 16 27 199798 7 0 0 3 0 1 1 6 1 12 1 1 2 0 0 1 0 0 0 2 0 0 0 1 0 5 1 5 1
112 AAA 199846 31 0 11 5 0 1 0 4 1 3 4 11 1 1 4 0 1 1 0 0 3 0 3 1 0 0 4 1 2 1 1 18 2 0 0 0 1 0 0 1 0 2 0 0 0 0 2 6 1 0 1 1 2 3 5 0 2 0 1 0 3 4 4
113 GTA 1 0 5 2 7 3 9 4 1 1 0 0 7 8 6 0 1 3 0 1 0 1 1 1 2 0 2 6 12 6 1 0 0 1 4 1 3 1 9 7 6 0 0 2 199806 14 19 24 0 2 0 0 0 1 0 1 0 0 2 0 3 0 2 1
114 AGT 1 3 3 53 3 0 4 3 4 30 15 199242 2 7 1 5 2 0 4 0 2 2 1 13 14 3 67 28 5 6 13 18 2 1 0 2 29 91 16 58 12 8 21 16 1 2 1 3 0 6 0 16 7 13 23 2 0 66 0 45 0 0 3 2
115 ATA 10 1 4 7 42 4 0 0 22 0 3 4 199786 23 0 9 0 0 0 1 0 1 1 1 0 0 1 4 6 3 0 0 4 6 1 2 3 0 1 2 0 1 0 0 7 1 7 7 0 2 0 0 9 0 2 7 0 0 0 1 0 0 0 4
116 ATG 2 2 2 6 15 4 53 2 3 0 4 2 13 20 199728 1 2 0 0 2 0 4 3 0 15 6 17 19 0 0 9 5 2 3 0 2 2 2 0 0 1 1 0 0 12 3 4 9 0 0 0 0 1 7 0 0 0 0 2 0 8 0 1 1
117 GCT 0 1 0 0 0 5 0 12 5 17 2 9 4 1 0 1 7 6 5 0 0 2 0 1 4 1 2 3 0 0 1 0 2 3 25 3 30 11 9 199761 0 9 0 0 7 0 10 3 0 0 0 2 4 8 15 7 0 0 1 1 0 0 0 0
118 GAT 3 1 0 11 0 1 2 2 0 1 0 2 1 0 8 4 7 0 1 4 0 0 1 0 2 0 2 2 0 1 0 0 37 3 2 199861 8 1 1 1 0 0 1 4 1 1 0 1 0 0 0 4 0 2 0 0 0 6 2 2 3 0 0 3
119 GCT 3 4 6 0 3 0 1 9 1 7 2 6 4 2 0 0 0 1 0 0 7 6 1 12 0 0 0 1 5 1 0 1 2 0 7 7 53 13 5 199775 0 1 1 2 0 0 0 11 0 1 0 0 6 4 2 13 0 2 3 0 2 0 7 0
120 ATG 0 2 3 4 5 26 1 1 3 0 22 1 2 13 199608 21 1 1 2 0 3 0 5 0 1 0 5 2 21 28 42 21 2 3 4 4 2 2 2 2 4 6 10 4 0 0 16 1 0 6 0 0 0 0 1 1 0 2 4 4 41 0 29 6
121 AGG 6 1 12 2 14 2 11 10 45 3 199667 5 1 6 12 7 1 0 0 0 8 1 0 2 18 0 10 20 16 3 6 7 3 27 0 3 1 1 2 0 20 2 3 8 0 0 0 6 0 2 0 3 3 4 2 4 0 2 2 0 0 1 4 1
122 CGT 6 1 0 2 7 2 10 3 21 7 32 38 6 2 7 2 1 3 0 6 4 1 0 1 22 10 10 199384 11 48 15 100 2 2 6 12 5 0 5 0 10 5 18 10 4 2 2 0 0 3 0 4 0 11 8 5 0 6 2 15 69 1 30 1
123 TTA 1 1 0 0 3 1 3 4 5 4 1 0 19 4 15 2 6 0 2 1 6 1 0 0 2 0 4 6 6 6 0 12 1 1 1 0 0 0 4 5 0 1 0 2 10 0 0 7 4 5 0 5 0 2 1 2 0 0 0 5 199805 10 12 2
124 CAC 2 31 1 17 11 23 0 26 13 4 19 2 0 1 1 2 4 199588 11 33 3 1 36 2 5 10 4 20 3 9 0 0 3 22 7 0 2 2 3 2 0 0 4 0 0 1 4 6 0 7 0 7 9 7 7 14 0 2 2 0 2 4 0 1
125 ACA 11 7 3 14 199670 15 18 7 3 14 2 12 3 2 1 3 1 1 5 7 15 6 12 5 1 10 9 1 1 2 1 1 2 0 1 2 10 12 4 15 4 10 1 0 2 2 1 2 0 6 0 3 6 12 22 0 0 9 2 2 3 1 3 0
126 CTA 0 0 2 1 0 0 4 4 0 0 1 2 0 2 2 1 6 1 0 2 3 9 3 14 5 1 2 2 199803 17 52 4 1 0 1 4 2 0 1 0 3 0 0 0 13 4 6 3 0 1 0 1 0 1 2 0 0 1 0 0 2 0 8 3
127 GAT 5 1 0 2 0 1 0 3 0 25 3 8 2 1 4 0 3 1 6 3 6 1 1 0 0 2 1 1 1 7 2 5 9 4 7 199724 0 3 1 14 6 2 0 2 0 10 4 2 0 13 0 4 11 19 27 35 0 1 2 2 1 1 0 1
128 CCA 2 2 1 3 6 4 2 0 6 3 7 13 3 7 2 44 12 1 1 3 199746 17 56 5 0 3 0 2 11 1 2 1 4 0 0 1 0 0 0 0 1 1 1 0 0 0 0 0 0 1 0 0 5 0 0 8 0 1 1 0 5 1 3 1
129 GCA 0 0 3 1 8 0 1 2 1 3 4 10 0 4 5 0 2 4 6 1 11 0 10 2 0 6 9 4 0 0 2 1 18 2 4 2 199718 12 0 4 3 5 1 1 2 3 0 3 0 2 0 5 56 8 27 5 0 5 0 0 1 3 7 3
130 ACG 0 1 3 0 63 15 199767 12 0 2 7 2 1 1 3 1 4 2 1 4 0 1 11 5 0 1 1 2 6 2 7 9 0 1 0 0 0 8 4 3 0 1 2 3 1 1 1 1 0 0 0 5 1 3 5 2 0 0 0 1 7 1 15 0
131 TGC 0 1 2 2 2 1 2 3 1 4 1 3 0 0 1 0 1 1 3 3 1 2 1 0 0 5 0 4 5 3 0 2 0 5 2 4 0 1 0 1 3 1 1 2 4 0 0 1 0 2 0 0 2 8 0 4 1 199886 1 11 1 3 1 1
132 CCA 3 2 1 1 11 13 0 1 4 0 0 3 0 0 0 2 40 0 3 0 199773 22 16 7 9 0 4 1 3 1 0 3 0 4 0 1 4 1 8 7 2 1 1 7 0 0 3 0 0 0 0 2 0 1 0 0 0 0 0 3 3 0 29 0
133 TTC 0 1 0 1 1 0 1 1 2 1 1 0 1 2 1 0 8 5 0 0 5 1 0 1 0 1 1 0 2 16 7 2 1 0 4 0 1 1 0 1 0 2 7 2 1 15 1 12 0 21 0 1 2 9 14 0 0 1 0 1 10 199826 3 2
134 GAT 2 2 0 13 0 1 0 1 0 1 0 0 1 1 0 0 30 2 12 1 3 2 4 0 1 1 2 1 0 0 0 1 6 17 11 199836 0 2 1 6 3 3 0 14 1 4 1 0 0 2 0 2 2 0 0 0 0 0 0 2 0 1 3 1
135 CAC 3 3 0 3 0 2 0 6 5 5 6 0 2 0 2 2 3 199867 7 1 2 8 8 2 2 11 2 0 2 2 0 2 7 0 1 2 0 1 0 0 1 0 0 0 1 3 0 0 0 6 0 4 2 0 0 0 0 0 1 1 1 5 3 3
136 CAA 11 1 0 0 14 8 1 6 1 2 17 3 4 1 1 0 199753 5 20 2 35 1 0 1 25 8 20 1 4 1 7 1 10 1 1 0 0 0 1 0 4 2 1 0 1 0 1 0 2 1 0 0 5 0 2 4 0 3 2 0 0 1 2 2
137 GCG 9 0 4 1 0 4 2 5 41 3 88 6 7 392 76 82 12 0 0 0 1 1 3 4 37 9 119 30 76 74 6 66 6 1 8 4 14 9 198265 3 1 2 1 0 19 13 63 50 0 76 0 96 10 7 7 5 0 2 0 5 55 52 19 49
138 AAA 199770 7 13 17 0 1 0 1 11 0 4 7 17 1 8 0 34 0 4 0 0 2 0 0 7 24 7 5 2 1 1 1 8 1 2 0 1 3 2 0 0 1 0 2 7 0 0 0 1 4 0 0 5 0 2 1 0 1 1 0 1 4 0 8
139 CAC 2 12 3 0 0 9 3 2 1 3 2 0 0 0 1 1 6 199771 39 13 11 15 6 0 3 13 1 2 0 3 1 0 0 12 0 7 8 2 8 0 3 2 3 0 0 3 3 0 0 1 0 1 0 0 2 8 0 0 0 0 3 10 1 0
140 CGA 1 2 0 0 0 3 1 1 3 6 26 0 1 0 2 0 27 6 0 3 1 0 0 1 199692 67 25 18 12 5 1 0 0 1 5 1 0 0 3 1 6 1 8 9 0 2 0 0 0 1 0 1 15 9 15 2 2 0 1 0 0 2 10 1
141 ATA 11 1 3 5 3 1 2 4 6 0 1 1 199691 9 2 17 2 3 2 0 2 1 0 6 3 3 2 0 4 2 4 7 0 1 0 0 2 0 0 0 1 0 0 7 19 79 22 29 0 2 0 0 2 0 2 1 0 5 0 8 6 8 0 8
142 GAA 12 0 3 0 1 0 1 0 1 2 5 0 9 4 0 10 7 1 0 2 1 0 0 0 5 0 2 1 1 0 2 0 199756 28 24 2 0 0 1 1 62 1 7 7 2 0 4 7 12 0 0 3 2 0 0 0 0 0 3 4 1 2 0 1
143 CGA 1 0 0 0 14 16 63 19 30 6 21 2 1 0 17 2 2 9 1 11 13 1 31 8 199549 20 20 8 0 3 3 4 6 1 9 0 3 0 1 1 3 3 0 2 2 5 2 2 0 2 0 0 3 9 14 0 1 32 4 14 4 0 1 1
144 GCA 0 1 1 6 1 2 0 0 0 13 0 27 0 0 1 1 0 0 0 0 12 5 7 0 0 0 0 3 1 0 1 0 14 0 6 2 199787 8 20 4 2 2 0 2 18 1 0 3 0 0 0 0 25 3 3 6 0 1 0 2 0 2 1 6
145 AGA 0 5 3 15 5 0 1 3 199692 33 28 2 6 0 0 0 0 17 2 8 4 0 5 1 11 33 1 10 0 8 1 6 1 0 1 2 4 1 1 3 5 6 5 0 2 1 2 3 0 3 0 4 3 6 1 1 21 2 4 2 7 5 1 3
146 ACT 18 0 1 29 20 28 6 198421 5 14 15 0 32 64 0 86 5 1 2 18 0 0 6 0 1 50 0 1 103 22 235 106 19 3 96 4 5 5 12 9 6 1 0 1 35 10 10 41 0 3 0 2 10 11 20 3 0 14 0 2 269 2 116 2
147 CGC 0 0 0 0 0 0 2 1 42 6 8 1 2 0 3 2 3 0 1 0 1 1 1 5 16 199785 1 8 2 5 3 1 3 3 0 1 1 0 0 0 4 18 2 1 0 2 1 4 0 1 0 7 2 10 19 3 0 2 1 4 8 2 1 0
148 ATG 4 1 7 0 3 1 9 0 0 2 20 0 31 31 199803 4 0 7 1 0 0 0 1 1 3 0 0 2 3 7 12 5 1 0 0 3 0 0 2 1 2 0 1 1 2 6 3 9 0 0 0 0 1 1 0 1 0 0 0 0 3 1 3 1
149 GAG 162 9 43 19 1 2 1 0 25 1 4 2 8 44 15 113 11 41 16 12 9 0 5 7 1 3 4 4 16 38 25 27 20 10 198975 1 4 1 7 11 18 0 28 8 6 45 47 1 0 6 1 23 2 15 4 0 0 2 1 25 4 7 59 1
150 GCT 1 0 0 0 7 9 13 2 0 4 14 1 1 1 10 0 10 57 1 5 1 4 0 19 4 1 0 6 5 1 0 0 0 0 0 27 18 5 8 199663 2 1 1 7 1 1 16 9 0 0 0 0 3 15 5 21 0 6 0 7 0 2 0 5
151 GGA 0 11 1 7 1 4 0 7 18 3 7 7 3 0 5 2 1 0 0 7 3 1 1 0 23 1 11 1 2 0 1 0 46 3 29 10 0 0 0 1 199701 19 30 6 3 0 1 3 0 0 0 1 0 0 1 0 0 6 1 8 3 0 0 0
152 CTA 1 0 1 2 2 1 1 6 7 1 0 0 4 0 5 1 20 1 2 0 4 0 3 2 16 1 9 3 199669 56 21 12 0 1 1 1 7 6 1 0 0 2 6 1 15 0 0 2 0 1 0 10 0 1 2 0 0 0 1 1 45 4 40 1
153 GTA 1 1 0 0 0 4 2 4 3 0 0 0 43 12 101 16 1 3 1 7 6 91 10 15 5 1 0 1 12 40 12 8 7 0 0 0 2 1 4 4 10 3 0 1 199297 17 9 28 0 5 0 5 1 6 0 1 0 5 5 7 28 76 52 26
154 GAT 2 1 0 6 4 1 0 0 27 0 5 2 2 0 1 4 4 5 2 3 1 1 1 5 24 10 5 6 0 1 4 2 0 17 3 199738 5 0 1 9 9 2 3 15 2 1 3 14 0 22 0 7 0 1 0 0 0 1 1 0 0 1 7 9
155 CAA 11 1 1 2 406 124 146 63 10 17 1 2 385 92 147 227 195591 4 45 1 11 0 13 15 4 26 9 0 94 77 81 72 194 0 113 3 8 4 2 16 31 9 13 4 102 97 159 110 1 372 0 101 9 33 4 8 0 53 722 87 16 9 29 13
156 GAT 3 8 2 6 0 0 1 6 1 4 1 1 0 1 1 2 1 1 3 7 1 5 0 0 5 0 3 0 0 2 2 0 3 32 6 199835 0 2 3 1 1 0 5 18 0 0 0 11 0 5 0 0 0 3 1 0 0 1 3 0 0 2 0 1
157 GAT 0 2 0 16 1 0 0 0 0 0 2 1 0 0 0 0 1 1 1 0 0 0 0 0 1 1 3 4 0 3 0 0 5 48 4 199832 0 1 0 3 0 11 5 9 0 0 0 4 0 4 0 13 7 0 3 2 0 4 1 4 1 0 1 1
158 CTT 0 7 0 0 1 2 4 1 0 2 6 4 0 0 20 2 2 1 0 25 0 9 9 9 3 0 6 18 15 13 7 197888 0 0 3 1 0 1 2 0 4 1 8 0 2 1 5 7 0 227 0 62 0 1 4 2 0 0 300 0 21 747 37 510
159 GAC 1 3 3 4 1 0 2 2 1 2 3 0 3 0 0 1 0 3 5 5 0 3 4 1 7 7 1 1 2 4 1 1 36 199821 31 12 0 3 1 2 0 3 0 1 0 1 0 0 0 2 0 1 1 0 0 2 0 4 1 0 0 3 4 0
160 GAG 1 8 26 9 2 0 3 1 4 3 11 2 0 0 1 4 143 3 21 2 4 3 0 1 22 26 2 0 2 2 2 2 7 45 199493 9 7 23 2 1 9 0 29 3 2 2 9 3 0 1 5 1 1 2 3 0 0 6 2 15 5 4 1 0
161 GAG 1 2 1 1 2 0 0 0 2 0 3 1 0 1 0 4 6 0 3 1 0 6 4 3 2 0 4 2 1 1 0 2 23 3 199837 15 1 0 4 20 0 2 14 5 0 0 3 1 0 2 9 0 2 0 2 0 0 0 0 0 1 1 1 1
162 CAT 5 95 3 431 6 4 3 3 6 1 2 0 0 0 0 4 0 1 12 199322 3 1 0 0 1 1 2 9 2 0 0 3 1 1 3 3 2 1 2 4 2 9 6 3 3 1 5 0 0 2 0 8 3 7 0 0 0 6 0 1 1 0 1 5
163 CAA 59 8 8 4 13 20 2 82 0 0 4 0 83 35 772 93 194916 20 19 22 6 9 1 3 3 10 41 15 113 389 100 98 176 10 71 10 1 82 96 19 11 0 1 5 322 443 123 381 11 14 0 38 15 27 1 8 0 20 2 8 895 74 127 61
164 GGG 2 1 0 0 0 0 2 1 1 0 5 5 0 0 9 2 0 7 0 1 2 0 0 1 0 0 7 0 0 0 0 0 0 2 6 0 1 0 2 0 12 14 199870 11 3 4 1 7 0 0 0 0 2 1 2 6 0 4 1 4 1 0 0 0
165 CTG 4 3 3 8 61 19 29 26 3 0 5 2 5 1 2 30 2 3 4 2 2 2 5 14 1 0 5 1 4 21 199513 4 3 4 5 0 4 0 4 3 4 1 0 0 5 13 33 29 0 10 0 33 6 11 1 1 0 2 4 14 4 2 12 8
166 GCG 2 3 9 5 21 2 12 0 19 9 21 6 1 1 3 5 6 0 1 3 0 2 2 1 2 2 1 5 27 18 7 23 16 0 7 3 32 32 199450 37 3 6 5 1 15 3 1 1 0 1 0 0 6 6 4 43 0 4 22 2 53 1 26 1
167 CCC 1 3 0 2 7 23 11 5 27 1 0 2 3 66 1 11 3 12 12 3 12 199098 38 40 1 9 2 5 43 74 112 43 1 0 0 0 13 10 0 4 31 5 0 4 16 26 18 3 0 1 0 20 1 1 4 1 0 2 6 11 18 0 134 0
168 GCG 2 2 7 0 11 8 47 161 13 22 15 131 11 23 19 9 12 9 76 12 1 1 12 0 7 1 7 10 1 2 43 1 31 2 0 0 45 16 198735 17 8 9 3 1 2 3 11 5 0 4 0 2 39 195 125 52 0 0 0 1 7 2 8 1
169 GAA 3 0 1 5 1 4 0 0 1 0 2 1 1 1 0 1 2 1 7 0 3 5 3 4 0 1 0 7 0 0 0 1 199835 3 4 1 24 0 1 0 22 2 2 1 17 8 6 10 1 0 0 0 0 2 0 0 0 0 1 1 0 2 0 2
170 CTC 0 0 1 0 0 2 3 1 1 0 0 1 1 0 7 0 0 0 0 1 1 38 2 2 4 5 4 11 0 199836 6 23 0 0 0 0 3 0 0 1 0 0 0 1 1 0 1 3 0 2 0 0 1 0 1 2 0 3 1 2 10 14 4 0
171 TTT 0 1 1 1 6 1 0 0 17 2 8 0 2 1 0 4 14 1 1 1 0 0 1 0 0 7 8 2 5 0 18 10 0 4 0 4 4 4 3 1 3 2 6 6 3 2 2 11 0 0 0 12 1 1 1 3 0 2 4 7 12 9 1 199780
172 GCT 1 3 13 3 0 5 6 20 41 7 9 0 0 1 1 0 9 1 13 6 2 1 0 9 33 0 12 9 1 5 0 2 2 3 6 8 47 24 10 199591 0 0 0 18 2 5 7 7 0 5 0 0 6 7 8 12 0 0 2 0 1 7 3 6
173 AGG 6 1 15 3 2 1 11 1 59 2 199140 1 1 1 124 1 38 6 3 0 1 0 4 1 8 18 30 5 64 8 28 34 59 1 9 0 15 8 5 2 2 0 1 0 9 3 6 8 0 3 0 0 0 5 1 19 0 2 17 6 59 0 142 1
174 TTG 1 2 5 0 3 0 1 0 8 3 0 0 0 0 8 0 3 2 0 0 3 2 0 3 1 1 0 0 5 1 70 42 0 0 0 0 0 0 0 0 0 2 0 1 3 0 1 2 0 0 3 3 15 2 9 1 0 8 2 12 16 13 199702 41
175 AAA 199439 10 2 8 13 4 1 0 9 1 2 0 24 0 0 18 12 2 0 0 0 2 3 2 8 0 6 3 17 0 1 19 2 0 0 3 0 0 0 0 1 0 1 0 67 14 9 96 8 1 0 3 1 2 1 2 0 4 8 1 44 2 120 4
176 GCT 2 1 7 1 0 0 2 2 4 6 0 23 6 0 1 2 1 1 1 2 2 2 2 0 2 3 15 0 8 2 1 2 3 0 1 19 21 5 19 199770 0 1 0 1 0 0 2 8 0 0 0 0 0 8 5 22 0 0 0 0 0 4 10 0
177 CGG 4 642 6 417 960 2656 2051 1624 4 168 25 170 250 101 25 51 136 20 63 326 7 7 6 1 11 30 182991 11 194 139 523 167 17 69 290 72 178 289 811 190 245 121 657 71 53 30 13 5 0 58 0 74 159 78 939 198 0 294 96 254 94 301 517 41
178 ATG 33 0 68 7 4 25 8 15 49 6 65 0 8 5 198356 17 22 72 76 18 97 131 9 81 113 15 18 48 6 12 24 45 6 1 2 0 3 0 1 0 8 9 3 2 20 20 30 2 0 100 0 114 2 2 1 2 0 6 12 4 94 82 7 14
179 CCC 2 3 0 0 2 27 6 4 6 5 1 8 1 5 1 1 33 0 1 1 2 199734 12 8 1 14 7 21 5 7 4 0 0 1 2 5 1 2 1 2 1 0 3 1 3 4 5 7 0 5 0 1 3 11 0 3 0 4 1 2 4 3 3 0
180 GAC 7 3 3 2 6 6 30 9 2 2 0 0 13 5 0 0 2 1 1 5 1 4 20 1 11 1 1 18 3 3 2 1 7 199625 0 6 6 11 22 7 0 7 0 1 10 12 0 9 0 30 0 3 3 0 7 3 0 0 0 2 2 14 1 49
181 GGT 0 2 4 4 15 20 13 7 3 9 2 7 0 1 3 2 1 1 2 3 1 1 3 0 0 3 5 8 6 0 7 2 0 1 1 3 7 0 0 0 30 7 27 199685 11 34 2 6 0 20 0 4 7 1 4 7 0 1 3 0 1 0 2 1
182 GAA 4 2 2 0 6 5 2 7 4 0 2 4 0 1 1 1 7 2 5 0 1 0 0 0 0 12 1 1 4 2 1 1 199763 4 13 42 7 5 1 6 6 1 5 4 41 3 4 1 0 0 0 0 1 3 2 0 0 3 2 1 1 1 0 2
183 GAT 2 2 3 15 1 0 1 1 4 1 2 0 1 0 0 0 2 0 3 6 0 1 3 0 10 10 2 2 0 0 0 0 2 14 1 199859 0 3 0 2 2 0 0 5 0 1 1 20 0 1 0 9 1 0 1 0 0 3 1 1 0 0 1 0
184 TTG 5 1 3 2 4 3 1 1 2 0 6 0 0 1 1 0 0 0 12 0 7 0 4 9 11 12 2 3 6 2 18 11 0 3 2 0 0 0 0 0 4 0 0 0 2 0 17 0 0 0 4 0 0 0 2 0 0 0 1 0 32 31 199749 26
185 GTG 1 1 2 0 2 0 0 2 1 0 1 0 0 3 4 2 0 1 1 0 0 0 1 2 8 0 0 0 1 1 21 10 0 3 3 0 1 2 2 1 3 5 16 1 20 63 199773 17 0 1 0 2 1 0 0 1 0 5 0 2 4 1 8 0
186 GTA 0 0 1 1 10 1 0 0 3 0 3 2 1 0 0 1 0 1 2 0 6 3 8 1 3 8 4 0 10 4 2 3 2 2 0 0 13 3 25 2 12 0 7 2 199807 15 9 8 0 0 0 0 0 3 1 3 0 1 0 0 4 0 3 0
187 ACT 0 4 2 15 34 38 15 199769 2 1 1 13 2 0 2 7 5 9 0 2 0 2 0 3 2 0 1 1 5 2 4 4 1 0 0 1 6 1 1 7 0 0 0 0 0 7 3 2 0 5 0 0 0 6 2 10 0 0 1 0 0 1 0 1
188 CAT 2 2 0 20 1 0 3 4 2 1 4 4 0 0 0 0 3 3 9 199790 11 1 4 3 4 3 5 5 0 4 28 17 1 2 0 30 1 0 0 1 0 0 1 0 0 0 0 0 0 0 0 18 1 2 1 1 0 3 1 0 1 0 1 2
189 GGG 5 1 1 0 1 2 2 1 0 1 1 1 2 0 0 0 2 3 1 0 1 1 0 0 3 1 12 2 4 1 3 1 1 3 13 1 1 4 3 1 23 19 199790 12 5 4 13 0 0 0 0 3 8 14 4 0 0 8 2 6 1 1 1 6
190 GAT 4 3 0 15 0 0 1 0 0 1 0 0 0 3 0 2 2 2 3 10 0 0 1 0 0 1 0 0 4 2 1 6 5 6 3 199861 0 0 6 11 2 2 4 0 3 0 6 4 0 0 0 10 1 0 2 1 0 1 2 4 2 1 1 1
191 GCC 6 1 7 8 0 2 0 17 13 17 12 13 0 0 1 3 0 37 1 43 2 21 0 1 28 11 3 22 32 1 43 12 1 2 4 1 8 198506 1 5 3 10 2 0 1 27 2 8 0 2 0 6 8 9 6 7 0 0 2 2 46 303 15 656
192 TGC 1 1 2 1 138 2325 15 398 4 5 4 13 42 27 1 2 4 2 0 0 3 9 6 0 0 0 2 3 1 0 0 1 15 7 2 3 3 3 2 3 14 4 5 13 5 1 4 0 0 22 0 0 4 5 2 7 0 196845 0 7 0 14 0 0
193 CTC 5 1 1 0 0 0 0 4 4 0 0 0 0 10 17 0 3 0 9 0 4 8 3 0 9 20 2 3 16 199751 20 50 0 1 0 16 0 2 1 0 1 1 2 3 7 0 0 1 0 0 0 0 1 1 0 0 0 0 0 0 10 1 11 1
194 CCG 0 0 0 1 3 12 10 6 14 6 1 0 0 0 0 0 0 5 1 2 34 31 199761 15 11 1 8 9 4 20 0 5 1 4 2 2 3 5 3 0 0 0 2 1 2 0 4 0 0 0 0 0 4 0 1 0 0 2 0 2 1 0 1 0
195 AAC 6 199817 16 15 3 6 5 1 3 15 3 1 0 17 1 5 0 2 1 0 0 0 4 1 5 0 0 1 2 1 0 3 0 3 0 7 3 0 0 0 0 0 1 1 0 1 1 3 0 12 0 3 6 6 5 2 0 1 0 6 2 3 0 0
196 ATA 11 0 0 0 25 3 2 3 16 17 0 9 199728 5 1 7 6 3 7 0 3 2 1 0 11 0 2 11 8 5 2 7 4 0 0 0 0 1 6 1 0 0 2 6 21 1 1 4 0 1 0 0 14 14 6 2 0 0 4 2 7 3 3 2
197 ATG 0 1 0 2 1 0 11 0 2 0 2 0 9 1 199747 69 22 0 20 1 0 5 3 0 1 9 2 6 0 14 33 4 1 2 1 0 0 6 0 1 0 2 1 2 0 0 5 2 0 2 0 0 0 0 0 2 0 1 0 0 3 0 4 0
198 GTG 0 0 0 0 1 0 0 1 0 1 2 0 4 0 2 1 6 0 3 0 0 2 1 0 2 0 1 5 4 8 35 1 3 0 1 0 2 5 4 3 3 0 1 0 16 6 199850 4 0 0 0 0 1 0 0 0 0 12 0 3 3 2 1 0
199 GAA 4 3 18 0 3 0 8 0 4 3 9 19 1 0 6 0 21 3 2 43 4 0 2 0 5 3 10 4 1 0 3 3 199575 48 21 43 9 8 15 3 18 7 7 3 2 3 1 3 2 0 0 2 5 1 2 15 0 8 0 12 4 0 0 1
200 AAC 3 199783 9 39 2 21 3 2 1 20 0 3 2 6 0 0 0 2 1 14 0 0 0 0 1 0 2 1 3 4 5 1 1 3 0 5 1 0 1 1 1 3 3 1 2 10 1 0 0 5 0 1 7 15 0 1 0 1 2 1 1 2 3 0
201 GGC 2 0 0 5 2 3 0 3 4 2 1 0 0 3 1 2 3 1 0 1 1 5 0 0 0 20 0 14 3 1 0 6 0 16 0 4 0 2 0 1 49 199778 3 8 1 9 3 2 0 0 0 1 9 7 13 1 0 0 0 3 1 0 4 2
202 CGT 21 1 3 0 1 0 7 1 13 0 2 17 4 3 1 6 1 0 0 1 1 0 2 3 29 23 41 199709 2 23 6 18 0 3 3 3 0 3 1 0 1 1 1 1 1 2 1 12 0 0 0 0 3 18 2 1 0 0 0 0 0 0 3 1
203 TTT 0 1 0 0 1 0 0 0 1 0 0 1 0 2 0 8 1 0 0 1 0 1 1 4 1 0 0 1 0 1 9 0 3 1 3 1 0 1 0 0 1 0 0 2 1 3 0 19 0 0 0 3 3 0 9 2 0 0 1 31 7 19 11 199845
204 AGC 1 7 0 4 7 24 7 0 3 199753 18 10 1 14 3 8 1 3 1 1 1 0 0 4 17 2 0 8 3 6 0 0 1 0 6 4 1 2 7 1 0 3 0 2 3 1 1 0 0 3 0 2 4 35 1 4 0 5 6 0 0 1 0 0
205 GGA 0 0 0 0 0 1 0 0 22 9 0 5 0 3 1 0 2 0 6 1 0 0 1 1 9 1 0 0 0 0 1 1 1 2 0 2 4 0 1 1 199860 11 5 5 9 3 4 4 0 0 0 0 1 0 1 0 8 0 2 10 0 0 0 2
206 TTC 0 0 1 2 1 3 4 0 1 10 1 1 0 0 0 0 0 0 0 0 0 2 0 2 3 2 0 4 1 26 0 6 0 0 0 0 0 3 0 0 0 0 0 0 0 1 2 5 0 8 0 0 32 2 2 3 0 17 0 8 0 199836 0 11
207 ATT 1 2 1 7 6 3 4 29 2 2 0 2 22 0 16 199829 10 0 2 3 1 0 1 1 0 1 0 0 1 1 0 1 2 0 0 1 0 4 2 0 2 1 1 3 8 2 0 4 0 2 0 0 0 0 0 4 0 1 0 1 3 7 3 1
208 GAT 0 5 0 19 4 0 8 4 0 4 0 1 2 0 1 2 1 0 0 6 2 3 0 0 1 1 0 0 0 0 2 0 7 3 3 199855 2 4 3 3 1 0 0 8 1 5 1 19 0 0 0 2 0 5 5 2 0 3 0 2 0 0 0 0
209 TGC 0 4 1 4 16 11 4 10 29 9 28 0 1 1 0 0 0 0 6 1 2 2 0 0 4 17 7 21 1 5 7 2 2 0 0 0 4 3 12 13 3 7 7 19 0 1 8 7 0 38 0 3 3 9 1 11 9 199573 8 5 17 16 22 6
210 GGA 0 2 0 0 12 0 3 3 10 1 0 1 2 2 0 0 2 0 0 0 3 0 0 0 13 2 1 2 3 0 1 2 1 0 0 0 1 1 1 1 199839 7 14 40 1 10 1 2 0 0 0 2 7 3 0 0 0 0 0 2 0 1 1 0
211 CGG 0 1 0 2 3 1 2 0 9 1 12 11 6 1 0 5 2 5 3 1 11 0 4 2 13 15 199740 17 9 4 12 14 3 0 2 1 1 3 1 0 8 2 6 1 2 0 0 0 0 0 0 2 9 3 2 12 0 5 20 1 1 3 6 0
212 TTG 1 1 0 2 1 8 4 0 2 1 1 1 0 2 8 0 3 3 1 1 1 4 0 0 1 7 6 0 14 8 12 25 1 0 0 1 0 0 1 1 1 0 3 0 0 1 2 2 0 2 0 0 0 0 2 1 0 2 9 0 39 18 199796 0
213 GGT 0 1 3 1 0 1 0 1 7 0 0 7 0 1 2 1 0 0 5 0 1 0 4 5 2 12 3 22 0 3 2 3 1 11 0 1 6 2 5 6 9 40 25 199745 5 4 6 2 0 4 0 0 0 0 3 0 0 10 0 23 0 4 0 1
214 GTC 2 6 3 4 3 0 1 0 0 3 0 0 0 3 2 2 0 0 2 0 4 0 0 0 1 0 2 0 1 4 3 2 2 1 3 0 2 2 0 1 10 1 26 15 18 199800 9 23 0 0 0 4 3 1 0 2 0 0 0 1 2 18 7 1
215 GCT 2 0 0 0 1 8 3 21 2 29 0 7 0 2 1 3 1 1 2 0 0 1 4 16 1 1 0 2 3 2 0 0 7 1 1 2 10 19 14 199768 1 4 0 13 0 6 0 13 0 3 0 2 4 6 5 3 0 1 0 0 3 1 0 0
216 GAT 0 0 2 6 2 0 0 6 1 5 0 1 0 0 1 1 4 2 0 7 0 2 1 4 0 0 0 1 0 1 1 0 14 7 6 199817 1 22 2 9 3 2 6 9 7 0 5 5 0 17 0 2 0 3 1 0 0 6 0 3 1 0 3 1
217 CGA 3 0 2 1 3 8 3 0 54 9 14 1 2 3 0 1 14 2 1 3 1 1 0 0 199712 67 11 27 1 1 0 2 0 0 2 0 1 4 4 3 4 0 6 1 2 1 1 3 0 0 0 0 1 3 2 1 0 1 1 2 2 1 4 3
218 TAT 3 1 0 6 2 0 1 1 0 17 0 1 2 1 1 0 1 2 0 5 0 1 0 1 1 0 0 0 0 0 0 3 0 6 0 12 0 0 3 1 1 0 3 2 3 0 3 0 27 3 0 199839 9 9 3 12 0 5 0 3 2 3 0 1
219 CAA 7 0 3 0 5 10 11 5 3 0 5 0 0 0 0 6 199802 14 30 25 2 18 1 1 8 2 1 0 4 1 0 1 7 1 0 0 1 2 1 1 2 1 4 2 0 1 0 4 5 1 0 0 0 0 0 0 0 1 1 0 0 0 0 0
220 GAT 4 3 1 20 2 0 2 2 2 3 1 0 0 0 1 2 0 2 2 3 3 2 0 1 7 2 0 6 0 0 0 1 0 13 9 199827 3 1 0 11 1 9 16 4 0 0 0 0 0 7 0 19 1 0 0 2 0 0 0 0 3 0 2 0
221 ATA 4 2 6 0 8 4 22 2 3 7 2 0 199305 29 16 2 10 0 2 0 0 10 1 1 0 0 0 3 121 96 78 77 4 0 1 1 2 1 0 1 0 0 2 2 2 0 3 5 0 0 0 3 6 2 0 0 0 9 3 1 87 4 50 0
222 GCA 0 2 0 1 1 3 2 3 0 2 0 1 1 0 0 0 0 3 0 0 9 0 1 0 4 1 2 0 8 0 1 0 14 3 1 2 199825 18 15 13 4 3 7 0 8 0 2 8 0 2 0 1 2 2 2 6 0 1 0 2 6 0 5 3
223 TTG 4 0 1 0 0 2 1 2 1 0 4 2 0 0 4 0 0 0 3 1 6 1 2 3 4 0 2 0 18 4 8 4 0 0 1 0 0 1 1 0 5 0 0 0 0 2 5 0 0 2 17 0 0 0 5 0 0 0 6 2 34 0 199840 2
224 GCA 0 2 2 0 20 3 2 1 1 1 0 8 0 0 3 1 1 1 0 3 2 3 2 1 0 0 2 0 5 0 1 0 18 0 5 0 199776 29 31 21 0 2 0 1 2 2 1 0 0 1 0 4 17 0 1 12 0 2 3 0 1 0 6 0
225 ACT 1 21 0 2 18 2 7 199765 0 5 1 2 9 25 0 11 1 0 0 1 1 2 0 15 0 0 1 2 1 0 3 1 0 1 0 2 0 1 4 5 2 5 2 0 6 4 2 13 0 0 0 0 6 1 8 7 0 0 1 30 0 0 0 3
226 CGC 0 0 1 1 0 9 1 12 3 22 26 1 1 0 0 0 1 1 0 2 6 1 2 4 31 199701 40 6 1 3 10 20 2 2 0 0 0 0 0 1 4 16 2 9 0 2 0 0 0 2 0 1 9 8 12 10 0 9 0 1 1 3 0 0
227 GAT 0 13 0 1 0 1 1 4 1 10 0 0 3 0 0 0 4 9 0 4 2 4 0 0 6 2 0 2 0 3 2 1 3 43 26 199630 5 1 9 5 5 2 3 4 8 0 7 10 0 12 0 6 24 54 32 3 0 15 0 20 0 0 0 0
228 ATC 0 1 2 1 8 4 16 15 0 7 6 2 6 199794 18 19 0 3 1 0 0 0 0 1 13 3 1 1 3 1 3 1 12 0 7 0 4 0 0 1 1 3 1 1 8 8 1 4 0 0 0 3 2 2 1 2 0 1 0 4 1 1 2 0
229 GCC 1 1 0 0 3 7 1 1 0 8 13 5 1 0 0 0 3 1 1 0 5 7 2 1 3 0 0 5 0 1 0 0 9 0 20 0 0 199797 13 24 0 4 1 0 1 31 4 2 0 0 0 1 10 1 1 3 0 2 2 0 1 1 0 2
230 GAA 6 0 0 0 5 8 40 9 1 42 2 67 2 0 4 0 11 35 1 136 8 0 6 0 1 3 3 2 1 2 2 3 199211 9 55 0 16 16 3 3 5 19 24 5 3 1 1 5 12 5 0 15 55 7 29 90 0 5 3 1 0 0 1 1
231 GAG 1 0 4 5 3 1 0 0 9 1 19 1 7 1 6 5 6 57 11 68 2 0 2 0 6 24 58 3 0 0 0 0 11 1 198428 6 6 3 9 17 0 1 3 3 3 8 3 10 0 839 0 303 0 1 0 2 0 0 25 0 0 18 0 0
232 CTT 0 0 3 3 2 1 2 1 0 0 1 0 0 0 7 7 2 0 4 4 18 1 0 27 4 2 1 1 6 6 34 199799 0 2 1 0 1 1 1 1 1 0 0 0 2 1 4 15 0 2 0 3 1 2 0 0 0 3 0 2 9 0 1 11
233 GGT 0 0 0 2 3 0 0 1 5 0 1 0 1 0 0 1 0 0 0 0 0 2 2 4 1 2 1 8 1 5 0 0 2 0 0 2 1 0 0 16 13 7 4 199865 9 0 6 10 0 3 0 2 1 1 3 0 0 8 1 0 3 0 3 0
234 GGT 216 17 288 70 29 30 41 1 12 20 25 33 1 3 8 8 42 56 21 13 212 61 12 19 4 44 30 2 40 5 3 10 25 91 25 9 167 1 15 9 25 42 10 197952 0 49 4 37 0 8 0 6 4 7 33 2 0 6 59 28 5 0 5 0
235 GAA 12 1 0 0 2 0 1 0 2 3 0 0 1 1 0 0 12 0 3 1 1 0 0 0 2 1 5 4 0 1 0 1 199839 11 14 4 16 0 2 6 16 2 5 3 0 1 2 5 6 3 0 3 3 0 1 1 0 1 1 1 0 0 0 0
236 TGG 0 0 2 1 0 3 0 1 7 7 17 0 0 0 3 1 3 1 2 1 1 0 1 2 4 0 1 3 8 36 0 2 0 0 1 0 1 0 0 0 0 8 40 17 5 1 1 1 0 1 0 1 6 2 5 5 13 6 199725 6 5 1 42 0
237 GCA 0 2 0 0 1 7 0 0 0 0 1 0 1 1 0 0 6 1 0 0 0 1 0 0 1 0 1 0 0 0 0 0 6 0 1 0 199771 44 34 3 6 0 0 0 56 2 7 0 0 0 0 2 8 9 14 2 0 3 1 1 1 4 1 1
238 GAC 16 7 74 3 3 2 3 1 11 7 120 16 28 32 39 50 372 68 21 12 6 5 4 2 63 14 5 14 12 46 13 13 121 198263 291 13 20 21 5 1 3 1 3 0 10 11 2 13 0 15 0 6 20 19 7 3 0 3 6 1 24 10 11 15
239 AGA 10 0 0 3 11 9 7 6 199761 3 22 10 6 1 0 2 0 2 0 4 5 3 0 0 5 21 6 20 6 4 2 0 0 1 2 0 3 0 0 5 6 0 6 7 1 0 5 3 0 1 0 1 2 0 3 2 2 5 0 4 6 0 6 0
240 TTT 0 0 4 0 4 0 2 1 1 0 15 2 1 8 1 4 4 0 1 1 1 1 4 0 2 0 3 0 1 3 1 3 2 3 1 2 0 8 1 0 0 0 0 0 8 10 12 2 0 2 0 65 0 3 1 3 0 2 1 11 5 17 5 199768
241 TTA 1 2 0 0 2 0 0 1 4 3 1 2 2 1 4 0 1 0 2 0 1 5 1 5 0 6 2 0 14 26 1 1 3 4 0 2 1 1 0 0 0 0 1 0 5 0 1 1 0 0 0 0 8 0 3 1 0 1 0 0 199859 0 19 2
242 GTT 11 5 51 31 96 70 85 62 90 61 19 1 2 0 128 12 68 15 48 2 6 2 0 4 13 25 44 63 3 7 11 4 32 3 76 37 62 50 58 12 0 4 0 0 9 6 7 198417 0 25 0 5 52 5 11 6 0 12 25 4 4 15 13 11
243 CTG 5 3 0 1 0 0 1 0 3 5 36 8 0 0 2 0 3 0 5 1 11 5 1 0 17 27 3 9 2 21 199668 14 41 3 12 8 7 2 0 2 0 0 0 3 8 0 1 2 0 2 0 2 2 4 0 3 0 1 2 2 10 0 30 2
244 TAT 2 0 0 0 1 1 2 1 6 0 0 0 1 0 3 0 0 0 0 10 0 0 3 1 2 1 0 5 2 3 0 2 2 0 0 0 0 0 2 3 0 3 3 3 0 2 0 2 0 16 0 199877 0 0 3 22 0 0 2 10 1 0 1 2
245 GGT 1 0 1 1 2 3 2 0 2 1 8 24 0 0 0 1 0 1 1 0 0 1 0 0 18 13 1 34 3 5 0 3 0 1 4 6 0 0 2 0 26 2 9 199695 7 10 13 10 0 0 0 1 5 9 6 2 0 6 0 41 4 1 13 1
246 ATC 5 2 1 0 2 5 1 3 0 6 17 9 13 199750 5 5 4 3 5 1 0 5 0 0 6 2 2 1 8 11 13 5 0 0 4 6 0 0 2 0 3 0 0 0 0 8 0 7 0 2 0 5 11 10 6 16 0 7 3 0 5 9 5 1
247 GCG 14 21 11 9 6 13 7 2 1 4 7 10 2 0 0 0 2 6 4 3 0 1 21 1 15 16 10 6 4 0 8 5 4 3 7 10 14 13 199621 10 12 4 1 6 0 2 1 2 0 0 0 8 12 9 8 13 0 11 2 2 0 6 8 2
248 GCA 4 1 9 2 8 0 5 13 1 1 2 3 0 1 9 3 19 12 7 15 19 2 11 1 0 6 2 4 83 36 1 2 6 9 13 2 199518 18 15 0 11 2 4 5 2 4 0 4 0 6 0 1 9 9 7 23 0 1 3 0 9 2 15 20
249 CCA 0 0 2 6 3 0 2 9 4 2 0 5 0 0 0 0 4 4 4 3 199750 3 25 30 34 4 3 9 1 2 6 1 2 0 0 2 8 6 3 11 3 1 4 2 9 0 7 4 0 2 0 1 3 2 4 5 0 0 0 1 0 0 4 0
250 GAC 0 3 0 0 1 4 3 4 0 2 0 1 0 4 3 1 7 8 18 0 2 0 4 3 1 0 0 0 0 2 0 0 0 199824 1 5 2 4 4 0 0 28 0 2 2 2 1 3 0 23 0 4 3 3 2 2 0 4 4 1 0 3 1 1
251 TCT 8 2 4 3 16 5 1 11 3 7 10 12 11 15 3 57 3 0 5 89 1 3 6 11 30 28 14 18 1 17 6 9 9 5 3 9 3 11 2 8 2 1 0 1 0 1 1 4 0 21 0 80 76 52 12 199064 0 5 87 4 23 64 3 40
252 CAG 2 8 0 6 4 3 4 2 0 3 3 3 0 0 2 1 5 17 199628 29 0 13 42 3 5 0 2 1 4 3 20 3 6 21 20 71 2 1 2 0 2 3 1 1 3 1 0 2 0 1 1 1 6 10 5 6 0 1 3 4 4 2 3 1
253 CGT 5 2 33 2 0 3 0 0 12 2 4 30 5 2 3 0 0 0 1 1 0 1 0 1 9 4 18 199661 12 2 16 56 5 1 3 4 4 0 0 0 2 0 0 5 5 5 7 1 0 1 0 2 1 4 1 3 0 10 1 28 14 2 5 1
254 ATC 0 2 1 1 3 22 2 0 1 2 7 1 5 199799 3 23 2 1 5 0 0 0 0 2 0 4 1 2 0 16 7 3 1 1 1 7 6 0 0 1 5 0 1 1 0 12 0 0 0 0 0 0 3 2 1 4 0 2 2 3 4 20 6 2
255 GCC 1 0 2 2 16 4 2 1 7 11 5 13 3 0 0 0 4 0 0 1 0 1 5 2 5 3 6 0 1 3 0 2 7 1 4 2 14 199740 21 13 8 24 0 5 1 5 1 5 0 5 0 1 3 6 19 3 0 0 3 1 0 3 4 1
256 TTT 6 0 0 1 5 3 1 9 1 0 0 1 0 5 2 4 0 0 16 1 5 0 1 0 0 0 1 3 1 2 12 14 2 0 0 0 0 5 1 2 1 2 0 0 0 3 1 1 0 32 0 98 3 13 3 18 0 0 459 4 4 8 17 199229
257 TAT 0 1 0 1 1 0 2 5 1 3 0 3 1 0 3 0 7 7 3 5 1 0 0 1 0 0 0 2 0 3 0 4 0 0 2 0 1 1 0 3 0 0 1 6 2 5 2 0 1 12 3 199876 2 0 1 7 0 3 1 3 4 0 3 7
258 AGA 6 4 0 1 8 1 4 0 199690 21 7 25 9 0 0 2 3 4 1 0 2 3 0 0 15 33 6 24 9 9 0 2 2 0 0 3 4 1 1 1 9 1 15 11 1 1 0 0 0 0 0 0 1 11 1 16 4 0 2 7 4 2 12 1
259 TTA 0 0 0 0 1 1 0 1 1 0 4 1 1 3 8 0 3 2 0 0 3 7 0 1 4 0 0 1 17 3 2 6 0 0 1 0 1 1 0 0 1 1 1 0 3 7 3 2 17 0 0 2 10 0 1 1 3 0 0 7 199843 6 16 3
260 CTA 2 1 0 0 1 1 1 0 1 1 4 0 6 0 7 2 4 0 0 0 0 1 2 0 4 1 9 1 199815 37 1 14 1 0 0 0 1 0 0 0 1 0 0 0 5 3 0 1 0 0 0 3 0 0 1 3 0 2 1 0 49 1 12 0
261 GAC 2 21 2 0 1 2 1 1 1 6 3 0 2 0 2 1 3 0 0 2 0 3 1 0 5 0 0 1 1 2 4 0 2 199871 0 13 4 4 0 0 4 0 3 7 2 2 1 2 0 7 0 0 2 1 2 2 0 2 0 1 0 0 1 0
262 GAG 2 0 3 1 3 2 1 1 8 0 2 3 0 0 1 0 8 0 1 0 1 0 0 0 0 0 3 0 1 0 0 1 7 9 199862 7 0 3 21 0 4 4 21 2 3 1 4 1 0 0 0 3 4 0 0 0 0 0 1 0 0 0 1 0
263 TTC 2 1 2 1 2 0 1 0 1 0 0 2 0 0 2 1 2 0 0 0 0 0 0 2 0 1 2 0 12 7 1 0 1 0 0 0 1 0 1 5 1 0 0 0 4 8 1 4 0 9 0 0 3 0 0 2 0 1 0 1 0 199843 48 25
264 TTC 0 1 0 0 1 0 1 1 0 3 2 1 0 44 2 1 0 0 1 2 1 5 0 0 1 0 1 1 6 4 12 8 0 0 2 1 0 1 0 0 2 1 0 0 1 2 2 0 0 11 0 3 1 5 0 3 0 5 0 0 26 199801 14 20
