# POSITION WT AAA AAC AAG AAT ACA ACC ACG ACT AGA AGC AGG AGT ATA ATC ATG ATT CAA CAC CAG CAT CCA CCC CCG CCT CGA CGC CGG CGT CTA CTC CTG CTT GAA GAC GAG GAT GCA GCC GCG GCT GGA GGC GGG GGT GTA GTC GTG GTT TAA TAC TAG TAT TCA TCC TCG TCT TGA TGC TGG TGT TTA TTC TTG TTT
1 ATG 0 0 19 0 0 0 88 0 0 0 4 0 0 15 999750 1 0 0 0 0 0 0 0 0 0 0 0 0 0 0 50 0 0 0 0 0 0 0 0 0 0 0 0 0 0 0 7 0 0 0 0 0 0 0 0 0 0 0 0 0 0 0 66 0
2 ATT 0 0 0 6 0 0 0 47 0 0 0 64 2 3 73 999789 0 0 0 0 0 0 0 0 0 0 0 0 0 0 0 1 0 0 0 0 0 0 0 0 0 0 0 0 0 0 0 6 0 0 0 0 0 0 0 0 0 0 0 0 0 0 0 9
3 GAG 0 0 4 0 0 0 0 0 0 0 0 0 0 0 0 0 0 0 0 0 0 0 0 0 0 0 0 0 0 0 0 0 0 5 999971 5 0 0 0 0 0 0 2 0 0 0 0 0 0 0 13 0 0 0 0 0 0 0 0 0 0 0 0 0
4 CAA 10 0 0 0 0 0 0 0 0 0 0 0 0 0 0 0 999775 3 18 79 31 0 0 0 36 0 0 0 20 0 0 0 28 0 0 0 0 0 0 0 0 0 0 0 0 0 0 0 0 0 0 0 0 0 0 0 0 0 0 0 0 0 0 0
5 GAC 0 10 0 0 0 0 0 0 0 0 0 0 0 0 0 0 0 0 0 0 0 0 0 0 0 0 0 0 0 0 0 0 57 999727 5 2 0 96 0 0 0 26 0 0 0 1 0 0 0 76 0 0 0 0 0 0 0 0 0 0 0 0 0 0
6 GGC 0 0 0 0 0 0 0 0 0 0 0 0 0 0 0 0 0 0 0 0 0 0 0 0 0 2 0 0 0 0 0 0 0 6 0 0 0 1 0 0 10 999890 5 2 0 11 0 0 0 0 0 0 0 0 0 0 0 73 0 0 0 0 0 0
7 CTT 0 0 0 0 0 0 0 0 0 0 0 0 0 0 0 6 0 0 0 33 0 0 0 5 0 0 0 0 7 0 0 999911 0 0 0 0 0 0 0 0 0 0 0 0 0 0 0 30 0 0 0 0 0 0 0 0 0 0 0 0 0 0 0 8
8 CAT 0 0 0 64 0 0 0 0 0 0 0 0 0 0 0 0 29 8 14 999840 0 0 0 15 0 0 0 2 0 0 0 14 0 0 0 13 0 0 0 0 0 0 0 0 0 0 0 0 0 0 0 1 0 0 0 0 0 0 0 0 0 0 0 0
9 GCA 0 0 0 0 11 0 0 0 0 0 0 0 0 0 0 0 0 0 0 0 9 0 0 0 0 0 0 0 0 0 0 0 11 0 0 0 999772 126 4 2 12 0 0 0 1 0 0 0 0 0 0 0 52 0 0 0 0 0 0 0 0 0 0 0
10 GGA 0 0 0 0 0 0 0 0 5 0 0 0 0 0 0 0 0 0 0 0 0 0 0 0 3 0 0 0 0 0 0 0 0 0 0 0 18 0 0 0 999856 34 54 13 14 0 0 0 0 0 0 0 0 0 0 0 3 0 0 0 0 0 0 0
11 TCT 0 0 0 0 0 0 0 18 0 0 0 0 0 0 0 0 0 0 0 0 0 0 0 0 0 0 0 0 0 0 0 0 0 0 0 0 0 0 0 2 0 0 0 0 0 0 0 0 0 0 0 33 6 11 0 999913 0 0 0 1 0 0 0 16
12 CCC 0 0 0 0 0 38 0 0 0 0 0 0 0 0 0 0 0 4 0 0 61 999806 1 11 0 2 0 0 0 0 0 0 0 0 0 0 0 77 0 0 0 0 0 0 0 0 0 0 0 0 0 0 0 0 0 0 0 0 0 0 0 0 0 0
13 GCT 0 0 0 0 0 0 0 89 0 0 0 0 0 0 0 0 0 0 0 0 0 0 0 162 0 0 0 0 0 0 0 0 0 0 0 11 1 7 0 999607 0 0 0 0 0 0 0 90 0 0 0 0 0 0 0 33 0 0 0 0 0 0 0 0
14 GCA 0 0 0 0 0 0 0 0 0 0 0 0 0 0 0 0 0 0 0 0 1 0 0 0 0 0 0 0 0 0 0 0 63 0 0 0 999580 0 51 279 2 0 0 0 16 0 0 0 0 0 0 0 8 0 0 0 0 0 0 0 0 0 0 0
15 TGG 0 0 0 0 0 0 0 0 0 0 61 0 0 0 0 0 0 0 0 0 0 0 0 0 0 0 17 0 0 0 0 0 0 0 0 0 0 0 0 0 0 0 19 0 0 0 0 0 0 0 15 0 0 0 16 0 39 0 999778 54 0 0 1 0
16 GTG 0 0 0 0 0 0 0 0 0 0 0 0 0 0 2 0 0 0 0 0 0 0 0 0 0 0 0 0 0 0 0 0 0 0 2 0 0 0 3 0 0 0 4 0 6 5 999920 38 0 0 0 0 0 0 0 0 0 0 0 0 0 0 20 0
17 GAA 103 0 0 0 0 0 0 0 0 0 0 0 0 0 0 0 14 0 0 0 0 0 0 0 0 0 0 0 0 0 0 0 999802 6 9 36 17 0 0 0 6 0 0 0 7 0 0 0 0 0 0 0 0 0 0 0 0 0 0 0 0 0 0 0
18 CGT 0 0 0 0 0 0 0 0 0 0 0 23 0 0 0 0 0 0 0 51 0 0 0 10 11 72 2 999798 0 0 0 22 0 0 0 0 0 0 0 0 0 0 0 11 0 0 0 0 0 0 0 0 0 0 0 0 0 0 0 0 0 0 0 0
19 TTG 0 0 0 0 0 0 0 0 0 0 0 0 0 0 1 0 0 0 0 0 0 0 0 0 0 0 0 0 0 0 7 0 0 0 0 0 0 0 0 0 0 0 0 0 0 0 4 0 0 0 0 0 0 0 32 0 0 0 30 0 11 149 999766 0
20 TTC 0 0 0 0 0 0 0 0 0 0 0 0 0 6 0 0 0 0 0 0 0 0 0 0 0 0 0 0 0 87 0 0 0 0 0 0 0 0 0 0 0 0 0 0 0 40 0 0 0 17 0 0 0 1 0 0 0 19 0 0 20 999786 15 9
21 GGA 0 0 0 0 0 0 0 0 69 0 0 0 0 0 0 0 0 0 0 0 0 0 0 0 7 0 0 0 0 0 0 0 7 0 0 0 1 0 0 0 999813 9 19 9 40 0 0 0 0 0 0 0 0 0 0 0 26 0 0 0 0 0 0 0
22 TAT 0 0 0 28 0 0 0 0 0 0 0 0 0 0 0 0 0 0 0 1 0 0 0 0 0 0 0 0 0 0 0 0 0 0 0 10 0 0 0 0 0 0 0 0 0 0 0 0 25 5 2 999912 0 0 0 9 0 0 0 5 0 0 0 3
23 GAT 0 0 0 181 0 0 0 0 0 0 0 0 0 0 0 0 0 0 0 50 0 0 0 0 0 0 0 0 0 0 0 0 39 0 17 999606 0 0 0 25 0 0 0 51 0 0 0 1 0 0 0 30 0 0 0 0 0 0 0 0 0 0 0 0
24 TGG 0 0 0 0 0 0 0 0 0 0 2 0 0 0 0 0 0 0 0 0 0 0 0 0 0 0 72 0 0 0 0 0 0 0 0 0 0 0 0 0 0 0 12 0 0 0 0 0 0 0 0 0 0 0 4 0 0 72 999810 27 0 0 1 0
25 GCA 0 0 0 0 8 0 0 0 0 0 0 0 0 0 0 0 0 0 0 0 10 0 0 0 0 0 0 0 0 0 0 0 12 0 0 0 999776 16 9 28 3 0 0 0 69 0 0 0 0 0 0 0 69 0 0 0 0 0 0 0 0 0 0 0
26 CAA 47 0 0 0 0 0 0 0 0 0 0 0 0 0 0 0 999656 16 40 1 92 0 0 0 123 0 0 0 14 0 0 0 0 0 0 0 0 0 0 0 0 0 0 0 0 0 0 0 11 0 0 0 0 0 0 0 0 0 0 0 0 0 0 0
27 CAA 5 0 0 0 0 0 0 0 0 0 0 0 0 0 0 0 999891 4 0 24 10 0 0 0 1 0 0 0 1 0 0 0 18 0 0 0 0 0 0 0 0 0 0 0 0 0 0 0 46 0 0 0 0 0 0 0 0 0 0 0 0 0 0 0
28 ACA 12 0 0 0 999856 2 1 4 21 0 0 0 83 0 0 0 0 0 0 0 4 0 0 0 0 0 0 0 0 0 0 0 0 0 0 0 11 0 0 0 0 0 0 0 0 0 0 0 0 0 0 0 6 0 0 0 0 0 0 0 0 0 0 0
29 ATC 0 62 0 0 0 12 0 0 0 94 0 0 22 999781 1 6 0 0 0 0 0 0 0 0 0 0 0 0 0 0 0 0 0 0 0 0 0 0 0 0 0 0 0 0 0 2 0 0 0 0 0 0 0 0 0 0 0 0 0 0 0 20 0 0
30 GGC 0 0 0 0 0 0 0 0 0 43 0 0 0 0 0 0 0 0 0 0 0 0 0 0 0 16 0 0 0 0 0 0 0 57 0 0 0 10 0 0 205 999652 1 6 0 0 0 0 0 0 0 0 0 0 0 0 0 10 0 0 0 0 0 0
31 TGC 0 0 0 0 0 0 0 0 0 44 0 0 0 0 0 0 0 0 0 0 0 0 0 0 0 174 0 0 0 0 0 0 0 0 0 0 0 0 0 0 0 18 0 0 0 0 0 0 0 0 0 0 0 10 0 0 56 999670 27 1 0 0 0 0
32 AGT 0 0 0 5 0 0 0 20 55 210 30 999612 0 0 0 1 0 0 0 0 0 0 0 0 0 0 0 14 0 0 0 0 0 0 0 0 0 0 0 0 0 0 0 50 0 0 0 0 0 0 0 0 0 0 0 0 0 0 0 3 0 0 0 0
33 GAC 0 90 0 0 0 0 0 0 0 0 0 0 0 0 0 0 0 27 0 0 0 0 0 0 0 0 0 0 0 0 0 0 0 999762 58 0 0 4 0 0 0 38 0 0 0 0 0 0 0 21 0 0 0 0 0 0 0 0 0 0 0 0 0 0
34 GCC 0 0 0 0 0 0 0 0 0 0 0 0 0 0 0 0 0 0 0 0 0 18 0 0 0 0 0 0 0 0 0 0 0 6 0 0 37 999915 8 0 0 11 0 0 0 5 0 0 0 0 0 0 0 0 0 0 0 0 0 0 0 0 0 0
35 GCC 0 0 0 0 0 0 0 0 0 0 0 0 0 0 0 0 0 0 0 0 0 13 0 0 0 0 0 0 0 0 0 0 0 40 0 0 21 999606 31 99 0 0 0 0 0 188 0 0 0 0 0 0 0 2 0 0 0 0 0 0 0 0 0 0
36 GTA 0 0 0 0 0 0 0 0 0 0 0 0 1 0 0 0 0 0 0 0 0 0 0 0 0 0 0 0 135 0 0 0 149 0 0 0 0 0 0 0 3 0 0 0 999607 23 16 7 0 0 0 0 0 0 0 0 0 0 0 0 59 0 0 0
37 TTT 0 0 0 0 0 0 0 0 0 0 0 0 0 0 0 4 0 0 0 0 0 0 0 0 0 0 0 0 0 0 0 4 0 0 0 0 0 0 0 0 0 0 0 0 0 0 0 1 0 0 0 74 0 0 0 67 0 0 0 0 0 33 17 999800
38 CGC 0 0 0 0 0 0 0 0 0 76 0 0 0 0 0 0 0 3 0 0 0 0 0 0 1 999743 19 37 0 74 0 0 0 0 0 0 0 0 0 0 0 47 0 0 0 0 0 0 0 0 0 0 0 0 0 0 0 0 0 0 0 0 0 0
39 CTT 0 0 0 0 0 0 0 0 0 0 0 0 0 0 0 0 0 0 0 24 0 0 0 9 0 0 0 26 18 1 44 999862 0 0 0 0 0 0 0 0 0 0 0 0 0 0 0 1 0 0 0 0 0 0 0 0 0 0 0 0 0 0 0 15
40 AGT 0 0 0 18 0 0 0 6 14 20 23 999752 0 0 0 5 0 0 0 0 0 0 0 0 0 0 0 75 0 0 0 0 0 0 0 0 0 0 0 0 0 0 0 74 0 0 0 0 0 0 0 0 0 0 0 0 0 0 0 13 0 0 0 0
41 GCT 0 0 0 0 0 0 0 2 0 0 0 0 0 0 0 0 0 0 0 0 0 0 0 15 0 0 0 0 0 0 0 0 0 0 0 25 16 14 31 999854 0 0 0 0 0 0 0 2 0 0 0 0 0 0 0 41 0 0 0 0 0 0 0 0
42 CAG 0 0 1 0 0 0 0 0 0 0 0 0 0 0 0 0 2 29 999809 1 0 0 4 0 0 0 22 0 0 0 30 0 0 0 23 0 0 0 0 0 0 0 0 0 0 0 0 0 0 0 79 0 0 0 0 0 0 0 0 0 0 0 0 0
43 GGA 0 0 0 0 0 0 0 0 31 0 0 0 0 0 0 0 0 0 0 0 0 0 0 0 3 0 0 0 0 0 0 0 5 0 0 0 44 0 0 0 999875 4 11 3 22 0 0 0 0 0 0 0 0 0 0 0 2 0 0 0 0 0 0 0
44 AGG 0 0 12 0 0 0 135 0 20 96 999630 0 0 0 22 0 0 0 0 0 0 0 0 0 0 0 26 0 0 0 0 0 0 0 0 0 0 0 0 0 0 0 40 0 0 0 0 0 0 0 0 0 0 0 0 0 0 0 19 0 0 0 0 0
45 CCG 0 0 0 0 0 0 98 0 0 0 0 0 0 0 0 0 0 0 90 0 160 9 999363 1 0 0 3 0 0 0 2 0 0 0 0 0 0 0 273 0 0 0 0 0 0 0 0 0 0 0 0 0 0 0 1 0 0 0 0 0 0 0 0 0
46 GTG 0 0 0 0 0 0 0 0 0 0 0 0 0 0 1 0 0 0 0 0 0 0 0 0 0 0 0 0 0 0 8 0 0 0 88 0 0 0 36 0 0 0 78 0 12 136 999522 51 0 0 0 0 0 0 0 0 0 0 0 0 0 0 68 0
47 TTG 0 0 0 0 0 0 0 0 0 0 0 0 0 0 12 0 0 0 0 0 0 0 0 0 0 0 0 0 0 0 19 0 0 0 0 0 0 0 0 0 0 0 0 0 0 0 47 0 0 0 4 0 0 0 4 0 0 0 76 0 49 0 999775 14
48 TTC 0 0 0 0 0 0 0 0 0 0 0 0 0 21 0 0 0 0 0 0 0 0 0 0 0 0 0 0 0 26 0 0 0 0 0 0 0 0 0 0 0 0 0 0 0 118 0 0 0 1 0 0 0 103 0 0 0 0 0 0 19 999669 2 41
49 GTT 0 0 0 0 0 0 0 0 0 0 0 0 0 0 0 132 0 0 0 0 0 0 0 0 0 0 0 0 0 0 0 7 0 0 0 34 0 0 0 26 0 0 0 2 1 47 13 999734 0 0 0 0 0 0 0 0 0 0 0 0 0 0 0 4
50 AAG 32 0 999777 0 0 0 1 0 0 0 36 0 0 0 8 0 0 0 6 0 0 0 0 0 0 0 0 0 0 0 0 0 0 0 93 0 0 0 0 0 0 0 0 0 0 0 0 0 0 0 47 0 0 0 0 0 0 0 0 0 0 0 0 0
51 ACC 0 6 0 0 54 999840 14 13 0 11 0 0 0 29 0 0 0 0 0 0 0 0 0 0 0 0 0 0 0 0 0 0 0 0 0 0 0 8 0 0 0 0 0 0 0 0 0 0 0 0 0 0 0 25 0 0 0 0 0 0 0 0 0 0
52 GAT 0 0 0 2 0 0 0 0 0 0 0 0 0 0 0 0 0 0 0 3 0 0 0 0 0 0 0 0 0 0 0 0 0 19 29 999855 0 0 0 29 0 0 0 13 0 0 0 32 0 0 0 18 0 0 0 0 0 0 0 0 0 0 0 0
53 TTG 0 0 0 0 0 0 0 0 0 0 0 0 0 0 1 0 0 0 0 0 0 0 0 0 0 0 0 0 0 0 68 0 0 0 0 0 0 0 0 0 0 0 0 0 0 0 3 0 0 0 4 0 0 0 21 0 0 0 0 0 64 15 999802 22
54 TCT 0 0 0 0 0 0 0 7 0 0 0 0 0 0 0 0 0 0 0 0 0 0 0 0 0 0 0 0 0 0 0 0 0 0 0 0 0 0 0 0 0 0 0 0 0 0 0 0 0 0 0 0 1 2 2 999937 0 0 0 28 0 0 0 23
55 GGG 0 0 0 0 0 0 0 0 0 0 120 0 0 0 0 0 0 0 0 0 0 0 0 0 0 0 18 0 0 0 0 0 0 0 0 0 0 0 97 0 33 3 999559 69 0 0 97 0 0 0 0 0 0 0 0 0 0 0 4 0 0 0 0 0
56 GCG 0 0 0 0 0 0 1 0 0 0 0 0 0 0 0 0 0 0 0 0 0 0 13 0 0 0 0 0 0 0 0 0 0 0 6 0 78 0 999709 24 0 0 25 0 0 0 53 0 0 0 0 0 0 0 91 0 0 0 0 0 0 0 0 0
57 CTA 0 0 0 0 0 0 0 0 0 0 0 0 51 0 0 0 0 0 0 0 1 0 0 0 89 0 0 0 999767 20 3 0 0 0 0 0 0 0 0 0 0 0 0 0 67 0 0 0 0 0 0 0 0 0 0 0 0 0 0 0 2 0 0 0
58 AAC 14 999796 14 0 0 0 0 0 0 26 0 0 0 13 0 0 0 45 0 0 0 0 0 0 0 0 0 0 0 0 0 0 0 30 0 0 0 0 0 0 0 0 0 0 0 0 0 0 0 62 0 0 0 0 0 0 0 0 0 0 0 0 0 0
59 GAG 0 0 4 0 0 0 0 0 0 0 0 0 0 0 0 0 0 0 121 0 0 0 0 0 0 0 0 0 0 0 0 0 86 13 999645 8 0 0 24 0 0 0 96 0 0 0 0 0 0 0 3 0 0 0 0 0 0 0 0 0 0 0 0 0
60 CTG 0 0 0 0 0 0 0 0 0 0 0 0 0 0 21 0 0 0 3 0 0 0 9 0 0 0 7 0 210 0 999664 4 0 0 0 0 0 0 0 0 0 0 0 0 0 0 10 0 0 0 0 0 0 0 0 0 0 0 0 0 0 0 72 0
61 CAA 0 0 0 0 0 0 0 0 0 0 0 0 0 0 0 0 999856 38 5 0 2 0 0 0 4 0 0 0 10 0 0 0 1 0 0 0 0 0 0 0 0 0 0 0 0 0 0 0 84 0 0 0 0 0 0 0 0 0 0 0 0 0 0 0
62 GAT 0 0 0 18 0 0 0 0 0 0 0 0 0 0 0 0 0 0 0 22 0 0 0 0 0 0 0 0 0 0 0 0 9 8 66 999832 0 0 0 2 0 0 0 32 0 0 0 10 0 0 0 1 0 0 0 0 0 0 0 0 0 0 0 0
63 GAG 0 0 139 0 0 0 0 0 0 0 0 0 0 0 0 0 0 0 0 0 0 0 0 0 0 0 0 0 0 0 0 0 9 69 999767 3 0 0 1 0 0 0 1 0 0 0 0 0 0 0 11 0 0 0 0 0 0 0 0 0 0 0 0 0
64 GCG 0 0 0 0 0 0 1 0 0 0 0 0 0 0 0 0 0 0 0 0 0 0 24 0 0 0 0 0 0 0 0 0 0 0 13 0 9 9 999829 47 0 0 0 0 0 0 0 0 0 0 0 0 0 0 68 0 0 0 0 0 0 0 0 0
65 GCC 0 0 0 0 0 16 0 0 0 0 0 0 0 0 0 0 0 0 0 0 0 0 0 0 0 0 0 0 0 0 0 0 0 1 0 0 36 999833 8 2 0 4 0 0 0 75 0 0 0 0 0 0 0 25 0 0 0 0 0 0 0 0 0 0
66 CGA 0 0 0 0 0 0 0 0 14 0 0 0 0 0 0 0 1 0 0 0 58 0 0 0 999841 0 39 7 9 0 0 0 0 0 0 0 0 0 0 0 5 0 0 0 0 0 0 0 0 0 0 0 0 0 0 0 26 0 0 0 0 0 0 0
67 CTT 0 0 0 0 0 0 0 0 0 0 0 0 0 0 0 97 0 0 0 66 0 0 0 5 0 0 0 6 0 64 85 999663 0 0 0 0 0 0 0 0 0 0 0 0 0 0 0 13 0 0 0 0 0 0 0 0 0 0 0 0 0 0 0 1
68 TCG 0 0 0 0 0 0 6 0 0 0 0 0 0 0 0 0 0 0 0 0 0 0 73 0 0 0 0 0 0 0 0 0 0 0 0 0 0 0 52 0 0 0 0 0 0 0 0 0 0 0 1 0 5 7 999780 23 0 0 1 0 0 0 52 0
69 TGG 0 0 0 0 0 0 0 0 0 0 68 0 0 0 0 0 0 0 0 0 0 0 0 0 0 0 44 0 0 0 0 0 0 0 0 0 0 0 0 0 0 0 153 0 0 0 0 0 0 0 52 0 0 0 6 0 21 2 999602 1 0 0 51 0
70 CTG 0 0 0 0 0 0 0 0 0 0 0 0 0 0 18 0 0 0 0 0 0 0 105 0 0 0 16 0 19 0 999746 26 0 0 0 0 0 0 0 0 0 0 0 0 0 0 0 0 0 0 0 0 0 0 0 0 0 0 0 0 0 0 70 0
71 GCC 0 0 0 0 0 35 0 0 0 0 0 0 0 0 0 0 0 0 0 0 0 75 0 0 0 0 0 0 0 0 0 0 0 1 0 0 4 999765 0 113 0 6 0 0 0 1 0 0 0 0 0 0 0 0 0 0 0 0 0 0 0 0 0 0
72 ACA 20 0 0 0 999458 204 122 51 6 0 0 0 1 0 0 0 0 0 0 0 78 0 0 0 0 0 0 0 0 0 0 0 0 0 0 0 1 0 0 0 0 0 0 0 0 0 0 0 0 0 0 0 59 0 0 0 0 0 0 0 0 0 0 0
73 ACA 1 0 0 0 999672 57 47 7 40 0 0 0 17 0 0 0 0 0 0 0 33 0 0 0 0 0 0 0 0 0 0 0 0 0 0 0 120 0 0 0 0 0 0 0 0 0 0 0 0 0 0 0 6 0 0 0 0 0 0 0 0 0 0 0
74 GGG 0 0 0 0 0 0 0 0 0 0 83 0 0 0 0 0 0 0 0 0 0 0 0 0 0 0 58 0 0 0 0 0 0 0 28 0 0 0 38 0 142 53 999593 1 0 0 1 0 0 0 0 0 0 0 0 0 0 0 3 0 0 0 0 0
75 GTT 0 0 0 0 0 0 0 0 0 0 0 0 0 0 0 43 0 0 0 0 0 0 0 0 0 0 0 0 0 0 0 187 0 0 0 39 0 0 0 2 0 0 0 13 94 8 27 999485 0 0 0 0 0 0 0 0 0 0 0 0 0 0 0 102
76 CCG 0 0 0 0 0 0 12 0 0 0 0 0 0 0 0 0 0 0 17 0 69 35 999752 8 0 0 3 0 0 0 53 0 0 0 0 0 0 0 0 0 0 0 0 0 0 0 0 0 0 0 0 0 0 0 51 0 0 0 0 0 0 0 0 0
77 TGC 0 0 0 0 0 0 0 0 0 0 0 0 0 0 0 0 0 0 0 0 0 0 0 0 0 79 0 0 0 0 0 0 0 0 0 0 0 0 0 0 0 45 0 0 0 0 0 0 0 52 0 0 0 2 0 0 40 999684 64 11 0 23 0 0
78 GCA 0 0 0 0 20 0 0 0 0 0 0 0 0 0 0 0 0 0 0 0 64 0 0 0 0 0 0 0 0 0 0 0 18 0 0 0 999770 3 88 0 18 0 0 0 16 0 0 0 0 0 0 0 3 0 0 0 0 0 0 0 0 0 0 0
79 GCG 0 0 0 0 0 0 161 0 0 0 0 0 0 0 0 0 0 0 0 0 0 0 84 0 0 0 0 0 0 0 0 0 0 0 38 0 7 0 999523 1 0 0 185 0 0 0 0 0 0 0 0 0 0 0 1 0 0 0 0 0 0 0 0 0
80 GTT 0 0 0 0 0 0 0 0 0 0 0 0 0 0 0 11 0 0 0 0 0 0 0 0 0 0 0 0 0 0 0 44 0 0 0 1 0 0 0 1 0 0 0 42 3 37 1 999796 0 0 0 0 0 0 0 0 0 0 0 0 0 0 0 64
81 TTA 0 0 0 0 0 0 0 0 0 0 0 0 7 0 0 0 0 0 0 0 0 0 0 0 0 0 0 0 3 0 0 0 0 0 0 0 0 0 0 0 0 0 0 0 30 0 0 0 0 0 0 0 6 0 0 0 22 0 0 0 999800 32 31 69
82 GAT 0 0 0 1 0 0 0 0 0 0 0 0 0 0 0 0 0 0 0 17 0 0 0 0 0 0 0 0 0 0 0 0 5 24 32 999776 0 0 0 47 0 0 0 0 0 0 0 8 0 0 0 90 0 0 0 0 0 0 0 0 0 0 0 0
83 GTT 0 0 0 0 0 0 0 0 0 0 0 0 0 0 0 0 0 0 0 0 0 0 0 0 0 0 0 0 0 0 0 23 0 0 0 57 0 0 0 19 0 0 0 1 17 5 98 999741 0 0 0 0 0 0 0 0 0 0 0 0 0 0 0 39
84 GTA 0 0 0 0 0 0 0 0 0 0 0 0 4 0 0 0 0 0 0 0 0 0 0 0 0 0 0 0 21 0 0 0 6 0 0 0 51 0 0 0 6 0 0 0 999875 0 15 13 0 0 0 0 0 0 0 0 0 0 0 0 9 0 0 0
85 ACG 0 0 139 0 2 22 999658 4 0 0 3 0 0 0 11 0 0 0 0 0 0 0 9 0 0 0 0 0 0 0 0 0 0 0 0 0 0 0 95 0 0 0 0 0 0 0 0 0 0 0 0 0 0 0 57 0 0 0 0 0 0 0 0 0
86 GAG 0 0 48 0 0 0 0 0 0 0 0 0 0 0 0 0 0 0 10 0 0 0 0 0 0 0 0 0 0 0 0 0 10 46 999756 4 0 0 58 0 0 0 35 0 0 0 1 0 0 0 32 0 0 0 0 0 0 0 0 0 0 0 0 0
87 GCG 0 0 0 0 0 0 12 0 0 0 0 0 0 0 0 0 0 0 0 0 0 0 38 0 0 0 0 0 0 0 0 0 0 0 3 0 0 229 999545 26 0 0 40 0 0 0 0 0 0 0 0 0 0 0 107 0 0 0 0 0 0 0 0 0
88 GGC 0 0 0 0 0 0 0 0 0 66 0 0 0 0 0 0 0 0 0 0 0 0 0 0 0 2 0 0 0 0 0 0 0 0 0 0 0 119 0 0 13 999651 72 11 0 4 0 0 0 0 0 0 0 0 0 0 0 62 0 0 0 0 0 0
89 AGG 0 0 2 0 0 0 1 0 2 17 999581 104 0 0 8 0 0 0 0 0 0 0 0 0 0 0 40 0 0 0 0 0 0 0 0 0 0 0 0 0 0 0 9 0 0 0 0 0 0 0 0 0 0 0 0 0 0 0 236 0 0 0 0 0
90 GAT 0 0 0 38 0 0 0 0 0 0 0 0 0 0 0 0 0 0 0 7 0 0 0 0 0 0 0 0 0 0 0 0 18 15 37 999835 0 0 0 6 0 0 0 3 0 0 0 33 0 0 0 8 0 0 0 0 0 0 0 0 0 0 0 0
91 TGG 0 0 0 0 0 0 0 0 0 0 4 0 0 0 0 0 0 0 0 0 0 0 0 0 0 0 10 0 0 0 0 0 0 0 0 0 0 0 0 0 0 0 67 0 0 0 0 0 0 0 0 0 0 0 45 0 17 6 999802 21 0 0 28 0
92 CTA 0 0 0 0 0 0 0 0 0 0 0 0 28 0 0 0 0 0 0 0 2 0 0 0 2 0 0 0 999487 1 65 324 0 0 0 0 0 0 0 0 0 0 0 0 64 0 0 0 0 0 0 0 0 0 0 0 0 0 0 0 27 0 0 0
93 TTA 0 0 0 0 0 0 0 0 0 0 0 0 1 0 0 0 0 0 0 0 0 0 0 0 0 0 0 0 83 0 0 0 0 0 0 0 0 0 0 0 0 0 0 0 6 0 0 0 14 0 0 0 21 0 0 0 0 0 0 0 999816 2 57 0
94 TTA 0 0 0 0 0 0 0 0 0 0 0 0 16 0 0 0 0 0 0 0 0 0 0 0 0 0 0 0 10 0 0 0 0 0 0 0 0 0 0 0 0 0 0 0 71 0 0 0 8 0 0 0 25 0 0 0 111 0 0 0 999666 52 20 21
95 GGT 0 0 0 0 0 0 0 0 0 0 0 16 0 0 0 0 0 0 0 0 0 0 0 0 0 0 0 1 0 0 0 0 0 0 0 3 0 0 0 31 37 15 7 999888 0 0 0 0 0 0 0 0 0 0 0 0 0 0 0 2 0 0 0 0
96 GAG 0 0 6 0 0 0 0 0 0 0 0 0 0 0 0 0 0 0 13 0 0 0 0 0 0 0 0 0 0 0 0 0 79 34 999821 7 0 0 27 0 0 0 3 0 0 0 0 0 0 0 10 0 0 0 0 0 0 0 0 0 0 0 0 0
97 GTT 0 0 0 0 0 0 0 0 0 0 0 0 0 0 0 23 0 0 0 0 0 0 0 0 0 0 0 0 0 0 0 18 0 0 0 1 0 0 0 1 0 0 0 13 46 31 50 999817 0 0 0 0 0 0 0 0 0 0 0 0 0 0 0 0
98 CCG 0 0 0 0 0 0 0 0 0 0 0 0 0 0 0 0 0 0 11 0 1 0 999899 2 0 0 77 0 0 0 5 0 0 0 0 0 0 0 3 0 0 0 0 0 0 0 0 0 0 0 0 0 0 0 2 0 0 0 0 0 0 0 0 0
99 GGG 0 0 0 0 0 0 0 0 0 0 126 0 0 0 0 0 0 0 0 0 0 0 0 0 0 0 49 0 0 0 0 0 0 0 0 0 0 0 10 0 25 0 999756 9 0 0 4 0 0 0 0 0 0 0 0 0 0 0 21 0 0 0 0 0
100 CAA 4 0 0 0 0 0 0 0 0 0 0 0 0 0 0 0 999773 35 72 5 55 0 0 0 52 0 0 0 0 0 0 0 4 0 0 0 0 0 0 0 0 0 0 0 0 0 0 0 0 0 0 0 0 0 0 0 0 0 0 0 0 0 0 0
101 GAC 0 1 0 0 0 0 0 0 0 0 0 0 0 0 0 0 0 19 0 0 0 0 0 0 0 0 0 0 0 0 0 0 9 999864 23 57 0 20 0 0 0 0 0 0 0 6 0 0 0 1 0 0 0 0 0 0 0 0 0 0 0 0 0 0
102 TTG 0 0 0 0 0 0 0 0 0 0 0 0 0 0 62 0 0 0 0 0 0 0 0 0 0 0 0 0 0 0 1 0 0 0 0 0 0 0 0 0 0 0 0 0 0 0 2 0 0 0 1 0 0 0 7 0 0 0 2 0 72 2 999840 11
103 CTT 0 0 0 0 0 0 0 0 0 0 0 0 0 0 0 70 0 0 0 22 0 0 0 58 0 0 0 15 8 66 1 999726 0 0 0 0 0 0 0 0 0 0 0 0 0 0 0 11 0 0 0 0 0 0 0 0 0 0 0 0 0 0 0 23
104 AGT 0 0 0 2 0 0 0 0 8 0 7 999928 0 0 0 9 0 0 0 0 0 0 0 0 0 0 0 26 0 0 0 0 0 0 0 0 0 0 0 0 0 0 0 16 0 0 0 0 0 0 0 0 0 0 0 0 0 0 0 4 0 0 0 0
105 TCC 0 0 0 0 0 0 0 0 0 0 0 0 0 0 0 0 0 0 0 0 0 6 0 0 0 0 0 0 0 0 0 0 0 0 0 0 0 103 0 0 0 0 0 0 0 0 0 0 0 38 0 0 136 999700 1 0 0 11 0 0 0 5 0 0
106 CAC 0 1 0 0 0 0 0 0 0 0 0 0 0 0 0 0 206 999247 209 24 0 4 0 0 0 8 0 0 0 39 0 0 0 262 0 0 0 0 0 0 0 0 0 0 0 0 0 0 0 0 0 0 0 0 0 0 0 0 0 0 0 0 0 0
107 CTG 0 0 0 0 0 0 0 0 0 0 0 0 0 0 45 0 0 0 7 0 0 0 79 0 0 0 50 0 20 4 999750 1 0 0 0 0 0 0 0 0 0 0 0 0 0 0 16 0 0 0 0 0 0 0 0 0 0 0 0 0 0 0 28 0
108 GCC 0 0 0 0 0 0 0 0 0 0 0 0 0 0 0 0 0 0 0 0 0 19 0 0 0 0 0 0 0 0 0 0 0 5 0 0 57 999824 1 0 0 53 0 0 0 26 0 0 0 0 0 0 0 15 0 0 0 0 0 0 0 0 0 0
109 CCG 0 0 0 0 0 0 22 0 0 0 0 0 0 0 0 0 0 0 0 0 156 18 999760 10 0 0 25 0 0 0 8 0 0 0 0 0 0 0 1 0 0 0 0 0 0 0 0 0 0 0 0 0 0 0 0 0 0 0 0 0 0 0 0 0
110 GCG 0 0 0 0 0 0 54 0 0 0 0 0 0 0 0 0 0 0 0 0 0 0 16 0 0 0 0 0 0 0 0 0 0 0 13 0 3 110 999696 14 0 0 26 0 0 0 57 0 0 0 0 0 0 0 11 0 0 0 0 0 0 0 0 0
111 GAG 0 0 14 0 0 0 0 0 0 0 0 0 0 0 0 0 0 0 7 0 0 0 0 0 0 0 0 0 0 0 0 0 46 60 999763 47 0 0 6 0 0 0 15 0 0 0 16 0 0 0 26 0 0 0 0 0 0 0 0 0 0 0 0 0
112 AAA 999756 89 0 27 3 0 0 0 23 0 0 0 29 0 0 0 4 0 0 0 0 0 0 0 0 0 0 0 0 0 0 0 3 0 0 0 0 0 0 0 0 0 0 0 0 0 0 0 66 0 0 0 0 0 0 0 0 0 0 0 0 0 0 0
113 GTA 0 0 0 0 0 0 0 0 0 0 0 0 32 0 0 0 0 0 0 0 0 0 0 0 0 0 0 0 50 0 0 0 0 0 0 0 3 0 0 0 28 0 0 0 999718 1 112 54 0 0 0 0 0 0 0 0 0 0 0 0 2 0 0 0
114 AGT 0 0 0 314 0 0 0 19 22 4 61 999430 0 0 0 10 0 0 0 0 0 0 0 0 0 0 0 134 0 0 0 0 0 0 0 0 0 0 0 0 0 0 0 4 0 0 0 0 0 0 0 0 0 0 0 0 0 0 0 2 0 0 0 0
115 ATA 24 0 0 0 152 0 0 0 56 0 0 0 999681 26 8 30 0 0 0 0 0 0 0 0 0 0 0 0 2 0 0 0 0 0 0 0 0 0 0 0 0 0 0 0 21 0 0 0 0 0 0 0 0 0 0 0 0 0 0 0 0 0 0 0
116 ATG 0 0 10 0 0 0 240 0 0 0 23 0 4 6 999683 5 0 0 0 0 0 0 0 0 0 0 0 0 0 0 22 0 0 0 0 0 0 0 0 0 0 0 0 0 0 0 0 0 0 0 0 0 0 0 0 0 0 0 0 0 0 0 7 0
117 GCT 0 0 0 0 0 0 0 51 0 0 0 0 0 0 0 0 0 0 0 0 0 0 0 1 0 0 0 0 0 0 0 0 0 0 0 16 119 0 1 999767 0 0 0 1 0 0 0 23 0 0 0 0 0 0 0 21 0 0 0 0 0 0 0 0
118 GAT 0 0 0 0 0 0 0 0 0 0 0 0 0 0 0 0 0 0 0 10 0 0 0 0 0 0 0 0 0 0 0 0 172 23 4 999763 0 0 0 3 0 0 0 12 0 0 0 8 0 0 0 5 0 0 0 0 0 0 0 0 0 0 0 0
119 GCT 0 0 0 0 0 0 0 26 0 0 0 0 0 0 0 0 0 0 0 0 0 0 0 46 0 0 0 0 0 0 0 0 0 0 0 42 181 12 0 999639 0 0 0 16 0 0 0 34 0 0 0 0 0 0 0 4 0 0 0 0 0 0 0 0
120 ATG 0 0 1 0 0 0 3 0 0 0 64 0 2 67 999664 48 0 0 0 0 0 0 0 0 0 0 0 0 0 0 2 0 0 0 0 0 0 0 0 0 0 0 0 0 0 0 53 0 0 0 0 0 0 0 0 0 0 0 0 0 0 0 96 0
121 AGG 0 0 31 0 0 0 5 0 196 2 999695 17 0 0 45 0 0 0 0 0 0 0 0 0 0 0 9 0 0 0 0 0 0 0 0 0 0 0 0 0 0 0 0 0 0 0 0 0 0 0 0 0 0 0 0 0 0 0 0 0 0 0 0 0
122 CGT 0 0 0 0 0 0 0 0 0 0 0 6 0 0 0 0 0 0 0 32 0 0 0 5 63 11 23 999688 0 0 0 82 0 0 0 0 0 0 0 0 0 0 0 27 0 0 0 0 0 0 0 0 0 0 0 0 0 0 0 63 0 0 0 0
123 TTA 0 0 0 0 0 0 0 0 0 0 0 0 71 0 0 0 0 0 0 0 0 0 0 0 0 0 0 0 2 0 0 0 0 0 0 0 0 0 0 0 0 0 0 0 71 0 0 0 16 0 0 0 1 0 0 0 0 0 0 0 999758 50 27 4
124 CAC 0 108 0 0 0 0 0 0 0 0 0 0 0 0 0 0 8 999651 0 122 0 0 0 0 0 7 0 0 0 15 0 0 0 84 0 0 0 0 0 0 0 0 0 0 0 0 0 0 0 5 0 0 0 0 0 0 0 0 0 0 0 0 0 0
125 ACA 40 0 0 0 999851 2 0 7 2 0 0 0 0 0 0 0 0 0 0 0 75 0 0 0 0 0 0 0 0 0 0 0 0 0 0 0 6 0 0 0 0 0 0 0 0 0 0 0 0 0 0 0 17 0 0 0 0 0 0 0 0 0 0 0
126 CTA 0 0 0 0 0 0 0 0 0 0 0 0 4 0 0 0 6 0 0 0 12 0 0 0 9 0 0 0 999847 49 0 1 0 0 0 0 0 0 0 0 0 0 0 0 72 0 0 0 0 0 0 0 0 0 0 0 0 0 0 0 0 0 0 0
127 GAT 0 0 0 16 0 0 0 0 0 0 0 0 0 0 0 0 0 0 0 6 0 0 0 0 0 0 0 0 0 0 0 0 4 0 8 999904 0 0 0 58 0 0 0 2 0 0 0 2 0 0 0 0 0 0 0 0 0 0 0 0 0 0 0 0
128 CCA 0 0 0 0 44 0 0 0 0 0 0 0 0 0 0 0 9 0 0 0 999897 10 0 3 1 0 0 0 28 0 0 0 0 0 0 0 0 0 0 0 0 0 0 0 0 0 0 0 0 0 0 0 8 0 0 0 0 0 0 0 0 0 0 0
129 GCA 0 0 0 0 17 0 0 0 0 0 0 0 0 0 0 0 0 0 0 0 19 0 0 0 0 0 0 0 0 0 0 0 69 0 0 0 999803 4 0 0 7 0 0 0 2 0 0 0 0 0 0 0 79 0 0 0 0 0 0 0 0 0 0 0
130 ACG 0 0 6 0 194 2 999619 35 0 0 41 0 0 0 8 0 0 0 0 0 0 0 31 0 0 0 0 0 0 0 0 0 0 0 0 0 0 0 13 0 0 0 0 0 0 0 0 0 0 0 0 0 0 0 51 0 0 0 0 0 0 0 0 0
131 TGC 0 0 0 0 0 0 0 0 0 1 0 0 0 0 0 0 0 0 0 0 0 0 0 0 0 12 0 0 0 0 0 0 0 0 0 0 0 0 0 0 0 3 0 0 0 0 0 0 0 7 0 0 0 26 0 0 4 999917 7 18 0 5 0 0
132 CCA 0 0 0 0 0 0 0 0 0 0 0 0 0 0 0 0 94 0 0 0 999814 4 9 1 24 0 0 0 24 0 0 0 0 0 0 0 28 0 0 0 0 0 0 0 0 0 0 0 0 0 0 0 2 0 0 0 0 0 0 0 0 0 0 0
133 TTC 0 0 0 0 0 0 0 0 0 0 0 0 0 9 0 0 0 0 0 0 0 0 0 0 0 0 0 0 0 64 0 0 0 0 0 0 0 0 0 0 0 0 0 0 0 48 0 0 0 66 0 0 0 0 0 0 0 0 0 0 27 999778 8 0
134 GAT 0 0 0 2 0 0 0 0 0 0 0 0 0 0 0 0 0 0 0 5 0 0 0 0 0 0 0 0 0 0 0 0 83 20 53 999733 0 0 0 36 0 0 0 65 0 0 0 3 0 0 0 0 0 0 0 0 0 0 0 0 0 0 0 0
135 CAC 0 0 0 0 0 0 0 0 0 0 0 0 0 0 0 0 1 999971 1 10 0 9 0 0 0 2 0 0 0 0 0 0 0 2 0 0 0 0 0 0 0 0 0 0 0 0 0 0 0 4 0 0 0 0 0 0 0 0 0 0 0 0 0 0
136 CAA 47 0 0 0 0 0 0 0 0 0 0 0 0 0 0 0 999613 2 0 0 225 0 0 0 38 0 0 0 31 0 0 0 3 0 0 0 0 0 0 0 0 0 0 0 0 0 0 0 41 0 0 0 0 0 0 0 0 0 0 0 0 0 0 0
137 GCG 0 0 0 0 0 0 0 0 0 0 0 0 0 0 0 0 0 0 0 0 0 0 11 0 0 0 0 0 0 0 0 0 0 0 32 0 4 32 999875 1 0 0 2 0 0 0 20 0 0 0 0 0 0 0 23 0 0 0 0 0 0 0 0 0
138 AAA 999658 16 1 35 0 0 0 0 12 0 0 0 84 0 0 0 184 0 0 0 0 0 0 0 0 0 0 0 0 0 0 0 6 0 0 0 0 0 0 0 0 0 0 0 0 0 0 0 4 0 0 0 0 0 0 0 0 0 0 0 0 0 0 0
139 CAC 0 4 0 0 0 0 0 0 0 0 0 0 0 0 0 0 18 999722 63 48 0 6 0 0 0 97 0 0 0 27 0 0 0 5 0 0 0 0 0 0 0 0 0 0 0 0 0 0 0 10 0 0 0 0 0 0 0 0 0 0 0 0 0 0
140 CGA 0 0 0 0 0 0 0 0 0 0 0 0 0 0 0 0 127 0 0 0 8 0 0 0 999623 65 100 9 53 0 0 0 0 0 0 0 0 0 0 0 0 0 0 0 0 0 0 0 0 0 0 0 0 0 0 0 15 0 0 0 0 0 0 0
141 ATA 34 0 0 0 4 0 0 0 3 0 0 0 999823 70 8 53 0 0 0 0 0 0 0 0 0 0 0 0 2 0 0 0 0 0 0 0 0 0 0 0 0 0 0 0 3 0 0 0 0 0 0 0 0 0 0 0 0 0 0 0 0 0 0 0
142 GAA 48 0 0 0 0 0 0 0 0 0 0 0 0 0 0 0 44 0 0 0 0 0 0 0 0 0 0 0 0 0 0 0 999546 136 65 0 0 0 0 0 103 0 0 0 0 0 0 0 58 0 0 0 0 0 0 0 0 0 0 0 0 0 0 0
143 CGA 0 0 0 0 0 0 0 0 48 0 0 0 0 0 0 0 0 0 0 0 16 0 0 0 999808 3 32 59 2 0 0 0 0 0 0 0 0 0 0 0 21 0 0 0 0 0 0 0 0 0 0 0 0 0 0 0 11 0 0 0 0 0 0 0
144 GCA 0 0 0 0 3 0 0 0 0 0 0 0 0 0 0 0 0 0 0 0 20 0 0 0 0 0 0 0 0 0 0 0 15 0 0 0 999760 16 49 4 0 0 0 0 64 0 0 0 0 0 0 0 69 0 0 0 0 0 0 0 0 0 0 0
145 AGA 0 0 0 0 0 0 0 0 999577 170 74 3 34 0 0 0 0 0 0 0 0 0 0 0 19 0 0 0 0 0 0 0 0 0 0 0 0 0 0 0 0 0 0 0 0 0 0 0 0 0 0 0 0 0 0 0 123 0 0 0 0 0 0 0
146 ACT 0 0 0 110 28 65 3 999745 0 0 0 0 0 0 0 26 0 0 0 0 0 0 0 0 0 0 0 0 0 0 0 0 0 0 0 0 0 0 0 13 0 0 0 0 0 0 0 0 0 0 0 0 0 0 0 10 0 0 0 0 0 0 0 0
147 CGC 0 0 0 0 0 0 0 0 0 30 0 0 0 0 0 0 0 2 0 0 0 3 0 0 12 999830 14 22 0 5 0 0 0 0 0 0 0 0 0 0 0 82 0 0 0 0 0 0 0 0 0 0 0 0 0 0 0 0 0 0 0 0 0 0
148 ATG 0 0 35 0 0 0 34 0 0 0 59 0 58 3 999707 0 0 0 0 0 0 0 0 0 0 0 0 0 0 0 77 0 0 0 0 0 0 0 0 0 0 0 0 0 0 0 24 0 0 0 0 0 0 0 0 0 0 0 0 0 0 0 3 0
149 GAG 0 0 101 0 0 0 0 0 0 0 0 0 0 0 0 0 0 0 7 0 0 0 0 0 0 0 0 0 0 0 0 0 8 5 999835 8 0 0 15 0 0 0 12 0 0 0 6 0 0 0 3 0 0 0 0 0 0 0 0 0 0 0 0 0
150 GCT 0 0 0 0 0 0 0 0 0 0 0 0 0 0 0 0 0 0 0 0 0 0 0 61 0 0 0 0 0 0 0 0 0 0 0 112 1 25 0 999698 0 0 0 13 0 0 0 0 0 0 0 0 0 0 0 90 0 0 0 0 0 0 0 0
151 GGA 0 0 0 0 0 0 0 0 57 0 0 0 0 0 0 0 0 0 0 0 0 0 0 0 25 0 0 0 0 0 0 0 117 0 0 0 2 0 0 0 999750 13 30 0 4 0 0 0 0 0 0 0 0 0 0 0 2 0 0 0 0 0 0 0
152 CTA 0 0 0 0 0 0 0 0 0 0 0 0 8 0 0 0 80 0 0 0 2 0 0 0 11 0 0 0 999544 22 119 14 0 0 0 0 0 0 0 0 0 0 0 0 59 0 0 0 0 0 0 0 0 0 0 0 0 0 0 0 141 0 0 0
153 GTA 0 0 0 0 0 0 0 0 0 0 0 0 3 0 0 0 0 0 0 0 0 0 0 0 0 0 0 0 0 0 0 0 9 0 0 0 3 0 0 0 19 0 0 0 999876 5 11 52 0 0 0 0 0 0 0 0 0 0 0 0 22 0 0 0
154 GAT 0 0 0 0 0 0 0 0 0 0 0 0 0 0 0 0 0 0 0 0 0 0 0 0 0 0 0 0 0 0 0 0 5 26 6 999819 0 0 0 24 0 0 0 41 0 0 0 49 0 0 0 30 0 0 0 0 0 0 0 0 0 0 0 0
155 CAA 8 0 0 0 0 0 0 0 0 0 0 0 0 0 0 0 999829 17 93 1 5 0 0 0 5 0 0 0 3 0 0 0 34 0 0 0 0 0 0 0 0 0 0 0 0 0 0 0 5 0 0 0 0 0 0 0 0 0 0 0 0 0 0 0
156 GAT 0 0 0 4 0 0 0 0 0 0 0 0 0 0 0 0 0 0 0 55 0 0 0 0 0 0 0 0 0 0 0 0 0 112 18 999680 0 0 0 18 0 0 0 84 0 0 0 23 0 0 0 6 0 0 0 0 0 0 0 0 0 0 0 0
157 GAT 0 0 0 78 0 0 0 0 0 0 0 0 0 0 0 0 0 0 0 0 0 0 0 0 0 0 0 0 0 0 0 0 13 21 14 999826 0 0 0 23 0 0 0 0 0 0 0 25 0 0 0 0 0 0 0 0 0 0 0 0 0 0 0 0
158 CTT 0 0 0 0 0 0 0 0 0 0 0 0 0 0 0 2 0 0 0 114 0 0 0 43 0 0 0 21 32 52 10 999703 0 0 0 0 0 0 0 0 0 0 0 0 0 0 0 4 0 0 0 0 0 0 0 0 0 0 0 0 0 0 0 19
159 GAC 0 1 0 0 0 0 0 0 0 0 0 0 0 0 0 0 0 0 0 0 0 0 0 0 0 0 0 0 0 0 0 0 18 999785 137 23 0 24 0 0 0 0 0 0 0 7 0 0 0 5 0 0 0 0 0 0 0 0 0 0 0 0 0 0
160 GAG 0 0 64 0 0 0 0 0 0 0 0 0 0 0 0 0 0 0 11 0 0 0 0 0 0 0 0 0 0 0 0 0 6 6 999780 31 0 0 2 0 0 0 0 0 0 0 42 0 0 0 58 0 0 0 0 0 0 0 0 0 0 0 0 0
161 GAG 0 0 8 0 0 0 0 0 0 0 0 0 0 0 0 0 0 0 1 0 0 0 0 0 0 0 0 0 0 0 0 0 63 12 999708 31 0 0 13 0 0 0 89 0 0 0 6 0 0 0 69 0 0 0 0 0 0 0 0 0 0 0 0 0
162 CAT 0 0 0 29 0 0 0 0 0 0 0 0 0 0 0 0 2 2 33 999903 0 0 0 1 0 0 0 20 0 0 0 6 0 0 0 0 0 0 0 0 0 0 0 0 0 0 0 0 0 0 0 4 0 0 0 0 0 0 0 0 0 0 0 0
163 CAA 1 0 0 0 0 0 0 0 0 0 0 0 0 0 0 0 999733 35 61 18 1 0 0 0 1 0 0 0 56 0 0 0 13 0 0 0 0 0 0 0 0 0 0 0 0 0 0 0 81 0 0 0 0 0 0 0 0 0 0 0 0 0 0 0
164 GGG 0 0 0 0 0 0 0 0 0 0 9 0 0 0 0 0 0 0 0 0 0 0 0 0 0 0 24 0 0 0 0 0 0 0 3 0 0 0 6 0 0 11 999942 2 0 0 3 0 0 0 0 0 0 0 0 0 0 0 0 0 0 0 0 0
165 CTG 0 0 0 0 0 0 0 0 0 0 0 0 0 0 7 0 0 0 5 0 0 0 28 0 0 0 33 0 18 32 999849 0 0 0 0 0 0 0 0 0 0 0 0 0 0 0 15 0 0 0 0 0 0 0 0 0 0 0 0 0 0 0 13 0
166 GCG 0 0 0 0 0 0 0 0 0 0 0 0 0 0 0 0 0 0 0 0 0 0 3 0 0 0 0 0 0 0 0 0 0 0 15 0 33 20 999817 105 0 0 4 0 0 0 2 0 0 0 0 0 0 0 1 0 0 0 0 0 0 0 0 0
167 CCC 0 0 0 0 0 11 0 0 0 0 0 0 0 0 0 0 0 45 0 0 11 999593 163 143 0 18 0 0 0 6 0 0 0 0 0 0 0 10 0 0 0 0 0 0 0 0 0 0 0 0 0 0 0 0 0 0 0 0 0 0 0 0 0 0
168 GCG 0 0 0 0 0 0 2 0 0 0 0 0 0 0 0 0 0 0 0 0 0 0 6 0 0 0 0 0 0 0 0 0 0 0 6 0 54 9 999886 5 0 0 5 0 0 0 0 0 0 0 0 0 0 0 27 0 0 0 0 0 0 0 0 0
169 GAA 0 0 0 0 0 0 0 0 0 0 0 0 0 0 0 0 11 0 0 0 0 0 0 0 0 0 0 0 0 0 0 0 999751 0 0 4 118 0 0 0 64 0 0 0 31 0 0 0 21 0 0 0 0 0 0 0 0 0 0 0 0 0 0 0
170 CTC 0 0 0 0 0 0 0 0 0 0 0 0 0 1 0 0 0 0 0 0 0 165 0 0 0 0 0 0 1 999729 43 2 0 0 0 0 0 0 0 0 0 0 0 0 0 0 0 0 0 0 0 0 0 0 0 0 0 0 0 0 0 59 0 0
171 TTT 0 0 0 0 0 0 0 0 0 0 0 0 0 0 0 14 0 0 0 0 0 0 0 0 0 0 0 0 0 0 0 10 0 0 0 0 0 0 0 0 0 0 0 0 0 0 0 23 0 0 0 26 0 0 0 20 0 0 0 12 0 4 0 999891
172 GCT 0 0 0 0 0 0 0 61 0 0 0 0 0 0 0 0 0 0 0 0 0 0 0 45 0 0 0 0 0 0 0 0 0 0 0 12 3 43 33 999659 0 0 0 100 0 0 0 18 0 0 0 0 0 0 0 26 0 0 0 0 0 0 0 0
173 AGG 0 0 75 0 0 0 32 0 38 2 999740 0 0 0 5 0 0 0 0 0 0 0 0 0 0 0 17 0 0 0 0 0 0 0 0 0 0 0 0 0 0 0 7 0 0 0 0 0 0 0 0 0 0 0 0 0 0 0 84 0 0 0 0 0
174 TTG 0 0 0 0 0 0 0 0 0 0 0 0 0 0 15 0 0 0 0 0 0 0 0 0 0 0 0 0 0 0 161 0 0 0 0 0 0 0 0 0 0 0 0 0 0 0 1 0 0 0 20 0 0 0 2 0 0 0 10 0 10 67 999571 143
175 AAA 999781 47 0 0 59 0 0 0 32 0 0 0 5 0 0 0 42 0 0 0 0 0 0 0 0 0 0 0 0 0 0 0 8 0 0 0 0 0 0 0 0 0 0 0 0 0 0 0 26 0 0 0 0 0 0 0 0 0 0 0 0 0 0 0
176 GCT 0 0 0 0 0 0 0 1 0 0 0 0 0 0 0 0 0 0 0 0 0 0 0 2 0 0 0 0 0 0 0 0 0 0 0 42 22 14 12 999892 0 0 0 1 0 0 0 9 0 0 0 0 0 0 0 5 0 0 0 0 0 0 0 0
177 CGG 0 0 0 0 0 0 0 0 0 0 0 0 0 0 0 0 0 0 2 0 0 0 25 0 16 32 999883 29 0 0 0 0 0 0 0 0 0 0 0 0 0 0 8 0 0 0 0 0 0 0 0 0 0 0 0 0 0 0 5 0 0 0 0 0
178 ATG 0 0 8 0 0 0 0 0 0 0 57 0 13 14 999876 1 0 0 0 0 0 0 0 0 0 0 0 0 0 0 6 0 0 0 0 0 0 0 0 0 0 0 0 0 0 0 24 0 0 0 0 0 0 0 0 0 0 0 0 0 0 0 1 0
179 CCC 0 0 0 0 0 87 0 0 0 0 0 0 0 0 0 0 0 5 0 0 21 999818 24 30 0 2 0 0 0 7 0 0 0 0 0 0 0 5 0 0 0 0 0 0 0 0 0 0 0 0 0 0 0 1 0 0 0 0 0 0 0 0 0 0
180 GAC 0 22 0 0 0 0 0 0 0 0 0 0 0 0 0 0 0 1 0 0 0 0 0 0 0 0 0 0 0 0 0 0 5 999725 0 13 0 7 0 0 0 2 0 0 0 58 0 0 0 167 0 0 0 0 0 0 0 0 0 0 0 0 0 0
181 GGT 0 0 0 0 0 0 0 0 0 0 0 15 0 0 0 0 0 0 0 0 0 0 0 0 0 0 0 4 0 0 0 0 0 0 0 13 0 0 0 0 91 30 62 999783 0 0 0 1 0 0 0 0 0 0 0 0 0 0 0 1 0 0 0 0
182 GAA 32 0 0 0 0 0 0 0 0 0 0 0 0 0 0 0 4 0 0 0 0 0 0 0 0 0 0 0 0 0 0 0 999596 24 7 173 0 0 0 0 4 0 0 0 160 0 0 0 0 0 0 0 0 0 0 0 0 0 0 0 0 0 0 0
183 GAT 0 0 0 100 0 0 0 0 0 0 0 0 0 0 0 0 0 0 0 53 0 0 0 0 0 0 0 0 0 0 0 0 3 22 18 999612 0 0 0 0 0 0 0 28 0 0 0 148 0 0 0 16 0 0 0 0 0 0 0 0 0 0 0 0
184 TTG 0 0 0 0 0 0 0 0 0 0 0 0 0 0 0 0 0 0 0 0 0 0 0 0 0 0 0 0 0 0 65 0 0 0 0 0 0 0 0 0 0 0 0 0 0 0 80 0 0 0 22 0 0 0 4 0 0 0 1 0 57 177 999438 156
185 GTG 0 0 0 0 0 0 0 0 0 0 0 0 0 0 2 0 0 0 0 0 0 0 0 0 0 0 0 0 0 0 83 0 0 0 2 0 0 0 1 0 0 0 71 0 37 40 999725 31 0 0 0 0 0 0 0 0 0 0 0 0 0 0 8 0
186 GTA 0 0 0 0 0 0 0 0 0 0 0 0 0 0 0 0 0 0 0 0 0 0 0 0 0 0 0 0 1 0 0 0 2 0 0 0 5 0 0 0 55 0 0 0 999851 4 39 10 0 0 0 0 0 0 0 0 0 0 0 0 33 0 0 0
187 ACT 0 0 0 19 33 1 18 999819 0 0 0 21 0 0 0 52 0 0 0 0 0 0 0 1 0 0 0 0 0 0 0 0 0 0 0 0 0 0 0 24 0 0 0 0 0 0 0 0 0 0 0 0 0 0 0 12 0 0 0 0 0 0 0 0
188 CAT 0 0 0 61 0 0 0 0 0 0 0 0 0 0 0 0 7 0 1 999650 0 0 0 26 0 0 0 6 0 0 0 57 0 0 0 139 0 0 0 0 0 0 0 0 0 0 0 0 0 0 0 53 0 0 0 0 0 0 0 0 0 0 0 0
189 GGG 0 0 0 0 0 0 0 0 0 0 1 0 0 0 0 0 0 0 0 0 0 0 0 0 0 0 34 0 0 0 0 0 0 0 49 0 0 0 1 0 27 37 999776 7 0 0 62 0 0 0 0 0 0 0 0 0 0 0 6 0 0 0 0 0
190 GAT 0 0 0 45 0 0 0 0 0 0 0 0 0 0 0 0 0 0 0 57 0 0 0 0 0 0 0 0 0 0 0 0 22 23 2 999747 0 0 0 55 0 0 0 1 0 0 0 3 0 0 0 45 0 0 0 0 0 0 0 0 0 0 0 0
191 GCC 0 0 0 0 0 6 0 0 0 0 0 0 0 0 0 0 0 0 0 0 0 27 0 0 0 0 0 0 0 0 0 0 0 2 0 0 42 999781 0 5 0 39 0 0 0 90 0 0 0 0 0 0 0 8 0 0 0 0 0 0 0 0 0 0
192 TGC 0 0 0 0 0 0 0 0 0 1 0 0 0 0 0 0 0 0 0 0 0 0 0 0 0 15 0 0 0 0 0 0 0 0 0 0 0 0 0 0 0 18 0 0 0 0 0 0 0 112 0 0 0 18 0 0 3 999741 0 44 0 48 0 0
193 CTC 0 0 0 0 0 0 0 0 0 0 0 0 0 45 0 0 0 0 0 0 0 32 0 0 0 0 0 0 29 999821 5 63 0 0 0 0 0 0 0 0 0 0 0 0 0 0 0 0 0 0 0 0 0 0 0 0 0 0 0 0 0 5 0 0
194 CCG 0 0 0 0 0 0 36 0 0 0 0 0 0 0 0 0 0 0 1 0 94 2 999853 7 0 0 1 0 0 0 0 0 0 0 0 0 0 0 6 0 0 0 0 0 0 0 0 0 0 0 0 0 0 0 0 0 0 0 0 0 0 0 0 0
195 AAC 17 999687 48 2 0 20 0 0 0 101 0 0 0 94 0 0 0 3 0 0 0 0 0 0 0 0 0 0 0 0 0 0 0 10 0 0 0 0 0 0 0 0 0 0 0 0 0 0 0 18 0 0 0 0 0 0 0 0 0 0 0 0 0 0
196 ATA 58 0 0 0 117 0 0 0 20 0 0 0 999660 22 4 0 0 0 0 0 0 0 0 0 0 0 0 0 18 0 0 0 0 0 0 0 0 0 0 0 0 0 0 0 62 0 0 0 0 0 0 0 0 0 0 0 0 0 0 0 39 0 0 0
197 ATG 0 0 9 0 0 0 42 0 0 0 1 0 13 1 999422 359 0 0 0 0 0 0 0 0 0 0 0 0 0 0 128 0 0 0 0 0 0 0 0 0 0 0 0 0 0 0 13 0 0 0 0 0 0 0 0 0 0 0 0 0 0 0 12 0
198 GTG 0 0 0 0 0 0 0 0 0 0 0 0 0 0 5 0 0 0 0 0 0 0 0 0 0 0 0 0 0 0 75 0 0 0 0 0 0 0 4 0 0 0 19 0 40 0 999848 5 0 0 0 0 0 0 0 0 0 0 0 0 0 0 4 0
199 GAA 21 0 0 0 0 0 0 0 0 0 0 0 0 0 0 0 56 0 0 0 0 0 0 0 0 0 0 0 0 0 0 0 999746 15 50 1 15 0 0 0 93 0 0 0 0 0 0 0 3 0 0 0 0 0 0 0 0 0 0 0 0 0 0 0
200 AAC 14 999708 27 114 0 73 0 0 0 1 0 0 0 25 0 0 0 7 0 0 0 0 0 0 0 0 0 0 0 0 0 0 0 12 0 0 0 0 0 0 0 0 0 0 0 0 0 0 0 19 0 0 0 0 0 0 0 0 0 0 0 0 0 0
201 GGC 0 0 0 0 0 0 0 0 0 1 0 0 0 0 0 0 0 0 0 0 0 0 0 0 0 82 0 0 0 0 0 0 0 70 0 0 0 1 0 0 40 999793 1 5 0 7 0 0 0 0 0 0 0 0 0 0 0 0 0 0 0 0 0 0
202 CGT 0 0 0 0 0 0 0 0 0 0 0 89 0 0 0 0 0 0 0 1 0 0 0 16 3 17 73 999729 0 0 0 68 0 0 0 0 0 0 0 0 0 0 0 3 0 0 0 0 0 0 0 0 0 0 0 0 0 0 0 1 0 0 0 0
203 TTT 0 0 0 0 0 0 0 0 0 0 0 0 0 0 0 46 0 0 0 0 0 0 0 0 0 0 0 0 0 0 0 9 0 0 0 0 0 0 0 0 0 0 0 0 0 0 0 77 0 0 0 6 0 0 0 2 0 0 0 117 3 51 20 999669
204 AGC 0 31 0 0 0 96 0 0 2 999790 15 3 0 32 0 0 0 0 0 0 0 0 0 0 0 4 0 0 0 0 0 0 0 0 0 0 0 0 0 0 0 4 0 0 0 0 0 0 0 0 0 0 0 0 0 0 0 23 0 0 0 0 0 0
205 GGA 0 0 0 0 0 0 0 0 66 0 0 0 0 0 0 0 0 0 0 0 0 0 0 0 42 0 0 0 0 0 0 0 0 0 0 0 1 0 0 0 999794 0 42 12 2 0 0 0 0 0 0 0 0 0 0 0 41 0 0 0 0 0 0 0
206 TTC 0 0 0 0 0 0 0 0 0 0 0 0 0 1 0 0 0 0 0 0 0 0 0 0 0 0 0 0 0 106 0 0 0 0 0 0 0 0 0 0 0 0 0 0 0 26 0 0 0 19 0 0 0 3 0 0 0 36 0 0 0 999809 0 0
207 ATT 0 0 0 7 0 0 0 105 0 0 0 9 44 2 66 999758 0 0 0 0 0 0 0 0 0 0 0 0 0 0 0 6 0 0 0 0 0 0 0 0 0 0 0 0 0 0 0 2 0 0 0 0 0 0 0 0 0 0 0 0 0 0 0 1
208 GAT 0 0 0 75 0 0 0 0 0 0 0 0 0 0 0 0 0 0 0 30 0 0 0 0 0 0 0 0 0 0 0 0 11 13 0 999752 0 0 0 8 0 0 0 23 0 0 0 73 0 0 0 15 0 0 0 0 0 0 0 0 0 0 0 0
209 TGC 0 0 0 0 0 0 0 0 0 1 0 0 0 0 0 0 0 0 0 0 0 0 0 0 0 34 0 0 0 0 0 0 0 0 0 0 0 0 0 0 0 40 0 0 0 0 0 0 0 205 0 0 0 0 0 0 63 999634 22 0 0 1 0 0
210 GGA 0 0 0 0 0 0 0 0 20 0 0 0 0 0 0 0 0 0 0 0 0 0 0 0 51 0 0 0 0 0 0 0 4 0 0 0 7 0 0 0 999829 5 3 78 3 0 0 0 0 0 0 0 0 0 0 0 0 0 0 0 0 0 0 0
211 CGG 0 0 0 0 0 0 0 0 0 0 12 0 0 0 0 0 0 0 22 0 0 0 12 0 14 55 999783 6 0 0 44 0 0 0 0 0 0 0 0 0 0 0 13 0 0 0 0 0 0 0 0 0 0 0 0 0 0 0 39 0 0 0 0 0
212 TTG 0 0 0 0 0 0 0 0 0 0 0 0 0 0 0 0 0 0 0 0 0 0 0 0 0 0 0 0 0 0 0 0 0 0 0 0 0 0 0 0 0 0 0 0 0 0 0 0 0 0 1 0 0 0 2 0 0 0 46 0 140 132 999679 0
213 GGT 0 0 0 0 0 0 0 0 0 0 0 0 0 0 0 0 0 0 0 0 0 0 0 0 0 0 0 104 0 0 0 0 0 0 0 0 0 0 0 1 30 190 1 999664 0 0 0 1 0 0 0 0 0 0 0 0 0 0 0 9 0 0 0 0
214 GTC 0 0 0 0 0 0 0 0 0 0 0 0 0 2 0 0 0 0 0 0 0 0 0 0 0 0 0 0 0 1 0 0 0 0 0 0 0 35 0 0 0 6 0 0 19 999785 49 33 0 0 0 0 0 0 0 0 0 0 0 0 0 70 0 0
215 GCT 0 0 0 0 0 0 0 50 0 0 0 0 0 0 0 0 0 0 0 0 0 0 0 72 0 0 0 0 0 0 0 0 0 0 0 27 13 44 3 999685 0 0 0 49 0 0 0 57 0 0 0 0 0 0 0 0 0 0 0 0 0 0 0 0
216 GAT 0 0 0 27 0 0 0 0 0 0 0 0 0 0 0 0 0 0 0 3 0 0 0 0 0 0 0 0 0 0 0 0 2 11 2 999900 0 0 0 8 0 0 0 38 0 0 0 4 0 0 0 5 0 0 0 0 0 0 0 0 0 0 0 0
217 CGA 0 0 0 0 0 0 0 0 39 0 0 0 0 0 0 0 56 0 0 0 0 0 0 0 999519 185 1 142 32 0 0 0 0 0 0 0 0 0 0 0 26 0 0 0 0 0 0 0 0 0 0 0 0 0 0 0 0 0 0 0 0 0 0 0
218 TAT 0 0 0 23 0 0 0 0 0 0 0 0 0 0 0 0 0 0 0 48 0 0 0 0 0 0 0 0 0 0 0 0 0 0 0 8 0 0 0 0 0 0 0 0 0 0 0 0 140 0 0 999757 0 0 0 17 0 0 0 4 0 0 0 3
219 CAA 12 0 0 0 0 0 0 0 0 0 0 0 0 0 0 0 999760 29 37 106 2 0 0 0 3 0 0 0 1 0 0 0 31 0 0 0 0 0 0 0 0 0 0 0 0 0 0 0 19 0 0 0 0 0 0 0 0 0 0 0 0 0 0 0
220 GAT 0 0 0 101 0 0 0 0 0 0 0 0 0 0 0 0 0 0 0 0 0 0 0 0 0 0 0 0 0 0 0 0 0 14 29 999804 0 0 0 1 0 0 0 6 0 0 0 1 0 0 0 44 0 0 0 0 0 0 0 0 0 0 0 0
221 ATA 6 0 0 0 0 0 0 0 7 0 0 0 999882 3 73 5 0 0 0 0 0 0 0 0 0 0 0 0 3 0 0 0 0 0 0 0 0 0 0 0 0 0 0 0 3 0 0 0 0 0 0 0 0 0 0 0 0 0 0 0 18 0 0 0
222 GCA 0 0 0 0 11 0 0 0 0 0 0 0 0 0 0 0 0 0 0 0 22 0 0 0 0 0 0 0 0 0 0 0 41 0 0 0 999802 1 84 7 0 0 0 0 16 0 0 0 0 0 0 0 16 0 0 0 0 0 0 0 0 0 0 0
223 TTG 0 0 0 0 0 0 0 0 0 0 0 0 0 0 0 0 0 0 0 0 0 0 0 0 0 0 0 0 0 0 19 0 0 0 0 0 0 0 0 0 0 0 0 0 0 0 26 0 0 0 62 0 0 0 15 0 0 0 19 0 54 1 999802 2
224 GCA 0 0 0 0 63 0 0 0 0 0 0 0 0 0 0 0 0 0 0 0 19 0 0 0 0 0 0 0 0 0 0 0 3 0 0 0 999703 58 19 87 0 0 0 0 1 0 0 0 0 0 0 0 47 0 0 0 0 0 0 0 0 0 0 0
225 ACT 0 0 0 17 23 0 1 999811 0 0 0 0 0 0 0 23 0 0 0 0 0 0 0 72 0 0 0 0 0 0 0 0 0 0 0 0 0 0 0 24 0 0 0 0 0 0 0 0 0 0 0 0 0 0 0 29 0 0 0 0 0 0 0 0
226 CGC 0 0 0 0 0 0 0 0 0 0 0 0 0 0 0 0 0 1 0 0 0 1 0 0 0 999842 0 2 0 16 0 0 0 0 0 0 0 0 0 0 0 108 0 0 0 0 0 0 0 0 0 0 0 0 0 0 0 30 0 0 0 0 0 0
227 GAT 0 0 0 2 0 0 0 0 0 0 0 0 0 0 0 0 0 0 0 1 0 0 0 0 0 0 0 0 0 0 0 0 12 0 107 999835 0 0 0 10 0 0 0 25 0 0 0 3 0 0 0 5 0 0 0 0 0 0 0 0 0 0 0 0
228 ATC 0 2 0 0 0 14 0 0 0 0 0 0 21 999826 98 5 0 0 0 0 0 0 0 0 0 0 0 0 0 5 0 0 0 0 0 0 0 0 0 0 0 0 0 0 0 29 0 0 0 0 0 0 0 0 0 0 0 0 0 0 0 0 0 0
229 GCC 0 0 0 0 0 11 0 0 0 0 0 0 0 0 0 0 0 0 0 0 0 17 0 0 0 0 0 0 0 0 0 0 0 4 0 0 20 999765 0 49 0 5 0 0 0 116 0 0 0 0 0 0 0 13 0 0 0 0 0 0 0 0 0 0
230 GAA 4 0 0 0 0 0 0 0 0 0 0 0 0 0 0 0 17 0 0 0 0 0 0 0 0 0 0 0 0 0 0 0 999612 10 209 0 56 0 0 0 0 0 0 0 13 0 0 0 79 0 0 0 0 0 0 0 0 0 0 0 0 0 0 0
231 GAG 0 0 1 0 0 0 0 0 0 0 0 0 0 0 0 0 0 0 46 0 0 0 0 0 0 0 0 0 0 0 0 0 4 1 999903 1 0 0 22 0 0 0 21 0 0 0 1 0 0 0 0 0 0 0 0 0 0 0 0 0 0 0 0 0
232 CTT 0 0 0 0 0 0 0 0 0 0 0 0 0 0 0 18 0 0 0 0 0 0 0 4 0 0 0 9 15 9 36 999867 0 0 0 0 0 0 0 0 0 0 0 0 0 0 0 38 0 0 0 0 0 0 0 0 0 0 0 0 0 0 0 4
233 GGT 0 0 0 0 0 0 0 0 0 0 0 0 0 0 0 0 0 0 0 0 0 0 0 0 0 0 0 7 0 0 0 0 0 0 0 2 0 0 0 97 24 8 21 999808 0 0 0 32 0 0 0 0 0 0 0 0 0 0 0 1 0 0 0 0
234 GGT 0 0 0 0 0 0 0 0 0 0 0 16 0 0 0 0 0 0 0 0 0 0 0 0 0 0 0 14 0 0 0 0 0 0 0 1 0 0 0 44 36 79 9 999688 0 0 0 15 0 0 0 0 0 0 0 0 0 0 0 98 0 0 0 0
235 GAA 63 0 0 0 0 0 0 0 0 0 0 0 0 0 0 0 70 0 0 0 0 0 0 0 0 0 0 0 0 0 0 0 999630 15 21 1 70 0 0 0 95 0 0 0 0 0 0 0 35 0 0 0 0 0 0 0 0 0 0 0 0 0 0 0
236 TGG 0 0 0 0 0 0 0 0 0 0 49 0 0 0 0 0 0 0 0 0 0 0 0 0 0 0 4 0 0 0 0 0 0 0 0 0 0 0 0 0 0 0 95 0 0 0 0 0 0 0 4 0 0 0 0 0 50 12 999735 20 0 0 31 0
237 GCA 0 0 0 0 0 0 0 0 0 0 0 0 0 0 0 0 0 0 0 0 0 0 0 0 0 0 0 0 0 0 0 0 20 0 0 0 999506 40 120 42 29 0 0 0 243 0 0 0 0 0 0 0 0 0 0 0 0 0 0 0 0 0 0 0
238 GAC 0 23 0 0 0 0 0 0 0 0 0 0 0 0 0 0 0 47 0 0 0 0 0 0 0 0 0 0 0 0 0 0 13 999807 2 7 0 78 0 0 0 1 0 0 0 4 0 0 0 18 0 0 0 0 0 0 0 0 0 0 0 0 0 0
239 AGA 55 0 0 0 28 0 0 0 999843 4 2 0 12 0 0 0 0 0 0 0 0 0 0 0 32 0 0 0 0 0 0 0 0 0 0 0 0 0 0 0 0 0 0 0 0 0 0 0 0 0 0 0 0 0 0 0 24 0 0 0 0 0 0 0
240 TTT 0 0 0 0 0 0 0 0 0 0 0 0 0 0 0 17 0 0 0 0 0 0 0 0 0 0 0 0 0 0 0 0 0 0 0 0 0 0 0 0 0 0 0 0 0 0 0 4 0 0 0 361 0 0 0 4 0 0 0 5 6 0 40 999563
241 TTA 0 0 0 0 0 0 0 0 0 0 0 0 0 0 0 0 0 0 0 0 0 0 0 0 0 0 0 0 7 0 0 0 0 0 0 0 0 0 0 0 0 0 0 0 16 0 0 0 2 0 0 0 2 0 0 0 1 0 0 0 999876 5 90 1
242 GTT 0 0 0 0 0 0 0 0 0 0 0 0 0 0 0 66 0 0 0 0 0 0 0 0 0 0 0 0 0 0 0 4 0 0 0 0 0 0 0 20 0 0 0 0 20 9 43 999838 0 0 0 0 0 0 0 0 0 0 0 0 0 0 0 0
243 CTG 0 0 0 0 0 0 0 0 0 0 0 0 0 0 0 0 0 0 22 0 0 0 1 0 0 0 0 0 17 57 999816 6 0 0 0 0 0 0 0 0 0 0 0 0 0 0 0 0 0 0 0 0 0 0 0 0 0 0 0 0 0 0 81 0
244 TAT 0 0 0 0 0 0 0 0 0 0 0 0 0 0 0 0 0 0 0 25 0 0 0 0 0 0 0 0 0 0 0 0 0 0 0 0 0 0 0 0 0 0 0 0 0 0 0 0 2 68 0 999799 0 0 0 95 0 0 0 0 0 0 0 11
245 GGT 0 0 0 0 0 0 0 0 0 0 0 84 0 0 0 0 0 0 0 0 0 0 0 0 0 0 0 160 0 0 0 0 0 0 0 16 0 0 0 0 89 3 24 999393 0 0 0 78 0 0 0 0 0 0 0 0 0 0 0 153 0 0 0 0
246 ATC 0 0 0 0 0 21 0 0 0 16 0 0 23 999870 29 0 0 0 0 0 0 0 0 0 0 0 0 0 0 0 0 0 0 0 0 0 0 0 0 0 0 0 0 0 0 0 0 0 0 0 0 0 0 0 0 0 0 0 0 0 0 41 0 0
247 GCG 0 0 0 0 0 0 0 0 0 0 0 0 0 0 0 0 0 0 0 0 0 0 41 0 0 0 0 0 0 0 0 0 0 0 43 0 90 0 999773 8 0 0 19 0 0 0 24 0 0 0 0 0 0 0 2 0 0 0 0 0 0 0 0 0
248 GCA 0 0 0 0 1 0 0 0 0 0 0 0 0 0 0 0 0 0 0 0 131 0 0 0 0 0 0 0 0 0 0 0 7 0 0 0 999741 59 0 3 54 0 0 0 1 0 0 0 0 0 0 0 3 0 0 0 0 0 0 0 0 0 0 0
249 CCA 0 0 0 0 1 0 0 0 0 0 0 0 0 0 0 0 16 0 0 0 999741 6 68 105 25 0 0 0 0 0 0 0 0 0 0 0 14 0 0 0 0 0 0 0 0 0 0 0 0 0 0 0 24 0 0 0 0 0 0 0 0 0 0 0
250 GAC 0 2 0 0 0 0 0 0 0 0 0 0 0 0 0 0 0 13 0 0 0 0 0 0 0 0 0 0 0 0 0 0 6 999760 0 10 0 1 0 0 0 97 0 0 0 1 0 0 0 110 0 0 0 0 0 0 0 0 0 0 0 0 0 0
251 TCT 0 0 0 0 0 0 0 8 0 0 0 0 0 0 0 0 0 0 0 0 0 0 0 34 0 0 0 0 0 0 0 0 0 0 0 0 0 0 0 22 0 0 0 0 0 0 0 0 0 0 0 13 31 66 4 999667 0 0 0 2 0 0 0 153
252 CAG 0 0 0 0 0 0 0 0 0 0 0 0 0 0 0 0 30 24 999807 25 0 0 56 0 0 0 6 0 0 0 35 0 0 0 3 0 0 0 0 0 0 0 0 0 0 0 0 0 0 0 14 0 0 0 0 0 0 0 0 0 0 0 0 0
253 CGT 0 0 0 0 0 0 0 0 0 0 0 87 0 0 0 0 0 0 0 3 0 0 0 2 30 3 54 999457 0 0 0 226 0 0 0 0 0 0 0 0 0 0 0 15 0 0 0 0 0 0 0 0 0 0 0 0 0 0 0 123 0 0 0 0
254 ATC 0 15 0 0 0 127 0 0 0 0 0 0 2 999661 2 12 0 0 0 0 0 0 0 0 0 0 0 0 0 59 0 0 0 0 0 0 0 0 0 0 0 0 0 0 0 35 0 0 0 0 0 0 0 0 0 0 0 0 0 0 0 87 0 0
255 GCC 0 0 0 0 0 1 0 0 0 0 0 0 0 0 0 0 0 0 0 0 0 0 0 0 0 0 0 0 0 0 0 0 0 5 0 0 25 999875 7 20 0 33 0 0 0 20 0 0 0 0 0 0 0 14 0 0 0 0 0 0 0 0 0 0
256 TTT 0 0 0 0 0 0 0 0 0 0 0 0 0 0 0 13 0 0 0 0 0 0 0 0 0 0 0 0 0 0 0 15 0 0 0 0 0 0 0 0 0 0 0 0 0 0 0 0 0 0 0 260 0 0 0 37 0 0 0 4 20 26 40 999585
257 TAT 0 0 0 0 0 0 0 0 0 0 0 0 0 0 0 0 0 0 0 12 0 0 0 0 0 0 0 0 0 0 0 0 0 0 0 1 0 0 0 0 0 0 0 0 0 0 0 0 12 23 2 999898 0 0 0 17 0 0 0 0 0 0 0 35
258 AGA 9 0 0 0 46 0 0 0 999754 2 31 87 30 0 0 0 0 0 0 0 0 0 0 0 4 0 0 0 0 0 0 0 0 0 0 0 0 0 0 0 4 0 0 0 0 0 0 0 0 0 0 0 0 0 0 0 33 0 0 0 0 0 0 0
259 TTA 0 0 0 0 0 0 0 0 0 0 0 0 0 0 0 0 0 0 0 0 0 0 0 0 0 0 0 0 38 0 0 0 0 0 0 0 0 0 0 0 0 0 0 0 16 0 0 0 111 0 0 0 41 0 0 0 14 0 0 0 999667 57 46 10
260 CTA 0 0 0 0 0 0 0 0 0 0 0 0 9 0 0 0 0 0 0 0 9 0 0 0 12 0 0 0 999849 38 0 55 0 0 0 0 0 0 0 0 0 0 0 0 2 0 0 0 0 0 0 0 0 0 0 0 0 0 0 0 26 0 0 0
261 GAC 0 76 0 0 0 0 0 0 0 0 0 0 0 0 0 0 0 0 0 0 0 0 0 0 0 0 0 0 0 0 0 0 5 999867 0 36 0 4 0 0 0 3 0 0 0 6 0 0 0 3 0 0 0 0 0 0 0 0 0 0 0 0 0 0
262 GAG 0 0 16 0 0 0 0 0 0 0 0 0 0 0 0 0 0 0 3 0 0 0 0 0 0 0 0 0 0 0 0 0 4 36 999684 43 0 0 95 0 0 0 110 0 0 0 4 0 0 0 5 0 0 0 0 0 0 0 0 0 0 0 0 0
263 TTC 0 0 0 0 0 0 0 0 0 0 0 0 0 0 0 0 0 0 0 0 0 0 0 0 0 0 0 0 0 46 0 0 0 0 0 0 0 0 0 0 0 0 0 0 0 68 0 0 0 40 0 0 0 1 0 0 0 10 0 0 6 999612 200 17
264 TTC 0 0 0 0 0 0 0 0 0 0 0 0 0 202 0 0 0 0 0 0 0 0 0 0 0 0 0 0 0 1 0 0 0 0 0 0 0 0 0 0 0 0 0 0 0 0 0 0 0 49 0 0 0 4 0 0 0 14 0 0 16 999614 98 2
