# POSITION WT AAA AAC AAG AAT ACA ACC ACG ACT AGA AGC AGG AGT ATA ATC ATG ATT CAA CAC CAG CAT CCA CCC CCG CCT CGA CGC CGG CGT CTA CTC CTG CTT GAA GAC GAG GAT GCA GCC GCG GCT GGA GGC GGG GGT GTA GTC GTG GTT TAA TAC TAG TAT TCA TCC TCG TCT TGA TGC TGG TGT TTA TTC TTG TTT
1 ATG 156 13 23 5 122 8 85 1 57 7 20 8 25 352 497292 47 15 61 4 11 5 43 26 18 27 9 17 35 30 9 16 38 45 80 53 23 105 144 248 5 44 91 42 0 20 28 9 13 0 37 0 93 21 13 19 32 0 99 12 34 50 8 4 43
2 ATT 61 48 61 94 35 23 17 52 3 24 3 4 6 40 21 497545 51 185 146 3 7 14 1 3 4 31 2 29 3 14 6 9 2 13 11 10 10 213 26 15 10 0 15 3 65 148 95 240 0 140 0 52 5 21 9 25 0 7 112 17 1 72 17 101
3 GAG 25 30 109 25 183 45 55 256 10 125 342 8 16 13 1 31 211 262 172 113 13 69 25 0 60 69 128 132 177 33 6 39 44 51 495473 63 9 9 4 2 24 15 20 38 7 1 8 11 0 30 0 68 165 7 47 147 0 21 30 6 190 354 45 328
4 CAA 69 51 252 106 8 7 25 141 8 16 0 19 7 25 4 28 497481 1 18 21 12 82 48 40 3 83 25 51 28 354 80 82 10 5 53 25 10 5 7 0 2 70 90 155 107 6 13 17 0 9 0 14 19 4 2 2 0 42 99 7 0 8 20 24
5 GAC 830 456 2150 1068 116 131 68 23 1 497 269 279 514 25 3 286 145 61 176 4 180 210 502 167 62 26 3 20 261 606 41 297 66 487135 259 103 37 19 37 5 106 278 830 118 83 57 115 68 0 7 0 4 2 84 200 230 0 14 94 32 296 69 81 94
6 GGC 802 1983 2338 78 17 510 46 294 50 820 66 6 394 1063 400 402 12 3 18 26 2144 925 449 512 152 131 16 33 6 55 82 17 943 56 84 15 131 19 89 403 33 480369 48 27 90 94 165 258 0 214 0 72 1064 777 16 103 0 16 461 0 36 213 69 285
7 CTT 49 7 97 9 0 1 10 2 25 3 27 69 2 2 26 3 2 29 12 0 7 9 25 17 36 5 85 6 1 13 57 498541 93 5 89 4 9 18 24 3 27 27 13 54 37 18 38 0 0 2 0 1 16 25 17 58 0 24 9 145 35 6 14 12
8 CAT 0 47 15 80 10 5 6 2 15 18 44 10 3 11 157 2 5 58 12 496856 324 565 236 352 26 7 38 8 71 53 53 1 123 3 141 59 0 0 13 3 18 68 20 41 5 27 3 36 0 11 0 1 12 6 9 12 0 4 5 49 36 3 195 7
9 GCA 37 90 12 69 14 4 12 1 0 19 13 10 79 314 5 111 2 15 11 7 241 29 18 67 7 37 10 10 8 46 22 9 17 9 45 1 498091 11 27 20 26 26 70 101 54 50 5 2 0 9 0 6 7 13 15 12 0 0 0 0 27 9 14 4
10 GGA 6 3 2 1 21 0 4 40 6 3 2 3 3 1 15 0 8 0 2 2 11 4 10 6 7 0 10 4 25 9 5 17 4 3 2 9 3 24 1 1 499361 15 40 7 16 4 62 87 0 2 0 5 0 13 34 3 0 44 3 6 11 5 0 5
11 TCT 6 11 16 12 84 96 97 102 416 3 462 55 283 943 3701 1048 55 1075 874 363 268 257 337 510 1355 1832 2258 1025 2872 380 3382 898 54 219 85 88 5 4 11 17 30 94 10 29 66 391 3 135 0 2865 0 1035 11 16 26 465446 0 743 22 747 1706 499 344 223
12 CCC 5 17 1 8 33 11 7 30 10 2 1 6 15 0 4 1 3 4 5 2 57 499506 5 8 4 12 3 2 8 16 10 8 1 19 5 11 27 34 5 8 1 1 5 1 0 15 14 4 0 1 0 1 11 2 4 5 0 1 7 5 0 6 2 0
13 GCT 41 1 63 6 29 47 64 48 23 93 36 54 2 4 6 18 52 35 13 6 4 13 8 3 43 103 2 11 2 6 18 16 3 256 42 135 64 0 18 498223 26 5 5 12 38 21 8 98 0 18 0 1 17 44 32 21 0 12 7 3 6 0 12 3
14 GCA 121 10 46 21 28 52 40 59 17 10 20 45 0 2 44 10 24 4 0 6 18 102 33 26 45 18 21 37 14 5 3 3 5 5 38 66 498521 79 28 29 19 60 8 11 0 4 13 8 0 2 0 10 41 14 41 48 0 14 4 24 9 9 2 4
15 TGG 3 2 7 3 1 9 13 1 39 13 13 4 3 8 1 3 4 3 12 0 3 0 0 1 11 21 37 89 8 35 20 3 6 1 0 0 0 3 3 9 11 8 9 36 3 5 10 1 0 0 0 0 48 2 12 6 0 5 499381 20 2 3 45 1
16 GTG 591 68 67 35 45 98 54 93 305 6 37 80 5 9 9 3 95 19 125 2 8 4 6 0 421 16 10 404 11 36 11 37 6 0 129 17 49 216 55 67 20 94 159 6 38 15 495942 17 0 36 0 25 22 50 124 70 0 2 8 43 6 9 65 0
17 GAA 0 6 6 0 5 35 4 0 1 46 15 1 2 13 1 2 79 22 51 7 5 8 36 7 35 45 7 9 3 2 8 6 499116 4 23 5 3 10 9 9 28 21 16 0 3 19 5 11 0 0 0 8 164 19 6 5 0 1 32 3 5 1 4 3
18 CGT 36 23 274 1 1 11 0 2 6 35 33 38 0 6 3 3 9 3 20 6 6 52 3 9 61 16 56 498596 9 17 20 34 120 16 23 37 6 5 3 13 36 37 46 45 4 13 2 18 0 10 0 1 16 13 20 3 0 45 18 26 19 10 3 3
19 TTG 3 0 6 2 3 4 2 2 8 1 17 1 3 0 36 2 8 0 2 2 5 9 1 1 12 1 14 4 61 37 29 50 3 2 15 4 0 12 4 8 3 0 1 3 0 6 6 4 0 2 0 1 2 1 1 1 0 1 0 0 50 3 499538 3
20 TTC 3 1 29 1 73 17 45 274 317 12 458 4 111 79 83 16 9 56 14 74 2 17 149 12 86 391 16 383 25 13 117 56 70 28 238 43 10 73 126 73 6 6 4 13 46 72 23 7 0 28 0 4 3 11 14 32 0 57 5 61 27 495922 20 35
21 GGA 15 13 3 19 5 1 8 6 16 15 7 28 0 4 6 2 5 4 0 0 1 6 0 3 6 2 5 1 4 12 3 0 4 19 11 12 3 11 11 1 499425 5 64 13 1 15 28 7 0 9 0 2 2 17 71 26 0 16 3 1 20 1 1 1
22 TAT 1 5 1 12 2 9 1 3 4 13 0 8 1 3 0 4 8 7 10 9 12 2 1 2 7 5 4 5 1 25 0 6 4 12 12 12 4 7 9 10 6 1 0 10 0 5 3 5 0 8 0 499621 2 23 8 1 0 9 3 0 13 7 19 15
23 GAT 7 8 2 42 15 34 18 58 23 9 16 26 8 29 7 23 6 15 17 21 2 6 1 4 33 34 16 2 15 0 6 1 26 2 5 499278 3 3 3 3 6 12 4 22 6 0 2 6 0 21 0 4 12 5 24 9 0 11 7 0 3 3 16 0
24 TGG 1 8 0 10 5 1 7 6 8 10 6 6 5 7 1 0 8 1 0 1 0 5 1 2 52 3 23 33 7 11 10 35 3 1 1 11 2 1 2 5 20 9 8 8 2 10 0 1 0 1 0 2 9 2 7 0 0 8 499433 87 29 2 56 7
25 GCA 10 2 37 1 16 22 1 15 6 68 0 5 4 0 5 27 19 2 24 1 0 4 2 4 12 3 8 5 6 2 3 9 0 41 73 14 499172 6 10 7 8 9 8 20 48 14 105 53 0 12 0 1 33 5 3 5 0 7 0 19 1 2 1 0
26 CAA 5 9 12 9 6 9 10 2 12 2 37 6 1 18 2 8 499034 42 35 48 2 9 29 8 130 61 0 39 56 25 6 60 27 5 5 4 2 1 4 1 3 15 4 0 5 10 1 0 0 6 0 5 6 0 15 20 0 6 8 2 58 19 27 9
27 CAA 8 1 18 25 38 8 10 3 10 8 15 1 6 142 18 864 498327 2 9 1 13 17 6 15 20 1 4 9 7 2 1 5 11 11 0 10 6 7 10 12 5 14 1 1 71 55 98 4 0 0 0 10 1 8 5 5 0 8 6 18 2 2 3 2
28 ACA 6 30 0 15 499037 71 32 2 2 12 20 8 8 12 5 3 1 79 6 3 3 8 3 10 19 7 18 12 0 26 3 9 6 5 6 6 29 99 69 65 3 3 0 0 1 1 2 5 0 96 0 0 21 23 43 19 0 6 0 4 2 6 8 2
29 ATC 0 7 4 10 17 3 2 2 3 5 1 6 26 499518 44 14 21 0 12 0 3 16 4 3 0 1 1 3 5 19 29 8 0 2 10 0 3 0 3 2 4 9 2 8 17 6 0 3 0 12 0 22 1 1 0 51 0 3 7 0 23 3 14 7
30 GGC 8 0 5 0 6 2 2 3 25 17 11 40 1 3 1 8 0 5 0 9 6 6 1 1 24 8 0 4 5 6 3 4 2 0 6 10 7 4 6 4 20 499517 20 19 8 32 13 12 0 2 0 7 17 16 17 7 0 0 1 11 1 3 1 23
31 TGC 3548 11 291 5 5 4 1 7 38 43 259 7 8 10 0 8 347 9 560 14 13 2 3 3 122 85 2 103 55 46 108 48 21 2 2 1 4 8 2 14 9 2 15 10 16 11 6 18 0 6 0 3 8 4 6 11 0 493915 17 3 67 14 26 14
32 AGT 6 18 0 0 13 17 4 19 18 20 22 499449 13 2 0 38 1 0 6 0 0 21 0 4 10 11 23 1 4 12 12 12 5 1 2 0 1 0 7 2 2 13 3 0 10 7 6 1 0 2 0 3 20 84 3 47 0 2 6 4 4 0 5 4
33 GAC 25 37 144 14 475 652 773 287 95 203 151 664 33 14 1 9 20 0 10 15 41 212 62 92 94 91 25 16 36 48 54 5 2 493446 22 34 15 22 51 4 176 203 78 16 4 6 6 21 0 7 0 28 396 231 311 395 0 13 6 16 54 10 24 5
34 GCC 2 5 4 0 0 0 5 1 12 11 4 15 4 3 6 12 38 13 11 7 6 10 2 3 51 0 0 12 1 4 0 1 23 3 3 6 0 499507 35 13 0 11 7 6 12 0 7 3 0 0 0 4 0 27 56 0 0 15 4 1 0 4 5 5
35 GCC 1 102 2 33 287 90 173 112 0 109 10 30 6 13 13 147 0 125 4 3 19 7 1 0 12 10 4 17 7 8 18 13 55 6 20 8 29 497684 30 106 35 5 7 2 39 10 38 33 0 0 0 9 129 2 258 7 0 3 4 4 1 62 2 36
36 GTA 17 3 3 2 2 4 0 5 8 5 21 1 9 1 14 5 4 2 2 15 9 0 2 2 1 1 1 14 4 29 11 1 0 4 0 0 8 3 7 10 2 1 44 11 499619 34 9 8 0 0 0 0 3 3 2 3 0 0 10 2 7 1 5 6
37 TTT 10 2 2 15 4 2 3 5 3 10 3 7 4 0 5 3 2 1 0 0 2 0 6 4 10 0 2 1 1 2 3 3 4 2 5 1 0 1 1 3 3 0 3 2 2 1 2 10 0 18 0 5 23 10 34 4 0 3 2 0 4 11 12 499719
38 CGC 8 2 5 2 0 7 1 0 5 24 43 1 1 3 2 0 5 11 1 7 4 6 1 1 68 499471 9 3 25 8 41 38 3 0 2 4 2 1 1 5 7 12 5 8 1 2 9 3 0 0 0 1 18 28 2 29 0 24 9 2 7 0 8 4
39 CTT 8 0 3 2 0 3 0 1 1 7 7 2 3 6 3 10 1 7 0 0 5 3 4 6 1 3 18 5 20 7 10 499578 4 6 0 1 0 1 3 1 43 53 59 8 4 2 0 1 0 4 0 0 1 0 6 3 0 6 1 1 24 16 24 4
40 AGT 8 4 3 9 3 31 22 36 2 31 7 499255 11 21 1 0 3 8 23 21 0 6 5 1 22 19 10 50 9 4 3 3 14 0 1 8 4 1 0 7 3 25 16 6 4 8 2 28 0 3 0 3 21 22 9 33 0 0 132 2 0 9 0 8
41 GCT 0 26 0 4 21 2 1 4 0 5 3 16 10 1 2 2 18 1 86 5 7 7 13 3 0 2 3 6 2 5 0 2 51 2 8 1 110 24 23 499162 3 0 0 5 5 24 5 9 0 2 0 3 8 27 19 12 0 217 0 18 0 3 0 2
42 CAG 2 2 5 2 36 60 191 2 6 110 12 4 3 3 3 1 24 0 498330 12 63 126 111 11 52 19 103 18 13 3 19 42 2 9 105 32 5 23 10 3 6 3 0 10 13 5 15 3 0 0 0 0 30 127 39 68 0 4 9 0 33 16 36 6
43 GGA 1 221 2 19 6 16 41 17 29 957 16 133 0 1 0 6 4 47 5 30 5 2 6 2 58 8 32 3 3 5 4 1 2 4 4 1 2 1 10 27 496689 6 9 23 15 1 9 21 0 3 0 0 181 561 123 546 0 1 12 10 7 22 21 9
44 AGG 70 1 9 1 1 4 0 3 13 1 499429 2 2 2 1 2 16 0 1 0 10 12 7 1 2 51 70 15 21 0 15 12 0 2 3 9 7 11 3 1 38 26 47 21 1 6 3 2 0 0 0 6 0 3 0 2 0 7 0 0 2 3 15 8
45 CCG 39 58 27 13 7 4 17 2 31 8 54 3 9 0 9 1 30 9 48 11 34 1 499156 45 44 17 51 54 12 2 4 13 9 2 31 0 3 7 15 6 5 5 5 9 1 4 1 4 0 38 0 6 8 1 2 6 0 3 0 5 2 0 7 2
46 GTG 0 58 0 5 79 209 69 82 2 82 9 64 3 1 9 12 3 5 2 3 22 79 17 23 1 10 21 1 7 11 14 2 9 36 3 22 276 375 263 87 78 7 97 17 0 13 497458 37 0 9 0 1 20 38 2 21 0 90 11 57 52 1 13 2
47 TTG 35 1 45 1 4 0 0 6 2 4 2 0 3 3 21 0 8 19 22 115 11 21 8 1 49 14 48 13 6 21 25 66 1 8 3 1 1 0 2 2 4 22 2 2 1 4 0 21 0 11 0 22 1 2 0 0 0 5 1 9 14 32 499203 52
48 TTC 0 0 0 7 6 4 1 5 1 19 4 4 0 20 6 2 8 0 3 2 20 0 2 2 0 3 3 2 3 39 11 3 0 0 4 1 0 3 3 3 7 1 5 4 29 8 0 4 0 12 0 4 25 0 0 5 0 1 2 1 5 499685 0 8
49 GTT 1 0 2 2 5 0 2 3 0 1 0 1 0 1 3 7 0 3 4 1 0 6 1 4 1 0 8 4 34 2 25 11 28 3 3 3 6 4 8 3 2 8 10 3 20 128 45 499520 0 8 0 12 1 0 2 0 0 10 4 1 9 0 26 1
50 AAG 39 8 499600 14 13 4 3 1 4 14 5 4 1 6 6 3 8 2 5 11 5 1 4 0 2 31 2 29 3 2 8 3 2 6 5 2 8 0 3 10 1 8 0 3 10 1 15 2 0 17 0 3 5 2 26 0 0 4 6 3 2 13 0 2
51 ACC 4 5 2 15 36 499467 16 49 14 12 3 1 8 3 4 8 6 2 19 2 16 1 8 11 4 16 13 4 18 7 29 7 1 7 1 19 10 0 25 18 0 7 0 8 5 4 3 0 0 0 0 4 19 3 6 20 0 0 7 3 5 3 2 10
52 GAT 0 7 0 15 13 42 411 428 3 730 0 30 80 197 36 216 83 11 61 0 6 8 2 1 3 14 0 1 1 7 36 9 16 8 26 492914 564 689 1090 252 62 9 14 21 42 120 35 10 0 8 0 15 193 28 192 513 0 114 2 597 5 1 8 1
53 TTG 199 22 375 64 59 26 106 33 73 58 101 17 21 7 38 5 18 82 2 14 11 9 34 30 380 11 31 74 10 15 29 7 44 20 54 32 101 116 36 184 0 13 4 15 273 236 42 153 0 156 0 143 25 104 187 68 0 3 98 15 4 119 495757 37
54 TCT 0 6 1 32 2 6 2 2 36 11 28 40 0 11 13 3 7 77 1 10 13 5 5 9 85 29 1 6 4 2 4 6 34 10 12 4 8 0 0 14 3 5 4 14 9 3 17 1 0 1 0 2 117 42 4 499202 0 5 0 10 14 1 2 5
55 GGG 0 8 6 1 1 10 2 26 40 7 15 11 2 10 2 6 28 12 7 183 0 1 3 1 8 30 17 4 5 27 52 1 4 11 1 2 1 8 6 34 24 49 499068 16 74 12 1 18 0 1 0 9 1 1 9 3 0 4 10 14 62 23 2 6
56 GCG 3 3 4 3 16 8 6 24 3 6 7 2 14 3 7 11 4 11 17 116 15 4 5 21 13 1 1 2 2 1 3 2 19 86 5 78 26 13 499272 23 0 5 16 1 2 0 4 3 0 1 0 2 4 5 70 6 0 3 1 2 3 11 0 1
57 CTA 0 9 6 3 0 5 0 1 62 11 19 0 5 2 2 0 1 29 3 13 20 12 4 3 61 12 10 69 499373 20 44 20 5 5 0 9 3 9 4 0 2 2 2 3 5 5 4 0 0 4 0 1 3 0 1 3 0 1 0 3 58 23 23 3
58 AAC 74 499312 4 58 1 11 15 7 3 1 24 0 1 0 4 4 2 16 16 15 13 7 0 8 10 12 36 34 4 15 3 0 19 4 15 11 2 17 47 17 2 7 17 16 1 31 11 0 0 1 0 5 3 11 8 5 0 2 6 0 0 3 24 5
59 GAG 9 12 3 5 6 4 6 0 5 19 4 9 2 0 6 7 3 5 14 2 2 0 11 2 3 6 2 1 4 16 9 1 44 0 499668 51 5 2 6 3 0 0 2 1 1 0 3 1 0 1 0 7 2 0 3 11 0 2 3 0 1 0 4 1
60 CTG 0 2 1 5 3 0 5 3 1 14 15 9 14 19 26 5 2 15 5 2 22 9 17 1 2 22 15 3 23 2 499408 51 3 48 4 25 11 1 13 36 2 9 1 0 3 12 0 19 0 4 0 2 22 8 10 3 0 0 7 14 2 3 11 6
61 CAA 69 6 7 7 3 36 4 3 29 15 41 4 3 4 9 4 498958 93 30 16 0 2 21 1 6 6 15 17 3 5 2 15 64 142 20 56 9 40 1 12 13 2 2 20 23 9 10 2 0 18 0 52 12 0 0 7 0 4 3 4 4 15 10 12
62 GAT 4 12 0 13 48 3 15 9 2 1 3 12 0 2 1 5 0 3 2 3 3 9 2 9 2 1 3 1 0 2 28 0 16 1 244 499373 0 6 1 2 10 1 10 0 15 9 7 11 0 0 0 8 7 3 0 6 0 9 2 23 11 3 19 5
63 GAG 15 8 6 2 7 0 1 1 13 17 10 10 3 3 3 7 5 7 10 11 2 12 6 1 30 21 18 6 5 10 71 3 4 12 499389 41 5 9 21 9 14 0 47 14 4 6 2 8 0 0 0 2 0 11 6 4 0 3 6 4 32 1 20 2
64 GCG 1 1 25 4 0 5 11 4 9 1 8 13 5 0 3 0 1 3 1 0 11 9 1 2 5 3 7 1 0 2 4 0 16 2 12 10 8 1 499545 22 2 16 0 0 8 0 13 7 0 0 0 0 13 118 6 35 0 15 3 4 2 1 0 1
65 GCC 3 6 1 5 4 2 1 3 9 0 2 14 0 0 4 0 3 1 3 2 12 2 14 7 5 1 2 8 6 1 3 2 2 4 33 1 4 499158 34 2 1 1 3 0 149 120 73 132 0 3 0 2 37 0 42 6 0 38 8 9 5 1 0 6
66 CGA 7 0 5 8 2 5 8 1 10 31 1 28 3 2 0 3 8 7 5 27 10 4 16 0 499556 21 19 26 7 3 8 0 7 3 4 2 4 0 1 0 5 0 5 16 4 14 5 0 0 3 0 3 35 6 3 8 0 8 1 7 6 1 18 0
67 CTT 5 6 1 11 2 2 10 1 19 4 5 30 0 11 6 4 2 18 1 35 56 54 16 0 7 4 1 3 19 6 1 499515 1 4 2 0 4 2 3 2 5 8 0 6 6 1 0 15 0 0 0 7 8 11 10 23 0 1 0 5 11 3 4 3
68 TCG 76 3 22 22 23 8 40 1 142 2 127 8 1 37 23 16 117 0 23 7 8 2 1 1 87 267 9 219 15 3 13 7 7 4 10 6 21 11 26 37 2 17 15 23 1 0 13 10 0 27 0 3 78 1 498277 50 0 9 2 4 1 7 3 5
69 TGG 1 0 1 1 8 1 19 1 6 3 3 9 8 4 1 1 5 2 9 4 0 1 2 1 2 6 4 1 12 2 16 3 13 3 3 21 2 6 5 5 24 32 2 46 4 12 5 3 0 15 0 22 1 1 18 1 0 5 499546 4 46 3 14 1
70 CTG 4 1 1 4 1 1 1 0 11 3 18 17 0 4 30 2 0 9 0 1 9 7 33 3 19 6 1 4 8 3 499545 54 7 9 4 4 2 0 7 3 2 2 0 6 8 1 34 4 0 4 0 0 3 2 0 4 0 12 10 7 0 5 51 9
71 GCC 20 5 1 11 0 10 7 2 14 36 28 47 1 4 1 0 3 0 28 1 18 21 3 27 9 11 12 0 1 7 4 1 9 5 9 1 15 499261 32 77 15 51 13 8 16 0 1 9 0 4 0 0 8 80 13 10 0 20 1 1 2 2 2 2
72 ACA 5 0 8 22 499475 34 62 65 4 50 3 18 2 0 1 3 4 23 7 0 11 5 5 2 0 0 3 17 4 0 0 6 4 5 6 11 4 4 12 0 4 6 8 2 2 0 2 4 0 3 0 1 13 23 0 8 0 23 0 2 0 0 0 14
73 ACA 1 5 3 4 499622 1 132 29 2 0 1 0 3 16 1 1 10 0 8 2 5 4 4 0 1 0 1 2 0 0 1 1 8 2 6 1 10 6 3 7 1 2 0 3 7 5 1 0 0 7 0 17 9 21 0 3 0 2 10 0 4 2 3 0
74 GGG 1 0 1 0 5 2 3 5 0 2 1 5 1 0 8 3 1 0 1 1 4 8 0 0 0 1 0 1 4 0 1 2 2 2 2 2 13 6 1 5 39 51 499633 130 2 6 3 5 0 1 0 2 2 2 0 3 0 3 2 6 2 6 8 0
75 GTT 0 2 0 2 19 4 3 1 2 0 1 1 0 8 13 13 12 0 24 2 1 2 0 0 2 2 0 4 8 5 23 13 0 1 2 4 4 7 6 12 6 0 0 1 45 27 17 499635 0 0 0 0 6 0 3 4 0 9 0 12 24 0 8 0
76 CCG 0 1 0 3 27 8 6 8 19 7 16 21 0 6 0 1 17 14 49 12 6 1 499345 43 43 5 14 16 39 10 32 7 1 2 3 0 2 3 0 0 0 3 10 7 4 0 0 3 0 0 0 3 5 6 56 70 0 0 5 5 17 3 14 2
77 TGC 1 0 1 0 9 9 0 3 8 8 15 3 5 1 0 10 0 0 0 2 4 9 1 1 0 0 2 1 1 2 8 12 1 4 15 5 0 1 3 5 4 31 15 0 17 12 31 6 0 0 0 0 9 8 23 8 0 499572 0 84 8 2 18 2
78 GCA 0 4 3 4 4 11 39 1 6 0 1 9 0 3 0 1 4 4 4 2 2 0 7 0 35 16 28 6 2 3 4 0 6 1 2 3 499593 6 23 42 4 3 0 7 14 1 4 0 0 0 0 0 2 27 14 3 0 2 0 1 19 7 10 3
79 GCG 21 22 206 82 20 14 34 0 38 37 52 16 183 100 0 148 60 49 24 14 8 1 25 26 102 51 39 45 3 2 2 3 18 0 20 10 15 5 498180 30 75 36 12 22 7 7 3 15 0 1 0 2 5 8 25 55 0 4 1 1 1 5 8 2
80 GTT 6 3 1 3 8 2 1 1 42 6 12 4 8 3 4 14 1 3 1 7 2 2 2 2 12 17 18 6 2 10 8 9 2 1 0 2 8 2 3 12 6 4 6 4 83 35 7 499518 0 1 0 0 1 4 0 8 0 11 2 10 11 2 36 1
81 TTA 12 3 16 16 18 7 0 27 0 1 1 7 37 11 13 27 4 15 16 4 9 15 8 9 16 11 11 15 43 52 6 14 90 2 8 2 14 4 9 12 16 1 8 15 2 2 4 6 0 19 0 8 1 2 10 3 0 4 9 0 499233 2 66 4
82 GAT 4 9 1 10 13 3 2 4 4 4 6 1 5 2 0 2 1 4 5 3 4 5 1 0 1 6 2 5 1 2 2 1 2 9 0 499720 4 0 5 0 5 3 9 4 6 1 1 0 0 29 0 58 9 0 6 2 0 4 4 3 0 0 1 2
83 GTT 11 1 3 2 4 4 9 6 32 39 53 37 9 12 26 18 5 3 6 10 3 0 0 5 18 13 12 69 11 21 62 3 3 6 5 4 4 4 79 2 27 24 12 7 23 8 27 497238 0 9 0 2 15 26 13 6 0 15 0 3 32 448 24 1427
84 GTA 2 7 1 3 18 2 23 1 6 17 1 14 11 12 1 4 49 8 22 0 5 0 2 3 4 0 1 4 8 6 4 2 6 2 0 4 47 14 1 16 3 1 2 2 499489 14 8 61 0 4 0 6 20 5 9 5 0 15 1 12 4 1 4 3
85 ACG 0 5 2 17 18 50 499528 3 10 0 1 18 11 6 6 38 2 1 0 5 1 5 4 4 4 1 7 6 15 3 5 3 4 7 4 1 4 13 17 19 0 5 0 1 13 6 13 2 0 3 0 1 9 16 10 11 0 12 3 26 4 12 3 2
86 GAG 2 7 0 19 3 5 5 2 0 4 3 1 6 3 13 0 0 3 1 0 3 0 16 1 6 4 2 1 7 5 13 0 26 11 499590 1 7 1 20 15 1 10 20 48 1 20 7 2 0 2 0 3 3 8 1 8 0 5 2 6 0 12 30 5
87 GCG 10 5 42 9 15 0 0 6 4 37 2 9 3 17 81 13 1 22 7 1 24 42 1 5 10 2 21 7 26 1 14 4 14 2 0 2 9 13 499273 93 0 2 8 6 2 6 19 10 0 4 0 1 5 11 25 21 0 3 6 4 7 5 7 1
88 GGC 2 12 5 18 3 7 5 1 9 4 0 16 1 3 6 1 0 0 2 3 0 2 0 5 5 14 1 4 3 6 1 3 7 20 2 8 5 1 5 9 14 499620 2 42 6 0 3 13 0 8 0 3 15 13 28 10 0 2 0 11 5 0 5 1
89 AGG 7 0 15 12 2 9 3 5 6 8 499387 2 0 3 0 0 1 28 9 36 5 3 6 1 20 88 105 8 1 2 3 1 7 0 12 3 4 0 2 2 22 14 6 6 0 1 15 5 0 7 0 3 3 51 4 23 0 17 1 6 7 3 0 0
90 GAT 5 17 0 1 4 21 10 5 16 8 8 17 2 0 2 5 9 4 1 2 1 6 2 0 0 8 11 1 0 1 3 3 0 70 9 499564 7 31 9 1 4 9 30 12 0 6 9 0 0 10 0 6 6 5 6 0 0 6 12 5 3 0 5 2
91 TGG 5 6 9 0 5 0 5 1 4 26 7 20 0 3 2 8 38 4 2 2 0 7 0 3 9 6 18 9 1 6 22 13 4 4 0 2 7 9 2 8 32 16 18 9 2 2 4 1 0 19 0 1 9 0 6 1 0 14 499522 41 7 4 12 3
92 CTA 6 2 1 7 2 0 1 0 7 1 1 2 6 3 1 5 13 3 4 0 20 6 4 14 2 4 4 0 499608 59 3 24 2 2 2 0 10 9 4 9 4 1 2 3 1 7 0 4 0 2 0 7 2 6 3 0 0 12 1 16 66 2 9 1
93 TTA 2 11 0 4 8 8 3 4 1 4 18 4 3 2 19 9 1 0 6 1 6 30 16 10 22 6 7 8 11 76 34 36 6 0 2 2 2 2 0 3 3 22 3 0 8 2 11 22 0 2 0 0 11 8 0 4 0 3 5 9 499467 21 7 5
94 TTA 3 0 0 1 28 14 27 45 6 3 18 9 2 2 11 6 6 0 4 3 12 6 4 13 13 3 5 2 50 19 40 6 2 0 2 2 3 1 1 2 0 0 0 0 5 6 2 3 0 4 0 3 0 0 1 1 0 2 6 0 499586 2 3 2
95 GGT 4 1 9 4 3 2 1 11 15 3 53 4 4 14 3 0 2 0 2 5 2 3 0 4 19 8 14 9 2 6 4 11 0 10 7 4 2 1 1 0 69 17 11 499495 10 21 26 9 0 3 0 3 4 20 5 7 0 3 5 18 21 3 0 3
96 GAG 29 0 30 1 5 5 2 1 6 2 2 1 2 4 1 4 8 1 20 2 2 1 3 0 5 1 3 3 1 9 0 10 46 1 499586 0 35 3 10 7 20 2 48 2 14 11 1 7 0 2 0 1 5 0 1 2 0 11 1 0 3 8 6 3
97 GTT 5 1 1 2 7 0 7 14 33 1 7 4 3 0 0 1 2 0 0 4 13 6 12 0 3 53 9 15 18 13 1 25 2 11 2 9 2 0 2 8 11 20 1 9 29 7 12 499565 0 2 0 2 0 3 0 0 0 2 4 11 18 0 3 5
98 CCG 1 1 0 3 9 19 2 4 2 3 18 16 0 3 7 3 18 0 16 2 17 5 499557 11 19 6 28 55 4 2 6 20 5 2 0 2 9 2 1 1 5 9 8 6 9 5 3 3 0 4 0 0 2 3 4 0 0 1 6 16 16 0 21 0
99 GGG 1 4 1 2 3 1 0 3 20 0 1 12 2 9 3 3 10 2 2 1 3 1 0 0 2 16 22 18 2 1 1 4 0 4 0 9 5 8 25 3 49 46 499527 41 1 11 8 11 0 0 0 6 4 28 4 18 0 18 0 10 0 2 4 8
100 CAA 40 1 4 2 9 10 15 7 10 1 1 7 3 2 9 1 499588 10 6 4 18 9 12 27 3 14 4 13 0 10 11 9 20 3 25 1 2 0 5 1 0 3 0 0 5 1 1 0 0 0 0 5 0 6 0 3 0 5 0 4 42 4 3 1
101 GAC 0 3 1 7 0 4 5 5 2 24 0 9 1 0 10 0 3 18 7 8 0 3 1 1 2 5 2 7 4 2 1 6 3 499558 0 67 8 0 25 52 14 2 0 10 8 19 33 3 0 6 0 7 18 2 2 1 0 9 0 0 7 0 1 4
102 TTG 11 12 5 1 11 2 0 0 3 2 50 1 6 1 18 5 16 1 0 2 1 1 35 13 35 13 14 16 11 12 29 63 4 11 0 8 20 3 18 22 2 5 1 3 10 4 2 1 0 2 0 7 2 7 1 2 0 4 5 1 137 12 499316 0
103 CTT 0 1 2 1 3 1 3 1 2 4 2 0 3 4 7 1 0 8 0 4 4 10 24 5 10 0 0 10 1 76 31 499665 1 8 0 7 2 1 4 1 0 0 0 0 4 3 2 9 0 4 0 0 19 13 3 11 0 5 2 1 10 2 5 0
104 AGT 1 12 3 4 48 64 2 22 13 36 15 499389 4 1 13 33 6 2 8 1 1 19 3 7 42 0 5 7 5 1 1 8 0 2 1 5 4 2 4 7 29 22 11 15 6 0 4 19 0 8 0 1 1 15 28 7 0 4 0 2 9 5 9 4
105 TCC 0 11 6 0 1 0 1 0 14 34 9 3 5 1 5 4 0 6 4 2 1 5 2 1 21 10 8 15 0 4 10 7 1 10 2 10 0 2 6 8 68 1 16 7 7 7 4 1 0 2 0 2 28 499470 68 19 0 1 8 1 6 6 44 5
106 CAC 1 0 0 15 3 6 2 8 11 20 4 43 1 5 16 3 42 499043 80 12 19 32 116 40 36 6 15 6 6 0 4 1 14 24 91 45 2 2 5 33 15 11 29 1 3 1 2 4 0 2 0 9 7 8 5 24 0 19 10 7 12 0 1 18
107 CTG 4 5 2 0 10 1 1 0 6 0 1 8 8 1 6 2 4 0 5 1 1 3 36 3 3 3 3 3 38 12 499504 64 4 7 3 1 1 3 0 0 4 1 1 3 3 13 15 3 0 0 0 0 0 5 1 4 0 5 0 0 161 7 17 0
108 GCC 12 1 0 0 6 5 3 5 0 31 4 6 5 1 4 6 2 0 1 0 238 45 16 36 8 0 1 1 0 5 2 1 20 0 12 4 29 499165 7 31 37 24 7 17 10 8 5 29 0 3 0 0 10 19 2 86 0 3 12 2 2 3 6 2
109 CCG 0 3 5 1 3 23 1 1 3 3 2 13 0 0 2 8 27 1 7 0 1 42 499562 48 3 11 0 3 40 1 7 13 0 0 6 5 12 1 3 6 2 6 0 4 61 8 3 0 0 1 0 6 5 2 11 0 0 3 0 3 1 4 4 9
110 GCG 23 0 2 3 7 1 1 1 3 19 9 8 1 1 0 5 7 4 4 4 2 6 9 27 2 3 0 0 5 15 0 21 9 0 6 15 6 3 499556 34 1 6 0 0 3 16 0 2 0 0 0 6 7 11 39 25 0 8 1 33 4 7 5 4
111 GAG 2 1 0 0 10 8 0 17 2 0 0 6 2 14 4 5 3 2 5 7 5 2 2 0 3 4 3 4 3 12 15 18 33 5 499636 13 2 2 0 2 19 7 7 28 5 3 9 1 0 2 0 0 3 3 2 3 0 2 2 16 24 0 11 1
112 AAA 499792 0 11 6 2 4 4 7 3 8 0 3 1 11 0 14 0 0 5 2 1 4 0 1 2 0 19 0 7 1 6 5 3 1 22 3 0 1 2 1 3 4 3 0 0 1 2 3 0 5 0 4 0 3 0 2 0 4 0 5 3 1 2 3
113 GTA 5 0 4 1 28 40 43 21 8 3 4 0 0 1 7 0 5 2 3 2 0 1 0 6 9 13 5 3 10 0 12 18 1 4 1 1 5 1 4 5 9 1 11 9 499499 45 42 37 0 2 0 11 2 9 9 3 0 11 0 4 7 6 1 6
114 AGT 6 26 2 7 6 6 1 3 6 7 29 498062 3 6 7 8 10 2 3 2 14 15 6 5 22 0 10 0 2 14 4 21 8 6 8 1 225 345 35 209 7 31 8 12 9 4 4 43 0 5 0 7 23 16 47 4 0 511 0 70 20 2 24 1
115 ATA 32 0 8 4 0 7 7 5 0 0 6 20 499690 35 0 4 5 0 0 3 2 3 3 8 3 11 1 12 6 2 0 3 7 5 1 10 5 2 2 2 4 6 1 1 4 3 1 9 0 1 0 1 9 6 4 14 0 3 0 3 11 4 1 0
116 ATG 0 0 0 8 3 1 1 2 7 0 5 6 3 14 499735 0 11 0 5 5 5 8 1 1 32 7 17 25 1 0 3 0 1 4 1 0 2 3 4 2 1 0 0 1 12 11 8 11 0 1 0 3 0 1 3 10 0 5 1 1 0 5 1 2
117 GCT 4 3 3 0 3 6 5 8 18 6 29 36 5 7 2 2 9 2 15 0 1 5 2 3 1 20 5 16 4 0 3 3 6 0 4 2 13 1 58 499607 2 1 1 3 2 1 10 11 0 3 0 8 0 2 22 6 0 3 2 0 2 4 0 0
118 GAT 0 0 4 1 0 8 3 1 4 6 8 2 15 4 2 5 10 8 5 3 0 4 3 2 2 1 2 2 5 1 1 1 1 84 17 499610 1 19 11 2 6 4 4 2 20 1 25 13 0 9 0 7 11 3 5 2 0 17 2 2 3 2 0 4
119 GCT 2 7 1 0 0 1 15 2 2 3 5 10 0 0 1 4 2 0 0 3 3 12 6 0 0 2 1 3 0 2 2 1 11 3 15 2 19 28 55 499700 2 7 2 1 3 7 0 2 0 1 0 0 1 7 19 4 0 1 4 5 0 0 3 8
120 ATG 1 5 1 2 57 1 9 45 1 5 0 13 20 7 499328 4 1 2 26 1 0 4 5 12 17 6 6 8 12 58 70 1 7 4 14 11 0 0 2 0 11 42 3 8 7 7 7 11 0 0 0 12 0 1 3 1 0 5 12 1 75 5 16 7
121 AGG 2 2 5 0 1 13 7 57 94 49 499315 10 14 0 0 27 3 1 15 5 14 18 1 13 23 18 0 4 27 22 3 6 5 4 2 0 3 9 6 10 30 8 2 1 1 6 4 2 0 7 0 27 16 5 10 20 0 0 2 0 27 8 12 4
122 CGT 0 3 6 2 12 10 27 0 51 2 20 96 5 1 7 0 1 5 5 10 0 3 1 10 39 81 3 497560 33 238 130 258 13 0 5 14 9 39 9 6 20 28 2 9 8 7 22 14 0 2 0 5 31 40 7 39 0 0 57 4 566 1 422 2
123 TTA 0 0 3 0 6 1 4 8 34 0 1 8 1 4 10 12 0 6 6 4 3 5 4 1 11 18 7 43 1 23 28 20 3 18 7 2 0 10 1 4 7 25 4 3 42 26 8 8 0 5 0 4 0 9 0 16 0 13 7 6 499428 4 64 4
124 CAC 19 9 0 9 6 7 32 16 22 2 19 2 4 13 2 1 34 499436 5 46 9 9 24 30 25 17 2 0 8 0 5 6 0 25 13 13 2 2 9 0 1 4 8 2 1 3 5 2 0 3 0 5 9 5 20 6 0 2 2 4 1 14 16 4
125 ACA 1 12 0 61 499272 4 35 6 15 48 2 31 0 14 1 2 0 0 1 2 3 8 26 9 2 23 28 36 0 8 0 1 1 0 1 17 18 57 1 35 12 15 9 1 2 4 2 4 0 5 0 10 36 23 11 41 0 8 13 4 9 1 7 2
126 CTA 2 1 0 7 0 7 6 0 8 1 1 0 0 0 17 0 9 2 4 2 73 13 0 2 11 9 7 3 499609 10 20 32 0 1 0 8 1 0 5 4 2 3 1 2 6 20 18 21 0 3 0 0 0 1 1 4 0 12 0 5 0 1 20 5
127 GAT 2 7 8 0 8 1 2 1 0 21 0 28 0 9 1 3 9 0 15 0 1 20 1 1 6 9 9 0 0 2 3 6 10 72 10 499345 0 4 1 6 7 7 2 9 1 0 5 4 0 9 0 36 101 39 67 70 0 6 2 1 3 0 1 9
128 CCA 2 2 0 3 5 4 17 7 8 8 11 1 7 5 4 6 3 0 12 0 499669 30 14 26 11 1 8 6 3 2 4 10 2 0 2 16 5 4 1 3 7 3 3 1 0 0 7 1 0 0 0 9 2 7 1 7 0 0 3 5 2 1 10 9
129 GCA 2 6 2 1 0 3 8 3 16 4 23 8 5 3 4 2 6 2 0 4 4 21 7 3 5 17 5 12 7 17 15 2 13 3 13 5 499416 43 26 46 7 1 3 10 12 2 2 4 0 33 0 2 9 0 90 28 0 0 0 4 0 9 0 2
130 ACG 22 2 15 24 55 11 499607 4 2 24 5 4 0 3 18 4 4 0 0 0 1 11 10 2 8 0 3 1 7 12 19 24 2 1 2 1 3 3 0 7 4 1 6 3 6 4 3 4 0 5 0 3 1 0 12 0 0 0 2 0 16 1 6 2
131 TGC 1 0 3 6 6 9 4 3 17 8 7 0 5 1 10 5 2 4 4 0 8 6 0 1 6 2 2 1 2 16 0 5 4 7 10 9 4 9 2 8 11 1 7 0 3 3 2 0 0 1 0 19 14 6 4 9 0 499693 1 7 0 11 5 6
132 CCA 3 9 7 19 13 19 8 19 17 0 8 11 0 1 4 1 15 5 0 5 499514 33 51 18 6 0 2 24 3 10 13 12 1 3 1 6 27 9 13 6 2 0 1 3 3 1 1 1 0 3 0 1 9 16 5 17 0 2 3 1 11 1 1 2
133 TTC 4 8 2 0 5 1 5 3 0 1 1 0 5 1 2 2 0 0 1 3 0 5 0 1 0 1 2 2 3 16 0 5 0 1 2 0 3 0 1 3 0 0 1 1 6 3 2 1 0 1 0 4 3 2 0 1 0 5 10 4 19 499838 3 7
134 GAT 1 3 0 15 8 6 1 0 0 0 0 3 2 2 0 3 24 4 72 10 5 6 5 2 6 8 3 2 4 2 0 6 4 68 2 499640 4 1 6 1 7 19 2 0 6 0 2 4 0 5 0 3 1 2 2 0 0 0 7 1 4 4 0 2
135 CAC 3 2 3 7 2 13 8 2 2 1 2 2 4 0 0 0 27 499764 0 18 0 22 9 11 6 0 6 0 0 0 0 4 2 8 3 4 4 1 4 2 2 5 2 0 4 5 3 0 0 1 0 15 0 3 0 0 0 0 0 1 3 6 3 1
136 CAA 4 4 14 9 31 3 4 56 2 0 32 5 2 4 8 7 499587 13 57 7 4 1 1 1 6 1 0 6 1 2 6 0 10 4 12 1 3 4 1 1 2 2 0 4 0 1 7 7 0 4 0 1 16 1 14 3 0 4 1 5 0 5 2 7
137 GCG 23 3 8 0 15 1 9 31 80 6 332 7 377 18 71 703 53 1 30 3 2 2 10 3 135 166 1 157 37 105 10 108 19 3 6 1 42 6 495906 88 1 5 1 17 16 222 38 26 0 82 0 591 15 1 9 11 0 21 15 11 81 176 70 13
138 AAA 499687 3 24 8 4 4 5 0 20 1 24 18 2 1 3 0 0 2 14 1 9 0 0 4 2 18 16 13 1 3 1 1 4 2 3 1 4 20 5 14 2 2 0 0 1 0 4 1 0 13 0 8 5 2 5 7 0 4 3 0 0 1 0 0
139 CAC 0 23 21 19 4 1 2 2 11 3 21 3 2 1 3 4 45 499406 14 32 8 5 14 20 14 2 7 22 8 10 3 20 0 18 11 35 20 11 3 16 0 1 5 3 14 7 4 5 0 6 0 0 1 14 14 1 0 7 4 2 4 19 4 21
140 CGA 0 6 10 3 0 2 0 14 18 7 0 11 6 0 1 0 3 4 1 0 1 6 5 7 499689 4 3 6 10 10 10 14 1 1 2 2 3 0 0 2 2 26 0 22 0 3 2 2 0 5 0 2 2 6 8 24 0 0 1 1 18 4 7 3
141 ATA 5 1 1 7 26 1 7 13 4 6 6 0 499385 69 8 36 5 1 2 23 1 2 4 5 7 11 0 0 11 11 3 10 1 9 1 7 2 5 0 5 3 10 1 2 79 36 43 36 0 3 0 6 0 1 15 10 0 1 0 21 7 3 10 12
142 GAA 26 1 6 1 2 1 8 1 6 1 5 3 7 5 10 4 5 4 4 2 20 4 1 15 1 0 1 0 2 3 0 7 499748 4 3 6 1 0 0 2 5 4 10 13 1 7 7 9 0 7 0 3 1 1 2 2 0 1 1 4 0 1 0 1
143 CGA 1 0 0 3 183 19 13 279 15 21 5 10 13 0 18 12 5 52 2 16 36 12 6 6 498782 16 28 34 60 2 41 9 2 3 5 1 21 9 1 3 9 8 11 23 12 6 42 23 0 1 0 1 22 7 3 29 0 2 7 11 16 15 7 1
144 GCA 13 0 5 19 2 0 2 1 1 0 4 12 10 6 0 4 1 1 4 0 0 6 2 4 0 4 1 2 4 2 0 1 13 1 10 1 499676 20 55 17 1 7 4 0 0 4 8 2 0 3 0 4 16 6 3 13 0 3 0 9 0 11 0 2
145 AGA 9 9 0 16 1 1 5 2 499365 2 6 5 0 4 3 0 2 16 2 55 6 2 4 9 49 18 35 83 57 19 22 7 3 1 1 0 4 11 20 4 15 12 3 8 0 2 4 2 0 2 0 4 12 0 7 3 0 5 1 9 25 18 5 5
146 ACT 47 4 210 31 49 9 1 496508 88 11 31 29 70 12 3 19 92 85 88 66 7 4 14 1 29 101 117 3 174 67 159 23 203 15 125 20 61 47 3 32 4 17 7 5 274 97 60 490 0 1 0 9 10 2 9 28 0 75 3 13 173 7 56 2
147 CGC 1 3 8 1 2 1 0 1 54 7 37 24 0 1 3 1 3 0 8 9 7 0 4 13 9 499491 11 8 7 0 17 50 2 0 4 0 1 3 2 2 8 13 30 18 4 8 2 7 0 7 0 12 4 4 32 5 0 17 0 5 9 3 11 6
148 ATG 4 5 8 0 1 13 0 0 1 3 0 4 27 1 499751 19 5 6 8 3 0 0 3 0 0 0 1 6 1 5 3 5 5 4 4 5 1 6 0 1 3 2 2 1 47 3 1 2 0 4 0 3 1 3 1 0 0 1 0 0 1 0 6 10
149 GAG 137 179 100 146 1 2 3 8 2 5 35 2 111 12 15 216 81 53 38 5 0 3 2 0 4 24 15 15 68 54 72 282 14 11 497529 49 2 16 3 12 112 14 3 129 10 29 29 18 0 10 0 24 1 87 4 12 0 92 1 9 5 11 20 54
150 GCT 20 1 7 1 2 2 9 14 8 18 2 7 0 4 9 0 39 146 31 45 6 24 12 0 6 1 35 2 0 0 5 1 27 8 9 3 13 69 90 499147 3 2 5 10 0 30 12 3 0 7 0 5 11 11 35 11 0 8 3 8 1 9 0 3
151 GGA 4 72 3 3 4 9 1 1 12 2 30 6 1 6 8 5 2 5 0 7 7 8 5 3 27 25 11 7 3 0 4 2 73 7 66 14 2 0 6 3 499301 35 66 21 37 4 4 13 0 5 0 4 3 3 13 5 0 12 5 6 2 6 0 1
152 CTA 3 2 14 7 1 3 2 0 5 4 4 4 3 4 35 0 3 2 1 1 22 6 0 0 5 2 2 14 499446 40 125 66 5 8 8 2 2 8 0 3 1 12 1 0 11 9 10 8 0 3 0 23 6 3 0 11 0 5 4 2 7 0 15 7
153 GTA 1 5 1 4 33 6 8 4 7 4 4 4 58 61 122 52 0 0 7 9 69 361 75 223 11 3 1 13 57 83 262 265 5 0 3 2 18 3 0 3 10 9 4 11 497101 52 47 0 0 8 0 2 4 3 8 7 0 30 9 5 193 275 114 261
154 GAT 2 11 2 2 2 3 1 2 5 11 37 2 0 5 3 3 1 3 3 2 10 2 2 11 3 25 23 2 1 24 0 6 10 14 0 499634 2 3 0 1 21 12 10 12 1 20 11 5 0 3 0 2 7 2 12 1 0 1 0 1 0 5 0 1
155 CAA 10 2 2 5 298 36 366 452 85 3 11 21 211 216 513 278 483759 17 2 5 8 33 17 19 1 11 1 13 10 238 32 6 349 0 661 13 31 3 6 13 45 17 105 13 334 2169 360 108 0 460 0 513 26 30 0 18 0 211 7563 151 7 64 26 23
156 GAT 0 8 5 1 3 8 5 3 4 2 2 17 3 0 2 3 14 11 4 9 11 3 2 1 1 2 17 6 1 4 2 4 0 1 8 499621 12 6 16 21 1 0 1 1 3 4 0 0 0 74 0 8 1 3 11 14 0 8 4 4 6 0 14 0
157 GAT 2 5 2 7 0 1 1 4 1 0 1 5 0 1 0 0 2 1 0 2 1 0 0 1 0 2 5 1 5 1 0 2 4 6 0 499781 5 10 15 0 26 1 5 14 6 6 9 3 0 6 0 16 7 3 2 0 0 8 2 4 2 0 3 3
158 CTT 1 16 6 3 27 10 1 6 10 0 15 0 1 2 47 3 13 6 12 9 0 0 18 0 10 5 50 3 33 4 69 493301 6 0 10 0 1 1 3 2 6 12 8 3 5 11 1 12 0 193 0 785 6 4 4 1 0 9 306 3 1 624 14 4288
159 GAC 1 8 2 14 21 4 13 18 7 14 3 0 8 0 3 2 5 2 14 6 0 0 1 0 36 3 19 17 0 8 0 2 10 499562 24 2 0 0 6 6 2 7 10 16 1 21 2 4 0 79 0 4 0 0 0 2 0 2 1 1 3 1 0 3
160 GAG 10 4 8 10 5 0 12 1 2 14 23 9 1 5 1 1 224 12 22 9 7 0 3 7 20 13 24 11 1 4 18 12 29 208 498842 216 10 25 8 8 2 21 2 15 3 1 2 7 0 1 0 25 17 2 1 0 0 14 1 18 0 6 14 9
161 GAG 9 2 12 4 3 2 2 4 4 5 47 2 4 0 5 8 32 2 8 8 5 6 10 0 3 2 2 6 0 2 0 7 17 0 499647 5 5 20 1 17 4 10 0 9 0 8 1 1 0 2 0 6 3 7 4 1 0 3 3 5 3 3 5 4
162 CAT 5 180 2 645 25 0 8 12 3 9 8 3 11 4 5 2 0 34 7 498614 2 0 1 0 2 12 27 0 5 3 5 0 1 24 0 0 6 1 9 2 106 3 33 110 0 6 8 5 0 1 0 8 2 1 6 0 0 4 3 4 12 6 5 0
163 CAA 39 9 12 0 279 149 164 28 19 7 60 4 162 755 696 370 491714 9 5 19 11 25 27 0 51 14 22 8 61 965 77 575 10 10 20 8 95 180 47 122 2 12 12 26 405 625 209 89 0 376 0 510 37 9 30 19 0 204 29 83 166 162 75 92
164 GGG 5 4 3 2 2 11 0 8 20 5 4 5 0 0 3 5 1 1 3 1 5 2 3 6 16 3 2 0 3 0 0 0 2 3 9 5 5 1 0 1 45 27 499591 47 43 5 9 23 0 4 0 5 12 5 1 4 0 6 2 19 1 2 0 0
165 CTG 2 28 1 21 19 19 5 10 4 8 2 6 22 20 40 26 0 7 24 2 105 18 12 8 7 13 2 2 5 10 498576 55 3 1 11 5 12 13 1 2 1 3 0 1 110 199 71 54 0 28 0 23 6 3 0 1 0 29 4 26 109 50 40 115
166 GCG 19 11 27 5 15 21 23 1 5 3 17 11 5 14 0 24 7 3 1 10 4 9 2 1 0 2 3 0 34 71 16 1 14 16 52 5 7 8 499201 44 3 0 1 16 0 27 9 11 0 2 0 9 17 33 1 5 0 11 0 9 87 6 41 0
167 CCC 4 5 16 3 36 8 3 13 7 1 10 7 167 42 32 193 31 1 25 0 53 497193 23 9 10 16 10 2 101 78 414 97 4 3 14 1 7 11 11 5 15 3 37 6 78 122 187 125 0 5 0 30 6 8 4 15 0 6 1 32 485 2 163 4
168 GCG 50 5 0 4 12 81 41 12 4 27 8 80 19 67 9 22 12 5 1 32 5 7 7 0 11 32 46 1 28 14 22 1 1 2 28 1 16 23 498741 81 8 12 3 0 13 6 21 8 0 6 0 2 53 95 20 99 0 1 52 1 14 8 5 15
169 GAA 6 11 4 1 1 4 8 8 0 6 8 15 0 1 3 2 8 1 15 2 7 14 4 4 10 1 5 1 6 3 0 2 499640 2 37 22 5 3 0 0 4 11 14 28 15 11 0 15 0 0 0 2 5 4 4 1 0 2 0 1 9 4 0 0
170 CTC 2 2 0 0 0 3 1 1 7 0 0 1 2 5 18 1 3 3 3 8 1 50 5 16 6 8 3 10 20 499528 73 17 7 2 1 10 4 7 0 0 2 4 5 6 6 4 1 6 0 0 0 1 9 0 2 1 0 85 0 8 2 3 20 7
171 TTT 1 1 1 0 0 5 2 4 7 10 76 4 0 1 13 2 4 0 3 9 7 4 2 13 11 51 7 5 111 12 40 32 2 3 0 12 10 0 0 1 3 3 23 15 3 14 35 2 0 1 0 1 15 5 10 9 0 0 7 1 23 2 15 499347
172 GCT 1 2 16 5 6 1 7 2 66 0 27 2 1 1 2 4 27 3 4 11 1 12 2 1 51 0 13 51 1 5 1 3 21 7 30 11 1 11 24 499360 4 9 0 0 37 4 35 72 0 0 0 3 0 11 0 5 0 1 7 0 1 4 10 3
173 AGG 6 7 2 0 0 2 2 4 75 5 498137 31 1 0 473 1 110 4 82 6 4 0 15 3 2 37 85 44 17 92 47 108 41 0 2 0 2 8 19 13 11 5 6 3 14 5 11 44 0 0 0 9 33 6 13 62 0 9 14 1 154 0 112 1
174 TTG 1 1 3 6 0 2 1 3 0 0 0 4 1 2 26 1 2 2 6 2 8 2 5 6 4 11 3 2 7 27 7 50 0 2 1 6 1 4 0 0 4 3 7 6 3 1 1 3 0 3 0 0 4 10 0 0 0 4 4 44 15 2 499677 0
175 AAA 498338 0 57 0 10 4 4 3 6 2 9 4 3 16 6 7 59 1 8 2 1 15 4 1 10 0 3 1 257 89 131 294 8 5 5 1 1 0 1 3 14 17 7 16 49 135 6 59 0 16 0 0 1 0 11 3 0 1 4 11 257 3 18 3
176 GCT 0 18 2 4 11 2 0 1 5 0 1 8 3 5 0 4 9 4 1 8 5 1 8 1 32 16 18 16 10 3 6 5 5 15 3 7 38 41 17 499479 10 1 9 5 1 9 4 14 0 6 0 3 9 27 10 33 0 2 0 1 4 8 31 1
177 CGG 7 231 0 507 1132 5002 438 2133 20 479 59 2759 722 691 624 351 131 19 71 351 16 4 2 16 38 37 463018 103 1088 379 864 1029 159 163 1187 124 136 643 877 605 397 282 1863 719 206 10 267 123 0 31 0 314 808 721 2367 283 0 541 645 1209 1011 1455 335 198
178 ATG 156 2 21 0 43 182 16 38 172 6 3 8 42 17 495710 27 6 132 58 76 24 100 63 154 41 52 136 303 135 93 24 41 23 0 21 2 5 0 24 3 16 0 11 18 27 14 65 46 0 452 0 297 1 4 5 9 0 43 238 130 103 481 3 78
179 CCC 2 0 6 1 1 39 12 7 53 17 59 5 37 45 3 67 29 1 31 3 16 499068 69 75 36 11 14 32 10 51 10 4 4 0 2 0 4 3 16 1 1 1 2 0 5 13 0 3 0 2 0 0 8 45 15 0 0 2 4 2 21 4 23 5
180 GAC 4 4 6 19 22 1 7 15 57 5 20 12 73 7 0 5 4 4 6 5 34 2 2 5 21 7 15 3 2 6 9 20 33 499167 1 59 13 19 16 12 17 13 1 9 9 0 5 6 0 3 0 11 3 3 22 4 0 3 33 1 0 62 15 58
181 GGT 3 2 0 0 14 15 5 5 29 11 13 73 1 5 1 3 6 0 0 4 4 4 1 2 22 6 24 22 1 9 1 1 10 0 2 1 6 25 12 11 3 11 3 499168 22 107 5 66 0 6 0 60 13 25 3 22 0 85 2 22 1 8 13 1
182 GAA 4 4 2 10 2 2 23 21 3 11 2 5 8 3 0 1 2 1 16 1 0 2 0 6 1 12 2 3 7 1 0 0 499622 3 34 4 8 3 5 7 3 8 17 42 3 6 21 5 0 2 0 0 3 7 24 5 0 3 1 1 5 3 0 0
183 GAT 2 1 5 2 1 1 8 9 8 2 34 0 13 0 1 5 4 0 2 4 1 1 2 1 0 7 35 2 5 1 0 0 1 4 0 499751 0 1 0 9 5 5 17 10 10 2 4 0 0 5 0 3 4 0 0 0 0 4 0 1 3 1 2 1
184 TTG 11 18 5 2 4 0 0 0 3 2 30 7 0 2 2 0 4 0 88 1 13 8 2 37 10 16 2 12 1 36 18 32 6 2 5 3 0 2 3 2 13 1 1 0 0 1 6 2 0 15 0 5 8 1 4 3 0 5 2 1 15 2 499526 0
185 GTG 1 1 0 0 2 6 1 4 10 1 7 17 6 5 2 4 0 4 3 2 0 1 0 4 10 14 4 2 1 13 8 9 3 1 1 0 15 9 26 3 0 1 2 1 18 38 499694 2 0 0 0 5 0 8 4 3 0 1 2 2 16 1 2 0
186 GTA 1 4 4 2 0 4 2 1 3 0 3 0 4 1 5 12 4 2 8 0 4 1 15 7 2 2 0 2 9 17 9 4 2 1 7 4 8 27 17 30 9 0 1 17 499628 13 14 62 0 0 0 1 0 0 4 1 0 1 1 2 11 0 5 2
187 ACT 4 7 7 0 2 43 10 499725 1 18 7 5 2 2 0 1 0 8 1 11 0 1 5 0 2 8 3 1 1 2 1 0 0 2 1 1 2 7 1 4 0 0 4 3 0 3 5 2 0 13 0 4 5 14 1 31 0 5 0 0 8 1 2 3
188 CAT 0 2 1 11 3 1 4 0 14 2 1 3 5 17 6 0 37 9 12 499551 6 9 3 24 2 3 15 26 8 14 25 18 0 10 1 9 1 3 3 0 1 3 1 4 5 3 0 3 0 13 0 63 1 2 8 0 0 22 1 0 1 0 9 1
189 GGG 0 6 2 0 1 9 3 3 3 16 2 25 11 0 1 4 1 2 2 0 2 12 2 0 0 3 7 1 8 14 1 7 0 2 4 3 2 1 1 6 5 8 499658 40 28 1 16 15 0 1 0 1 21 22 2 4 0 0 0 0 6 2 2 1
190 GAT 3 1 0 4 5 4 6 0 3 0 16 0 1 1 2 1 0 7 5 6 0 6 5 2 5 3 3 0 1 6 0 11 6 47 34 499712 2 6 2 1 3 0 8 13 0 4 7 1 0 16 0 0 1 9 0 1 0 6 3 2 3 3 1 2
191 GCC 1 0 1 12 7 4 0 2 2 17 4 4 1 6 7 6 0 379 0 27 5 2 11 3 3 14 9 3 93 41 0 25 7 3 3 1 11 497042 61 22 3 5 2 9 7 0 10 36 0 32 0 25 0 19 16 1 0 0 2 2 38 1635 11 308
192 TGC 3 0 7 7 948 224 3998 1808 11 2 16 9 17 67 0 17 34 0 0 3 2 1 0 5 4 4 1 15 3 7 2 1 5 15 0 3 10 8 6 9 7 0 30 8 0 5 5 6 0 8 0 6 0 0 6 1 0 492593 1 19 3 6 4 20
193 CTC 0 3 2 0 0 1 5 0 2 3 12 1 2 1 42 0 26 2 1 0 3 2 10 23 6 51 20 0 2 499475 69 11 0 6 1 3 6 1 8 0 0 0 3 3 6 2 19 19 0 2 0 0 2 1 3 0 0 0 4 3 99 2 28 4
194 CCG 0 4 2 1 23 18 48 0 6 8 10 1 1 1 3 8 28 0 10 2 2 12 499586 49 27 9 5 8 0 16 6 3 3 1 1 13 3 5 4 0 3 2 0 2 5 2 2 1 0 5 0 2 0 6 2 2 0 2 1 1 20 1 14 0
195 AAC 26 499690 22 25 9 11 6 2 1 14 1 13 4 0 0 2 1 2 2 0 4 0 2 3 2 5 1 10 0 3 0 2 2 17 0 10 4 2 3 3 0 3 4 2 1 0 14 0 0 0 0 39 7 4 1 3 0 1 1 0 5 8 1 2
196 ATA 1 3 1 8 4 5 4 4 7 47 17 34 499318 41 8 155 21 3 1 1 3 2 1 1 22 37 20 9 2 8 0 2 0 4 1 2 1 3 0 1 1 0 8 5 2 4 9 10 0 2 0 2 49 4 35 17 0 6 2 1 27 0 4 10
197 ATG 6 2 12 0 3 10 5 4 17 0 1 0 1 10 499650 18 44 8 61 0 0 3 2 0 7 0 3 2 9 0 0 3 0 21 2 28 5 4 4 0 1 2 0 2 2 6 11 0 0 2 0 0 2 0 2 1 0 3 3 3 4 7 3 1
198 GTG 4 2 0 1 1 0 2 5 2 2 9 0 0 5 2 1 9 7 4 8 0 7 5 1 7 11 5 3 0 7 11 5 14 3 0 2 27 2 4 4 6 4 15 6 88 18 499591 45 0 3 0 0 0 1 0 10 0 0 0 4 3 3 19 2
199 GAA 8 2 6 7 2 6 3 0 10 45 1 10 5 3 3 5 8 16 10 3 0 3 4 7 5 0 10 14 2 0 4 2 499445 10 15 1 11 2 2 52 0 37 6 6 3 1 0 8 0 13 0 0 11 64 3 13 0 24 6 48 2 6 3 4
200 AAC 10 499608 2 68 5 36 10 1 6 12 3 6 8 1 2 0 0 7 0 13 3 1 0 3 0 2 1 3 6 2 44 0 7 8 0 3 1 7 5 1 1 4 0 0 11 15 6 11 0 0 0 12 8 6 8 2 0 1 0 2 7 3 1 7
201 GGC 2 1 2 5 4 5 7 15 7 7 16 4 0 3 2 11 5 2 0 0 0 0 2 2 8 19 4 14 0 2 1 3 0 1 3 13 7 3 3 7 123 499453 17 91 9 7 1 0 0 3 0 2 8 2 36 0 0 36 7 0 0 12 3 0
202 CGT 13 5 36 0 18 4 0 0 44 2 89 9 0 13 1 3 2 3 0 0 5 1 1 5 21 17 60 499206 8 1 57 6 0 2 4 1 0 0 0 1 4 14 2 4 1 0 6 3 0 4 0 0 11 31 66 11 0 35 0 19 37 1 109 4
203 TTT 0 0 1 1 7 0 0 1 0 2 0 0 0 2 2 2 0 1 2 0 1 1 1 5 6 5 8 2 12 1 2 12 0 0 6 2 1 3 1 1 3 1 5 1 1 8 4 7 0 0 0 1 1 0 9 0 0 6 5 20 11 86 8 499732
204 AGC 1 12 2 19 16 9 11 9 30 499496 2 30 6 22 3 32 8 1 0 2 5 8 3 1 16 18 18 5 2 0 1 8 3 3 8 3 0 2 1 2 10 3 12 3 0 4 2 3 0 1 0 0 21 35 33 32 0 11 4 3 0 2 2 1
205 GGA 1 0 2 3 1 1 4 2 0 6 6 1 9 0 0 0 5 2 17 0 2 3 0 0 1 6 2 2 0 1 3 4 7 0 2 1 1 5 0 0 499701 91 28 7 2 36 9 3 0 0 0 1 0 0 4 0 0 5 1 2 0 4 3 3
206 TTC 0 3 1 2 2 0 1 0 0 15 5 3 2 3 1 4 8 3 0 2 0 1 1 1 1 11 9 0 7 14 4 0 0 1 5 1 1 8 0 0 11 1 1 0 21 2 13 7 0 1 0 4 16 3 28 13 0 1 0 17 3 499704 7 27
207 ATT 2 4 0 3 6 15 18 6 2 4 0 2 29 13 5 499725 0 3 15 7 3 0 8 1 0 7 2 4 1 3 5 1 2 4 4 1 9 0 5 7 0 5 1 1 5 0 15 8 0 3 0 0 2 12 0 2 0 4 0 3 3 4 2 4
208 GAT 5 12 0 3 0 12 29 10 0 1 1 7 2 2 0 4 1 4 0 6 3 19 3 6 2 4 1 0 4 0 0 8 19 20 4 499613 36 14 20 19 11 2 21 29 1 0 2 6 0 0 0 13 1 3 0 0 0 0 5 4 0 1 4 3
209 TGC 0 6 4 1 7 39 84 46 11 20 21 12 0 8 3 4 1 4 0 1 3 1 9 1 6 11 4 23 9 16 5 2 3 9 2 0 1 13 9 55 3 3 2 15 3 3 2 0 0 0 0 13 3 10 6 1 0 499424 3 17 5 3 10 20
210 GGA 5 0 0 0 0 3 1 3 8 1 6 22 2 8 1 1 7 4 2 5 3 0 0 1 3 10 3 17 0 1 2 2 6 9 0 3 4 1 1 9 499573 45 17 63 10 32 35 12 0 6 0 3 10 8 3 4 0 4 4 2 2 0 0 13
211 CGG 4 3 0 0 1 2 5 0 6 16 10 0 3 1 2 2 4 1 1 2 12 11 0 3 12 29 499580 31 37 16 34 8 1 0 0 2 2 3 1 2 4 1 4 6 7 3 0 3 0 2 0 5 18 12 7 28 0 10 1 14 0 3 20 5
212 TTG 1 1 0 3 5 26 0 7 14 0 2 2 1 0 2 9 0 0 11 2 9 6 3 4 6 1 5 10 51 12 19 11 1 3 0 0 7 1 0 0 0 1 2 11 0 1 1 13 0 2 0 0 14 6 1 4 0 1 2 0 24 1 499681 0
213 GGT 1 0 0 0 0 1 0 2 3 1 45 4 3 0 1 1 0 0 1 0 13 1 12 3 13 11 0 21 0 1 9 24 2 3 0 8 1 8 10 16 15 2 7 499636 15 5 0 12 0 2 0 4 3 5 7 1 0 6 2 52 1 4 0 2
214 GTC 3 0 5 0 1 1 3 1 0 2 0 6 2 13 28 1 1 0 3 1 1 4 0 4 3 10 1 0 10 6 18 20 5 0 9 1 3 2 11 12 11 2 43 8 15 499664 11 18 0 1 0 1 4 5 0 5 0 2 0 5 11 2 0 1
215 GCT 1 14 1 9 1 0 23 17 4 6 1 0 5 3 0 1 0 1 1 1 10 6 20 4 7 0 3 3 1 5 3 8 9 1 7 1 39 7 1 499630 7 12 14 4 4 10 1 3 0 2 0 1 44 14 5 5 0 10 5 0 0 1 1 3
216 GAT 4 3 4 14 4 4 4 13 0 5 8 5 0 2 1 0 0 3 3 3 3 2 7 2 2 0 0 0 7 1 6 7 1 26 9 499649 2 3 1 16 11 14 2 6 6 1 17 11 0 32 0 20 12 3 14 2 0 0 1 5 0 0 19 0
217 CGA 2 0 2 0 13 3 6 3 2 16 28 27 1 0 1 5 5 1 0 18 2 3 3 0 499574 28 20 7 5 17 0 12 4 19 4 5 9 3 0 11 3 19 7 6 4 7 8 5 0 1 0 0 23 2 0 20 0 1 0 2 15 4 8 6
218 TAT 2 3 1 0 1 2 20 0 0 5 4 17 3 4 2 7 19 1 1 1 19 4 4 2 0 1 3 2 6 2 2 4 4 20 3 2 3 16 0 0 3 1 8 4 1 1 5 0 0 33 0 499689 13 2 18 10 0 1 0 5 2 0 10 4
219 CAA 29 1 5 2 28 6 0 4 7 3 2 0 12 3 11 3 499499 60 153 1 8 29 2 0 24 18 20 5 4 1 2 3 6 0 2 0 1 4 0 0 9 1 1 0 5 0 4 2 0 0 0 2 1 0 4 5 0 1 0 0 0 4 2 1
220 GAT 6 0 7 0 3 0 2 5 2 3 1 11 0 6 3 5 3 10 1 4 4 9 2 0 4 9 4 0 0 1 2 8 2 31 0 499678 8 17 1 23 16 4 12 21 0 2 3 7 0 2 0 2 2 4 2 0 0 34 0 1 2 8 2 1
221 ATA 1 10 2 26 0 19 12 39 4 8 0 26 496564 50 5 18 10 11 6 3 1 4 2 3 8 0 4 4 789 1032 133 626 6 1 6 4 6 4 6 3 7 0 3 24 0 16 16 0 0 1 0 4 8 19 91 5 0 5 0 7 225 5 95 13
222 GCA 1 2 0 5 11 1 1 10 0 2 5 6 0 17 0 3 3 6 0 1 1 2 1 0 0 1 9 14 0 0 0 2 1 17 1 7 499690 12 37 10 21 8 1 0 16 1 4 34 0 5 0 1 1 5 1 0 0 7 0 12 1 0 2 1
223 TTG 1 2 0 1 6 0 1 4 14 1 15 2 2 3 2 15 8 8 1 1 0 3 2 1 1 16 3 2 62 10 16 69 0 2 1 2 1 3 0 0 1 2 3 0 3 8 2 6 0 1 0 1 1 3 1 0 0 1 1 2 62 0 499620 1
224 GCA 4 0 4 8 2 3 4 2 1 18 0 40 1 2 5 6 0 9 0 0 10 3 8 5 0 0 8 0 4 5 16 4 66 11 20 8 499492 17 28 8 15 0 9 6 4 11 16 2 0 3 0 1 5 19 36 14 0 7 4 13 6 0 4 3
225 ACT 2 32 1 1 6 2 2 499646 0 7 1 2 28 1 5 5 1 4 3 0 0 0 0 4 2 0 4 0 6 0 0 1 5 0 3 17 6 2 1 7 0 8 9 4 41 4 38 5 0 4 0 6 20 10 1 4 0 12 4 11 0 5 3 4
226 CGC 1 3 2 8 9 5 0 6 95 6 40 6 2 3 1 2 1 2 6 12 7 1 7 3 64 499379 16 17 20 4 20 18 1 1 11 2 0 2 5 2 14 4 19 4 7 0 1 3 0 6 0 1 41 22 26 17 0 13 0 0 14 0 15 3
227 GAT 0 0 0 0 6 9 1 2 8 7 5 128 5 0 1 1 17 12 2 29 2 19 1 0 8 20 3 4 5 0 2 10 13 28 18 499386 12 0 10 2 2 0 2 1 17 18 15 23 0 8 0 0 1 33 0 43 0 37 2 11 3 0 7 1
228 ATC 11 8 3 7 28 12 1 12 5 58 26 13 10 499538 8 30 18 0 1 0 1 4 1 0 10 3 1 18 2 6 12 1 13 14 4 1 1 6 3 8 0 1 0 0 15 5 13 6 0 2 0 2 9 15 2 3 0 0 4 0 16 1 7 1
229 GCC 1 2 2 0 13 11 9 7 5 7 18 18 4 1 3 2 1 1 19 3 22 5 6 3 9 2 6 11 0 2 1 0 22 8 42 2 16 499543 20 35 6 12 0 3 8 14 26 0 0 10 0 2 1 1 13 6 0 1 3 2 2 2 3 3
230 GAA 19 0 4 4 73 95 7 140 6 380 2 24 0 1 5 1 6 129 9 39 10 1 17 0 3 2 1 8 4 5 5 5 497843 3 39 10 21 7 11 20 1 34 27 2 1 3 1 2 0 2 0 5 70 31 757 66 0 0 23 9 1 0 6 0
231 GAG 42 4 61 10 4 0 3 4 134 4 101 1 5 4 8 5 0 200 9 380 0 2 0 0 104 144 49 31 1 4 0 3 3 1 495475 6 22 0 35 14 14 1 8 3 2 38 26 4 0 854 0 2091 3 3 6 0 0 3 20 1 3 26 5 16
232 CTT 8 0 1 0 1 3 0 1 11 6 13 3 1 3 4 0 3 1 3 0 8 25 15 37 3 1 2 29 1 71 40 499568 1 2 1 3 2 4 4 1 1 0 7 5 17 11 9 2 0 7 0 1 4 0 7 8 0 2 2 1 4 6 23 3
233 GGT 4 0 1 1 2 1 10 5 9 9 0 1 6 6 1 2 0 0 2 0 0 0 3 0 5 12 2 0 11 8 6 1 3 4 0 2 7 3 1 2 15 51 23 499604 21 5 26 6 0 31 0 0 6 16 21 0 0 10 0 23 7 4 0 1
234 GGT 296 121 169 50 1 227 23 51 8 19 30 12 49 17 118 49 77 36 117 40 294 661 215 114 6 5 47 77 5 6 10 15 5 36 294 51 364 272 665 284 25 117 1 494157 66 67 32 129 0 36 0 12 6 37 76 141 0 11 35 24 3 10 78 1
235 GAA 8 4 11 10 5 2 11 4 1 2 3 4 4 0 5 0 9 1 1 3 9 1 4 1 3 2 0 0 0 0 10 14 499718 6 35 6 3 1 12 9 14 5 1 2 9 5 1 1 0 7 0 4 0 3 1 8 0 1 2 1 2 3 2 6
236 TGG 3 0 1 5 2 1 2 0 11 0 20 3 2 2 2 1 9 11 3 2 7 8 3 0 2 13 25 0 38 6 19 36 0 0 5 10 2 1 4 4 33 16 6 2 1 19 14 2 0 2 0 2 4 8 6 14 0 8 499571 5 20 1 0 3
237 GCA 0 0 0 3 6 0 5 12 1 5 0 33 3 1 3 0 5 2 4 8 0 1 0 2 10 13 2 11 0 8 1 1 3 0 16 0 499597 80 13 18 5 3 0 1 8 0 5 9 0 0 0 4 17 21 11 28 0 6 5 4 2 3 1 0
238 GAC 50 106 241 24 9 5 10 11 172 77 82 138 143 274 28 29 59 223 66 4 2 6 19 31 120 80 248 101 31 64 24 43 253 496502 63 10 27 37 3 18 5 3 4 3 12 36 38 22 0 67 0 2 57 19 47 46 0 7 7 28 28 5 22 109
239 AGA 4 4 4 4 22 3 2 18 499453 7 4 2 3 4 0 2 2 2 3 4 20 17 2 5 66 1 94 10 17 3 4 22 1 0 3 0 11 5 0 11 3 16 7 0 1 0 0 4 0 0 0 10 1 19 13 9 0 19 1 11 9 6 32 0
240 TTT 5 3 15 2 2 3 1 8 5 6 8 4 0 1 3 1 2 0 1 3 5 4 7 0 1 4 1 5 0 4 0 0 0 0 5 12 6 0 0 7 1 1 0 3 29 9 5 15 0 1 0 3 10 0 5 7 0 1 2 35 1 87 0 499651
241 TTA 0 1 0 9 0 3 2 1 9 7 42 7 2 4 0 4 1 1 7 1 6 28 16 11 26 8 32 26 7 39 21 34 1 4 1 3 1 2 2 6 3 3 0 0 3 2 3 1 0 3 0 2 18 1 4 1 0 0 0 5 499544 1 28 3
242 GTT 35 14 207 29 159 22 134 185 105 10 15 7 0 3 98 4 10 173 15 50 5 27 3 17 327 116 24 107 0 14 9 2 105 7 178 0 47 2 212 38 3 1 14 1 20 95 11 496651 0 10 0 53 24 154 112 127 0 2 73 17 19 64 24 10
243 CTG 7 2 0 6 6 2 3 1 0 2 1 3 4 0 5 1 4 0 19 1 10 9 6 1 4 12 36 37 7 40 499370 54 51 1 39 12 17 17 3 21 0 7 7 6 17 11 8 4 0 2 0 9 0 1 2 6 0 6 7 13 14 8 54 4
244 TAT 9 1 3 0 1 8 2 3 0 0 0 2 0 3 17 5 4 3 3 7 3 1 3 0 8 0 6 0 3 43 5 4 4 3 7 2 6 5 2 2 9 5 2 0 5 0 6 2 0 7 0 499718 4 1 3 2 0 7 4 17 0 22 4 4
245 GGT 1 1 0 0 0 2 1 2 55 1 0 1 2 5 3 5 10 1 3 0 1 0 2 2 0 8 14 15 3 1 11 5 0 2 1 11 0 15 14 29 129 23 48 499409 34 20 10 23 0 2 0 0 3 1 2 27 0 21 5 13 0 0 2 1
246 ATC 1 1 4 1 8 8 4 8 44 13 4 49 38 499353 1 12 1 1 9 8 4 1 7 0 26 1 13 2 13 1 9 10 6 9 1 3 6 2 6 1 1 10 7 5 29 2 1 2 0 3 0 21 48 30 41 10 0 30 2 25 19 9 0 16
247 GCG 5 14 40 52 16 6 24 10 22 18 36 182 1 0 8 9 5 2 14 10 34 4 1 19 18 16 6 6 18 1 5 27 10 34 8 1 3 12 498858 41 3 2 19 8 5 12 3 1 0 4 0 12 87 18 12 66 0 48 1 11 49 7 18 18
248 GCA 27 6 15 1 74 3 14 77 3 13 1 40 3 12 36 16 60 7 58 4 4 14 12 0 6 6 9 6 138 50 24 50 9 20 18 50 498682 29 20 26 11 5 9 10 4 18 13 2 0 13 0 1 14 38 3 12 0 6 3 0 122 16 52 5
249 CCA 0 7 1 0 10 0 30 10 56 6 10 8 4 1 2 3 14 7 8 2 499403 45 0 19 9 2 61 25 24 7 4 10 1 1 4 2 0 7 40 24 2 2 28 2 6 3 6 0 0 6 0 2 1 3 7 4 0 6 0 13 35 2 3 2
250 GAC 0 3 2 2 9 1 15 0 3 1 1 1 5 4 3 4 24 3 79 3 3 0 7 1 5 8 1 1 4 5 5 3 4 499602 3 18 9 17 1 1 2 2 7 1 3 0 15 21 0 14 0 20 3 3 2 0 0 6 3 13 4 4 2 14
251 TCT 4 11 23 3 26 15 77 128 18 39 40 10 8 0 46 50 208 35 39 4 5 1 8 0 46 116 146 65 14 9 152 100 14 43 4 5 3 1 29 15 7 2 19 18 10 2 3 0 0 126 0 22 6 54 14 497261 0 11 633 4 54 60 16 118
252 CAG 7 25 7 10 11 7 1 3 8 0 16 10 2 11 3 3 4 6 499349 59 10 1 8 7 3 8 14 9 1 4 4 4 9 126 3 114 2 0 1 1 0 2 0 0 5 7 3 0 0 1 0 3 8 0 23 6 0 6 0 0 9 30 22 4
253 CGT 3 1 0 2 1 0 0 1 12 15 13 12 4 2 19 6 3 2 0 1 1 6 4 6 35 0 2 499658 1 16 0 11 0 4 0 2 1 1 6 3 5 9 23 6 0 10 21 1 0 0 0 1 5 6 3 19 0 2 1 2 2 1 26 3
254 ATC 6 7 3 1 4 0 1 3 4 42 6 2 8 499609 3 2 10 2 18 3 1 2 0 1 1 4 18 0 3 10 7 5 9 4 7 2 6 11 1 7 0 1 7 1 1 2 6 17 0 1 0 0 3 28 5 16 0 0 3 1 40 7 24 4
255 GCC 2 5 2 1 4 23 0 16 12 24 0 20 2 0 7 3 0 1 1 1 1 0 5 1 1 6 1 8 7 0 2 1 29 7 2 10 7 499469 30 63 46 26 4 4 2 1 9 5 0 7 0 39 3 30 2 23 0 6 3 5 2 5 1 3
256 TTT 11 0 1 7 2 6 1 1 8 12 15 2 1 8 11 2 20 7 13 5 11 0 23 2 22 4 32 11 37 5 17 29 1 2 14 1 1 0 12 1 4 0 3 3 0 5 8 3 0 99 0 145 12 13 6 16 0 10 624 2 12 6 4 498667
257 TAT 0 0 2 0 0 1 0 1 1 3 0 2 2 3 5 3 1 20 13 13 3 3 0 2 1 1 2 0 0 2 0 1 0 2 2 4 4 0 1 5 1 0 1 0 6 9 2 7 0 3 0 499845 1 0 1 0 0 7 0 8 2 1 0 3
258 AGA 3 5 9 1 1 3 0 1 499556 8 18 1 1 1 1 0 1 11 14 13 0 1 0 2 43 18 33 11 22 17 0 8 8 1 4 4 3 2 0 7 10 0 14 10 3 2 0 1 0 0 0 1 30 30 4 5 0 0 3 3 46 0 3 3
259 TTA 0 0 3 8 2 2 0 1 6 9 2 2 2 5 22 0 0 0 3 5 1 4 14 0 1 3 10 4 21 0 23 44 0 2 1 3 1 7 1 2 0 1 1 0 2 2 7 11 0 5 0 2 0 2 2 1 0 7 1 4 499687 3 48 0
260 CTA 3 0 3 1 0 3 0 1 0 3 2 8 2 3 15 3 8 0 8 0 1 1 0 0 1 11 3 2 499711 109 3 9 0 5 1 0 0 0 0 0 1 5 0 0 0 12 0 6 0 0 0 2 5 0 5 2 0 3 7 2 0 0 29 1
261 GAC 4 0 3 3 1 7 0 13 11 6 2 0 1 4 3 1 17 3 1 15 4 0 1 5 5 0 3 2 2 1 1 1 2 499795 1 0 3 0 2 1 7 4 0 1 2 3 11 1 0 23 0 1 1 0 13 1 0 0 0 2 0 3 0 3
262 GAG 29 11 9 3 3 1 0 1 7 1 0 3 2 2 1 1 11 1 9 3 3 5 2 1 2 13 5 1 1 2 2 4 17 3 499719 3 0 6 0 3 6 1 21 0 11 1 11 6 0 0 0 3 16 9 4 6 0 5 0 5 2 1 2 0
263 TTC 1 2 3 2 5 6 9 3 1 13 0 4 3 27 0 4 7 0 7 2 3 3 2 0 0 2 1 1 1 2 3 3 1 1 1 0 1 2 2 3 0 5 0 2 4 1 1 0 0 5 0 2 9 6 4 12 0 1 3 0 14 499758 0 42
264 TTC 5 2 1 2 0 0 0 4 0 0 0 13 1 1 0 0 8 6 0 6 3 0 2 0 2 7 3 1 17 0 4 5 2 1 6 3 0 1 1 0 2 3 10 1 1 4 20 19 0 19 0 21 14 6 4 3 0 10 0 22 4 499714 8 8
