# POSITION WT AAA AAC AAG AAT ACA ACC ACG ACT AGA AGC AGG AGT ATA ATC ATG ATT CAA CAC CAG CAT CCA CCC CCG CCT CGA CGC CGG CGT CTA CTC CTG CTT GAA GAC GAG GAT GCA GCC GCG GCT GGA GGC GGG GGT GTA GTC GTG GTT TAA TAC TAG TAT TCA TCC TCG TCT TGA TGC TGG TGT TTA TTC TTG TTT
1 ATG 64 10 8 4 39 2 29 0 28 2 6 4 7 145 198893 19 2 28 1 10 1 18 6 6 6 4 11 11 14 5 10 20 16 40 32 14 43 58 75 3 14 33 17 1 9 12 3 4 0 15 0 49 10 4 9 13 0 34 5 19 27 2 1 25
2 ATT 19 13 24 47 14 9 9 20 1 10 4 0 3 13 10 199063 13 71 69 0 1 4 1 3 1 9 1 6 0 7 1 4 0 2 3 4 3 81 11 11 1 0 6 2 21 54 37 91 0 71 0 18 2 8 5 7 0 3 48 3 0 25 1 32
3 GAG 9 16 35 5 80 20 18 105 5 48 123 8 2 5 0 14 78 95 69 40 4 29 7 1 30 30 49 56 76 1 0 14 15 16 198234 18 6 3 1 1 7 6 5 14 2 4 1 4 0 8 0 26 67 2 11 74 0 8 6 4 56 167 26 136
4 CAA 29 16 81 44 3 3 7 46 1 3 1 6 5 9 1 11 199035 2 6 10 4 21 16 17 2 30 6 27 13 157 37 31 6 1 18 11 7 1 2 0 0 23 47 54 41 2 7 5 0 6 0 9 2 3 1 5 0 12 44 1 2 3 2 5
5 GAC 308 177 862 433 51 43 29 7 0 182 97 114 222 14 0 118 59 27 77 2 71 62 186 71 20 7 0 10 104 231 22 118 34 194952 98 50 13 11 15 1 54 109 296 49 35 16 39 26 0 6 0 2 1 35 76 70 0 4 41 4 132 26 50 31
6 GGC 291 791 930 28 5 227 9 106 24 283 23 3 173 425 171 158 5 1 7 9 880 365 190 232 50 50 5 13 1 14 32 3 384 25 25 4 51 11 28 146 16 192219 30 12 39 29 66 78 0 96 0 28 452 309 8 33 0 2 183 0 17 76 28 101
7 CTT 26 1 53 4 1 0 5 0 5 2 15 34 1 0 6 1 5 11 3 0 6 6 12 8 12 0 26 0 0 8 21 199381 41 0 46 2 10 2 7 1 11 10 6 27 13 11 12 0 0 2 0 0 4 14 14 19 0 14 1 61 7 0 8 4
8 CAT 0 26 6 18 4 0 4 1 1 5 23 4 0 7 63 1 3 23 5 198777 112 196 85 141 7 2 12 3 38 30 25 3 48 1 49 29 0 0 3 0 7 29 6 17 0 12 1 20 0 7 0 1 6 2 8 8 0 2 5 31 9 1 67 6
9 GCA 24 48 5 28 6 1 4 1 0 4 3 2 30 129 4 42 2 2 6 1 95 18 11 13 2 7 2 5 2 22 6 6 7 6 12 0 199237 6 18 3 14 16 23 28 23 25 0 0 0 1 0 4 2 4 9 4 0 0 0 0 13 3 7 4
10 GGA 0 2 4 4 14 0 1 17 2 2 0 2 0 1 2 2 2 0 1 2 5 2 3 4 2 0 6 3 7 2 5 2 0 1 0 1 1 13 0 4 199722 7 15 1 7 2 27 41 0 0 0 1 0 6 15 1 0 19 2 8 5 0 1 1
11 TCT 2 9 4 8 25 41 43 45 165 3 188 26 117 348 1392 425 20 441 367 136 118 87 142 210 576 715 919 418 1209 142 1385 356 20 74 33 47 5 0 6 13 15 36 5 5 28 175 2 47 0 1130 0 405 5 3 18 186149 0 314 17 281 651 191 163 80
12 CCC 4 6 3 3 6 11 3 8 4 1 1 3 4 0 0 2 2 1 2 1 22 199828 0 4 1 4 1 1 2 3 4 2 0 5 1 5 9 6 0 0 0 0 1 1 0 3 6 2 0 0 0 0 4 3 4 2 0 3 2 3 1 1 1 0
13 GCT 30 2 30 1 17 29 17 31 15 31 18 31 0 4 3 6 23 13 2 3 3 8 3 3 30 38 0 2 1 3 5 5 0 106 11 60 29 0 5 199249 5 0 7 3 10 9 3 31 0 5 0 1 7 18 8 12 0 6 5 1 1 0 1 0
14 GCA 40 4 22 5 17 17 15 17 5 6 9 23 0 1 16 9 7 2 2 5 5 33 15 12 11 5 3 16 6 3 0 1 5 2 12 17 199433 41 12 14 14 22 3 1 1 1 8 4 0 0 0 1 15 5 18 20 0 7 0 8 1 2 0 1
15 TGG 0 0 6 1 1 1 2 0 14 7 4 3 4 3 0 0 1 3 3 1 0 2 1 0 6 4 13 37 5 9 10 1 1 1 0 0 0 1 2 4 3 2 4 13 0 2 11 0 0 0 0 1 17 0 2 5 0 2 199746 13 0 1 27 0
16 GTG 205 18 27 20 15 36 28 35 114 3 9 27 0 1 7 3 53 8 54 0 5 1 5 1 161 5 4 171 4 15 11 10 5 4 39 8 15 90 19 27 4 23 60 1 13 7 198443 4 0 11 0 8 8 22 50 31 0 3 3 12 4 3 27 0
17 GAA 0 0 1 1 1 6 1 0 1 12 2 0 2 1 0 1 27 8 23 1 1 4 15 5 16 13 2 5 0 2 3 3 199669 1 13 2 1 8 3 4 8 2 6 0 1 6 2 3 0 0 0 1 75 7 2 1 0 0 16 4 4 0 1 3
18 CGT 26 6 101 0 1 3 0 2 4 10 16 21 5 3 0 1 5 2 2 7 4 16 0 4 23 1 30 199447 1 9 5 11 43 7 10 11 1 0 0 5 19 16 18 21 1 4 1 4 0 3 0 0 5 5 7 3 0 22 5 8 5 8 0 2
19 TTG 1 0 2 0 1 1 1 0 7 1 6 0 1 0 11 1 2 1 1 0 7 4 0 0 6 0 4 3 30 11 7 12 0 0 3 1 2 5 1 1 2 0 2 2 0 2 1 1 0 0 0 2 0 2 2 0 0 0 1 1 21 0 199827 0
20 TTC 0 1 17 0 27 6 14 118 126 7 173 3 42 34 47 5 5 36 5 27 0 4 47 6 34 135 5 171 18 5 64 15 26 11 94 20 3 32 57 38 4 2 2 6 18 29 3 3 0 11 0 3 2 13 9 11 0 27 5 27 9 198314 9 15
21 GGA 15 3 2 7 1 1 2 2 4 8 2 12 0 2 4 1 0 2 0 0 2 3 0 1 2 2 2 2 0 5 2 0 1 4 1 2 5 2 1 0 199754 2 33 8 1 8 22 1 0 3 0 1 2 11 18 18 0 3 3 2 3 1 0 1
22 TAT 3 2 1 8 2 0 0 0 1 3 1 2 0 1 0 0 6 3 4 1 3 1 1 0 1 3 3 3 0 7 0 1 5 8 6 2 1 0 4 6 0 0 0 2 1 0 3 2 0 2 0 199861 3 5 2 2 0 3 1 1 5 4 7 3
23 GAT 7 1 0 19 4 18 7 21 10 4 7 10 1 16 0 7 1 2 6 15 3 0 4 5 12 11 4 1 16 0 3 1 3 2 2 199704 0 1 0 1 2 4 1 4 1 0 2 2 0 9 0 0 9 5 14 1 0 4 5 0 3 0 5 0
24 TGG 2 3 1 7 3 0 3 1 2 2 0 3 1 2 1 0 0 4 0 0 0 0 1 0 20 1 9 10 0 4 6 14 1 0 0 3 0 0 3 1 9 1 1 3 1 5 1 0 0 0 0 0 4 1 3 0 0 6 199787 37 15 0 14 4
25 GCA 6 0 12 0 8 3 0 6 4 28 1 1 5 0 0 6 9 1 9 0 0 2 1 2 9 1 1 1 5 1 0 1 1 15 22 4 199680 5 5 3 2 2 2 8 11 2 43 29 0 6 0 0 17 1 2 2 0 4 0 6 3 2 0 0
26 CAA 0 8 3 2 5 3 4 0 7 1 15 4 2 7 2 2 199642 13 11 15 0 1 8 1 54 15 0 12 21 5 4 29 16 4 3 1 1 0 0 0 2 2 3 0 1 7 0 0 0 0 0 3 1 0 5 12 0 1 2 2 22 7 7 2
27 CAA 4 0 6 8 14 3 3 3 2 2 6 0 3 51 8 315 199358 2 3 0 7 7 6 6 6 0 4 3 2 0 0 1 7 3 0 5 0 2 4 5 1 5 0 0 33 26 48 1 0 0 0 1 2 0 1 1 0 2 4 10 4 0 0 2
28 ACA 2 9 1 6 199618 39 14 0 0 6 13 2 5 3 2 1 0 30 1 0 0 4 1 4 7 4 8 1 1 10 1 1 1 3 1 2 17 35 24 28 1 2 0 0 0 0 0 3 0 33 0 0 7 4 20 9 0 2 1 2 2 2 4 3
29 ATC 0 2 1 4 9 1 0 0 0 0 1 2 10 199814 10 10 7 0 2 0 0 11 1 0 0 2 3 1 1 7 9 1 0 1 4 0 1 0 1 0 3 5 1 4 5 3 0 5 0 5 0 7 1 0 0 21 0 2 3 0 5 3 7 4
30 GGC 5 0 2 0 0 1 2 1 4 7 0 25 0 1 1 2 1 2 1 9 1 6 0 0 17 5 0 2 6 2 0 0 1 0 2 1 2 1 0 1 12 199774 13 14 5 8 10 8 0 2 0 0 6 8 9 5 0 1 1 6 0 1 1 5
31 TGC 1375 7 93 6 0 1 1 3 14 11 93 2 1 6 2 4 159 6 214 6 4 0 0 1 60 33 1 36 16 23 44 27 10 0 0 3 2 0 0 8 10 1 1 1 7 8 3 7 0 3 0 0 2 2 2 2 0 197602 6 4 30 14 11 12
32 AGT 1 6 0 2 5 7 1 8 8 8 7 199787 4 1 1 17 3 0 1 0 0 3 0 0 4 5 7 0 1 3 2 11 2 0 1 0 1 1 2 0 3 1 1 1 3 4 2 2 0 3 0 0 9 25 1 25 0 1 2 1 3 1 2 0
33 GAC 8 13 46 12 223 241 296 119 39 79 62 254 17 3 1 3 7 0 4 6 22 81 30 45 32 40 12 1 7 16 21 1 1 197405 13 13 6 6 18 1 70 84 23 7 2 4 4 13 0 5 0 11 146 105 113 160 0 8 2 10 13 3 13 0
34 GCC 1 3 4 0 1 5 3 2 6 8 3 7 3 2 3 3 17 2 1 2 3 5 0 1 20 1 1 7 0 1 0 1 5 0 2 1 0 199790 14 7 2 5 2 5 4 2 0 0 0 0 0 2 0 7 22 0 0 2 3 0 0 1 4 4
35 GCC 1 40 1 17 140 35 66 31 0 48 3 10 1 10 6 52 0 59 0 4 13 4 1 2 5 6 1 3 3 4 8 2 21 2 8 1 12 199039 16 38 11 2 5 0 16 4 14 15 0 1 0 4 68 1 115 2 0 3 1 0 0 15 1 9
36 GTA 4 1 0 0 2 1 0 0 4 3 10 0 0 0 6 1 2 0 0 5 1 0 0 0 0 0 0 11 3 14 7 0 0 1 0 2 5 0 2 2 0 0 18 5 199864 16 0 1 0 0 0 0 0 0 0 0 0 0 2 1 2 0 4 0
37 TTT 7 1 0 3 4 0 1 2 0 4 0 3 1 0 2 0 0 1 1 1 1 0 13 1 2 0 1 0 1 3 2 4 1 0 1 1 2 2 0 0 1 0 0 1 2 0 3 4 0 9 0 3 9 11 21 6 0 0 0 2 0 8 1 199853
38 CGC 1 3 2 1 1 6 0 1 1 9 12 0 2 0 0 0 2 2 1 6 2 2 0 0 24 199799 5 3 16 2 17 6 1 0 0 0 0 0 0 2 1 3 3 5 0 1 1 0 0 1 0 0 2 9 2 16 0 11 3 2 3 0 5 3
39 CTT 4 0 1 0 0 0 1 1 0 2 5 0 3 4 1 1 0 6 0 0 2 0 0 3 0 1 10 2 6 3 3 199830 0 1 0 1 0 1 1 0 17 21 27 3 1 0 0 0 0 4 0 2 0 0 3 4 0 7 1 0 2 7 8 0
40 AGT 0 4 1 5 2 12 6 11 0 11 1 199703 13 6 2 0 1 4 12 8 0 2 2 2 7 3 4 17 1 0 1 0 6 0 1 1 2 2 2 1 1 9 10 3 0 2 1 8 0 5 0 2 11 13 4 10 0 0 60 3 0 1 0 1
41 GCT 0 10 2 2 13 0 0 5 0 1 1 11 4 0 1 0 8 0 29 0 2 0 1 0 0 1 0 5 0 2 0 0 26 0 3 0 33 7 11 199665 1 0 0 1 1 10 2 3 0 0 0 1 5 10 12 4 0 92 0 13 0 1 0 1
42 CAG 1 0 5 1 7 26 92 2 3 48 3 2 1 0 2 1 10 0 199308 8 31 49 31 7 29 10 37 12 3 1 7 13 2 3 44 8 4 11 11 0 1 2 0 5 2 2 6 3 0 0 0 0 8 38 16 34 0 2 2 1 10 15 15 5
43 GGA 2 99 1 5 3 4 16 5 8 391 4 63 0 2 2 0 3 23 2 27 4 4 5 2 14 3 8 2 3 3 1 1 2 1 1 0 1 1 1 8 198576 0 6 7 11 1 1 5 0 3 0 0 81 220 57 256 0 1 5 4 4 12 14 11
44 AGG 33 0 3 2 1 0 0 3 3 0 199784 0 1 0 1 1 6 0 1 0 3 3 1 1 0 17 32 3 8 0 5 3 1 2 0 7 4 3 2 1 12 5 21 4 0 3 1 1 0 0 0 4 1 3 0 0 0 1 0 0 0 3 1 5
45 CCG 14 22 11 8 5 7 4 1 17 1 26 0 5 0 2 0 13 5 18 9 13 0 199646 15 18 4 20 21 3 0 2 6 4 2 11 0 3 1 3 2 0 3 2 4 1 4 0 2 0 23 0 2 6 1 0 2 0 1 0 1 0 1 4 1
46 GTG 0 17 1 2 35 56 25 43 0 40 6 23 1 0 4 5 0 3 0 1 15 22 11 6 0 3 10 0 6 2 5 0 6 13 0 6 107 151 113 35 27 3 37 7 0 4 199013 8 0 5 0 0 9 20 2 10 0 41 0 22 15 0 4 0
47 TTG 12 0 21 0 3 0 1 1 1 0 1 0 1 0 5 0 4 4 9 42 6 8 4 0 11 5 18 4 3 14 10 29 0 5 2 0 1 1 0 2 3 8 2 2 0 0 0 7 0 1 0 7 2 1 0 0 0 5 0 3 1 12 199702 16
48 TTC 2 0 0 3 1 1 1 5 0 10 0 2 2 6 1 1 4 1 1 4 6 1 1 1 0 0 0 1 1 14 6 0 0 0 0 0 2 3 0 0 3 0 3 0 15 5 0 3 0 4 0 4 5 0 0 1 0 0 3 0 1 199866 3 3
49 GTT 0 0 0 0 2 0 2 1 0 1 0 1 0 0 0 2 0 1 1 0 0 5 0 0 0 1 4 1 16 4 9 7 12 2 2 1 2 2 2 2 4 3 3 0 8 42 13 199824 0 4 0 4 0 0 2 1 0 1 1 1 2 0 3 1
50 AAG 17 4 199815 1 1 0 0 0 3 7 2 8 2 1 2 2 5 2 1 3 0 3 1 0 1 15 2 10 0 0 1 2 0 1 4 0 3 0 1 1 0 5 1 1 6 1 6 0 0 14 0 0 6 0 23 0 0 2 1 3 0 6 2 2
51 ACC 2 5 0 8 16 199786 7 21 4 7 0 1 0 3 2 4 4 1 4 1 1 0 1 7 1 4 2 4 12 5 12 3 0 3 2 8 5 2 13 9 0 2 0 2 2 2 0 1 0 0 0 1 7 2 0 1 0 0 3 1 2 2 0 2
52 GAT 0 3 2 11 8 26 185 156 0 291 1 15 29 72 13 71 29 3 30 1 2 5 1 2 0 3 0 3 0 3 15 5 7 2 7 197142 215 283 491 108 16 3 2 4 11 45 13 3 0 5 0 6 78 10 63 210 0 48 0 237 2 1 0 3
53 TTG 97 7 155 26 9 3 32 12 43 21 52 7 10 6 17 2 6 39 3 1 5 2 20 11 134 6 8 33 3 8 10 3 17 8 12 17 30 63 19 63 2 8 2 3 129 77 8 53 0 79 0 57 8 38 71 32 0 2 42 9 2 46 198304 8
54 TCT 1 1 0 17 0 1 1 0 13 6 10 15 1 3 3 3 3 25 1 5 7 3 0 6 32 13 3 3 1 4 6 3 22 1 9 3 2 0 0 4 0 0 2 4 6 0 10 0 0 0 0 1 47 28 7 199653 0 2 1 2 3 0 2 1
55 GGG 2 3 3 2 2 3 0 6 14 2 4 4 0 1 0 0 11 5 4 80 0 1 0 0 6 12 12 0 0 13 22 0 1 3 3 1 1 5 3 12 9 18 199620 10 27 5 1 11 0 0 0 6 0 2 7 1 0 1 2 10 20 5 3 1
56 GCG 4 5 0 3 5 2 4 7 1 3 3 1 6 0 1 2 2 1 3 37 10 3 6 2 0 0 0 1 0 2 2 0 9 25 3 23 6 11 199724 9 1 2 14 0 2 1 0 0 0 0 0 0 1 2 37 2 0 2 2 1 3 2 0 2
57 CTA 0 2 1 0 1 6 0 2 14 3 4 3 0 2 0 0 0 11 2 5 6 8 4 1 21 8 3 25 199764 7 17 2 0 1 0 1 1 4 1 3 5 0 0 0 2 3 1 0 0 0 0 0 0 2 0 2 0 0 0 0 30 9 11 2
58 AAC 22 199737 3 13 1 5 6 2 4 0 8 0 4 0 1 0 1 5 7 4 6 0 0 3 4 3 23 15 2 1 1 0 9 2 10 3 3 7 11 3 0 3 4 10 0 13 7 0 0 2 0 4 1 2 5 3 0 0 1 0 1 5 9 1
59 GAG 4 4 5 1 7 1 1 0 2 4 2 3 0 1 5 5 3 1 4 0 2 0 6 1 2 2 1 0 2 8 4 2 22 0 199853 16 2 4 2 2 0 0 2 0 0 0 1 0 0 1 0 4 0 0 1 1 0 0 1 1 0 1 0 3
60 CTG 0 0 0 3 1 0 0 1 5 17 10 6 4 7 12 2 2 4 2 0 9 10 6 1 1 5 8 0 12 2 199754 18 0 20 3 9 4 0 2 11 1 7 0 1 0 3 0 4 0 3 0 0 5 1 2 3 0 0 1 9 0 2 4 3
61 CAA 30 2 2 4 0 17 3 2 10 6 17 1 3 0 0 5 199589 39 8 6 0 2 7 1 2 3 7 10 1 2 1 3 31 42 12 17 2 7 2 6 6 1 2 5 10 9 3 0 0 6 0 13 3 2 0 5 0 6 4 2 2 8 7 4
62 GAT 2 5 1 1 14 3 5 0 1 1 1 7 1 1 0 2 1 3 1 2 0 1 1 4 1 0 0 2 1 0 20 0 6 2 131 199727 0 0 1 1 1 0 3 1 4 1 4 7 0 0 0 0 0 1 0 1 0 1 1 8 3 4 10 0
63 GAG 7 5 3 0 3 0 1 0 5 5 0 4 2 2 0 1 7 1 1 2 3 9 4 6 14 8 2 5 1 0 23 1 0 5 199757 20 2 6 9 5 9 0 20 4 0 1 1 1 0 1 0 1 0 3 1 2 0 1 0 2 11 0 11 2
64 GCG 2 0 9 1 1 0 1 1 3 1 7 4 2 1 0 1 1 1 2 0 3 0 1 2 0 2 6 3 1 3 3 1 8 0 7 1 4 0 199804 12 3 8 1 0 4 0 7 2 0 0 0 0 3 48 0 16 0 5 1 2 0 1 0 0
65 GCC 3 2 0 0 4 0 0 2 2 1 0 9 0 1 1 5 1 0 3 1 4 1 1 6 1 2 1 5 4 0 0 1 1 3 19 1 2 199651 11 1 0 1 0 0 67 41 34 48 0 2 0 4 14 0 12 1 0 12 4 3 5 0 0 2
66 CGA 2 0 2 3 1 0 4 1 2 14 1 11 0 0 1 0 4 1 3 8 5 0 4 0 199848 8 6 8 3 3 4 1 0 0 2 2 0 0 1 0 1 0 2 9 1 3 2 0 0 1 0 0 10 4 2 1 0 4 0 1 3 0 3 0
67 CTT 0 1 1 4 2 1 3 0 3 2 3 8 1 5 1 1 0 13 3 13 17 13 10 0 2 0 0 4 8 5 2 199807 2 1 1 1 0 1 0 1 4 2 1 0 4 1 1 4 0 0 0 1 4 7 3 15 0 0 0 1 7 1 2 2
68 TCG 45 1 15 9 9 4 13 0 49 0 68 3 0 18 10 5 42 1 10 3 0 2 1 1 27 108 4 83 8 1 2 3 4 0 7 2 11 6 14 16 2 6 1 10 1 0 3 7 0 12 0 2 31 1 199284 17 0 0 4 1 1 5 5 2
69 TGG 1 1 0 0 1 0 4 1 1 5 1 7 3 3 2 0 0 1 1 1 0 0 0 0 0 2 1 1 8 0 6 1 4 2 1 6 1 0 2 5 7 17 2 14 1 6 2 2 0 8 0 13 6 2 3 2 0 1 199813 0 11 2 14 1
70 CTG 3 0 0 1 4 0 0 0 4 0 15 3 1 0 13 1 0 2 0 0 4 2 14 0 6 2 1 3 2 0 199823 18 0 3 1 0 0 0 4 2 3 1 1 2 7 1 18 1 0 0 0 0 1 2 0 1 0 5 2 3 0 4 13 3
71 GCC 6 9 0 5 0 2 2 1 4 14 12 12 4 2 0 0 0 2 18 0 5 11 2 7 3 1 4 0 0 0 1 1 4 0 6 1 8 199670 9 44 8 25 1 3 8 3 1 2 0 1 0 0 6 42 7 7 0 12 0 0 1 2 0 1
72 ACA 3 1 1 10 199783 15 35 28 0 16 1 5 2 0 0 1 1 9 3 0 5 0 2 0 0 0 4 5 2 0 0 3 2 1 0 5 0 0 1 0 3 3 4 2 0 0 1 1 0 2 0 0 6 13 0 2 0 11 0 0 0 1 1 6
73 ACA 0 1 0 2 199853 0 46 15 1 0 0 0 4 5 0 1 2 0 1 1 2 1 1 0 1 0 0 0 0 0 0 0 4 1 1 0 4 1 3 2 0 1 0 0 2 2 1 0 0 4 0 10 8 2 1 2 0 1 7 0 2 3 1 0
74 GGG 3 0 0 1 4 0 1 4 0 0 1 0 0 1 0 0 0 2 1 0 1 1 1 3 0 1 1 0 0 0 1 0 1 0 1 0 7 5 0 2 16 33 199814 66 0 2 7 0 0 0 0 0 2 1 0 0 0 3 1 2 1 2 7 0
75 GTT 0 0 0 1 7 2 4 1 0 0 2 2 0 6 5 4 8 0 11 1 1 4 0 0 1 1 1 6 5 0 8 0 0 2 1 1 2 0 4 6 1 1 0 1 16 23 8 199836 0 0 0 0 0 0 1 3 0 2 0 2 6 0 3 0
76 CCG 1 0 0 2 12 4 2 3 2 1 6 12 0 1 0 1 2 9 18 7 2 0 199761 12 20 4 1 3 12 2 19 3 0 1 2 1 0 1 1 0 1 0 5 7 0 0 0 1 0 0 0 2 4 3 12 17 0 0 0 2 8 1 9 0
77 TGC 2 0 0 0 5 3 0 3 1 0 8 2 4 1 0 5 0 1 0 0 3 0 1 1 3 0 3 0 0 1 2 5 1 0 7 5 0 0 0 2 3 14 3 1 9 2 11 1 0 0 0 1 2 1 4 2 0 199833 0 30 3 1 10 0
78 GCA 0 1 1 2 0 3 14 1 4 0 0 0 0 3 2 0 5 1 1 1 0 0 3 0 18 3 10 1 0 2 0 0 0 0 0 2 199852 1 9 19 0 2 0 3 1 1 1 0 0 0 0 4 5 7 5 1 0 0 0 0 6 2 2 1
79 GCG 11 9 73 32 10 1 13 0 15 13 32 4 79 37 0 59 25 20 11 4 5 0 13 6 51 22 22 14 3 5 1 2 3 1 9 2 9 1 199254 10 28 18 9 12 2 2 1 7 0 0 0 0 3 3 10 19 0 0 0 1 1 2 1 0
80 GTT 1 1 1 1 1 1 0 0 13 0 5 2 4 1 4 3 0 0 1 1 2 0 0 0 3 7 4 1 0 7 2 8 0 0 0 0 2 0 1 2 3 1 1 1 29 9 2 199845 0 0 0 0 0 1 0 3 0 5 1 5 1 0 14 0
81 TTA 3 0 5 7 4 1 0 20 2 0 0 2 16 4 7 9 3 2 7 1 4 8 3 2 5 5 6 5 21 20 2 5 34 0 3 0 1 2 2 4 8 1 5 5 0 0 2 6 0 6 0 3 0 0 2 2 0 0 1 0 199717 0 15 2
82 GAT 2 2 3 3 9 1 1 3 0 2 2 0 1 0 1 0 0 4 2 2 0 1 0 0 0 0 0 0 1 0 0 0 1 7 0 199900 0 2 5 0 2 1 2 2 2 1 0 1 0 5 0 20 3 0 1 0 0 3 0 1 0 0 1 0
83 GTT 4 0 1 0 6 5 3 0 13 11 27 10 1 3 5 13 6 0 4 0 0 0 1 6 6 13 2 28 7 5 26 2 4 0 4 2 5 4 28 2 15 9 14 5 11 3 11 198853 0 4 0 2 13 6 4 4 0 5 0 3 12 197 19 553
84 GTA 1 4 0 0 5 2 11 0 1 3 1 15 3 4 2 4 8 1 9 0 4 0 1 1 1 2 2 1 1 2 2 2 1 3 0 0 12 3 0 7 0 0 0 2 199804 6 7 22 0 1 0 2 6 1 5 2 0 7 2 7 1 1 4 1
85 ACG 0 2 2 5 5 34 199823 0 3 0 0 8 1 5 1 9 1 0 0 0 1 3 1 0 1 1 4 2 3 1 2 1 0 1 2 2 0 4 6 8 0 0 0 0 3 2 8 0 0 4 0 0 3 5 6 4 0 8 2 5 4 3 1 0
86 GAG 0 4 2 7 0 2 0 1 0 0 0 0 3 2 5 1 0 1 1 0 7 1 7 2 0 1 1 0 5 2 4 0 13 4 199845 2 3 0 6 8 1 5 3 10 0 6 4 0 0 2 0 1 0 1 0 2 0 1 2 5 0 4 10 3
87 GCG 0 1 20 3 6 0 0 8 0 17 1 4 0 5 33 10 2 13 2 0 9 9 1 7 2 0 8 2 6 1 3 6 7 0 0 4 4 3 199699 40 0 2 2 7 1 0 9 1 0 6 0 0 4 6 6 4 0 0 4 1 6 3 2 0
88 GGC 0 3 3 2 0 4 0 0 9 2 0 5 0 0 3 0 1 1 0 0 0 0 0 0 3 6 1 5 2 4 3 0 3 11 1 4 1 0 2 3 1 199845 0 27 2 0 1 3 0 4 0 2 1 7 11 2 0 1 0 4 3 1 3 0
89 AGG 4 0 6 11 0 11 0 2 3 2 199722 1 1 4 0 0 0 14 5 8 2 1 2 1 15 33 57 3 1 0 0 1 4 0 4 0 1 0 1 2 4 8 2 3 0 1 5 1 0 2 0 1 0 20 1 6 0 10 0 5 1 7 0 1
90 GAT 0 4 1 0 2 9 5 2 4 7 0 7 1 0 0 2 3 5 3 1 1 3 1 2 0 1 4 0 0 0 0 0 1 34 2 199820 3 14 0 1 1 4 11 2 0 2 2 1 0 6 0 2 3 1 3 0 0 6 4 8 1 0 0 0
91 TGG 0 5 3 0 6 0 1 1 0 11 1 13 1 3 1 1 17 0 0 1 0 3 0 1 1 2 5 2 4 3 5 5 0 0 0 2 4 4 1 1 16 6 6 5 1 3 2 0 0 4 0 0 5 1 1 2 0 5 199806 18 1 5 2 3
92 CTA 2 0 0 8 1 1 2 0 5 2 0 0 3 0 3 1 6 1 3 0 3 3 3 3 2 1 3 0 199824 21 1 16 0 2 0 0 1 2 2 7 4 0 0 1 5 4 1 3 0 1 0 3 1 2 0 0 0 8 0 3 26 1 5 0
93 TTA 2 4 1 0 2 3 1 2 1 0 6 6 0 1 8 1 0 0 2 1 1 10 8 10 8 1 2 4 4 25 14 17 3 0 1 2 4 1 0 2 1 11 3 0 3 0 6 16 0 0 0 0 5 1 0 0 0 0 0 5 199775 10 4 2
94 TTA 1 0 0 1 10 4 7 19 2 0 6 2 0 0 2 1 3 0 2 1 8 5 2 6 6 0 1 1 16 12 18 4 0 0 0 0 1 1 1 1 0 1 0 0 3 1 0 5 0 1 0 0 0 0 1 1 0 0 2 3 199835 2 1 0
95 GGT 1 2 6 1 0 0 0 1 9 1 15 0 1 1 1 0 0 2 1 2 2 3 1 1 11 2 3 4 0 1 1 2 0 1 1 0 1 0 0 0 27 12 5 199809 12 4 8 9 0 1 0 3 1 8 1 0 0 1 2 11 4 3 0 1
96 GAG 15 1 10 0 1 2 1 1 1 0 0 0 1 1 0 0 4 3 10 2 0 1 0 0 2 0 2 0 0 1 1 7 21 0 199834 0 17 1 3 7 8 0 23 0 4 3 0 0 0 2 0 0 2 0 1 1 0 0 0 0 4 1 1 0
97 GTT 2 0 0 0 5 1 4 3 12 0 3 1 0 0 0 0 1 0 0 1 2 3 2 0 3 17 2 4 8 6 0 8 2 1 0 3 0 2 2 2 5 7 0 2 12 6 6 199843 0 3 0 0 1 1 1 1 0 2 0 3 4 1 0 2
98 CCG 1 1 0 1 4 6 2 2 0 1 6 9 0 1 2 0 7 0 2 0 2 2 199847 4 4 4 7 17 5 0 1 5 1 1 0 1 4 0 0 1 1 5 2 4 4 1 1 0 0 0 0 1 0 4 4 0 0 0 4 6 4 1 6 1
99 GGG 0 0 2 0 1 0 1 1 6 1 1 5 1 1 2 1 1 0 0 1 0 3 0 0 0 5 4 6 2 0 3 0 1 3 1 2 1 3 10 3 21 28 199818 12 0 4 3 3 0 0 0 2 2 8 0 7 0 5 1 4 1 2 4 3
100 CAA 15 0 1 1 1 7 7 3 1 1 1 2 5 0 3 1 199833 2 4 4 1 5 1 11 1 6 6 3 0 2 6 2 19 1 12 0 3 1 0 0 1 2 0 0 0 2 0 0 0 0 0 1 0 5 0 2 0 0 0 3 12 0 0 0
101 GAC 0 1 0 4 1 0 3 3 1 10 0 3 1 0 5 0 5 4 1 3 0 0 1 0 0 5 1 5 0 0 1 2 2 199805 0 37 2 0 9 23 7 0 0 6 4 8 14 2 0 0 0 2 8 5 1 1 0 3 0 0 0 0 0 1
102 TTG 1 2 1 0 1 1 0 1 0 1 19 0 2 0 8 5 3 1 0 0 0 0 15 6 14 1 3 6 7 3 12 12 4 7 2 1 5 2 5 9 1 4 1 2 2 0 1 0 0 2 0 1 0 3 2 0 0 3 2 0 56 1 199758 1
103 CTT 1 1 3 0 0 0 3 0 1 1 1 0 0 0 0 0 1 0 0 2 0 1 11 2 2 0 0 4 0 31 16 199873 0 0 0 5 0 0 2 0 0 0 0 1 2 2 2 1 0 4 0 0 12 3 3 1 0 1 0 0 6 0 1 0
104 AGT 0 1 0 1 12 26 0 8 7 16 4 199761 1 1 3 10 4 1 3 2 0 6 1 1 27 0 1 3 0 1 0 3 0 0 1 2 1 1 1 3 14 9 0 3 4 0 2 6 0 1 0 1 2 6 18 2 0 2 0 2 2 3 6 4
105 TCC 1 1 3 0 1 1 1 0 1 16 1 0 1 1 0 2 1 0 2 0 0 0 1 0 6 7 2 8 2 0 3 4 2 3 0 7 0 1 1 5 32 0 5 3 1 3 1 1 0 1 0 1 14 199799 29 8 0 0 1 0 3 0 13 0
106 CAC 1 1 0 3 1 2 0 2 4 14 4 15 1 2 8 2 12 199605 34 7 13 12 39 13 15 2 6 4 1 0 1 1 10 14 37 13 1 0 0 15 8 3 15 1 3 1 0 3 0 2 0 6 5 6 4 10 0 7 2 3 2 0 1 3
107 CTG 1 3 1 0 5 0 1 1 2 0 0 0 4 0 1 0 3 0 4 2 0 1 17 0 0 2 3 2 9 7 199798 29 1 8 0 1 1 2 0 0 1 0 0 1 0 3 6 2 0 0 0 1 1 0 0 5 0 5 0 0 54 0 11 1
108 GCC 2 0 1 0 3 1 0 4 0 18 3 3 1 0 3 1 4 0 1 0 85 14 9 13 1 0 0 1 0 1 0 1 3 0 8 1 8 199668 1 20 12 8 7 5 5 5 4 13 0 2 0 0 3 5 0 40 0 0 5 3 0 3 1 0
109 CCG 0 3 2 0 1 12 0 0 1 0 3 4 0 1 1 5 10 1 0 0 0 11 199837 25 0 2 0 0 16 0 2 4 0 0 3 2 2 1 2 0 2 2 0 0 15 4 2 0 0 0 0 2 0 0 5 1 0 0 1 0 1 1 3 10
110 GCG 7 0 1 2 4 0 0 1 0 3 4 0 1 2 0 1 1 1 1 3 0 6 0 3 4 0 2 0 2 5 0 7 4 1 2 14 4 6 199813 12 0 2 0 0 1 6 0 0 0 0 0 2 1 4 18 21 0 2 1 11 4 6 2 2
111 GAG 1 1 1 2 6 6 0 4 2 0 2 2 0 2 1 5 1 1 4 4 4 1 5 0 2 2 5 1 1 4 7 5 14 1 199843 9 0 0 0 0 3 1 4 9 0 1 1 2 0 0 0 0 5 2 1 1 0 1 0 6 5 0 7 2
112 AAA 199914 0 8 3 1 1 3 1 1 2 0 1 3 2 0 3 1 1 2 1 1 2 0 0 2 0 3 0 3 0 0 4 0 0 5 4 1 0 0 0 2 1 2 1 0 0 2 0 0 3 0 2 0 2 0 0 0 4 0 6 1 0 0 1
113 GTA 1 0 0 2 7 14 14 5 1 2 5 0 1 2 2 0 0 1 0 0 0 1 0 2 2 4 1 0 3 0 9 5 0 1 0 0 3 0 3 2 4 0 2 3 199804 20 25 14 0 1 0 8 4 3 0 2 0 5 1 1 3 2 2 3
114 AGT 3 6 2 3 5 3 1 3 1 2 12 199188 3 2 3 1 2 1 2 0 8 3 5 0 3 1 4 0 2 4 2 11 5 3 5 0 118 128 13 82 5 14 1 5 3 1 1 10 0 0 0 1 10 4 16 1 0 227 0 36 16 1 8 0
115 ATA 6 0 4 1 0 4 3 0 4 1 4 6 199887 17 1 5 1 0 0 2 3 3 0 4 1 5 0 2 1 1 0 0 4 3 0 5 0 0 0 0 0 2 0 2 0 0 2 1 0 0 0 0 3 0 1 2 0 0 0 1 6 2 0 0
116 ATG 0 1 0 1 3 0 0 1 3 0 0 1 1 6 199887 1 1 1 0 2 7 1 0 2 14 0 5 8 2 2 2 0 0 2 1 0 0 1 2 0 0 0 0 0 5 6 7 9 0 4 0 2 0 0 1 4 0 3 1 0 0 0 0 0
117 GCT 3 1 1 1 4 0 1 3 4 3 7 14 0 2 1 4 2 3 2 0 0 0 0 0 3 3 2 8 4 0 0 2 3 0 1 2 11 0 23 199850 1 3 0 1 1 3 7 0 0 0 0 3 0 1 8 1 0 0 0 0 0 2 1 0
118 GAT 0 0 1 0 0 2 1 2 1 4 3 1 4 4 0 5 7 5 4 1 0 1 0 0 1 2 0 0 7 0 0 0 1 33 4 199832 1 10 3 3 4 4 0 0 7 0 12 2 0 5 0 2 7 1 2 1 0 3 0 1 3 0 0 3
119 GCT 3 0 3 0 1 0 2 3 0 1 0 5 0 1 3 3 1 0 0 0 0 7 0 0 0 2 0 1 0 1 0 0 3 0 4 1 6 17 36 199861 0 2 2 0 0 4 1 1 0 0 0 0 1 3 8 2 0 1 0 3 0 0 1 6
120 ATG 1 4 2 1 20 0 2 13 1 1 0 9 15 3 199730 3 1 2 5 0 0 0 1 1 4 1 0 8 8 17 21 0 6 2 3 7 0 0 0 1 3 15 2 2 8 5 2 5 0 0 0 10 1 0 1 1 0 3 6 0 24 6 10 3
121 AGG 3 0 3 0 0 10 3 18 39 12 199696 8 3 2 0 13 0 2 3 3 8 4 1 4 16 12 2 1 15 13 1 11 0 2 1 0 0 5 4 1 8 1 2 3 3 7 1 1 0 0 0 6 4 4 2 8 0 0 1 0 16 2 8 4
122 CGT 1 3 0 1 5 4 9 0 18 1 6 30 2 3 4 1 0 0 3 6 0 0 0 3 14 34 3 199019 11 110 53 93 6 0 2 7 1 20 4 2 3 13 1 4 5 2 5 3 0 1 0 3 9 21 0 21 0 2 21 1 254 0 151 1
123 TTA 2 0 0 0 0 0 1 1 14 1 6 2 0 0 5 4 0 2 2 2 5 4 2 1 3 4 1 11 0 9 13 3 3 6 3 2 1 1 0 0 1 10 0 1 7 8 9 3 0 1 0 5 0 1 0 3 0 3 2 1 199809 2 20 0
124 CAC 8 0 1 8 4 2 8 8 4 1 11 1 1 3 1 1 7 199782 3 13 4 5 13 10 6 2 0 0 2 0 2 1 0 12 1 6 0 0 9 1 3 1 4 0 0 1 1 2 0 0 0 5 3 6 5 6 0 1 0 5 2 1 9 4
125 ACA 0 10 0 17 199729 2 8 2 4 21 2 6 0 8 3 0 0 0 2 1 1 5 14 6 0 10 14 14 1 2 0 1 0 0 0 3 8 13 1 14 6 5 3 0 3 2 1 0 0 1 0 3 18 7 5 10 0 2 3 1 3 1 2 2
126 CTA 0 1 0 0 0 3 2 0 2 0 0 0 0 0 5 0 0 1 0 0 28 7 0 5 4 0 2 0 199854 3 2 14 0 0 2 3 2 0 1 0 1 2 0 1 1 11 9 8 0 4 0 0 1 2 0 2 0 4 0 4 0 0 8 1
127 GAT 0 5 5 0 6 0 0 0 0 4 0 11 0 3 1 0 1 0 5 1 0 5 1 0 2 1 1 1 0 0 0 2 6 29 3 199769 0 0 1 0 1 1 2 3 0 0 2 1 0 4 0 10 40 12 26 28 0 2 0 1 1 0 0 3
128 CCA 1 0 4 3 4 2 8 4 2 3 4 0 0 0 2 6 1 0 5 0 199845 14 8 11 4 1 6 2 3 0 0 5 2 0 0 2 3 4 0 1 4 1 1 0 2 0 1 1 0 0 0 9 0 7 1 3 0 0 2 3 2 0 0 3
129 GCA 3 3 1 0 0 2 5 1 4 2 10 3 4 0 1 0 3 0 0 3 1 6 2 4 3 4 3 14 5 7 5 0 1 0 7 0 199761 13 9 21 2 0 2 3 2 2 1 2 0 15 0 3 6 0 33 11 0 0 0 1 1 1 1 3
130 ACG 9 1 7 9 20 14 199841 2 2 13 3 2 0 1 8 1 0 0 0 0 0 2 2 1 1 0 2 0 5 4 11 9 2 1 0 0 1 0 0 1 1 0 2 0 1 0 1 0 0 3 0 0 0 0 3 0 0 0 1 0 9 1 3 0
131 TGC 0 0 0 5 4 8 6 5 5 4 2 0 0 0 3 1 5 2 2 1 3 0 0 0 0 0 3 0 3 2 0 3 1 5 6 4 2 1 0 2 1 0 1 0 1 0 0 0 0 0 0 5 7 1 4 4 0 199875 2 3 0 5 0 3
132 CCA 2 5 1 3 7 11 3 4 13 0 5 8 0 0 1 1 3 0 0 1 199802 13 26 4 5 0 0 12 0 6 5 2 1 1 0 2 12 4 5 2 1 0 0 0 0 0 0 0 0 1 0 0 4 7 2 8 0 1 0 0 2 2 1 1
133 TTC 2 0 0 0 2 0 1 1 0 0 0 0 0 0 0 1 0 0 0 1 0 2 2 2 1 0 0 0 0 4 0 3 0 0 0 1 3 0 0 0 0 0 0 2 4 3 0 0 0 1 0 2 4 0 0 0 0 0 2 5 4 199943 0 4
134 GAT 0 1 0 6 2 1 2 0 0 1 0 4 0 2 0 1 4 3 33 2 1 4 2 4 4 0 0 0 4 1 0 2 2 22 2 199852 4 2 3 0 4 6 0 0 1 0 2 2 0 4 0 2 0 1 0 0 0 0 4 0 1 2 0 0
135 CAC 2 5 1 3 0 8 8 4 1 1 1 3 3 0 1 1 8 199893 0 6 1 10 5 6 4 1 0 0 0 1 1 1 0 0 1 1 1 1 2 0 1 4 0 0 1 0 3 0 0 0 0 0 0 2 0 1 0 0 0 0 1 1 1 0
136 CAA 3 1 4 2 13 3 0 16 3 0 12 4 2 1 7 2 199854 5 16 3 1 2 0 5 1 0 0 0 0 0 0 2 2 1 2 1 0 2 1 0 3 0 0 2 0 1 1 0 0 0 0 0 9 1 4 1 0 2 0 3 0 0 0 2
137 GCG 13 0 10 0 11 0 2 10 33 2 100 3 145 12 21 262 22 1 20 2 0 0 2 3 54 57 1 80 11 34 7 38 3 0 2 0 14 3 198425 19 1 2 2 9 3 82 16 10 0 31 0 251 1 1 3 5 0 7 10 9 35 65 32 3
138 AAA 199871 1 7 3 3 1 0 0 8 1 18 8 0 0 0 0 0 1 4 1 1 1 2 1 0 11 3 4 1 0 0 0 0 0 3 0 1 9 4 3 0 1 0 0 0 0 1 2 0 12 0 2 0 1 2 2 0 1 2 1 1 1 0 0
139 CAC 1 8 11 7 1 3 1 1 3 3 14 1 6 0 0 0 14 199755 5 6 2 2 7 14 5 1 3 5 1 8 3 4 1 4 3 14 5 7 2 9 0 0 3 1 7 1 0 4 0 3 0 0 0 10 3 0 0 2 5 0 4 6 4 7
140 CGA 0 1 0 0 0 0 0 7 11 2 1 9 3 0 1 1 0 1 0 1 3 1 1 0 199885 1 2 3 7 1 2 3 0 0 2 0 3 0 0 1 0 10 0 5 0 0 0 0 0 0 0 0 1 2 2 13 0 0 0 0 7 0 7 0
141 ATA 1 0 1 4 5 0 4 8 2 1 4 1 199736 19 4 18 4 0 1 6 0 0 0 2 1 8 0 1 1 8 3 0 0 7 0 2 1 1 0 2 4 5 1 1 32 15 29 18 0 3 0 3 0 3 1 3 0 2 0 13 5 1 2 3
142 GAA 5 0 3 0 1 0 3 0 1 0 0 0 0 3 9 0 2 0 1 1 2 0 0 4 0 0 0 1 0 0 0 5 199919 2 2 2 0 0 0 4 0 7 3 3 0 2 3 2 0 3 0 0 1 0 0 0 0 0 0 2 0 1 1 2
143 CGA 0 0 1 1 68 8 4 120 5 7 0 7 4 0 10 5 2 15 0 7 8 9 3 2 199521 11 9 12 18 0 17 0 0 0 2 1 1 4 0 1 7 6 2 10 5 3 24 9 0 0 0 0 10 1 1 16 0 0 0 8 10 2 2 1
144 GCA 3 0 0 8 0 3 2 1 0 1 1 6 2 1 0 4 0 0 7 1 1 1 0 4 0 0 0 0 2 0 0 0 3 0 3 0 199873 5 32 11 0 3 0 0 1 0 4 1 0 0 0 0 3 0 3 4 0 1 0 0 0 5 0 0
145 AGA 4 2 0 5 1 1 2 0 199732 3 4 1 0 0 0 0 0 5 0 27 2 2 1 6 19 12 22 19 15 9 10 4 2 0 1 0 1 3 8 3 6 2 4 7 0 3 4 1 0 1 0 0 11 0 2 0 0 4 0 2 15 7 0 5
146 ACT 13 2 84 18 19 2 2 198641 40 5 10 9 29 4 1 5 38 45 31 27 1 1 6 1 5 40 56 0 50 25 55 5 83 8 51 12 18 18 1 8 4 10 3 1 117 35 37 185 0 0 0 1 5 1 5 9 0 23 1 10 61 3 18 2
147 CGC 1 1 3 0 0 1 1 2 11 1 17 9 0 0 1 1 0 1 5 5 2 0 1 6 5 199790 2 7 5 0 6 19 2 0 0 0 2 2 3 3 6 6 10 7 0 4 0 5 0 2 0 7 1 0 19 2 0 6 0 1 3 1 3 2
148 ATG 1 2 1 1 0 2 0 1 0 2 1 1 11 3 199894 10 4 1 11 1 0 0 0 0 1 3 1 2 0 7 0 0 1 1 2 2 0 1 0 1 2 2 2 0 13 0 0 0 0 1 0 1 2 1 0 1 0 2 0 1 2 0 0 1
149 GAG 57 69 49 56 0 0 3 2 2 3 17 1 34 7 9 89 27 13 8 2 0 0 0 0 2 13 3 6 24 29 37 103 13 7 198998 14 0 8 3 2 39 8 1 48 5 25 14 8 0 1 0 9 1 33 4 4 0 37 0 9 1 3 17 23
150 GCT 6 3 0 0 3 1 0 5 2 8 0 5 0 1 3 0 18 63 15 15 3 9 5 0 2 2 11 0 0 2 0 0 4 3 4 1 11 25 31 199661 2 1 1 7 0 13 3 0 0 6 0 3 8 4 12 4 0 2 0 3 0 6 0 3
151 GGA 1 18 1 2 0 5 0 0 2 4 11 5 0 1 1 1 2 3 1 3 4 3 1 0 9 10 4 1 2 1 5 1 42 1 8 7 1 0 4 2 199723 14 28 11 12 4 3 4 0 3 0 3 4 1 9 2 0 4 2 5 0 1 0 0
152 CTA 3 0 7 3 0 1 1 1 5 0 1 2 0 2 15 3 1 1 0 0 12 1 0 0 1 0 3 4 199768 22 48 24 0 1 1 1 1 4 0 2 1 7 2 0 3 1 9 1 0 1 0 13 1 3 1 6 0 2 0 1 5 0 3 1
153 GTA 0 1 3 1 8 3 4 2 3 1 0 3 29 22 48 25 0 1 3 3 28 177 21 98 12 1 0 5 14 37 94 90 2 1 1 0 11 0 1 0 1 3 0 4 198830 35 20 0 0 6 0 0 2 2 4 2 0 18 0 2 65 115 45 93
154 GAT 2 3 0 1 2 2 0 3 1 4 26 1 0 2 1 2 0 2 3 1 4 0 0 3 0 11 8 0 1 7 0 2 7 5 1 199839 4 2 0 2 14 5 1 3 0 5 4 1 0 1 0 1 0 0 3 1 0 1 0 1 1 1 2 3
155 CAA 3 3 2 0 130 12 143 189 36 1 7 8 75 108 211 114 193483 8 0 4 3 14 4 12 0 5 1 2 5 103 13 1 131 0 241 3 10 5 3 13 13 8 31 4 128 859 137 40 0 183 0 242 4 9 1 4 0 86 3009 79 3 27 16 11
156 GAT 1 2 3 0 1 5 3 3 1 1 0 8 2 0 2 0 4 4 0 3 5 2 3 0 1 0 5 1 0 6 1 5 0 0 2 199842 8 2 7 5 1 0 1 1 1 1 0 0 0 25 0 5 1 0 7 4 0 3 1 1 4 0 6 0
157 GAT 1 5 2 1 0 1 0 2 0 0 0 2 0 0 3 0 1 1 2 0 1 0 1 1 0 3 0 0 1 1 0 0 3 3 0 199905 4 1 4 0 12 2 2 10 2 1 2 0 0 0 0 8 4 3 0 0 0 1 1 2 0 0 1 0
158 CTT 4 13 0 0 2 4 0 6 3 0 3 0 2 0 12 1 10 3 1 2 2 1 14 1 5 2 18 1 14 1 29 197314 1 0 3 0 1 0 4 0 4 3 2 1 1 4 1 4 0 85 0 308 5 2 0 3 0 3 120 5 0 242 13 1717
159 GAC 0 7 1 6 12 0 5 7 2 4 0 0 4 0 1 0 5 1 4 5 1 0 1 0 14 1 5 1 0 2 0 1 1 199821 12 0 0 0 2 0 0 7 3 5 0 3 1 0 0 41 0 0 1 1 0 3 0 3 0 0 2 1 2 1
160 GAG 5 8 8 2 4 0 2 0 0 7 9 2 1 3 1 1 82 3 13 2 0 1 2 2 8 3 1 0 0 1 5 5 14 74 199576 72 6 10 2 2 1 7 1 7 2 0 3 3 0 2 0 7 4 1 0 2 0 2 1 6 1 5 2 6
161 GAG 4 3 1 1 0 1 1 1 0 1 15 0 4 0 0 5 12 0 2 2 1 2 4 0 0 0 1 0 0 0 0 0 10 0 199882 4 1 10 0 3 2 2 1 8 0 0 0 1 0 0 0 1 1 2 1 0 0 5 0 3 0 0 0 2
162 CAT 1 78 0 267 8 0 2 3 3 4 4 2 3 0 1 1 0 8 1 199429 2 0 1 0 1 7 4 0 1 1 0 0 0 10 0 0 2 0 4 3 43 0 19 55 0 3 1 1 0 0 0 5 1 1 4 0 0 0 0 5 6 1 4 0
163 CAA 12 1 7 0 131 40 56 11 2 2 29 0 64 313 299 159 196763 4 0 6 4 12 4 1 18 4 4 9 21 388 24 203 2 2 12 4 43 55 26 42 0 7 2 13 147 240 88 37 0 145 0 186 11 3 20 8 0 80 14 33 66 71 22 30
164 GGG 3 3 1 0 0 3 0 1 2 0 2 0 0 0 1 0 1 0 2 1 1 1 4 3 4 1 4 0 2 0 1 0 0 1 5 1 7 0 0 1 11 11 199849 18 16 2 4 11 0 3 0 0 8 0 0 0 0 3 0 7 0 1 0 0
165 CTG 1 4 2 9 12 7 1 3 2 5 1 1 15 5 13 5 2 2 4 0 50 5 5 4 2 2 2 0 2 2 199449 19 0 1 4 4 3 3 3 1 0 0 0 3 38 84 19 20 0 13 0 8 1 0 0 0 0 9 0 11 51 14 19 55
166 GCG 6 3 14 3 4 7 10 0 3 2 6 6 1 6 0 8 8 3 0 1 2 1 0 2 0 1 0 1 11 21 7 3 2 9 17 2 2 1 199711 13 0 0 0 3 1 13 2 4 0 2 0 6 1 13 0 3 0 1 0 7 24 3 20 0
167 CCC 0 8 6 1 16 6 1 4 2 0 3 1 51 17 17 62 7 1 5 0 26 198937 9 4 5 1 3 0 51 42 164 38 1 4 4 2 2 4 5 1 5 3 11 4 29 40 67 48 0 2 0 14 2 3 3 4 0 1 1 10 185 0 56 1
168 GCG 23 1 0 1 6 39 20 3 1 12 1 31 9 28 4 7 4 4 2 7 0 3 3 0 1 16 10 0 8 3 5 2 0 1 22 0 7 12 199499 25 2 2 3 0 1 3 7 1 0 2 0 0 29 40 7 45 0 0 19 2 5 2 2 8
169 GAA 3 1 1 3 0 1 1 2 0 6 3 3 1 0 0 0 2 2 4 1 4 6 1 3 2 0 2 0 3 2 0 1 199856 1 15 6 1 0 0 0 1 1 9 13 10 7 0 5 0 0 0 1 2 2 2 0 0 1 0 2 4 1 1 1
170 CTC 0 1 0 0 1 1 0 0 2 0 0 1 1 0 5 2 1 1 0 2 2 25 0 9 1 0 1 1 12 199807 33 5 3 4 1 4 1 2 0 0 0 2 0 2 2 1 1 2 0 0 0 0 3 0 0 3 0 35 0 4 0 1 8 7
171 TTT 0 0 1 0 0 2 0 1 2 2 28 4 0 0 0 1 4 0 3 0 0 1 1 9 2 11 2 1 39 4 12 7 3 4 1 4 6 0 0 3 1 4 8 6 3 5 17 0 0 0 0 0 3 2 5 4 0 1 0 0 6 0 5 199772
172 GCT 1 1 5 3 3 2 2 1 29 0 15 0 1 0 2 2 15 3 0 6 2 2 0 0 20 0 9 27 0 4 3 1 13 0 15 4 3 2 7 199716 2 1 0 0 22 1 11 30 0 0 0 1 0 7 0 1 0 0 0 0 0 3 2 0
173 AGG 2 1 1 0 1 1 1 1 34 4 199297 10 0 0 190 1 48 2 28 1 0 2 6 2 2 13 35 11 6 28 13 36 11 1 0 0 2 2 5 6 5 2 5 2 8 3 6 14 0 0 0 2 13 2 2 11 0 4 5 0 64 0 48 0
174 TTG 2 0 1 3 0 0 1 1 0 0 0 1 0 3 8 0 1 1 0 3 1 1 1 1 2 2 0 1 3 9 5 10 2 0 0 4 1 1 0 0 1 3 3 2 0 1 0 3 0 2 0 0 2 5 0 0 0 1 1 18 8 2 199877 2
175 AAA 199331 1 21 0 5 0 0 4 1 4 5 3 2 9 5 3 30 1 7 1 0 7 0 1 6 1 4 0 86 24 61 114 1 4 4 0 2 0 0 3 3 3 1 4 29 63 4 21 0 2 0 0 0 0 7 3 0 1 2 1 96 3 3 3
176 GCT 0 8 3 1 3 1 0 0 2 0 1 1 0 2 0 0 14 1 2 4 3 0 1 1 11 8 6 8 3 1 3 4 2 6 1 0 21 12 11 199790 3 0 3 0 1 3 0 2 0 2 0 1 6 14 5 11 0 1 0 0 0 3 10 0
177 CGG 5 98 0 197 432 1989 174 875 9 191 21 1074 313 268 247 111 60 4 42 142 6 4 5 7 15 14 185102 34 456 180 341 402 77 57 487 30 60 287 381 254 157 117 783 308 80 6 135 48 0 5 0 144 329 269 904 111 0 219 250 492 414 561 142 75
178 ATG 38 0 21 1 18 67 5 27 74 1 2 6 11 4 198295 10 4 45 28 22 16 32 19 65 18 28 45 104 68 38 20 9 5 2 10 0 2 0 5 0 3 0 1 6 9 4 18 23 0 183 0 129 0 4 1 4 0 18 104 56 43 189 1 39
179 CCC 1 2 2 0 2 10 2 2 25 17 19 1 18 13 0 33 10 0 8 1 12 199635 37 28 11 10 1 10 2 15 5 0 2 1 0 1 1 1 8 0 2 0 3 0 3 3 0 3 0 0 0 1 3 21 4 0 0 2 1 0 5 0 2 1
180 GAC 0 0 4 9 14 2 9 5 23 1 11 1 32 4 0 3 2 1 2 0 16 1 1 3 4 3 7 0 1 5 1 6 16 199648 0 21 8 6 6 4 8 4 0 1 3 1 2 2 0 2 0 4 3 0 6 1 0 2 12 2 0 26 8 33
181 GGT 4 2 0 0 5 6 1 3 9 3 5 28 2 1 0 0 4 0 0 0 3 0 0 0 11 2 7 10 0 4 0 2 3 0 0 1 1 10 5 2 0 5 2 199698 7 43 0 22 0 2 0 26 1 8 0 12 0 28 0 9 0 2 1 0
182 GAA 1 2 2 8 1 3 4 9 1 5 0 0 6 1 1 2 0 0 7 0 2 1 0 0 0 4 1 1 2 1 0 0 199830 3 20 0 3 0 1 10 4 7 7 8 4 2 6 0 0 1 0 1 0 2 11 6 0 4 0 0 2 1 0 2
183 GAT 0 0 0 3 0 3 4 1 4 0 8 0 2 0 0 1 1 0 2 4 0 0 0 0 0 1 13 4 2 0 1 0 1 2 2 199912 1 1 2 5 4 1 1 3 0 1 1 0 0 2 0 1 3 0 0 1 0 0 0 0 1 0 1 0
184 TTG 3 7 1 1 4 0 2 0 0 1 10 3 0 1 5 0 7 0 41 0 5 3 2 17 2 4 1 3 0 7 5 11 1 0 0 2 0 0 1 0 7 0 2 0 0 0 3 1 0 1 0 3 0 0 0 2 0 0 0 0 10 0 199821 0
185 GTG 0 0 1 0 3 0 1 2 2 0 2 6 0 4 1 0 1 2 0 1 0 0 0 1 1 5 1 0 0 2 1 4 1 2 0 1 3 2 9 1 0 2 0 1 10 15 199894 2 0 0 0 2 0 4 0 3 0 1 1 1 3 0 1 0
186 GTA 2 0 0 1 1 1 1 0 1 1 0 0 2 1 4 4 0 0 0 0 3 0 7 0 0 1 0 3 1 5 6 1 0 0 2 4 2 4 2 5 4 1 0 9 199885 5 5 12 0 0 0 0 1 0 1 1 0 1 0 2 7 0 1 0
187 ACT 0 1 4 0 0 25 3 199910 0 3 0 3 0 2 0 0 0 1 1 6 0 0 4 0 0 1 1 0 1 0 0 1 0 0 0 1 0 5 0 1 0 0 1 0 0 0 2 0 0 2 0 1 3 3 1 6 0 2 0 1 3 0 0 1
188 CAT 0 0 1 4 0 0 1 0 3 5 0 2 1 2 0 1 14 2 2 199822 3 1 2 5 0 4 9 5 2 8 9 6 0 6 0 5 0 1 1 0 0 1 1 1 1 1 0 3 0 9 0 30 0 2 2 1 0 13 1 0 4 3 0 0
189 GGG 0 1 0 0 1 6 0 0 1 4 2 8 4 0 0 0 2 1 1 1 0 0 0 0 0 5 1 0 2 6 0 0 0 2 1 1 0 0 1 2 4 1 199866 14 19 2 9 3 0 0 0 3 10 4 2 3 0 1 1 0 3 0 2 0
190 GAT 0 0 3 3 0 2 0 0 3 0 6 0 0 0 1 0 2 2 4 1 0 0 1 0 5 4 2 0 3 0 0 2 0 14 10 199893 1 4 0 0 0 1 4 6 1 2 1 1 0 3 0 0 0 6 0 2 0 1 0 3 1 1 0 1
191 GCC 2 0 1 3 2 2 0 0 4 7 5 1 0 0 5 1 2 156 0 8 1 3 7 1 2 3 1 0 47 15 0 17 3 1 3 3 7 198812 27 9 5 0 1 4 1 0 2 14 0 8 0 9 1 4 11 0 0 0 2 1 13 626 4 133
192 TGC 0 4 1 4 372 76 1582 747 3 1 8 1 6 29 0 6 9 0 0 1 0 1 0 4 0 3 0 6 1 3 0 0 3 10 1 2 5 3 5 1 1 1 10 1 0 2 1 3 0 4 0 4 1 0 5 2 0 197045 0 4 0 0 3 15
193 CTC 0 0 0 0 0 0 1 1 2 1 3 0 3 0 17 0 8 2 1 1 1 2 3 13 2 24 1 0 2 199792 29 4 1 1 1 1 0 2 6 0 1 1 1 0 1 3 11 4 0 1 0 0 0 1 1 1 0 0 3 4 32 1 8 1
194 CCG 0 3 2 0 6 3 16 0 5 4 4 4 0 2 0 3 8 0 4 0 1 3 199807 22 15 8 0 4 0 9 3 0 0 0 0 8 3 3 2 0 5 2 1 1 3 1 3 4 0 1 0 1 0 2 3 3 0 2 2 0 5 1 6 2
195 AAC 11 199862 8 15 2 5 4 0 2 15 1 3 4 0 0 2 0 0 2 1 0 0 0 0 2 1 1 3 1 3 0 1 0 4 0 2 0 0 1 1 0 0 2 2 0 0 5 0 0 0 0 19 2 1 0 4 0 2 0 0 2 3 1 0
196 ATA 1 2 0 1 1 1 0 0 1 12 14 11 199727 15 2 66 6 0 4 0 0 2 1 1 8 9 6 3 2 5 2 2 0 0 1 3 1 2 0 1 0 1 3 5 1 3 6 2 0 1 0 0 26 1 14 12 0 2 2 2 3 0 0 3
197 ATG 2 0 3 0 3 1 4 3 4 0 0 1 0 5 199860 4 23 0 18 1 0 0 0 0 3 0 5 0 3 0 2 4 0 6 3 10 0 0 2 1 2 1 1 1 2 1 5 0 0 0 0 0 1 1 1 0 0 2 1 2 6 0 2 0
198 GTG 1 0 0 0 0 0 4 1 1 0 4 0 1 4 0 0 6 2 0 1 0 1 0 0 7 3 3 1 3 4 1 1 7 1 0 0 5 3 2 1 1 2 10 2 30 10 199830 25 0 1 0 1 1 2 0 0 0 0 0 1 2 1 13 0
199 GAA 3 1 8 4 1 3 1 0 2 14 1 5 1 0 1 2 2 7 2 4 1 2 7 2 1 0 3 9 4 0 3 1 199766 1 7 0 3 1 2 25 0 11 5 2 1 0 0 3 0 7 0 0 6 27 1 5 0 12 1 10 1 3 1 4
200 AAC 6 199855 0 19 2 16 7 0 2 1 1 4 4 0 0 0 0 7 0 5 1 0 1 0 2 0 0 2 1 0 15 0 1 7 0 0 0 5 3 0 1 2 0 0 4 4 3 3 0 2 0 2 2 1 2 1 0 0 0 0 4 0 1 1
201 GGC 0 1 2 2 1 1 5 8 2 3 10 1 0 0 0 4 2 0 0 0 0 0 1 0 9 7 2 7 0 2 1 1 1 2 0 8 4 1 1 2 51 199755 11 32 1 1 1 0 0 0 0 0 6 1 23 0 0 19 5 1 0 2 0 0
202 CGT 7 0 10 0 6 0 0 0 23 1 55 0 0 3 1 1 1 0 0 0 1 0 0 2 4 10 31 199694 2 0 19 2 0 0 1 1 0 0 0 1 3 3 0 3 1 0 1 2 0 4 0 0 8 7 16 4 0 12 0 5 11 0 44 0
203 TTT 0 0 0 1 3 0 0 0 0 1 0 0 0 0 0 0 1 0 3 0 1 1 0 3 1 0 2 0 2 1 1 4 1 0 3 0 0 1 2 1 2 1 3 0 0 3 0 0 0 0 0 0 2 0 2 0 0 1 2 10 6 29 2 199904
204 AGC 3 8 0 7 6 5 7 7 13 199770 1 12 2 13 1 14 8 0 1 1 1 4 2 0 5 11 6 6 0 1 2 4 1 1 1 3 0 0 1 2 2 1 11 0 0 0 0 3 0 0 0 0 8 12 10 13 0 6 3 0 0 0 0 1
205 GGA 2 0 0 1 0 0 3 0 1 1 7 1 3 0 0 0 1 2 6 0 1 0 0 0 0 4 0 0 0 0 0 3 0 0 1 0 0 2 1 1 199859 41 23 6 1 16 2 0 0 0 0 3 0 2 0 0 0 2 0 2 0 1 1 0
206 TTC 0 1 1 1 0 0 0 0 0 3 2 8 1 0 0 1 2 1 0 2 0 0 1 0 1 3 2 1 0 3 2 0 2 0 0 0 0 0 0 0 7 0 0 1 10 0 3 1 0 1 0 2 7 0 5 6 0 0 0 9 2 199899 1 8
207 ATT 4 2 0 1 6 6 7 4 3 2 1 1 13 1 1 199875 2 2 5 5 0 0 2 0 0 3 1 2 1 3 4 0 1 1 0 3 5 0 0 2 0 0 0 0 0 0 6 4 0 1 0 0 2 5 0 1 0 3 0 1 2 1 1 4
208 GAT 1 7 1 0 0 7 11 5 1 0 0 3 0 2 1 1 0 1 0 2 0 6 0 1 0 2 2 0 0 2 0 3 13 11 2 199836 5 8 12 13 3 0 10 8 0 0 1 0 0 0 0 3 0 1 1 0 0 0 1 2 0 0 5 6
209 TGC 0 1 1 1 3 14 38 15 1 9 11 5 0 6 3 1 1 1 0 0 4 2 7 1 2 9 0 9 0 5 4 4 2 0 2 1 0 4 3 25 0 3 0 6 3 0 1 0 0 0 0 6 0 1 2 2 0 199757 0 9 0 5 1 9
210 GGA 8 1 0 0 0 3 1 0 2 0 2 7 1 9 5 0 2 1 2 0 3 0 0 0 2 3 0 3 0 0 0 1 4 6 0 0 0 1 1 3 199817 18 4 35 8 14 13 5 0 1 0 0 0 2 0 3 0 3 0 1 1 0 0 4
211 CGG 1 0 1 1 0 1 2 1 1 3 8 0 0 1 1 2 0 0 1 3 6 7 0 0 3 24 199814 9 17 9 14 5 0 3 1 0 0 1 1 0 0 2 2 4 1 0 2 2 0 0 0 0 12 2 2 11 0 4 0 3 0 1 6 5
212 TTG 1 1 0 1 1 10 0 3 10 0 0 0 0 0 0 5 0 1 1 2 5 1 1 0 0 0 0 11 25 7 9 3 0 0 0 2 3 2 0 0 0 1 0 1 0 1 2 7 0 2 0 0 4 5 1 1 0 2 1 0 10 0 199857 0
213 GGT 0 1 0 3 0 0 0 2 1 0 20 0 0 0 0 0 0 0 2 0 2 1 2 0 5 4 0 12 0 1 3 6 0 0 0 2 0 4 4 1 8 5 4 199846 2 2 0 17 0 0 0 1 1 1 2 2 0 5 1 26 0 1 0 0
214 GTC 0 0 0 0 0 2 0 0 1 2 2 3 2 9 12 2 3 0 2 1 0 3 0 0 0 1 0 0 4 1 3 9 1 0 3 0 0 0 5 12 5 4 16 3 2 199855 6 8 0 0 0 0 5 3 0 0 0 1 0 2 5 2 0 0
215 GCT 0 3 0 4 0 0 7 9 1 3 1 0 1 1 0 0 2 1 0 1 1 1 7 6 0 0 0 2 0 5 4 4 5 1 0 2 15 4 0 199860 2 6 4 2 0 5 0 0 0 0 0 1 17 4 1 3 0 3 0 0 0 0 1 0
216 GAT 2 4 1 3 1 2 2 7 0 2 0 2 0 0 0 1 0 0 1 2 1 2 1 1 1 1 0 0 4 0 4 0 1 15 1 199864 2 1 0 3 1 4 3 2 4 1 8 4 0 8 0 8 3 1 9 0 0 0 0 1 0 1 10 0
217 CGA 1 0 1 0 1 2 1 1 2 8 7 7 0 0 1 0 2 0 0 7 0 2 0 0 199843 7 3 2 2 8 1 4 5 7 2 0 5 2 1 4 3 5 2 3 2 2 3 1 0 1 0 0 5 0 0 16 0 3 0 3 2 0 2 8
218 TAT 1 1 0 0 0 2 6 0 0 2 0 14 0 1 3 0 6 0 2 0 2 1 0 0 0 0 0 0 0 5 1 1 1 10 0 3 1 8 0 1 0 0 2 1 1 1 1 1 0 8 0 199882 4 3 11 6 0 2 0 1 0 0 3 1
219 CAA 8 0 0 1 18 1 1 0 5 1 1 2 4 6 2 0 199783 29 66 0 1 17 0 0 6 5 5 2 1 0 0 1 3 2 1 1 1 3 0 0 4 1 0 1 0 0 4 2 0 2 0 0 2 0 2 0 0 1 1 0 0 0 3 0
220 GAT 1 0 0 0 0 0 0 2 1 0 0 2 3 5 0 0 3 2 0 0 0 1 1 0 0 2 1 1 0 0 0 1 0 10 0 199909 6 4 0 10 1 3 5 6 1 0 0 2 0 1 0 1 0 2 0 0 0 7 0 0 1 2 3 0
221 ATA 1 0 0 9 0 15 2 14 2 2 0 11 198635 13 2 10 0 4 1 4 4 0 1 0 0 0 1 1 308 448 54 250 2 1 7 0 1 2 3 0 2 0 2 8 0 5 6 0 0 1 0 0 1 6 29 5 0 2 1 5 81 2 30 6
222 GCA 2 1 0 0 2 1 0 1 1 1 0 5 0 4 0 1 1 0 0 0 1 0 1 0 0 0 0 1 1 0 0 2 0 7 0 1 199884 5 15 11 0 1 1 1 6 0 1 19 0 3 0 0 0 3 0 0 0 2 1 12 0 0 1 0
223 TTG 2 1 0 1 3 0 0 1 4 1 2 1 1 3 0 4 2 0 1 0 1 1 0 1 0 6 0 0 34 5 10 36 0 1 2 2 0 0 0 0 0 0 0 0 1 5 0 6 0 1 0 0 0 0 2 0 0 0 0 1 29 1 199828 0
224 GCA 2 0 1 4 0 2 0 1 0 4 0 13 2 3 1 2 0 0 0 0 2 3 5 1 0 0 5 0 3 0 5 0 23 4 8 2 199826 3 7 7 5 1 1 1 0 6 7 1 0 4 0 0 2 3 8 7 0 1 4 3 2 1 1 3
225 ACT 0 13 1 0 7 2 2 199828 2 0 0 0 14 0 3 1 1 0 1 1 3 0 0 0 0 0 0 1 2 0 2 0 2 2 0 8 4 3 2 0 0 3 0 2 30 2 18 6 0 3 0 1 9 2 1 0 0 2 2 10 0 0 0 4
226 CGC 1 0 0 2 6 2 3 2 36 7 21 1 0 3 0 0 0 2 7 5 5 0 7 0 26 199720 5 6 12 0 8 15 0 1 7 3 0 0 2 1 7 0 8 2 4 0 1 4 0 2 0 1 15 8 8 8 0 3 0 0 7 0 5 1
227 GAT 0 0 0 1 2 2 0 2 7 4 1 46 0 0 0 0 1 10 2 10 2 6 0 0 9 8 2 1 1 0 1 3 4 18 4 199739 3 0 1 1 0 0 1 1 7 12 2 12 0 2 0 0 1 23 0 18 0 18 0 6 0 0 4 2
228 ATC 5 1 0 1 9 3 0 3 3 30 8 6 3 199823 1 9 6 0 2 0 0 0 0 0 4 3 0 5 1 1 6 1 6 5 0 1 0 3 1 3 0 3 0 0 5 2 6 6 0 1 0 1 2 5 0 3 0 0 1 0 9 1 2 0
229 GCC 1 1 2 0 1 4 6 10 1 1 5 6 1 1 0 1 0 0 6 1 7 2 3 1 3 0 2 1 0 0 0 0 11 2 13 0 6 199836 6 10 0 3 0 0 7 4 11 0 0 5 0 0 2 2 6 3 0 1 1 0 0 1 2 1
230 GAA 7 1 2 0 24 32 3 54 3 156 1 7 0 0 4 0 2 51 2 16 2 3 3 1 0 0 0 1 0 2 3 1 199171 0 12 7 7 3 7 7 0 17 14 0 0 2 0 5 0 0 0 0 32 10 295 18 0 0 6 5 1 0 0 0
231 GAG 15 1 21 2 1 1 2 0 47 1 39 0 1 1 2 2 0 96 4 146 0 0 1 1 30 50 13 16 0 2 0 1 1 0 198216 3 8 0 17 9 6 1 1 2 0 16 9 1 0 341 0 829 3 5 1 0 0 2 10 1 0 8 1 13
232 CTT 0 0 0 0 0 2 0 1 3 6 5 0 1 2 0 0 0 1 1 0 1 8 4 12 0 3 1 10 4 26 8 199826 2 2 0 1 1 1 4 0 0 0 1 3 4 9 1 2 0 4 0 1 1 0 4 7 0 1 2 0 2 4 14 4
233 GGT 1 0 0 0 0 0 2 5 4 1 0 0 0 2 1 1 0 0 0 0 0 0 2 0 3 2 0 0 1 2 2 1 2 1 0 0 4 0 1 0 8 19 7 199857 12 1 15 2 0 11 0 0 2 4 4 0 0 6 0 9 2 1 0 2
234 GGT 126 45 59 25 0 83 5 24 2 7 12 7 13 8 26 6 32 15 40 19 102 276 76 38 2 1 15 35 0 1 4 4 1 30 147 31 184 104 266 128 11 43 0 197626 28 37 8 55 0 21 0 6 2 21 21 68 0 7 11 8 3 4 20 1
235 GAA 6 1 1 5 2 4 0 3 1 2 1 2 0 1 1 0 2 0 1 3 5 0 0 1 2 6 1 0 0 0 9 5 199868 1 15 0 2 1 11 7 7 4 0 1 1 1 0 3 0 3 0 1 0 1 1 2 0 1 1 0 0 0 2 1
236 TGG 0 0 0 4 2 0 2 0 4 2 8 1 0 0 0 1 4 3 2 0 0 2 0 0 1 3 11 0 17 0 8 15 0 1 1 1 2 1 1 1 13 6 6 0 0 9 3 2 0 2 0 0 1 3 2 7 0 11 199827 1 7 0 1 1
237 GCA 1 1 1 3 1 0 2 2 1 2 1 11 3 0 0 0 2 1 0 5 2 0 0 0 2 5 0 6 0 1 2 2 1 1 6 2 199849 29 3 7 3 1 0 0 2 0 1 3 0 0 0 3 2 16 3 8 0 2 0 0 0 1 0 0
238 GAC 20 44 107 8 8 2 1 6 62 24 31 48 56 96 15 15 34 84 36 1 1 1 7 10 45 32 89 47 15 35 6 16 91 198641 27 6 13 17 1 10 1 1 4 0 5 10 8 4 0 24 0 1 16 3 13 20 0 4 5 11 15 2 3 42
239 AGA 2 0 4 3 7 3 2 7 199756 2 11 1 2 0 0 4 1 0 0 1 7 3 0 0 27 0 47 8 3 0 4 6 0 3 0 0 7 1 1 4 3 5 4 0 2 1 0 0 0 1 0 1 1 11 7 3 0 9 0 7 6 2 10 0
240 TTT 5 1 2 1 1 1 0 7 1 1 4 1 1 1 2 2 1 0 2 0 2 4 3 1 0 2 0 4 0 2 1 0 0 1 2 7 0 1 0 5 3 0 0 3 8 5 2 11 0 1 0 1 0 0 1 4 0 1 1 10 0 34 1 199845
241 TTA 0 0 1 4 1 2 0 0 2 4 9 0 1 0 0 0 0 0 2 0 1 9 5 8 15 0 6 6 1 10 10 18 0 1 0 0 1 1 1 1 3 0 0 1 0 1 2 0 0 2 0 1 7 0 1 0 0 1 0 2 199842 2 15 0
242 GTT 13 8 69 14 57 6 37 72 43 2 3 6 0 1 40 2 5 70 12 28 1 6 2 7 133 43 22 45 0 4 1 6 32 2 76 1 19 1 95 12 2 0 4 0 12 30 3 198691 0 5 0 13 11 67 41 41 0 0 34 7 5 20 11 7
243 CTG 2 1 0 4 2 0 1 0 0 0 2 1 0 0 3 1 1 0 7 0 8 10 1 0 5 8 2 12 6 20 199758 24 13 1 15 3 8 5 2 10 1 1 0 1 4 2 8 6 0 0 0 1 1 0 1 0 0 2 2 5 3 7 17 2
244 TAT 2 0 0 4 0 5 0 2 0 0 0 2 0 0 4 3 2 0 3 3 5 0 0 0 2 0 1 0 2 16 6 0 0 1 2 2 4 5 1 1 5 0 0 0 1 1 2 0 0 3 0 199880 3 0 0 1 0 2 5 7 1 6 4 1
245 GGT 1 1 0 0 0 1 3 3 21 3 1 1 3 3 0 3 4 0 1 0 3 0 2 0 0 3 8 6 1 2 0 2 0 0 1 2 0 4 4 9 53 17 16 199753 16 9 1 7 0 0 0 0 1 1 1 9 0 11 0 7 1 0 1 0
246 ATC 0 2 1 1 3 0 3 3 18 4 1 20 13 199715 0 8 0 0 7 3 0 0 2 1 15 0 4 5 2 1 4 11 0 4 0 2 3 1 3 1 0 3 3 1 13 3 2 4 0 1 0 11 17 17 16 2 0 11 1 15 7 6 2 4
247 GCG 1 5 18 19 4 2 13 4 7 10 12 61 1 0 0 1 3 1 2 6 11 1 0 4 5 11 4 5 4 0 1 8 2 8 1 0 0 2 199609 15 6 0 6 0 1 4 1 0 0 0 0 4 37 2 5 17 0 14 0 5 22 3 6 6
248 GCA 8 4 5 1 22 2 5 21 3 7 0 10 3 1 18 12 23 4 23 3 3 9 4 1 2 2 2 1 71 21 13 18 7 8 12 16 199478 12 8 6 6 2 2 3 2 6 4 2 0 4 0 1 2 11 0 9 0 2 1 0 50 6 16 2
249 CCA 0 1 0 2 1 0 10 2 12 3 2 4 2 0 1 0 16 7 7 1 199744 8 2 14 5 1 23 16 8 8 4 2 0 0 0 2 1 5 15 12 2 1 7 2 7 2 0 6 0 2 0 1 0 0 6 0 0 1 0 6 12 3 0 1
250 GAC 0 3 0 1 3 1 5 2 1 2 1 0 2 2 0 3 8 2 27 2 1 0 1 2 0 5 1 0 1 6 0 1 1 199837 0 5 4 10 3 2 0 2 2 1 1 0 9 7 0 4 0 10 0 4 0 0 0 2 0 2 1 0 4 6
251 TCT 2 2 11 3 7 5 37 52 4 14 16 3 4 0 13 23 77 15 20 2 3 5 5 0 19 41 50 32 6 4 68 56 6 12 3 2 2 0 7 9 3 2 6 3 3 0 2 1 0 72 0 16 2 22 2 198866 0 3 274 1 26 24 3 29
252 CAG 2 13 3 6 2 4 0 3 0 0 4 5 0 6 0 4 1 0 199752 20 5 4 3 1 0 5 0 1 0 0 0 4 6 56 0 33 0 2 2 0 0 2 0 0 0 3 2 0 0 1 0 1 1 0 9 5 0 2 0 2 8 9 6 2
253 CGT 5 0 0 0 0 0 1 0 6 6 3 2 2 2 3 1 0 1 0 1 1 0 1 3 13 0 1 199871 1 8 3 3 0 2 0 3 0 2 4 2 6 4 6 1 0 1 5 0 0 4 0 0 1 1 1 6 0 2 0 0 1 0 9 1
254 ATC 4 2 1 0 2 0 1 0 1 23 3 0 3 199837 1 0 5 0 3 1 0 0 1 1 1 2 4 0 0 5 5 4 5 1 4 1 0 2 0 4 0 0 0 0 0 1 3 3 0 0 0 0 1 10 2 11 0 0 1 1 20 2 15 3
255 GCC 0 1 2 2 0 8 0 7 4 5 0 9 4 0 4 0 0 0 3 4 0 0 2 3 0 1 0 6 3 0 0 0 15 3 1 3 0 199779 10 29 18 5 1 4 2 0 4 3 0 3 0 18 2 11 0 11 0 2 2 3 0 2 0 1
256 TTT 2 0 0 2 1 4 0 0 0 6 10 0 1 3 10 2 12 4 4 1 2 1 7 0 7 0 14 2 12 0 4 17 0 0 4 0 1 0 2 1 3 0 1 0 0 2 3 0 0 42 0 62 3 8 3 3 0 8 233 0 5 4 1 199483
257 TAT 0 1 0 0 0 0 0 0 1 0 0 0 1 1 1 1 1 8 0 8 3 0 0 3 0 0 3 0 2 0 0 1 0 1 1 1 2 0 1 2 1 0 0 1 2 2 1 2 0 1 0 199925 2 2 2 1 0 4 0 5 2 0 1 3
258 AGA 0 1 6 0 0 0 0 1 199833 3 8 0 0 0 2 0 1 3 8 3 0 1 0 2 15 9 9 5 12 6 0 1 4 1 0 3 1 1 1 2 6 0 2 5 0 0 0 0 0 0 0 0 12 11 1 2 0 0 1 3 14 1 0 0
259 TTA 0 0 1 2 0 1 0 0 2 2 0 1 0 5 7 0 0 1 0 1 2 3 2 0 1 0 8 1 11 2 5 25 0 0 1 4 0 1 2 1 1 0 3 0 1 1 3 2 0 3 0 0 0 0 0 0 0 2 0 4 199867 1 20 0
260 CTA 1 0 2 4 0 2 0 0 0 1 0 0 2 1 3 0 3 0 3 0 1 1 0 0 2 1 3 1 199879 38 3 1 0 5 1 0 1 0 0 1 0 3 0 0 1 7 0 2 0 0 0 0 0 0 2 1 0 1 6 0 1 1 13 2
261 GAC 5 1 3 1 0 2 1 6 4 3 2 1 3 2 0 0 9 2 2 4 1 0 1 3 2 1 1 0 1 0 0 0 3 199901 0 0 1 0 1 0 1 2 2 0 3 1 9 2 0 8 0 0 0 0 5 0 0 0 0 0 0 0 0 0
262 GAG 12 2 8 1 2 0 0 0 5 1 0 3 3 0 1 1 2 0 1 2 2 4 2 0 1 6 5 0 0 0 1 4 7 2 199875 0 0 3 2 0 1 0 7 0 3 0 5 4 0 1 0 1 3 4 1 3 0 6 0 2 1 0 0 0
263 TTC 0 1 3 2 1 1 2 0 1 2 0 0 0 9 0 4 1 0 0 2 1 1 0 0 0 0 0 0 2 1 2 2 0 1 1 0 1 1 4 1 0 2 0 0 3 1 0 0 0 1 0 0 2 4 3 4 0 0 0 0 5 199913 1 14
264 TTC 1 0 4 0 0 0 0 0 0 0 0 7 0 0 0 1 5 3 0 5 0 0 0 0 1 0 0 0 3 0 1 6 1 0 2 1 0 3 0 0 1 4 0 2 2 1 8 6 0 3 0 5 7 4 2 1 0 5 0 13 4 199880 2 6
