# POSITION WT SITE_ENTROPY PI_A PI_C PI_D PI_E PI_F PI_G PI_H PI_I PI_K PI_L PI_M PI_N PI_P PI_Q PI_R PI_S PI_T PI_V PI_W PI_Y
1 M 4.11877 0.0518321 0.0473781 0.0493558 0.0570863 0.0462013 0.0512974 0.0523823 0.183967 0.053063 0.0362297 0.030446 0.0516258 0.0410958 0.021835 0.028354 0.05078 0.0397391 0.0240578 0.0387495 0.0445241
2 I 3.63124 0.050088 0.00863262 0.00427953 0.0038134 0.159014 0.00490597 0.111447 0.0300305 0.161434 0.0145862 0.0240244 0.0946416 0.00431393 0.0330568 0.0172821 0.0152419 0.0339993 0.0896123 0.026784 0.112813
3 E 3.76916 0.00409478 0.0165744 0.0303409 0.0159418 0.185505 0.0130936 0.119844 0.0197065 0.0432455 0.0290905 0.00873524 0.0885953 0.0378119 0.0611281 0.0918406 0.0369553 0.0659577 0.00604851 0.0159418 0.109549
4 Q 3.91909 0.00615328 0.01142 0.025659 0.081354 0.037971 0.0749165 0.00528273 0.0422809 0.118289 0.0885835 0.0554687 0.0783165 0.0777767 0.0277343 0.0241434 0.0119027 0.0209741 0.107927 0.0942967 0.00955003
5 D 3.69568 0.0143235 0.00862853 0.00858288 0.0412135 0.0310031 0.0636694 0.0288086 0.0589492 0.154906 0.175958 0.00212738 0.0867824 0.0422745 0.0397791 0.0119326 0.137745 0.0480854 0.0120025 0.0273092 0.00591923
6 G 3.62953 0.0325321 0.00430623 0.0243179 0.0233593 0.0436335 0.00331249 0.000979853 0.106658 0.163826 0.00687497 0.0468717 0.076311 0.166513 0.00259238 0.00721215 0.0658014 0.0810911 0.0120503 0.0942051 0.0375509
7 L 3.50851 0.0280243 0.279674 0.011974 0.14601 0.00715515 0.0930136 0.0243369 0.00289907 0.101107 0.0420365 0.0354683 0.00993268 0.0368468 0.046982 0.0338768 0.0450868 0.0085895 0.0251479 0.0166364 0.00520184
8 H 3.55164 0.0107698 0.0395029 0.0281617 0.0981662 0.00626396 0.0481647 0.0346606 0.00528721 0.0106366 0.0770235 0.0682266 0.022777 0.312694 0.060534 0.0327637 0.0196308 0.00710341 0.0450588 0.0117313 0.0608431
9 A 3.85218 0.047967 0.00760453 0.0136203 0.0375489 0.0198484 0.0730681 0.0173166 0.123607 0.134178 0.107828 0.0303188 0.0579342 0.12797 0.0133977 0.0409781 0.0358877 0.0152988 0.0721904 0.00713356 0.0163025
10 G 3.95159 0.0430214 0.0679224 0.0504566 0.0253471 0.0121983 0.155251 0.0231225 0.018893 0.0295106 0.0347032 0.0414003 0.0133345 0.0395879 0.0663713 0.0554825 0.0282082 0.0613585 0.167194 0.0221787 0.0444583
11 S 3.43146 0.00180652 0.111753 0.0141666 0.0129385 0.0650704 0.00433117 0.0330278 0.0708951 0.00159982 0.10355 0.0653708 0.000760591 0.0360222 0.0584583 0.186262 0.00276215 0.0159819 0.014949 0.00155371 0.198741
12 P 3.87924 0.0959109 0.0187473 0.0470052 0.0226149 0.0312155 0.0245569 0.0165735 0.0223587 0.0274779 0.0616172 0.0359451 0.0283204 0.197698 0.106236 0.0440796 0.0545834 0.107176 0.0262253 0.0237495 0.00790793
13 A 3.80629 0.0561922 0.0132988 0.138676 0.046196 0.0123306 0.0212307 0.0398896 0.0266618 0.169483 0.116143 0.0063045 0.0159857 0.00954723 0.0359982 0.0676335 0.0752058 0.0698977 0.0549755 0.00936537 0.0149846
14 A 3.99769 0.0706785 0.0324164 0.0425175 0.0501589 0.0129818 0.052541 0.0472735 0.0125397 0.104233 0.0100653 0.087717 0.044174 0.118759 0.0150071 0.0519816 0.0968763 0.0850111 0.0379094 0.00883481 0.018324
15 W 3.87341 0.0216943 0.0880155 0.0275699 0.047514 0.0105812 0.129346 0.0217657 0.0282342 0.0261188 0.118751 0.0241063 0.0178144 0.0160572 0.0408442 0.0908503 0.0521538 0.0285388 0.0241279 0.165419 0.0204965
16 V 3.4526 0.094153 0.0186907 0.0103588 0.0473022 0.00237787 0.0567996 0.00565788 0.00219143 0.291246 0.0165384 0.0138584 0.0363845 0.00333638 0.0440484 0.149517 0.0673438 0.0640248 0.0239372 0.0294363 0.0227973
17 E 3.93108 0.0190628 0.0356161 0.0680567 0.117024 0.0137138 0.052067 0.0474057 0.019568 0.00429089 0.0252436 0.0156032 0.019739 0.102064 0.0886074 0.0683468 0.136101 0.0253321 0.0354723 0.0870547 0.0196299
18 R 3.31851 0.0132422 0.0233846 0.0448752 0.23516 0.00956643 0.0395807 0.050477 0.0230778 0.307761 0.0292755 0.00855621 0.0344391 0.0198371 0.0070064 0.0497454 0.0494118 0.00807675 0.0152648 0.0185099 0.0127516
19 L 3.77266 0.0257308 0.0310649 0.0251814 0.0378981 0.0321635 0.0223554 0.013128 0.0362013 0.0140396 0.214423 0.133726 0.0386665 0.0411223 0.0210705 0.0911409 0.0133524 0.0428847 0.116599 0.00510532 0.044146
20 F 3.79123 0.0503063 0.0692108 0.03695 0.151857 0.0242012 0.00630089 0.0463735 0.0393269 0.142011 0.025265 0.0360675 0.00336572 0.0569872 0.027684 0.16449 0.0170391 0.0533032 0.0233048 0.00834523 0.0176107
21 G 3.9895 0.0535314 0.0876164 0.0807857 0.0438724 0.0156186 0.156186 0.0302494 0.01834 0.0744727 0.0402155 0.019906 0.0419668 0.0234477 0.0357926 0.0387519 0.114378 0.0257247 0.0679068 0.0120143 0.0192229
22 Y 3.92003 0.0324848 0.106947 0.0597148 0.0410305 0.0597148 0.022561 0.0707422 0.0161367 0.0173988 0.0549088 0.0221913 0.0264104 0.0182576 0.0308122 0.025461 0.102234 0.0236936 0.0481246 0.0230975 0.198078
23 D 4.03499 0.0192707 0.0450605 0.110299 0.0855263 0.0144567 0.0282779 0.0472712 0.111512 0.0390644 0.0293835 0.0145851 0.0680824 0.0286928 0.0440504 0.0669169 0.0302238 0.116447 0.018346 0.0202075 0.0623254
24 W 3.87398 0.0189086 0.143774 0.0514007 0.0168353 0.0271967 0.0859548 0.0189552 0.0208791 0.0260033 0.108192 0.0196843 0.0568657 0.0156352 0.0591179 0.0527106 0.0443368 0.0261882 0.0204469 0.170597 0.016318
25 A 4.02363 0.0789991 0.0544216 0.0592493 0.113561 0.0140683 0.0252237 0.0480864 0.0583413 0.0909285 0.0186841 0.0421328 0.00992659 0.0208403 0.0748412 0.0175423 0.0612154 0.045839 0.123616 0.0178385 0.0246444
26 Q 3.85963 0.0117122 0.0217846 0.019279 0.0881928 0.0318495 0.0163382 0.11976 0.0368258 0.0576269 0.163128 0.00848373 0.0216532 0.0286237 0.107589 0.081231 0.0247022 0.0220751 0.01546 0.0932022 0.0304836
27 Q 2.91797 0.00611485 0.0144861 0.00594694 0.0157565 0.00657511 0.0101914 0.0246567 0.433325 0.0165182 0.00502716 0.0317988 0.0729214 0.0207988 0.0509571 0.0255066 0.0171439 0.0435979 0.18695 0.00509571 0.0066314
28 T 3.86398 0.168539 0.0172699 0.0256707 0.0123388 0.0168188 0.0100511 0.127078 0.0222263 0.0173735 0.0359301 0.0406453 0.0533968 0.041828 0.0254033 0.103082 0.0521542 0.121936 0.0264035 0.0243872 0.0574683
29 I 3.91992 0.0264018 0.03131 0.0241426 0.0258449 0.0519516 0.0476704 0.0125205 0.196913 0.0192895 0.101672 0.077053 0.0291156 0.0161404 0.0939586 0.0164537 0.0808595 0.0361677 0.051224 0.0310916 0.0302194
30 G 3.82442 0.0606618 0.106256 0.0186835 0.0261569 0.0664167 0.216728 0.0264303 0.0237421 0.0282689 0.0237168 0.0171327 0.0221951 0.0195603 0.0229477 0.0638544 0.109859 0.0185488 0.0847491 0.0195755 0.0245168
31 C 1.3146 0.00235818 0.00771935 0.00248283 0.00135288 0.00280082 0.00144346 0.00228721 0.00170171 0.75836 0.0179544 0.00223455 0.00173546 0.00204415 0.15725 0.0214212 0.00649838 0.00112707 0.00314363 0.00498541 0.00109996
32 S 3.88563 0.0379223 0.0359872 0.0269703 0.0209245 0.0276728 0.0761452 0.020072 0.0499159 0.026257 0.0391068 0.0224209 0.0420627 0.0216722 0.0197523 0.111247 0.22581 0.0649307 0.0807603 0.0261268 0.0242434
33 D 3.37946 0.0258088 0.0117054 0.028995 0.0113459 0.00586804 0.180455 0.0130217 0.00693661 0.0272401 0.0273842 0.00714371 0.0101953 0.108004 0.0441229 0.0399244 0.189746 0.21995 0.0173121 0.00951632 0.0153244
34 A 3.85042 0.164061 0.0134476 0.018229 0.0982953 0.017641 0.0382452 0.032649 0.0212314 0.021587 0.0178615 0.0156573 0.0258074 0.042067 0.132606 0.0769316 0.122831 0.0332276 0.0630759 0.0307615 0.0137867
35 A 3.59993 0.0410569 0.0225813 0.00957454 0.0534695 0.0470444 0.0148042 0.0369512 0.0880858 0.00851931 0.0117871 0.0164228 0.0790152 0.0172603 0.0511702 0.0298542 0.105746 0.301889 0.0210333 0.0205285 0.0232061
36 V 3.68782 0.0591559 0.0150079 0.0411031 0.00262235 0.0158257 0.158159 0.0250315 0.0432409 0.0354017 0.0879562 0.0654459 0.0193345 0.0206095 0.0465836 0.0430902 0.0208027 0.023065 0.243879 0.0135488 0.0201368
37 F 3.73566 0.023554 0.0253271 0.0203176 0.0319358 0.251938 0.0236349 0.014071 0.0272799 0.0243251 0.0788539 0.0201551 0.0352361 0.0290941 0.0333251 0.0160706 0.133296 0.0227557 0.0503173 0.0328615 0.105651
38 R 3.77872 0.0297216 0.0653397 0.022956 0.0306739 0.0283238 0.0341746 0.0743918 0.0141197 0.0350426 0.125934 0.0212672 0.015304 0.0471565 0.0224845 0.237212 0.106484 0.0228462 0.0236008 0.0215647 0.0214026
39 L 3.56214 0.0114969 0.038927 0.022573 0.022608 0.0447726 0.277082 0.0136347 0.0141063 0.0174195 0.175646 0.10809 0.0236447 0.0386119 0.0185542 0.0337617 0.0339811 0.024705 0.0196131 0.0150554 0.0457162
40 S 3.43354 0.0134506 0.0116949 0.0176016 0.0197195 0.014668 0.0175636 0.0558523 0.0589908 0.0103374 0.0130052 0.00870667 0.0194558 0.0150321 0.0752732 0.0664152 0.108543 0.339694 0.0381159 0.0795983 0.0162815
41 A 2.96744 0.0910818 0.454246 0.0236813 0.0371518 0.0033734 0.011636 0.0048577 0.00750783 0.0267061 0.00492334 0.00743525 0.0779851 0.017023 0.0761281 0.0151379 0.0568659 0.0562146 0.0192392 0.00533534 0.00346978
42 Q 3.73146 0.0409673 0.0118761 0.0673217 0.166538 0.0201233 0.00841817 0.0251296 0.0115424 0.088859 0.027301 0.0098486 0.00504296 0.104773 0.0643947 0.0739315 0.108179 0.126801 0.0185909 0.0136669 0.0066945
43 G 2.4918 0.0115256 0.0196145 0.0271749 0.0100608 0.0174115 0.0400578 0.0205463 0.00740343 0.0180087 0.00937133 0.00617807 0.0860983 0.00772916 0.0270158 0.0259759 0.602841 0.0368714 0.00925313 0.00645227 0.0104105
44 R 3.59038 0.0283909 0.0139787 0.0259321 0.0149125 0.0167588 0.119825 0.0131319 0.0325727 0.221015 0.091131 0.00288471 0.0273727 0.0349936 0.0734318 0.175968 0.024147 0.026246 0.0349877 0.00338399 0.0189361
45 P 3.76837 0.0210184 0.0115516 0.0532 0.128868 0.00695779 0.0167161 0.0471488 0.0118141 0.204768 0.0232918 0.0121192 0.072877 0.0953007 0.072877 0.0880905 0.0341709 0.038578 0.0141388 0.0167322 0.0297815
46 V 3.24533 0.177256 0.0845321 0.0278821 0.00447865 0.00281105 0.127775 0.00932803 0.00873444 0.00420695 0.0184472 0.0126532 0.0472945 0.0676639 0.00445083 0.0101523 0.0510807 0.290982 0.0383884 0.00365604 0.00822609
47 L 3.66327 0.00631106 0.0620467 0.0112435 0.00909183 0.135115 0.0144097 0.138258 0.00620905 0.0628054 0.0803909 0.0854682 0.0129663 0.0491278 0.0232081 0.0535597 0.0109922 0.0105381 0.0135171 0.0282562 0.186485
48 F 3.84216 0.0202334 0.0214026 0.0204728 0.018898 0.23339 0.0290359 0.0195033 0.0293898 0.0265887 0.0825514 0.017855 0.0340906 0.0335238 0.0821015 0.0314552 0.0876181 0.0261852 0.0661271 0.027927 0.0916508
49 V 3.65017 0.0623519 0.0201936 0.0129963 0.10954 0.00762965 0.0909544 0.0246625 0.0467866 0.0246181 0.128706 0.0523757 0.0176949 0.0222548 0.0248569 0.0161501 0.0256562 0.0200234 0.255593 0.0113959 0.0255593
50 K 3.88541 0.026045 0.0344165 0.0220292 0.0531113 0.0272914 0.0289635 0.0193323 0.0291115 0.20836 0.0213014 0.0177868 0.0378836 0.0291582 0.0413074 0.144766 0.0832196 0.0697143 0.0495725 0.0305849 0.026045
51 T 3.9162 0.0480343 0.0633549 0.0666329 0.0155748 0.0238361 0.0215827 0.0198827 0.0551499 0.0137269 0.0292915 0.0280346 0.116947 0.0453893 0.110754 0.0337792 0.0489061 0.186897 0.025303 0.0319092 0.0150139
52 D 3.18196 0.325351 0.0957137 0.0167433 0.0891756 0.00363985 0.0109624 0.00490048 0.0797823 0.00202949 0.00803595 0.00690661 0.00649038 0.00485392 0.0545854 0.00193795 0.1176 0.106962 0.0453627 0.00703219 0.0119341
53 L 3.85361 0.0679699 0.00467016 0.00932073 0.0545386 0.0643531 0.00500046 0.0801692 0.0103229 0.14363 0.0226211 0.0256373 0.036309 0.0144642 0.0237336 0.0943097 0.0386128 0.0287989 0.119647 0.0370164 0.118875
54 S 3.78047 0.0296137 0.0305876 0.0207625 0.169066 0.0263699 0.0494224 0.180039 0.0758585 0.0121381 0.0300131 0.00732794 0.0307285 0.0274742 0.0314461 0.0707122 0.124575 0.0180523 0.0230538 0.0234494 0.0193091
55 G 3.63707 0.0204885 0.0503369 0.0384915 0.0117768 0.0292411 0.0891383 0.323126 0.0139369 0.0254681 0.0709246 0.0297128 0.0233988 0.0130801 0.0554358 0.0542904 0.024021 0.016665 0.0428985 0.0289699 0.0385988
56 A 3.82066 0.100284 0.00740737 0.191848 0.0949713 0.0121557 0.0143014 0.0950592 0.0255307 0.0555497 0.0195677 0.0265814 0.0206936 0.0543079 0.112381 0.0207872 0.0482137 0.0283331 0.0368003 0.019741 0.0154851
57 L 3.76932 0.0234273 0.0430227 0.0215781 0.0209138 0.031057 0.0248075 0.0597661 0.0359718 0.0246771 0.207047 0.0730753 0.032295 0.0961846 0.0199782 0.180629 0.0248318 0.022036 0.0221836 0.0161526 0.0203653
58 N 4.02455 0.0721365 0.0213669 0.0993309 0.0599626 0.0176029 0.0288329 0.064746 0.0336443 0.119708 0.0366376 0.0300407 0.126421 0.0186038 0.0514337 0.0847715 0.0481262 0.0240577 0.0222279 0.0161634 0.0241849
59 E 3.89554 0.048118 0.0332668 0.061091 0.224551 0.0280688 0.0882445 0.0361346 0.0170854 0.0400362 0.0712646 0.0436626 0.0232912 0.0275931 0.101454 0.0180595 0.0392287 0.0234931 0.0390918 0.0234862 0.0127793
60 L 3.7886 0.0238666 0.0140491 0.0730301 0.0401917 0.0304615 0.0171843 0.0378665 0.062699 0.0142498 0.142498 0.225238 0.0259087 0.0569991 0.0116801 0.0878322 0.0423501 0.0234702 0.020727 0.0284996 0.021198
61 Q 3.78358 0.0347481 0.0112518 0.0818979 0.106046 0.0198561 0.0155278 0.182557 0.0253567 0.0852084 0.0158186 0.0559701 0.0150014 0.0252854 0.0694962 0.0394705 0.0104319 0.0202106 0.0277283 0.012264 0.145873
62 D 3.26662 0.0179058 0.0221067 0.10527 0.418867 0.0155135 0.0380331 0.0406161 0.0103971 0.01914 0.0270871 0.0131588 0.026956 0.016486 0.0131588 0.0283245 0.0188692 0.0226387 0.0407612 0.0263175 0.0783927
63 E 3.92329 0.0878537 0.0218538 0.0645359 0.149855 0.0308979 0.0587498 0.00754663 0.0184436 0.0475625 0.109421 0.0599418 0.0223467 0.0198644 0.132856 0.0364638 0.0435941 0.0214078 0.024539 0.0299709 0.0122958
64 A 3.87711 0.187115 0.103953 0.0336159 0.0912755 0.0244689 0.0391953 0.00668267 0.0299552 0.0481465 0.01432 0.0170104 0.0249486 0.0281599 0.0354873 0.0354821 0.133367 0.0335131 0.0606628 0.0249486 0.027693
65 A 3.07873 0.099405 0.043244 0.0147329 0.0470866 0.0125125 0.0105875 0.00880804 0.0126583 0.0212564 0.0158113 0.0485466 0.0169469 0.0380621 0.0172071 0.0206362 0.0324334 0.0130621 0.468785 0.039762 0.0184563
66 R 3.9019 0.0264742 0.055569 0.0419568 0.0222305 0.0184699 0.0468945 0.0780911 0.0200991 0.017637 0.0689937 0.0215163 0.033357 0.10538 0.0173018 0.191803 0.112524 0.0173416 0.0534532 0.0249343 0.0259733
67 L 3.97129 0.0216285 0.0496346 0.022807 0.0397076 0.0192174 0.0392502 0.0970667 0.0193077 0.0284538 0.184357 0.0634032 0.0307262 0.106857 0.0313407 0.085654 0.0419512 0.0371572 0.0332332 0.0212456 0.0270018
68 S 3.87812 0.0961774 0.00643851 0.024681 0.0592343 0.019052 0.0544147 0.0127386 0.0481431 0.0856631 0.0144759 0.0239758 0.0389583 0.0152823 0.115522 0.167307 0.0987238 0.0523841 0.0250325 0.0253409 0.016454
69 W 3.81573 0.037806 0.0860019 0.0313047 0.0256488 0.0341619 0.118091 0.0204517 0.00978815 0.0226788 0.0907845 0.0159718 0.0150863 0.0227858 0.0129003 0.0242433 0.0937838 0.0238441 0.019414 0.167704 0.127549
70 L 3.91567 0.0147894 0.0554042 0.0507172 0.027247 0.0191665 0.0289742 0.022175 0.0165033 0.0257158 0.174628 0.129214 0.0273162 0.0897093 0.0236339 0.0623145 0.0239562 0.0225813 0.0736923 0.0249469 0.0873142
71 A 3.89683 0.149082 0.056685 0.0113586 0.125502 0.0169062 0.0643612 0.0150237 0.0186046 0.0339415 0.0144336 0.0341271 0.0340264 0.056455 0.0886779 0.0445559 0.128638 0.0226383 0.0521265 0.0161169 0.016739
72 T 3.80234 0.0420246 0.0505721 0.0225505 0.035168 0.0230702 0.0562688 0.0271558 0.02764 0.0755186 0.017584 0.0098252 0.0487477 0.131108 0.0220927 0.0293408 0.119281 0.211008 0.014512 0.0158256 0.0207064
73 T 3.739 0.0757128 0.0432895 0.013121 0.0246151 0.019841 0.0152359 0.0512103 0.0661859 0.017724 0.0230422 0.0447005 0.0477777 0.0163891 0.0372956 0.0210515 0.0519306 0.293037 0.0429253 0.0234429 0.0714724
74 G 3.42373 0.125013 0.191144 0.0181331 0.0158665 0.0137336 0.253863 0.0187716 0.0169242 0.00971726 0.0251997 0.0264441 0.00947251 0.0275273 0.00964038 0.0187367 0.0332298 0.0346177 0.121772 0.0115392 0.0186545
75 V 3.64214 0.11674 0.0275314 0.0423503 0.0137958 0.00287674 0.0123749 0.0198262 0.133064 0.0141899 0.140609 0.0410556 0.0217353 0.0115844 0.0947388 0.0233161 0.0206615 0.0345208 0.195618 0.0132622 0.0201495
76 P 3.6426 0.0100124 0.0169846 0.0172281 0.0114077 0.00928753 0.0305994 0.040181 0.0133418 0.0145923 0.0984682 0.0591952 0.0108686 0.165747 0.18346 0.105859 0.100901 0.0685321 0.015905 0.0151252 0.0123043
77 C 3.8187 0.026533 0.254235 0.0286462 0.0403055 0.0611602 0.097154 0.0173701 0.0290731 0.0102981 0.0359766 0.0242128 0.0121064 0.0303463 0.0195565 0.0520563 0.0592012 0.0707995 0.0692268 0.0363192 0.0254235
78 A 3.60138 0.255393 0.0132918 0.00928703 0.075192 0.0216843 0.0469729 0.0186117 0.0135716 0.0346296 0.029022 0.0141885 0.00580439 0.0256085 0.0525038 0.177882 0.0753381 0.0466584 0.0494009 0.0182424 0.0167167
79 A 3.24992 0.0340927 0.0112305 0.0128623 0.0338236 0.00411235 0.0340513 0.0295325 0.247294 0.238317 0.00453705 0.00249459 0.0484117 0.0211237 0.0464754 0.152938 0.0358871 0.0319541 0.00474191 0.00336125 0.00275895
80 V 3.71834 0.0492735 0.0440844 0.0829263 0.00633941 0.0163903 0.0502368 0.0136065 0.156059 0.0127845 0.0902433 0.028561 0.0197698 0.0136976 0.0147513 0.10231 0.0183307 0.0136051 0.191767 0.0602696 0.0149941
81 L 4.00682 0.0325539 0.0363714 0.0313548 0.127516 0.0229489 0.0529749 0.0232957 0.121335 0.0296516 0.125969 0.065582 0.0134434 0.0591674 0.0338781 0.076016 0.0213152 0.031306 0.0516447 0.0153963 0.0282788
82 D 3.80347 0.0396393 0.0334318 0.240101 0.0275861 0.0229396 0.0549318 0.0649686 0.0205215 0.0240101 0.0235137 0.0300126 0.0590079 0.0286154 0.020671 0.027375 0.0268839 0.0423053 0.0291131 0.025344 0.159028
83 V 2.516 0.0391944 0.0084459 0.00504173 0.0223605 0.604835 0.0348415 0.0134652 0.0135523 0.0137269 0.0305868 0.0385173 0.00736259 0.00538758 0.00702432 0.0434842 0.0360772 0.0113286 0.0449936 0.00846414 0.0113099
84 V 3.8238 0.118092 0.0780234 0.01892 0.0293103 0.0213043 0.037704 0.0229627 0.0483062 0.0157219 0.0541087 0.0426085 0.0193118 0.0150858 0.209714 0.0215673 0.0384408 0.0399597 0.127826 0.026436 0.0145974
85 T 3.97112 0.0766183 0.0663624 0.0369076 0.0188481 0.0291675 0.0258634 0.0327608 0.0617198 0.0258881 0.0252505 0.024418 0.0739692 0.0348689 0.0352987 0.0256674 0.0664465 0.217931 0.0577424 0.0335278 0.0307438
86 E 4.07386 0.0854778 0.0402381 0.0974806 0.172095 0.0607395 0.0399261 0.0275353 0.0224961 0.0368776 0.0496587 0.0245851 0.0233161 0.0392342 0.0565456 0.0430238 0.0375876 0.0349179 0.0434966 0.0245851 0.0401826
87 A 3.99683 0.130894 0.0165799 0.0220554 0.111305 0.0240249 0.0658169 0.0407087 0.0197863 0.081678 0.0194444 0.103129 0.0278955 0.0420897 0.041335 0.030445 0.107634 0.0202623 0.0413726 0.0254517 0.0280915
88 G 3.92495 0.0470792 0.114371 0.0567387 0.0165329 0.0256161 0.176111 0.0320202 0.0172966 0.021477 0.0220481 0.0725163 0.0440278 0.0269261 0.0127823 0.108202 0.0705591 0.0208182 0.0638507 0.0293518 0.0216752
89 R 4.02127 0.0326698 0.0738668 0.0227308 0.0320886 0.0383446 0.0482074 0.07819 0.023618 0.042815 0.0770249 0.0136945 0.0154652 0.0418189 0.0429662 0.181072 0.0811184 0.0255444 0.0314036 0.0650911 0.0322702
90 D 3.97866 0.0810735 0.0474704 0.206139 0.0327204 0.0212385 0.0627188 0.0379729 0.0148568 0.0230572 0.0239737 0.0293552 0.0812849 0.0230697 0.0326464 0.0324351 0.0242701 0.0611428 0.0445259 0.0508654 0.0691835
91 W 3.81191 0.0156004 0.0513448 0.0160217 0.0222304 0.041215 0.15665 0.0197279 0.0253434 0.0316189 0.0894533 0.0236802 0.0228287 0.0216322 0.0597579 0.0753094 0.0437404 0.0159071 0.0244831 0.209739 0.0337168
92 L 3.87659 0.0243001 0.0412638 0.0349433 0.0194712 0.0410474 0.033883 0.0238088 0.0506251 0.0369864 0.253126 0.0876204 0.026434 0.090402 0.0573115 0.0334957 0.0288843 0.0245346 0.0392383 0.0292293 0.0233954
93 L 3.91819 0.0233322 0.0490505 0.0277051 0.0321414 0.0592364 0.0358891 0.0339467 0.0287977 0.0192527 0.227181 0.0733607 0.0283977 0.089539 0.0174755 0.0770328 0.0295697 0.0255334 0.0680351 0.0293769 0.025146
94 L 3.69371 0.0145117 0.0248556 0.0175103 0.0192346 0.0358061 0.0171033 0.0134094 0.0307071 0.0242963 0.251798 0.113556 0.0267058 0.106914 0.0274546 0.0844476 0.0177066 0.0962933 0.023298 0.0338552 0.0205367
95 G 3.7597 0.0217944 0.0890748 0.0283312 0.0261641 0.0116285 0.194777 0.025192 0.0184525 0.111071 0.0492671 0.0162314 0.0273905 0.00870511 0.0338742 0.135209 0.0500468 0.0141854 0.100365 0.0122324 0.0260071
96 E 3.52203 0.045738 0.0353869 0.00527823 0.226964 0.0278609 0.071543 0.0233328 0.0232578 0.0882108 0.0330989 0.0288863 0.00766771 0.0162517 0.240905 0.0247189 0.0206331 0.00851115 0.0313331 0.0242095 0.0162117
97 V 3.64309 0.0366915 0.0323724 0.0413781 0.0687966 0.0196657 0.0548992 0.0164554 0.00318353 0.0365675 0.0979967 0.0234032 0.0164383 0.0226927 0.03608 0.130149 0.0203412 0.0518869 0.2706 0.0128857 0.00751666
98 P 3.83689 0.0151846 0.0290806 0.0300187 0.0180023 0.0214131 0.0427704 0.0128652 0.0236437 0.0252983 0.0541716 0.02601 0.0185685 0.19941 0.115658 0.0893381 0.0703543 0.123263 0.0256972 0.0322496 0.0270034
99 G 3.7824 0.0480105 0.127539 0.0530742 0.019613 0.0485103 0.215743 0.02283 0.0155552 0.0206877 0.0153108 0.0809037 0.00799049 0.0194908 0.0134439 0.0590364 0.0890203 0.023839 0.0776915 0.0244509 0.0172595
100 Q 3.80792 0.0286834 0.0199265 0.0233613 0.0748235 0.0187059 0.0175323 0.0893108 0.0237624 0.0965265 0.0898141 0.00807025 0.0193465 0.101828 0.201756 0.0544533 0.0345549 0.0504391 0.0232109 0.00555293 0.0183415
101 D 3.95545 0.0878167 0.0168977 0.177426 0.0227842 0.0199831 0.0319178 0.0380198 0.0128624 0.0161296 0.0324987 0.065091 0.0482322 0.0269057 0.0933819 0.0129178 0.0682751 0.023285 0.0726987 0.0591418 0.0737353
102 L 3.87189 0.0504525 0.0247437 0.0424533 0.0166405 0.0199686 0.0286142 0.0139486 0.0235491 0.0517368 0.189701 0.131332 0.0217548 0.07724 0.0341262 0.105336 0.0177716 0.0289746 0.0474254 0.0632338 0.0109972
103 L 3.77098 0.0173215 0.0147609 0.0439484 0.0326444 0.0561345 0.0247419 0.018757 0.0396542 0.0398181 0.282918 0.106674 0.017831 0.0513738 0.0293594 0.0568155 0.0467817 0.0233086 0.0434304 0.0272036 0.0265235
104 S 3.8445 0.0225991 0.0370985 0.0141082 0.018469 0.0210371 0.0786862 0.0222205 0.0492659 0.0342053 0.0334022 0.0618308 0.031235 0.0233133 0.0593003 0.0757813 0.203159 0.15271 0.0261802 0.018469 0.0169299
105 S 3.89633 0.0531021 0.0304193 0.0496368 0.0231378 0.0192105 0.099949 0.0281835 0.0653949 0.0247905 0.0862871 0.0240861 0.0280959 0.0139382 0.033141 0.101806 0.209893 0.0306094 0.0212508 0.030303 0.0267649
106 H 3.91386 0.0209131 0.0322397 0.0770298 0.108701 0.00943223 0.0440171 0.0990384 0.0123589 0.0217264 0.0142942 0.0202578 0.130072 0.0936199 0.0556972 0.0532009 0.11145 0.0287316 0.0138004 0.0122894 0.0411307
107 L 3.54547 0.0149755 0.016868 0.0153151 0.00718966 0.0219285 0.019968 0.0233904 0.0455556 0.0321886 0.219285 0.191874 0.0192355 0.168288 0.0363312 0.0324961 0.0166267 0.0226961 0.0582171 0.0146655 0.0229058
108 A 3.61575 0.148367 0.0315802 0.018022 0.0539518 0.0174778 0.11697 0.00980401 0.024866 0.0184554 0.0123509 0.0229865 0.0129015 0.217204 0.00817001 0.0129448 0.107301 0.0508688 0.0860378 0.0142054 0.0155338
109 P 3.80567 0.0528025 0.015774 0.0387158 0.0233048 0.0153113 0.0308198 0.00781825 0.0173186 0.0334821 0.118837 0.0303795 0.0141771 0.212656 0.104662 0.0429698 0.0379499 0.0855127 0.0766498 0.0194503 0.0214084
110 A 3.82117 0.184352 0.0283619 0.0462382 0.177427 0.0324765 0.0100923 0.0405232 0.0209491 0.0368704 0.0317949 0.011266 0.0336112 0.0207197 0.0354123 0.0228436 0.110511 0.0358463 0.0673682 0.0294059 0.0239303
111 E 3.83368 0.0422776 0.0402644 0.0427809 0.211388 0.0224779 0.057304 0.0157113 0.0613707 0.00355274 0.136435 0.0201963 0.0134928 0.0206398 0.0652545 0.0508013 0.0245257 0.0549853 0.0740079 0.0218099 0.0207243
112 K 3.7857 0.0227881 0.0142426 0.0173078 0.137494 0.024861 0.040025 0.0296508 0.0532374 0.244972 0.0303804 0.0225632 0.0766393 0.0330886 0.0805387 0.0287526 0.0318171 0.0431887 0.0286904 0.023707 0.0160552
113 V 3.68035 0.0828233 0.0219362 0.0409172 0.0309687 0.037225 0.0286691 0.0138544 0.030214 0.0151559 0.0364551 0.0650691 0.0171209 0.0228644 0.0131071 0.0481018 0.0344418 0.1585 0.263234 0.0142717 0.0250699
114 S 2.86981 0.257947 0.402578 0.00708812 0.0145445 0.00901453 0.0410396 0.00562329 0.0149206 0.0143492 0.0349291 0.00754157 0.0215513 0.011742 0.0106999 0.0420846 0.0509056 0.00905479 0.0197966 0.0104601 0.0141293
115 I 3.7496 0.0210611 0.0197185 0.0633791 0.0391381 0.0343487 0.0137181 0.0203704 0.246011 0.0962652 0.0390922 0.00502064 0.0352256 0.0309355 0.0315825 0.0407229 0.043245 0.0520527 0.13472 0.018517 0.0148751
116 M 3.73353 0.0231952 0.027692 0.0252749 0.0186064 0.0214521 0.0270404 0.0189779 0.100557 0.0409491 0.0208065 0.229843 0.0277982 0.0160155 0.034615 0.127137 0.0106491 0.112895 0.0708999 0.0191536 0.0264422
117 A 3.75725 0.216064 0.0112533 0.0168699 0.122922 0.0186978 0.0488832 0.0173791 0.0283307 0.0185198 0.0159568 0.054016 0.0125619 0.0158253 0.0977292 0.0613423 0.102219 0.0362898 0.0434341 0.0084731 0.0532331
118 D 3.8633 0.0729615 0.0666304 0.226037 0.0708186 0.0169778 0.0234409 0.0762536 0.0243858 0.0175807 0.0144769 0.0270472 0.0362319 0.0210856 0.0339056 0.017103 0.0337423 0.0292157 0.0577117 0.0296443 0.104749
119 A 3.76534 0.250387 0.0197674 0.109544 0.0983888 0.013041 0.0480743 0.0291147 0.0373712 0.0294151 0.019817 0.0156492 0.020449 0.0319495 0.0186624 0.0231263 0.0949146 0.04009 0.0278208 0.0464518 0.025966
120 M 3.65775 0.022242 0.0149827 0.030102 0.0278083 0.0246219 0.0322528 0.028452 0.0657628 0.0256068 0.30434 0.128034 0.0250669 0.0196805 0.0309047 0.0319422 0.0171986 0.0697193 0.0483683 0.0258654 0.0270494
121 R 3.96233 0.0322325 0.0347742 0.108855 0.0368547 0.0283989 0.0584736 0.0231828 0.0338316 0.0408333 0.0743531 0.037074 0.0112292 0.0647297 0.0422745 0.179666 0.0767929 0.0674756 0.0239243 0.00370446 0.0213397
122 R 3.52201 0.0293087 0.0209192 0.0408032 0.0270002 0.0334011 0.0307632 0.0281086 0.0248367 0.0518741 0.372684 0.0349398 0.0206756 0.00734224 0.0268236 0.0745101 0.0504562 0.0251711 0.0216703 0.0590942 0.0196179
123 L 3.96751 0.0214813 0.0243344 0.0550184 0.0430054 0.0274602 0.0227294 0.0122576 0.0537568 0.0385611 0.181237 0.0649082 0.0254071 0.0485668 0.0313249 0.11786 0.0236302 0.0301549 0.0954132 0.0604124 0.0224808
124 H 3.60935 0.0301462 0.0109273 0.301184 0.0175814 0.0124804 0.0139168 0.0983457 0.0174578 0.0209246 0.0148662 0.0260327 0.058146 0.0819548 0.0500541 0.0628861 0.0318519 0.0697898 0.0174424 0.00931696 0.0546949
125 T 3.94631 0.0789344 0.0174043 0.0206711 0.0202001 0.0134557 0.0411703 0.0234437 0.0297729 0.0265165 0.0146796 0.130179 0.120557 0.0711184 0.0597802 0.0702051 0.0949552 0.101879 0.0119858 0.0267061 0.0263859
126 L 3.67131 0.0213638 0.0257046 0.027892 0.0186557 0.0177608 0.0151358 0.0179764 0.024309 0.0208363 0.229199 0.164737 0.0300589 0.141443 0.0290234 0.0403703 0.0189367 0.0310068 0.0710195 0.0254666 0.0291047
127 D 3.43334 0.0131251 0.0200699 0.132963 0.050143 0.0161712 0.0389268 0.0361454 0.012122 0.0236137 0.0204559 0.0236715 0.0315172 0.0396855 0.0344004 0.0180184 0.362726 0.0127758 0.0150306 0.0330116 0.0654264
128 P 3.8347 0.0287326 0.0359609 0.0255986 0.0196995 0.0129655 0.0294271 0.0131871 0.149485 0.0596093 0.0425199 0.0182319 0.0214242 0.21177 0.084708 0.0523697 0.0419364 0.0617662 0.0138613 0.0429678 0.0337793
129 A 3.98149 0.156418 0.0332286 0.0184592 0.0880246 0.0358992 0.0182054 0.034854 0.0224472 0.0187443 0.0481064 0.0263277 0.0417114 0.0349444 0.0353057 0.0830969 0.143973 0.0309144 0.0616686 0.0223454 0.0453256
130 T 3.8656 0.0402449 0.0188601 0.0462806 0.0175705 0.0262436 0.0256456 0.035259 0.0378482 0.097893 0.0867157 0.0065262 0.0620698 0.0239569 0.0675426 0.0313855 0.0696465 0.228417 0.0240876 0.0207652 0.0330414
131 C 3.83843 0.0316415 0.268367 0.0308516 0.0169358 0.0867212 0.0667936 0.0372188 0.03244 0.0373501 0.0367896 0.0298186 0.0203926 0.0271382 0.0212802 0.0541245 0.0598462 0.0627352 0.0331943 0.0200504 0.0263105
132 P 3.87613 0.102369 0.0251318 0.0320642 0.0381141 0.0216337 0.0188743 0.0213798 0.0192339 0.027293 0.0682818 0.0277429 0.0254094 0.1942 0.114917 0.0562564 0.0319293 0.104417 0.0140725 0.033774 0.0229057
133 F 3.78179 0.0252011 0.0222785 0.012906 0.0279441 0.283932 0.0342399 0.0259191 0.0312462 0.0124653 0.0667777 0.0246898 0.0391631 0.0384993 0.034829 0.0265212 0.0519222 0.0448066 0.0930124 0.0448314 0.0588146
134 D 3.59922 0.0166568 0.0203275 0.204545 0.0287833 0.0251748 0.0443311 0.0487761 0.0297695 0.017835 0.0206457 0.0194805 0.0747576 0.0173095 0.249224 0.0246998 0.0219737 0.0192848 0.0174737 0.018595 0.080357
135 H 3.79709 0.0248341 0.0287366 0.04683 0.0185683 0.0234887 0.0216297 0.268208 0.0238998 0.0279384 0.029289 0.0279384 0.114946 0.0550584 0.0305796 0.0663433 0.0276153 0.0492062 0.0257148 0.0243826 0.0647919
136 Q 3.83336 0.0131554 0.0224004 0.0102503 0.0680202 0.0179953 0.021825 0.106037 0.0210863 0.0251027 0.0105717 0.0262757 0.0439297 0.0787706 0.175719 0.128761 0.0574466 0.0968247 0.0176898 0.0261889 0.0319489
137 A 2.97807 0.0191563 0.0053772 0.00171366 0.011066 0.0590554 0.0036815 0.0036839 0.365954 0.0216092 0.0504718 0.071708 0.00230452 0.00262929 0.00901473 0.117211 0.0122398 0.00334417 0.0643795 0.00497566 0.170425
138 K 3.70857 0.0378173 0.0251642 0.0295135 0.0442388 0.0214885 0.0282036 0.0234372 0.0129722 0.23906 0.0214023 0.012231 0.0295978 0.0252021 0.0925392 0.163656 0.0282052 0.0418692 0.0288023 0.011119 0.0834811
139 H 3.93656 0.0756203 0.0132636 0.0515042 0.010149 0.0524044 0.0145229 0.128554 0.0160693 0.0359399 0.0468305 0.0205687 0.10304 0.065095 0.0784544 0.0513422 0.0222049 0.0260583 0.0205383 0.0217554 0.146085
140 R 3.62523 0.0302585 0.0567006 0.0248275 0.0283503 0.0183385 0.0723614 0.0611894 0.0260611 0.0230035 0.0823791 0.0202838 0.0241782 0.00931818 0.00699307 0.26224 0.162016 0.0344356 0.0224777 0.00806893 0.0265187
141 I 3.1564 0.0244295 0.041058 0.0416413 0.00364077 0.0580658 0.016606 0.013814 0.111043 0.00842035 0.0163014 0.00702806 0.0173055 0.0189479 0.0832825 0.0195959 0.0202903 0.0340448 0.427044 0.0236262 0.013814
142 E 3.59637 0.0362058 0.0363054 0.00352863 0.264647 0.0211521 0.0793942 0.0248885 0.117331 0.147626 0.0284706 0.00767094 0.0164377 0.0237707 0.025611 0.022948 0.0284845 0.0213476 0.0554972 0.0202754 0.0184067
143 R 3.45667 0.012972 0.212525 0.00883127 0.00844066 0.0111918 0.0183291 0.048683 0.0103233 0.00437992 0.0453465 0.0748813 0.00725815 0.0436046 0.0115277 0.0762106 0.0419018 0.247627 0.062863 0.0442294 0.00887384
144 A 3.69706 0.252449 0.0285159 0.0310935 0.125834 0.0241103 0.0360642 0.0123146 0.0221123 0.0363527 0.016536 0.0242075 0.0262334 0.0478901 0.0188908 0.0225958 0.144929 0.0397694 0.0409377 0.0348206 0.0143437
145 R 3.95783 0.0442932 0.0359043 0.0214354 0.0151176 0.0756555 0.0591108 0.109374 0.0270583 0.0184125 0.0941597 0.0253442 0.105748 0.0184579 0.0188694 0.143617 0.04129 0.0213791 0.0248227 0.0186374 0.0813127
146 T 3.62552 0.0193961 0.0649472 0.00626875 0.112036 0.00584011 0.00772467 0.0444898 0.144917 0.0503232 0.172748 0.0132664 0.040994 0.00261032 0.0808825 0.045477 0.0179635 0.0275534 0.131818 0.00568561 0.00505811
147 R 3.77454 0.0352428 0.0578434 0.024388 0.0270978 0.0317553 0.131757 0.00864824 0.0241125 0.0177829 0.0644762 0.0227689 0.0184758 0.037554 0.0859835 0.203234 0.127822 0.00804162 0.0198681 0.021393 0.0317553
148 M 3.79065 0.0169352 0.0402573 0.0223258 0.0274482 0.0205932 0.0193842 0.0352251 0.164648 0.0773844 0.0743642 0.211351 0.0134496 0.0142713 0.0356495 0.0324452 0.026038 0.047579 0.075702 0.0211351 0.0238142
149 E 3.81874 0.00781695 0.0396881 0.0212357 0.0333015 0.0179316 0.0254626 0.102152 0.10521 0.0834018 0.0795301 0.115576 0.161824 0.0118476 0.0491686 0.0351595 0.0147451 0.0034689 0.0565802 0.00561261 0.0302871
150 A 3.55843 0.105194 0.0874978 0.00152455 0.0394477 0.0503102 0.0161977 0.313467 0.0104718 0.0220777 0.00772199 0.0201435 0.033061 0.0286308 0.0668291 0.0208431 0.037411 0.0239273 0.0342218 0.0631164 0.0179054
151 G 3.73405 0.034517 0.0688295 0.055921 0.207814 0.0122846 0.132401 0.0244702 0.0111696 0.00868204 0.0138302 0.0259774 0.137245 0.0229495 0.0441337 0.0636312 0.0302706 0.021656 0.0562705 0.0121842 0.015762
152 L 3.92863 0.0389704 0.0161903 0.0126801 0.0264725 0.0155028 0.0324185 0.0248422 0.0147522 0.111455 0.188617 0.0885579 0.0760898 0.0437112 0.0326452 0.0628723 0.0346812 0.0223929 0.0609955 0.029018 0.0671348
153 V 3.04078 0.00945883 0.0274651 0.00396799 0.00822595 0.25113 0.00703431 0.015625 0.0924044 0.00427935 0.114526 0.265723 0.00670453 0.112359 0.00635194 0.00655318 0.00365261 0.00821105 0.0388863 0.0103576 0.00708375
154 D 3.93255 0.0341059 0.0167946 0.17053 0.0431225 0.0976221 0.0937913 0.0454746 0.0164322 0.0259855 0.0340501 0.0175545 0.0331586 0.0206262 0.0220685 0.118832 0.0189477 0.017861 0.0601047 0.0411623 0.0717759
155 Q 2.803 0.0018465 0.077962 0.000730417 0.124626 0.00355293 0.00730549 0.0024942 0.0714811 0.00146647 0.0168905 0.0482462 0.000603425 0.00355463 0.00488226 0.00268844 0.00352344 0.0597238 0.101341 0.425137 0.0419439
156 D 3.91106 0.070724 0.0326375 0.182138 0.0469145 0.0111513 0.0193177 0.0644683 0.0162302 0.0205139 0.0253123 0.0231813 0.0896894 0.0301282 0.0712716 0.0272357 0.0380524 0.0773106 0.0178567 0.0187772 0.117089
157 D 3.68949 0.0280102 0.0378669 0.278935 0.00106464 0.0247331 0.105773 0.0220212 0.0178628 0.017679 0.0372851 0.0323403 0.0578921 0.0298859 0.028914 0.0189595 0.0655982 0.0285834 0.0225402 0.0425494 0.101506
158 L 1.38041 0.000658956 0.00177674 0.000792078 0.00135533 0.705657 0.00100982 0.000632226 0.000546689 0.000872791 0.00580857 0.00360865 0.000816466 0.00198175 0.00287903 0.00209419 0.00147589 0.00259793 0.00150463 0.166661 0.0972696
159 D 3.83353 0.0168644 0.0201568 0.182218 0.129909 0.0143856 0.0562731 0.0363515 0.0137812 0.0102658 0.0231231 0.0245293 0.0631212 0.022595 0.0517813 0.0714461 0.0210063 0.0782248 0.0539216 0.00628337 0.103763
160 E 3.05786 0.0234355 0.0432555 0.236815 0.0571769 0.0159825 0.042307 0.00758985 0.00941994 0.0229092 0.0250823 0.0116687 0.0200172 0.0149986 0.373812 0.0442406 0.00963801 0.00575365 0.0111046 0.00871266 0.016081
161 E 3.91721 0.111944 0.024078 0.0653447 0.186845 0.0205971 0.0835412 0.0410147 0.0199881 0.0295018 0.0206159 0.0934225 0.0188944 0.035015 0.070318 0.0504481 0.0225302 0.0197439 0.0284228 0.0467112 0.0110233
162 H 1.94501 0.0116195 0.0214664 0.010789 0.00569969 0.00745143 0.0716652 0.0492246 0.00728436 0.00897543 0.00397622 0.0082041 0.710126 0.0070717 0.00915807 0.0147929 0.00991251 0.0100764 0.0109602 0.00970626 0.0118405
163 Q 3.14954 0.0416237 0.0115741 0.00366366 0.0211049 0.0851652 0.00233825 0.00454168 0.239435 0.0111849 0.131126 0.202216 0.00221462 0.00277524 0.0080979 0.00445553 0.0062998 0.0204138 0.149371 0.00880207 0.0435968
164 G 3.80235 0.038222 0.113326 0.0305448 0.0273015 0.0423173 0.225692 0.103908 0.00282999 0.0205923 0.0212824 0.0238115 0.0451384 0.020446 0.0307762 0.0339166 0.0479184 0.0122469 0.0936922 0.0393649 0.0266727
165 L 3.71703 0.00913223 0.0485538 0.00209083 0.0107329 0.106336 0.00638086 0.0130993 0.0650533 0.00892681 0.0536647 0.193193 0.0314322 0.0321758 0.0379354 0.0102467 0.0120075 0.0875439 0.117168 0.0766638 0.0776638
166 A 4.00657 0.107539 0.0266131 0.0506673 0.0541119 0.0160942 0.0175769 0.0179231 0.0534474 0.0892956 0.130504 0.023044 0.0223007 0.0121446 0.0318634 0.0433348 0.0876988 0.0721463 0.0801186 0.0502412 0.0133348
167 P 3.1306 0.0463363 0.0314465 0.00389272 0.0102616 0.0084574 0.0332157 0.00274559 0.121531 0.00579936 0.397584 0.0676592 0.0051294 0.0473614 0.0317998 0.0148253 0.0137832 0.0247191 0.107409 0.00920079 0.0168421
168 A 3.56651 0.045658 0.00400509 0.00276715 0.0391795 0.0224883 0.015895 0.0356355 0.0562591 0.0433436 0.0388918 0.0899732 0.00624794 0.00749979 0.0704011 0.027772 0.30734 0.0987044 0.0269289 0.0365264 0.0244833
169 E 3.83231 0.0204545 0.0232047 0.0567402 0.230113 0.0226997 0.0612965 0.0133013 0.0365007 0.0710063 0.0209716 0.0234374 0.0726673 0.0265286 0.0567811 0.0292054 0.0265708 0.0200098 0.131758 0.0315841 0.0251686
170 L 3.4304 0.0181223 0.244327 0.0183684 0.0283751 0.00154021 0.0287251 0.0108999 0.018598 0.0241926 0.247974 0.060529 0.015761 0.0795387 0.0217999 0.0785198 0.0225059 0.0165807 0.0285027 0.0127166 0.0224232
171 F 3.87969 0.0263468 0.0192084 0.0370855 0.0281723 0.192084 0.049011 0.0307334 0.0200684 0.0173048 0.123403 0.0548811 0.016498 0.0544853 0.0405891 0.113119 0.0399658 0.0145551 0.0580034 0.0576251 0.00686013
172 A 3.66173 0.111891 0.00693896 0.0379165 0.197141 0.0287206 0.0168553 0.0459475 0.00619322 0.0888544 0.0130218 0.0101719 0.0180557 0.0117359 0.0733588 0.133973 0.0371981 0.0315961 0.110163 0.00699317 0.0132752
173 R 2.68194 0.0235736 0.0134894 0.00218817 0.141393 0.00184045 0.00855867 0.0152695 0.00165303 0.00635753 0.1093 0.471918 0.00465047 0.00852754 0.0921374 0.04095 0.0196619 0.00498175 0.0184378 0.00769529 0.00741613
174 L 3.6965 0.0138296 0.142809 0.0407205 0.015061 0.0441991 0.0219264 0.0244323 0.0191877 0.0249546 0.244323 0.129348 0.0162882 0.0535266 0.0227095 0.0412708 0.0519131 0.013624 0.0226026 0.0305404 0.0267344
175 K 3.42556 0.0111807 0.0181267 0.0106437 0.016357 0.0150953 0.0135396 0.00783892 0.104881 0.0921443 0.24396 0.0149423 0.0242968 0.0177068 0.0705302 0.0431166 0.0120438 0.0197726 0.220982 0.0238893 0.0189517
176 A 3.81509 0.229014 0.018695 0.0215874 0.0281969 0.037475 0.0458028 0.026342 0.022526 0.0245686 0.0557728 0.0104097 0.0582239 0.0303289 0.0523461 0.0830842 0.136617 0.0355547 0.033928 0.00537953 0.0441473
177 R 3.56451 0.0527877 0.0810226 0.0123685 0.0353906 0.0336689 0.0603032 0.0271331 0.0523485 0.00125762 0.0505773 0.0282804 0.0779897 0.000515568 0.0158371 0.00229841 0.0934445 0.294269 0.00860467 0.0308849 0.0410178
178 M 3.80897 0.00387015 0.0384447 0.0085681 0.022868 0.152941 0.0108368 0.0811885 0.0153622 0.0484685 0.0499452 0.025381 0.0050762 0.107685 0.0882609 0.0911605 0.00451918 0.0274491 0.0377568 0.0641989 0.11602
179 P 3.78359 0.0181263 0.0114979 0.0151556 0.0179686 0.0298694 0.0173328 0.0123021 0.168127 0.0473759 0.073238 0.0155653 0.00986217 0.148241 0.105833 0.0915354 0.0376508 0.0922249 0.0412822 0.0312086 0.0156043
180 D 3.94532 0.0740732 0.0117322 0.102237 0.0297286 0.178207 0.0379026 0.0222073 0.0911026 0.0171235 0.0197743 0.0340791 0.0168061 0.0433689 0.0108362 0.0594595 0.0435164 0.0587384 0.02131 0.0511187 0.076678
181 G 3.7561 0.0266427 0.0745997 0.0120676 0.015948 0.0280546 0.136766 0.0161822 0.014706 0.0145496 0.0309755 0.0264708 0.0116298 0.0183954 0.025266 0.0612047 0.0786801 0.0825312 0.171423 0.0119795 0.141927
182 E 3.94226 0.0764139 0.0680406 0.0802713 0.191648 0.0176634 0.0619917 0.0170896 0.0213583 0.0161631 0.0200089 0.0243915 0.084056 0.0395327 0.0353914 0.0494888 0.021165 0.0674071 0.0693694 0.0220285 0.0165213
183 D 3.48585 0.0256133 0.0325415 0.328127 0.031386 0.0231075 0.0753078 0.0067655 0.0262501 0.0145585 0.0137501 0.0345396 0.0219798 0.0248163 0.0449717 0.148739 0.0201924 0.0248663 0.00552634 0.036972 0.0599899
184 L 3.6108 0.0168828 0.0306643 0.0233721 0.0275978 0.00529247 0.0203573 0.0141964 0.0181198 0.0314326 0.229982 0.107325 0.0173353 0.0895023 0.150073 0.116216 0.0280854 0.0225958 0.012491 0.0184807 0.0199984
185 V 3.62875 0.049304 0.0223988 0.0419977 0.0841858 0.0194843 0.0291412 0.0225047 0.0314983 0.0202874 0.090612 0.0532144 0.0229939 0.0225391 0.0102964 0.0682206 0.0366134 0.0251755 0.317316 0.0152556 0.0169612
186 V 3.7053 0.129142 0.0211198 0.022923 0.00242564 0.0134383 0.0641049 0.0154189 0.0214903 0.0310321 0.0782849 0.0544422 0.0264589 0.0350241 0.0898296 0.0340158 0.0170388 0.0648281 0.24499 0.0169795 0.0170132
187 T 3.5971 0.0762272 0.0260698 0.015582 0.0276989 0.0238657 0.0206884 0.0848736 0.0132478 0.0244377 0.0215485 0.0204285 0.106047 0.0217367 0.0132607 0.034961 0.0811061 0.30205 0.0496082 0.00702442 0.029538
188 H 3.72554 0.0150228 0.0903603 0.0571803 0.00454387 0.0157047 0.0139463 0.179483 0.0231591 0.0117842 0.0627747 0.0358965 0.105086 0.0794332 0.161829 0.0487063 0.02659 0.0191605 0.0289934 0.00968432 0.0106623
189 G 3.59016 0.0265316 0.130498 0.0472754 0.00733413 0.0270698 0.269106 0.0154405 0.0296017 0.0177377 0.0491481 0.0103502 0.0145901 0.0170615 0.0114862 0.0505308 0.0976756 0.0377693 0.0972782 0.00358808 0.0399267
190 D 3.79611 0.0853295 0.0188665 0.260117 0.0830162 0.0168907 0.0406278 0.0700834 0.0145666 0.0246008 0.0449888 0.0281208 0.0550248 0.0206442 0.0219526 0.0195088 0.0229653 0.0258053 0.0378414 0.030347 0.0787021
191 A 2.07942 0.0318149 0.00276651 0.00353498 0.0190519 0.634858 0.00611483 0.149412 0.00516652 0.00391568 0.0528119 0.00339203 0.0050542 0.00559706 0.00374293 0.0118565 0.0163359 0.0110267 0.0156182 0.0040272 0.0139023
192 C 1.05264 0.00169002 0.0157284 0.00744224 0.00427544 0.00629138 0.0075333 0.00274165 0.032551 0.00435042 0.00199483 0.00719014 0.00221722 0.0036507 0.0043018 0.00267803 0.0033501 0.869116 0.00672703 0.00883 0.00733994
193 L 3.70465 0.0200894 0.0226422 0.10826 0.0163836 0.020898 0.0266719 0.0195872 0.021125 0.021011 0.241073 0.134737 0.0273558 0.0595835 0.0451557 0.0958172 0.0152435 0.0145444 0.0461696 0.0219158 0.0217361
194 P 3.67479 0.0320111 0.0208044 0.0413088 0.0179262 0.0170481 0.0127076 0.0138644 0.0202223 0.0343204 0.0580341 0.0203073 0.0220355 0.230149 0.112726 0.161138 0.0398482 0.0895833 0.0180367 0.0170061 0.0209226
195 N 3.68669 0.0169964 0.0353549 0.0732096 0.0279738 0.0216755 0.0162705 0.0102805 0.00460175 0.0781964 0.0233207 0.0246522 0.241592 0.0157652 0.0155866 0.0328727 0.0517358 0.0625705 0.03588 0.161061 0.050404
196 I 3.75358 0.0158316 0.0135614 0.0253263 0.0264754 0.0198434 0.0168252 0.00967171 0.207942 0.0245601 0.0670201 0.0207942 0.0244637 0.0220673 0.0828957 0.0739611 0.120602 0.046911 0.134362 0.0262387 0.0206467
197 M 3.76651 0.0145939 0.0350755 0.0635264 0.0136574 0.0143078 0.0184344 0.017266 0.0692306 0.0437817 0.049404 0.204315 0.0153688 0.0121757 0.151382 0.079394 0.0138105 0.0245443 0.0761851 0.0681049 0.0154424
198 V 3.72922 0.115568 0.0469203 0.0189258 0.034995 0.0191704 0.0499203 0.0135878 0.0198947 0.0198506 0.0892116 0.0523381 0.0161562 0.0139217 0.0752949 0.0455919 0.0176285 0.0253114 0.264962 0.0283888 0.0323617
199 E 3.38465 0.0458689 0.115817 0.0632785 0.0928723 0.0154787 0.0353981 0.355371 0.00737082 0.0280091 0.00935286 0.0178111 0.0358825 0.00629216 0.0216211 0.0291033 0.05811 0.00958318 0.0254905 0.0157169 0.0115719
200 N 3.69478 0.0167315 0.0121298 0.0676157 0.0186083 0.0142147 0.0208756 0.0573648 0.00197769 0.126767 0.0424911 0.0190976 0.227434 0.0183697 0.0238265 0.0196346 0.105522 0.0895298 0.0706891 0.0247211 0.0223989
201 G 3.81339 0.0253273 0.109634 0.0809712 0.0173875 0.0288779 0.217344 0.0161347 0.0198047 0.0236243 0.0320324 0.033809 0.0227453 0.0151244 0.0245125 0.0630036 0.077037 0.0354466 0.114425 0.0250781 0.0176807
202 R 3.80777 0.0206138 0.0900088 0.0275348 0.0190633 0.0207663 0.0389351 0.025645 0.0305949 0.137789 0.0975559 0.0310165 0.0167943 0.0317763 0.0123798 0.191269 0.110979 0.0249705 0.0192751 0.0217351 0.0312985
203 F 3.66005 0.0251317 0.0473913 0.0225255 0.0668476 0.331739 0.0229918 0.0260918 0.0146787 0.0279359 0.0621755 0.0262763 0.0285088 0.0359972 0.0421864 0.0256327 0.0552898 0.0187168 0.0670829 0.0310259 0.0217744
204 S 3.86329 0.0333269 0.0385023 0.0143626 0.0187861 0.0126008 0.0518962 0.0250445 0.112208 0.0223562 0.0241438 0.0236953 0.068877 0.0358257 0.0389714 0.0931556 0.189011 0.12545 0.0203437 0.0222366 0.0292058
205 G 3.72151 0.0476415 0.0898382 0.0370761 0.0286671 0.0192038 0.278071 0.0281591 0.0224452 0.0168285 0.0350611 0.0189594 0.0288564 0.0183256 0.0614782 0.0431595 0.0762619 0.0242504 0.0975687 0.0101117 0.018037
206 F 3.63593 0.0140685 0.168994 0.0195684 0.0257417 0.261377 0.0181652 0.0170278 0.0385188 0.0268079 0.0501577 0.0326722 0.0230627 0.0202256 0.0246582 0.0331457 0.0979201 0.0160027 0.0694114 0.0163361 0.0261377
207 I 3.76306 0.024903 0.0206103 0.0197403 0.0279045 0.0598874 0.0207212 0.0285952 0.251141 0.0169308 0.0327028 0.0958553 0.0333684 0.0143852 0.0994099 0.0260037 0.025584 0.0570507 0.101184 0.0209284 0.0230934
208 D 3.86668 0.0749929 0.031891 0.236089 0.0568888 0.0171355 0.0628056 0.0666603 0.0398004 0.0116109 0.0198951 0.0211423 0.0892453 0.0222126 0.0144967 0.0198242 0.0252633 0.0561458 0.0355302 0.0524642 0.0459061
209 C 3.88639 0.114676 0.143027 0.0115968 0.0180455 0.0667909 0.0562466 0.0165828 0.0144339 0.0164635 0.0423814 0.0357567 0.00962816 0.0220418 0.0181992 0.0619233 0.0461829 0.146259 0.0828051 0.0271258 0.0498329
210 G 3.78088 0.0240289 0.0784768 0.0291691 0.0143044 0.0146048 0.246035 0.0139265 0.0196828 0.0757032 0.0489652 0.0273372 0.0256732 0.0126869 0.0607494 0.0737353 0.0675391 0.0436269 0.0906446 0.011716 0.0213944
211 R 3.6887 0.025209 0.0891281 0.0282816 0.0213312 0.0204939 0.0482887 0.0267379 0.0297743 0.0271447 0.124574 0.0239778 0.0190733 0.0476466 0.0110822 0.239778 0.138689 0.0127693 0.0306693 0.0212462 0.0141046
212 L 3.69274 0.0183813 0.0403428 0.025416 0.0231656 0.0149506 0.0324789 0.0377591 0.0400302 0.0274919 0.29652 0.09531 0.0207564 0.0660317 0.033666 0.0666096 0.0274555 0.0394368 0.0709851 0.00375342 0.0194591
213 G 3.64216 0.0538377 0.121934 0.0701908 0.0149361 0.0147507 0.244952 0.0231711 0.00984532 0.0222683 0.0472544 0.0155878 0.0184452 0.0210152 0.0164213 0.13357 0.025318 0.02237 0.0880178 0.0170896 0.0190254
214 V 3.55261 0.0183534 0.0146054 0.0159917 0.0297835 0.000777019 0.153891 0.0248976 0.0921218 0.0269384 0.136443 0.0775113 0.020915 0.027206 0.0302066 0.0170117 0.0177338 0.0169581 0.241653 0.0134252 0.0235759
215 A 3.69901 0.235789 0.0294737 0.0287774 0.125956 0.0178328 0.0599937 0.0147368 0.0181694 0.0217076 0.0164504 0.0204351 0.0142903 0.0456366 0.0168421 0.0209738 0.149618 0.0563354 0.0461728 0.0372299 0.0235789
216 D 3.85428 0.0610385 0.0455802 0.209061 0.111781 0.0245954 0.0648045 0.0177924 0.0150869 0.0213639 0.0334612 0.0259014 0.0351363 0.0180408 0.0162378 0.0149329 0.0367822 0.0483163 0.059077 0.023229 0.117781
217 R 3.74181 0.021139 0.0733488 0.0324427 0.0375079 0.0232313 0.0685675 0.0651453 0.015841 0.031478 0.0638932 0.0116222 0.0108934 0.0312041 0.0235997 0.275058 0.099762 0.0319639 0.0409575 0.0217151 0.0206294
218 Y 3.73915 0.0408267 0.0490055 0.156064 0.0264073 0.0744375 0.0228864 0.020423 0.0198985 0.021406 0.0189343 0.0218024 0.0254557 0.0215005 0.0523257 0.0197927 0.100613 0.0289461 0.0224026 0.021406 0.235465
219 Q 3.65765 0.016069 0.0121007 0.0108206 0.044834 0.00569321 0.0241583 0.116141 0.0178358 0.115288 0.0175196 0.073784 0.0116212 0.0553021 0.204956 0.114915 0.0159142 0.0935777 0.0227728 0.010931 0.0157658
220 D 3.66045 0.0740907 0.0378569 0.260868 0.00187675 0.0146555 0.111585 0.073418 0.0164183 0.0185693 0.0266619 0.00841511 0.0466691 0.0186334 0.0113421 0.0314439 0.0270762 0.0353821 0.0378569 0.0367891 0.110391
221 I 2.35859 0.00991113 0.00845379 0.00537538 0.00915558 0.019225 0.00759405 0.00666323 0.0533058 0.00696311 0.578275 0.159917 0.0129457 0.0073008 0.014876 0.00390805 0.0376665 0.0322477 0.0160887 0.00423062 0.00589666
222 A 3.68604 0.226293 0.0512051 0.069748 0.165006 0.0145996 0.0553524 0.0123883 0.0192276 0.0181843 0.0157967 0.0150862 0.00874564 0.00570488 0.0441201 0.0278311 0.0660212 0.0331059 0.0917203 0.0277904 0.0320731
223 L 3.63041 0.022524 0.0427793 0.0262972 0.025602 0.0299455 0.0361026 0.0147648 0.032312 0.0324923 0.303733 0.0805075 0.0233641 0.079261 0.0420553 0.112494 0.0108272 0.0200201 0.00605045 0.0350461 0.0238222
224 A 3.83511 0.223254 0.0375298 0.0243783 0.114426 0.0437753 0.0590765 0.0395841 0.0336226 0.0186581 0.0199247 0.0154248 0.0191073 0.0350967 0.0335721 0.0232961 0.119926 0.0279828 0.0663729 0.0183497 0.0266421
225 T 3.67342 0.0294287 0.130177 0.0595127 0.0223813 0.0195728 0.0262219 0.0146132 0.147172 0.00964274 0.0170081 0.0246091 0.116418 0.0165891 0.00716935 0.0143664 0.0755119 0.177185 0.0697921 0.0146544 0.00797334
226 R 3.76104 0.0247675 0.0467387 0.0290749 0.0226686 0.0220316 0.0906491 0.0357565 0.0236716 0.0166883 0.113661 0.0114312 0.0145691 0.0565915 0.0180127 0.222908 0.135405 0.0393547 0.0285779 0.0278635 0.0195797
227 D 3.57107 0.0277204 0.179111 0.150052 0.0406155 0.00588438 0.0241694 0.0409232 0.00936396 0.0123896 0.0180657 0.0202773 0.0503598 0.0197715 0.0237424 0.0267495 0.228385 0.0168034 0.0412756 0.00827057 0.0560703
228 I 3.81702 0.0244926 0.0166815 0.0193824 0.0705689 0.0219763 0.0137295 0.0211088 0.200533 0.0125963 0.0548723 0.0690007 0.0354685 0.0199665 0.110639 0.0430108 0.050609 0.120874 0.0688037 0.0117961 0.0138898
229 A 3.6117 0.185965 0.0619882 0.0114692 0.254202 0.0110611 0.0398934 0.014131 0.0133894 0.0520701 0.0107632 0.0464911 0.00987422 0.0343959 0.040648 0.0347723 0.0671047 0.0396501 0.041992 0.0139692 0.0161708
230 E 3.15051 0.0380329 0.00653906 0.0185659 0.0665279 0.00887038 0.0402498 0.223556 0.00473661 0.0204701 0.0078856 0.0143978 0.0071922 0.017248 0.0389991 0.00825201 0.32266 0.112104 0.00797153 0.0114048 0.0243362
231 E 2.32092 0.0148926 0.00112158 0.00580682 0.0222446 0.0255266 0.00671065 0.128728 0.0036615 0.0503651 0.00330081 0.0390415 0.00422901 0.002061 0.00245861 0.0419291 0.00283596 0.00310164 0.0140312 0.0389686 0.588985
232 L 3.55796 0.0131504 0.019711 0.0182226 0.0194375 0.092534 0.0214745 0.0202593 0.00134272 0.0118967 0.255117 0.0968678 0.022723 0.156782 0.0440827 0.0431226 0.0283463 0.0166631 0.0848622 0.019931 0.013473
233 G 3.63622 0.0202533 0.161211 0.0435993 0.0157952 0.0112908 0.238989 0.0231279 0.0265543 0.0412049 0.0824935 0.00955954 0.0143752 0.0168982 0.0100415 0.0542289 0.0437298 0.0181885 0.113308 0.0213052 0.0338464
234 G 3.7593 0.12656 0.0118432 0.0366565 0.0644958 0.00288985 0.0185776 0.0382068 0.0220609 0.219633 0.0125715 0.0296237 0.0338818 0.120736 0.0733007 0.0295185 0.0339825 0.0449961 0.0450383 0.0215614 0.0138659
235 E 3.77028 0.089567 0.0244063 0.0647196 0.283384 0.0229771 0.0392436 0.0167858 0.0259588 0.0506043 0.0326508 0.0199822 0.0311031 0.0296626 0.0415977 0.0246052 0.0310761 0.0463479 0.0217616 0.0194099 0.0841565
236 W 3.702 0.0258638 0.055006 0.0112893 0.016892 0.0167349 0.111684 0.0187122 0.0223907 0.0249106 0.146783 0.0157978 0.0232718 0.0332942 0.030452 0.0709679 0.0520926 0.0144527 0.0442034 0.24118 0.0240219
237 A 3.79033 0.249061 0.0249061 0.0208516 0.120513 0.040318 0.0263035 0.0484286 0.0209388 0.0200856 0.0272477 0.0251346 0.0249061 0.0169075 0.0407755 0.0292613 0.0898463 0.0393736 0.0841538 0.0174343 0.0335523
238 D 3.69447 0.0181422 0.00659636 0.0224557 0.0897119 0.0318304 0.00400073 0.0609099 0.0376818 0.137586 0.0376356 0.0304239 0.0122486 0.00462122 0.173144 0.102529 0.0313187 0.00849675 0.0166214 0.138817 0.0352287
239 R 3.88109 0.0173225 0.0972091 0.0162015 0.0177154 0.0176966 0.0721033 0.0554708 0.0200715 0.0232448 0.120103 0.0188343 0.0194168 0.0386775 0.0224689 0.188343 0.0752074 0.062941 0.0204892 0.0627809 0.0337034
240 F 3.76529 0.0288601 0.133755 0.0171141 0.0220238 0.223384 0.0203919 0.0245928 0.01963 0.0263755 0.0321151 0.0108968 0.0256343 0.0239488 0.096923 0.0628482 0.0396843 0.0260615 0.111041 0.0231087 0.031611
241 L 3.66486 0.0384111 0.0299173 0.068493 0.0105051 0.00573323 0.0114964 0.029472 0.0205479 0.0235406 0.244618 0.108719 0.0228779 0.128324 0.0420051 0.099609 0.0272616 0.011439 0.0219233 0.0174727 0.0376335
242 V 3.88298 0.0863188 0.0114965 0.0791545 0.141396 0.0321975 0.00285429 0.0663845 0.00253614 0.0725067 0.0122333 0.0537083 0.0257544 0.00521173 0.0496313 0.0843191 0.0452101 0.117269 0.0243047 0.0612118 0.0263011
243 L 3.02521 0.038882 0.0171913 0.0126133 0.461047 0.0101652 0.00882428 0.0140115 0.0184329 0.009622 0.103685 0.0728599 0.0107673 0.0370921 0.0281432 0.0728686 0.0167581 0.0183958 0.0275958 0.00514142 0.0159027
244 Y 3.73901 0.0264305 0.0770946 0.0392157 0.0223228 0.0535947 0.0207507 0.064113 0.021443 0.0211052 0.10065 0.0453431 0.0216564 0.020942 0.0391275 0.0280938 0.0269651 0.0363942 0.0233276 0.0212338 0.290196
245 G 3.80243 0.0296081 0.102812 0.0409194 0.0187331 0.0179783 0.195917 0.02406 0.0290248 0.019145 0.0659523 0.0326529 0.0197896 0.0196674 0.0246518 0.101193 0.0595694 0.0199816 0.140767 0.00693512 0.0306411
246 I 3.91655 0.015675 0.104715 0.0225095 0.021529 0.044977 0.0173086 0.020957 0.174104 0.0428241 0.114704 0.0152872 0.0210126 0.0231077 0.0552547 0.0729637 0.0915842 0.021577 0.0508994 0.0265451 0.0424645
247 A 3.95017 0.103598 0.128428 0.0370217 0.0470111 0.022532 0.0490243 0.0135736 0.0127845 0.0501634 0.0540298 0.0147998 0.125747 0.0297644 0.0566437 0.0684406 0.0985387 0.0478013 0.0175483 0.00796911 0.0145805
248 A 3.74921 0.0674246 0.0209016 0.0421022 0.0748572 0.0226488 0.0136978 0.0589965 0.0257373 0.0353524 0.195558 0.0616999 0.0164368 0.0111833 0.172607 0.0094702 0.0449102 0.0813911 0.0138077 0.00801084 0.0232066
249 P 3.86144 0.0847667 0.0563182 0.0193882 0.0187727 0.0214546 0.0354552 0.0188238 0.0184572 0.0263017 0.0646973 0.00666927 0.0318191 0.168955 0.0776279 0.140706 0.0249826 0.0977747 0.0505008 0.0119135 0.0246159
250 D 3.78693 0.0422072 0.0562186 0.228334 0.0292055 0.0175641 0.0393426 0.0493314 0.0509123 0.0125458 0.0233074 0.0177075 0.0347717 0.0192921 0.149131 0.0179899 0.0219353 0.0440285 0.0408642 0.0126852 0.092626
251 S 3.33706 0.010634 0.00343452 0.0137932 0.00614162 0.0999087 0.00529118 0.0446414 0.0249543 0.0187886 0.037458 0.156912 0.00737461 0.00387022 0.127686 0.0304592 0.0198623 0.0237269 0.00236456 0.273587 0.0891118
252 Q 3.8013 0.0131957 0.0285663 0.210355 0.125664 0.0404349 0.0132341 0.0766725 0.0265582 0.0499846 0.0256148 0.0195203 0.0446178 0.0515498 0.111545 0.057586 0.0442934 0.0263023 0.0140354 0.00806347 0.0122068
253 R 3.74085 0.0265197 0.0649425 0.0168068 0.0197408 0.0178954 0.0693336 0.0328473 0.0174988 0.122996 0.112429 0.0464938 0.021438 0.0264227 0.0110955 0.225609 0.0863686 0.0211096 0.0336904 0.0123622 0.0144006
254 I 3.82267 0.0235143 0.0160233 0.0297214 0.0624478 0.0429988 0.0245658 0.0258182 0.222037 0.0231288 0.149819 0.0582391 0.0295014 0.0162136 0.0722605 0.0332501 0.0707943 0.034192 0.0274119 0.0222037 0.0158598
255 A 3.73462 0.146019 0.0117486 0.0302854 0.107279 0.0148547 0.136821 0.0135046 0.0175098 0.0116392 0.0136325 0.0730095 0.0248896 0.0268771 0.0170748 0.030354 0.0721605 0.0544892 0.0234309 0.0104299 0.16399
256 F 1.39365 0.00724398 0.00647125 0.00371329 0.00570993 0.0274076 0.004137 0.00446171 0.00342596 0.00428723 0.0129055 0.00447075 0.00303507 0.00335201 0.00424392 0.00720247 0.0104528 0.00363197 0.00889726 0.799736 0.0752141
257 Y 3.57124 0.0229467 0.101613 0.0571689 0.027118 0.00176372 0.0255061 0.080467 0.0180563 0.0382592 0.0251197 0.0238637 0.020665 0.0219967 0.0413567 0.0163743 0.0403336 0.0304201 0.0493514 0.0260403 0.33158
258 R 3.67507 0.0178201 0.0242405 0.0235946 0.022061 0.0111871 0.123804 0.0504964 0.0206845 0.0320987 0.108002 0.0247182 0.0260119 0.0274017 0.0342594 0.259541 0.107064 0.0219419 0.0189365 0.0199647 0.0261722
259 L 3.66225 0.023397 0.0509805 0.0419044 0.0223905 0.0936993 0.0111841 0.0277262 0.0282819 0.0175925 0.287345 0.0607066 0.0102623 0.0723248 0.0199892 0.0325153 0.0198588 0.0157758 0.0354683 0.107754 0.0208436
260 L 3.53428 0.0209768 0.0142596 0.0254772 0.0255502 0.0295842 0.0342846 0.0105903 0.0223198 0.0182352 0.318465 0.159987 0.0185514 0.0801507 0.0291635 0.0337426 0.0318465 0.0216191 0.0399469 0.0379125 0.0273361
261 D 3.64846 0.0172714 0.0139787 0.288469 0.0210562 0.0216034 0.063156 0.0279858 0.0213681 0.052449 0.0277909 0.034189 0.00598484 0.021957 0.0568516 0.0270056 0.0363518 0.0425785 0.0346163 0.0360587 0.149278
262 E 3.72387 0.0319908 0.044295 0.0891919 0.287918 0.0233447 0.0493119 0.0203313 0.0258538 0.117224 0.0243482 0.0166106 0.0189419 0.0382548 0.0309064 0.0318049 0.0331125 0.0260848 0.0376454 0.0319908 0.0208389
263 F 3.4705 0.031574 0.0262498 0.0281319 0.0337759 0.371535 0.0225173 0.0195545 0.0625357 0.0253781 0.0810682 0.0209316 0.0160464 0.0278482 0.0488862 0.0219154 0.0755432 0.0356455 0.020184 0.0285796 0.00209907
264 F 3.63296 0.0187839 0.0280331 0.0193937 0.0200516 0.217894 0.023845 0.0317762 0.0109632 0.0466915 0.0984766 0.0112248 0.0254681 0.0188063 0.0209178 0.0263897 0.0761315 0.0183831 0.0646569 0.0172932 0.20482
