# POSITION WT AAA AAC AAG AAT ACA ACC ACG ACT AGA AGC AGG AGT ATA ATC ATG ATT CAA CAC CAG CAT CCA CCC CCG CCT CGA CGC CGG CGT CTA CTC CTG CTT GAA GAC GAG GAT GCA GCC GCG GCT GGA GGC GGG GGT GTA GTC GTG GTT TAA TAC TAG TAT TCA TCC TCG TCT TGA TGC TGG TGT TTA TTC TTG TTT
1 ATG 26 6 6 2 39 4 37 0 30 1 6 1 3 31 199200 15 5 16 3 3 1 15 6 2 11 2 10 14 13 9 6 19 11 22 11 6 32 31 36 1 11 29 14 0 4 30 43 12 4 13 13 24 4 6 6 6 9 32 1 12 14 3 7 11
2 ATT 14 5 14 41 8 1 9 3 15 10 27 10 24 7 2 199122 9 46 5 5 11 62 3 43 3 5 8 0 10 6 7 0 1 13 2 29 39 2 2 4 0 7 0 6 43 6 3 5 46 35 27 8 52 21 16 11 0 17 4 17 6 16 4 23
3 GAG 13 12 11 21 14 0 5 11 3 16 21 41 24 5 25 2 59 14 21 27 41 0 6 5 1 3 17 0 51 43 3 19 5 15 199111 1 1 10 23 10 47 1 16 16 21 11 4 7 45 4 21 4 23 3 8 10 12 12 0 5 3 2 15 0
4 CAA 11 4 11 12 4 1 13 11 3 3 4 4 6 22 9 2 199318 5 21 6 24 54 35 13 3 12 5 1 3 1 5 1 6 9 0 0 21 3 2 7 5 0 5 5 3 20 7 2 34 2 0 17 57 25 14 28 25 6 15 1 1 9 36 8
5 GAC 19 2 0 19 8 6 19 0 0 18 18 2 18 11 13 3 7 5 17 6 54 6 6 14 5 21 2 28 51 4 2 1 21 199104 14 0 1 2 47 5 30 11 41 6 55 4 3 1 27 9 1 4 0 17 2 23 26 15 4 33 12 25 48 24
6 GGC 21 16 6 9 0 25 2 10 10 2 79 5 14 3 11 4 22 2 1 46 22 8 2 26 3 21 12 24 5 10 8 3 13 6 15 10 8 1 26 3 17 199345 0 0 14 3 7 23 8 9 0 6 1 11 8 3 1 2 6 4 9 4 1 4
7 CTT 1 11 11 20 36 17 2 7 22 2 7 13 4 6 2 18 2 4 1 4 2 10 9 43 53 5 4 7 32 10 11 199295 19 1 2 15 3 16 2 6 2 0 20 0 11 7 11 2 10 17 4 19 7 2 4 13 3 47 33 14 17 18 4 0
8 CAT 18 7 1 7 4 1 51 9 1 5 4 7 9 0 34 6 13 12 62 199347 4 1 17 3 33 8 3 7 2 6 1 8 5 0 7 4 1 21 4 4 1 0 4 30 6 4 1 8 21 21 43 4 30 1 4 13 19 20 7 10 0 3 5 8
9 GCA 0 11 14 37 1 15 24 10 8 7 2 2 10 14 9 6 6 16 20 20 5 14 8 26 15 6 11 41 16 30 3 1 15 5 20 7 199234 7 9 12 8 9 29 7 11 3 13 7 2 16 1 27 27 2 3 12 35 2 23 9 2 15 16 4
10 GGA 4 18 6 18 34 9 14 8 19 15 8 7 20 2 10 2 26 2 0 10 8 7 18 46 10 62 12 36 26 18 7 11 12 7 5 1 5 3 0 1 199261 12 14 15 7 0 1 15 4 14 4 7 29 31 12 0 0 11 5 2 6 10 13 0
11 TCT 13 5 27 1 47 7 11 22 1 53 24 6 5 2 1 2 10 6 25 5 48 5 8 12 31 5 11 3 18 14 2 4 2 1 12 15 30 1 20 7 2 37 6 2 11 14 6 1 26 6 3 36 23 34 10 199150 15 14 8 2 26 9 4 33
12 CCC 36 10 20 31 23 2 17 21 1 15 13 30 15 1 1 10 30 14 2 12 14 199138 2 11 5 32 1 11 27 14 21 4 23 15 6 10 12 34 38 16 3 7 33 21 18 6 17 8 2 1 8 3 19 1 6 25 24 10 19 1 0 22 5 3
13 GCT 1 3 15 12 11 14 5 14 5 1 7 12 2 9 20 27 18 16 11 3 24 8 5 5 6 18 0 11 19 28 1 21 12 11 41 16 4 6 40 199143 13 5 4 35 1 16 10 27 1 9 5 10 11 9 8 65 42 20 0 4 9 2 41 28
14 GCA 4 10 3 5 40 17 4 8 0 9 22 8 11 0 7 0 5 4 10 24 6 7 8 13 7 21 16 6 2 25 0 12 5 1 6 7 199390 5 9 11 6 17 8 12 34 1 8 11 20 8 6 12 8 1 9 23 8 6 2 4 34 5 1 8
15 TGG 4 7 1 5 5 20 4 0 15 16 17 29 8 23 13 18 5 16 0 21 2 16 27 10 7 9 1 6 26 27 11 43 9 15 10 0 35 0 8 13 0 5 7 20 10 2 5 50 5 10 1 47 15 7 13 14 1 28 199175 8 16 26 5 28
16 GTG 14 1 32 7 14 3 5 11 4 19 15 11 5 41 3 0 7 6 21 4 9 18 6 1 14 37 2 15 5 15 11 2 27 5 2 15 5 11 12 9 2 32 35 14 8 32 199225 11 7 3 44 2 15 4 19 1 7 15 18 13 2 18 15 14
17 GAA 8 4 16 2 4 72 4 31 12 5 8 2 1 9 16 26 18 13 36 27 33 10 33 0 34 17 3 2 2 9 3 52 199058 12 19 1 9 21 16 3 16 10 4 7 24 3 73 5 19 12 20 2 31 22 10 13 43 4 8 6 4 4 2 7
18 CGT 0 8 29 9 9 17 17 12 17 22 3 64 23 1 24 9 6 9 14 15 5 7 12 47 7 19 26 199209 6 2 6 14 3 0 1 9 2 10 9 41 34 11 0 17 25 8 6 14 3 23 10 16 5 4 11 9 13 15 3 10 14 2 4 0
19 TTG 5 0 12 4 3 4 6 9 4 7 2 0 8 9 13 9 4 1 9 4 16 10 12 1 22 13 30 13 2 10 3 11 15 31 7 19 4 3 21 1 11 53 1 13 0 4 10 14 14 1 12 1 2 9 21 20 4 33 10 0 15 2 199388 5
20 TTC 26 5 10 10 71 1 4 20 19 38 15 16 7 4 20 5 10 9 13 6 0 4 17 6 3 7 5 21 2 9 2 27 39 6 35 1 11 20 19 8 72 6 2 4 5 5 2 2 0 19 0 24 1 17 11 2 10 2 1 5 30 199172 30 27
21 GGA 16 24 0 8 3 27 2 11 25 6 17 4 26 26 14 15 6 12 8 15 8 17 5 0 22 21 19 12 15 0 7 1 2 14 3 9 21 1 20 10 199283 3 6 13 18 13 6 4 19 0 53 8 5 0 13 18 10 3 7 3 16 3 5 19
22 TAT 28 16 5 32 0 10 3 3 2 0 21 26 24 14 37 5 6 0 9 19 19 14 8 14 3 0 10 2 2 1 5 29 5 7 11 13 4 10 7 5 1 10 24 16 7 4 1 10 17 8 10 199302 6 17 13 5 22 9 23 13 2 24 7 20
23 GAT 34 18 11 13 18 3 3 0 25 0 0 9 6 2 11 5 7 6 27 2 11 16 2 5 12 2 12 35 2 18 46 14 16 14 12 199132 0 17 5 21 16 0 11 46 6 3 29 17 36 11 1 44 12 30 12 6 5 48 16 33 3 12 1 10
24 TGG 30 10 16 25 6 10 8 2 13 0 46 29 5 13 6 12 2 1 18 4 21 7 12 22 11 36 33 0 3 14 3 9 14 39 0 2 13 3 11 5 9 12 10 9 38 10 32 0 3 9 11 26 9 7 56 30 13 1 199132 21 11 4 19 14
25 GCA 15 9 14 26 12 9 17 10 7 25 17 13 28 4 1 5 10 0 4 8 3 7 18 4 17 3 11 16 14 5 2 31 5 28 6 9 199186 19 25 37 2 7 22 6 10 12 12 16 6 18 2 36 22 42 14 8 11 3 6 4 31 8 11 11
26 CAA 15 2 34 14 0 10 11 23 5 4 2 2 22 31 21 2 199181 23 8 1 19 25 8 42 22 0 8 13 2 9 19 12 35 3 3 28 3 8 3 20 13 14 14 8 15 2 14 4 1 3 23 0 38 16 9 6 48 6 15 24 2 20 3 9
27 CAA 34 2 1 3 12 31 33 9 20 14 27 7 31 1 25 10 199018 6 4 11 2 8 4 22 1 1 37 5 19 2 9 3 13 17 34 34 0 50 21 8 10 3 16 13 3 28 35 1 7 5 31 10 35 52 75 8 0 21 2 4 11 17 17 7
28 ACA 29 39 10 3 199156 34 11 14 15 10 11 17 31 19 0 8 2 14 0 17 9 10 8 24 2 23 8 16 1 12 3 2 11 0 5 3 35 4 35 11 26 5 14 7 5 12 3 4 18 8 6 71 25 11 39 0 18 14 4 7 8 13 19 1
29 ATC 9 12 7 14 8 2 1 8 6 55 3 23 19 199303 9 13 9 17 10 0 0 20 1 0 1 9 10 15 7 19 8 4 6 9 8 22 1 1 6 10 26 3 34 1 10 3 1 8 11 15 23 2 23 4 32 13 5 36 8 9 20 7 9 12
30 GGC 7 10 10 22 16 12 12 7 2 25 20 42 22 32 23 40 7 8 13 16 0 14 1 8 25 13 31 32 2 18 17 36 1 44 6 45 4 21 0 17 44 199004 23 1 6 18 8 19 16 13 4 13 2 7 6 8 12 2 19 22 35 11 6 20
31 TGC 43 14 4 48 7 1 16 11 4 25 4 1 10 14 12 9 44 22 2 6 4 21 2 1 14 6 28 4 65 27 5 0 9 17 11 3 5 12 0 22 8 21 7 2 3 14 4 19 0 13 17 16 18 4 13 15 38 199201 5 2 10 4 10 3
32 AGT 4 2 0 16 28 13 3 6 7 16 1 199162 13 1 29 4 25 16 52 8 10 3 18 1 3 2 47 8 11 1 6 19 20 22 33 28 5 5 13 2 0 21 8 1 18 7 9 13 0 24 12 32 18 2 1 2 18 79 10 24 1 19 8 10
33 GAC 9 1 46 32 4 0 0 9 3 4 12 4 8 7 22 10 3 13 2 17 14 4 5 3 13 11 4 7 0 7 38 8 59 199198 22 13 7 14 3 14 19 9 38 7 17 30 27 14 5 1 10 18 3 13 8 23 5 7 16 19 11 15 14 21
34 GCC 19 4 6 12 16 29 10 5 5 21 7 2 40 19 22 15 14 0 11 19 7 1 6 11 25 11 9 30 0 13 2 1 5 9 22 7 64 199248 6 8 7 11 14 9 24 14 9 11 7 14 19 2 26 7 11 10 3 4 3 3 12 0 12 7
35 GCC 37 3 0 5 1 12 18 23 3 2 3 0 0 10 1 29 9 6 19 7 5 23 9 6 21 3 28 5 18 1 4 2 5 65 5 20 15 199300 13 5 8 18 3 11 6 36 22 24 13 10 19 1 5 16 4 0 0 17 0 11 9 0 24 2
36 GTA 36 35 7 24 21 23 4 25 3 5 17 8 13 2 45 1 4 29 18 8 2 15 5 1 19 13 8 35 1 3 39 11 6 13 5 4 30 17 8 7 22 5 16 24 199143 2 13 8 12 2 23 11 3 13 2 22 30 2 11 3 6 28 2 27
37 TTT 10 11 2 4 10 2 4 5 6 0 23 8 15 19 5 2 18 24 1 22 12 52 39 32 19 14 31 28 9 12 24 15 24 6 2 16 31 2 28 19 6 12 1 32 0 17 6 38 30 9 15 5 19 9 16 6 5 4 6 43 16 5 6 199088
38 CGC 9 18 13 6 36 3 32 17 9 3 9 13 0 1 16 7 11 29 6 0 15 15 21 10 23 199171 6 20 9 1 29 9 19 2 6 6 3 8 5 33 2 20 29 15 34 18 48 8 7 11 5 25 0 17 9 18 3 31 1 16 2 16 6 10
39 CTT 17 16 12 8 15 19 6 14 11 27 2 21 21 5 2 15 16 8 1 17 4 2 11 1 3 0 7 16 21 34 9 199279 30 8 9 12 4 2 8 7 30 12 3 2 8 2 55 11 10 10 6 0 7 30 21 4 6 14 4 1 11 7 7 19
40 AGT 17 39 17 32 9 10 3 10 30 15 2 199068 2 5 20 4 13 9 8 17 12 35 6 6 31 7 3 32 31 14 10 11 64 5 16 3 10 9 6 16 13 9 11 6 26 77 8 4 31 17 5 3 9 1 5 3 25 28 1 26 5 16 0 14
41 GCT 7 0 19 27 3 3 23 5 51 5 7 2 36 1 12 28 26 16 26 1 13 9 6 23 5 5 0 2 7 0 32 20 1 2 22 5 25 7 20 199229 12 31 17 12 19 24 2 21 3 6 4 7 6 3 4 9 1 23 27 9 1 9 19 0
42 CAG 21 45 2 19 39 22 10 7 2 20 9 11 4 5 4 4 3 19 199100 18 2 30 24 25 7 22 29 3 14 7 49 15 0 16 4 3 22 6 9 14 49 3 7 20 1 5 3 14 58 14 9 0 8 3 12 7 8 29 53 5 6 3 14 4
43 GGA 15 8 11 7 27 11 15 12 0 16 2 4 4 3 16 20 1 30 5 2 2 11 13 22 12 7 8 37 21 8 2 0 99 13 7 9 12 6 8 63 199098 5 22 9 2 8 4 5 6 8 1 37 3 11 23 14 70 2 43 9 1 25 11 14
44 AGG 19 0 33 2 13 4 1 11 33 1 199140 10 15 18 3 16 22 1 10 2 13 2 19 22 0 7 4 19 16 10 22 5 12 4 23 4 22 10 35 3 52 20 8 41 29 24 17 3 5 37 1 2 15 9 31 1 6 14 3 11 0 44 10 11
45 CCG 4 12 37 16 3 35 16 14 0 17 6 15 0 3 33 39 7 5 19 2 39 1 199158 2 1 6 35 26 5 8 23 16 24 17 10 4 7 16 24 21 5 15 4 15 6 44 13 11 7 1 8 4 5 4 11 37 6 7 10 2 5 43 1 10
46 GTG 16 7 12 34 10 40 3 15 8 7 29 8 7 1 28 24 3 10 2 1 57 12 7 3 19 15 26 6 12 40 10 18 2 0 13 13 17 3 21 26 26 0 4 2 15 37 199125 7 22 5 5 2 17 1 0 16 13 2 6 16 34 24 9 27
47 TTG 14 1 21 3 1 4 7 6 16 21 9 10 1 1 11 19 32 21 27 0 16 3 0 6 7 18 14 12 6 6 5 22 10 6 5 12 18 8 12 14 4 45 0 1 4 6 27 1 8 22 10 3 7 19 34 11 23 3 27 11 8 6 199283 12
48 TTC 1 9 16 4 8 10 2 1 11 27 16 9 11 9 26 2 15 34 0 2 0 21 7 46 12 2 17 12 17 9 17 12 17 10 7 3 5 5 12 28 1 40 1 22 11 11 42 8 9 24 3 5 1 15 26 0 0 23 8 15 3 199228 11 21
49 GTT 18 35 15 12 23 19 8 0 5 16 12 8 6 12 11 8 19 5 37 27 5 11 1 14 16 2 14 16 14 9 10 0 1 5 0 13 12 42 53 6 13 7 0 6 15 39 6 199176 15 8 15 13 6 4 12 0 25 6 6 40 8 8 23 9
50 AAG 5 56 199094 1 0 4 11 3 6 2 2 1 13 27 29 13 22 9 12 17 22 7 9 2 3 2 14 5 16 7 12 26 26 10 15 14 7 27 14 0 18 1 47 2 38 3 3 38 7 31 20 9 24 0 18 12 3 21 11 13 71 24 1 20
51 ACC 5 7 15 21 36 199199 14 11 11 27 5 22 5 8 4 0 0 1 5 5 9 3 5 23 10 6 31 28 21 5 34 10 2 12 0 5 3 36 8 3 6 68 4 12 13 1 23 6 12 15 5 13 12 61 12 2 8 9 3 4 3 2 19 32
52 GAT 9 8 5 6 2 22 16 5 12 12 21 13 2 8 9 1 11 4 18 4 4 16 8 2 12 59 13 5 10 36 5 17 40 33 4 199157 12 5 32 31 1 16 9 22 15 11 21 5 0 14 10 10 23 10 31 31 24 9 12 15 3 10 0 9
53 TTG 10 3 0 13 1 18 42 28 4 19 22 6 18 5 1 8 1 2 13 7 0 143 11 0 29 8 17 19 6 3 12 0 0 10 9 8 45 13 3 29 7 41 0 8 2 6 4 3 11 0 18 29 15 8 11 63 4 10 24 5 5 9 199124 7
54 TCT 10 11 8 4 23 25 46 0 1 0 3 3 7 5 1 9 5 29 23 9 3 2 14 47 11 1 21 12 14 1 2 4 18 9 14 1 9 6 44 9 26 28 0 10 21 22 5 10 2 6 17 33 7 12 19 199255 11 11 7 12 9 1 6 6
55 GGG 5 7 4 8 3 0 7 23 44 2 3 1 8 1 0 21 25 8 4 11 8 3 6 8 0 4 5 10 1 23 2 15 13 4 33 2 1 21 8 2 17 9 199322 4 64 2 2 17 18 24 11 3 16 0 23 25 6 17 8 4 12 4 23 15
56 GCG 7 13 15 39 5 13 2 8 32 1 8 46 1 16 6 36 4 6 20 50 10 16 44 8 19 5 1 9 1 3 5 13 6 1 11 6 13 17 199160 6 17 21 3 18 22 20 18 8 3 21 25 0 2 14 38 1 10 1 17 35 2 2 7 13
57 CTA 19 23 13 43 8 1 19 24 13 13 8 28 10 14 24 25 5 0 13 8 20 6 33 6 6 0 4 22 199149 14 3 7 9 13 1 16 22 24 15 13 2 26 2 24 2 3 2 10 26 18 7 2 28 68 15 14 9 9 10 2 12 3 9 3
58 AAC 3 199181 11 27 40 22 21 35 44 10 2 6 0 15 24 0 15 34 14 11 1 18 24 3 22 18 6 46 40 20 3 6 12 2 5 1 11 15 0 6 7 25 1 16 2 1 5 16 22 4 16 7 1 6 6 10 2 0 27 14 9 2 21 6
59 GAG 9 37 0 19 6 6 18 5 52 9 0 3 6 0 3 3 38 5 18 4 18 3 11 17 0 4 16 1 17 7 11 11 16 17 199300 7 8 8 7 11 6 13 0 2 10 1 12 4 28 0 26 9 3 15 0 51 35 0 33 14 7 0 0 0
60 CTG 0 2 20 16 4 8 4 19 48 5 43 0 18 2 18 6 6 9 3 7 18 18 17 0 21 13 15 2 8 4 199218 17 7 7 0 0 16 22 8 8 16 21 12 8 2 4 9 1 25 2 27 9 28 22 11 22 5 25 4 18 7 14 39 12
61 CAA 8 10 3 9 4 2 7 2 9 5 17 2 18 6 13 0 199366 9 24 22 7 19 12 18 2 8 0 7 17 4 2 24 14 8 0 16 11 4 6 22 0 7 7 8 7 20 16 8 13 3 15 16 12 30 9 12 10 17 5 4 4 0 29 11
62 GAT 1 11 0 20 6 0 18 4 27 0 35 1 8 18 1 6 12 8 3 2 9 7 47 2 23 4 4 2 4 39 3 11 20 37 29 199196 37 13 4 4 41 11 1 6 37 12 0 18 7 4 8 10 7 0 22 20 53 3 2 5 22 15 4 16
63 GAG 30 10 7 2 37 17 18 7 34 2 6 14 3 13 0 2 34 5 10 8 28 0 6 4 4 22 2 4 13 12 3 5 37 14 199195 8 20 16 33 4 1 15 3 31 20 16 24 11 11 11 12 12 6 9 8 10 30 30 11 3 6 10 21 0
64 GCG 17 3 15 3 6 5 1 12 18 39 1 10 6 33 9 38 6 0 3 1 7 7 10 9 16 4 36 3 3 7 15 9 1 29 8 19 23 19 199317 5 32 8 7 9 7 2 1 14 31 11 7 13 11 1 28 2 7 4 2 1 1 3 2 23
65 GCC 9 33 2 4 5 16 12 21 10 10 17 4 9 5 3 9 19 2 54 5 21 6 4 4 4 32 20 40 5 11 1 21 11 37 9 27 12 199059 18 3 34 11 8 10 31 38 10 29 8 4 37 32 19 19 7 35 10 17 4 7 6 1 15 14
66 CGA 0 2 22 17 9 43 20 21 3 9 11 17 2 23 29 8 56 5 38 16 5 12 6 11 199090 37 26 5 12 8 28 7 19 3 21 4 19 50 0 6 1 8 38 6 10 7 3 10 10 3 2 14 28 8 26 27 22 11 19 6 4 5 1 11
67 CTT 21 22 10 12 17 8 10 10 4 2 5 7 46 41 23 31 6 1 4 28 7 38 2 22 24 10 3 2 19 4 17 199121 3 26 21 1 11 3 0 38 4 13 6 20 16 40 0 7 10 9 2 9 7 11 9 26 14 0 23 5 15 50 2 22
68 TCG 9 4 13 11 3 2 6 1 11 8 70 15 7 27 15 3 9 5 23 1 4 22 8 14 12 0 13 1 25 25 22 13 0 5 1 8 22 3 13 11 4 4 4 20 5 4 6 14 7 10 25 3 4 2 199321 14 1 0 52 8 13 7 6 1
69 TGG 1 40 24 5 3 5 2 21 14 14 10 7 0 4 3 17 1 23 0 0 17 8 9 11 4 19 9 0 5 3 48 19 64 0 10 13 8 10 10 6 13 14 30 31 0 6 28 8 38 4 4 4 1 5 18 10 17 0 199262 8 11 3 6 12
70 CTG 8 1 24 14 11 22 10 9 8 10 13 2 29 11 20 3 5 1 9 11 29 2 11 2 4 15 40 4 6 19 199252 31 2 11 12 11 34 5 3 20 33 30 16 13 6 23 9 2 11 3 3 2 0 15 17 1 37 21 2 3 1 10 3 5
71 GCC 9 5 59 39 2 3 13 38 4 16 18 34 2 26 3 37 4 25 11 16 2 7 36 1 1 7 12 22 17 4 10 1 12 3 16 14 26 199156 11 15 24 17 3 4 0 15 0 15 45 10 2 6 18 7 3 3 2 2 0 25 14 9 38 1
72 ACA 6 27 9 5 199147 48 13 1 8 11 28 2 37 2 38 1 40 11 17 30 25 17 8 10 56 1 0 16 6 2 19 6 0 3 0 7 23 1 31 5 6 1 0 14 32 17 71 5 0 5 8 10 4 5 14 7 2 3 2 10 11 21 26 9
73 ACA 21 2 28 15 199217 8 29 8 1 22 30 7 42 18 5 3 7 3 14 4 9 5 17 18 25 9 21 0 8 9 14 3 52 1 1 18 3 2 8 5 23 23 11 4 12 7 0 28 8 13 1 10 7 7 26 5 32 10 7 6 5 7 18 18
74 GGG 19 5 2 11 6 17 12 7 36 31 39 14 10 4 21 9 8 14 22 9 0 1 4 14 17 33 6 18 13 0 4 16 16 8 7 7 4 27 6 2 89 14 199190 3 1 6 2 17 1 13 5 15 29 11 6 5 7 10 2 0 1 56 2 16
75 GTT 6 31 12 1 10 12 3 8 6 5 4 6 3 29 11 23 5 33 10 18 36 5 9 18 12 5 6 4 10 0 1 52 43 10 8 10 12 6 0 3 18 8 18 9 0 8 1 199278 5 24 15 0 9 7 8 24 3 13 21 3 1 4 23 14
76 CCG 12 9 42 1 36 63 12 11 0 43 8 15 1 40 2 30 2 13 17 0 0 1 199013 2 11 0 16 16 18 4 25 16 6 22 11 9 60 19 23 11 12 8 7 29 1 18 8 1 5 41 5 11 19 2 45 27 8 13 30 10 30 14 4 12
77 TGC 19 3 27 7 15 1 4 2 26 1 37 13 10 12 0 39 3 3 18 22 2 0 14 16 7 14 5 19 3 21 5 11 3 6 6 6 5 20 19 3 2 2 25 0 11 15 30 22 12 18 0 2 0 33 32 50 8 199241 14 11 3 18 3 1
78 GCA 0 15 3 6 13 21 3 25 20 5 17 29 20 1 8 3 54 6 16 11 15 7 46 4 26 19 10 1 14 0 2 7 11 5 50 6 199207 21 8 6 39 17 11 1 0 6 16 0 10 11 0 27 2 16 17 21 12 18 2 7 2 0 9 15
79 GCG 17 14 10 11 4 10 26 2 1 12 12 4 0 15 9 28 6 9 16 5 0 24 3 14 6 3 2 11 8 2 2 4 6 8 23 10 34 9 199279 25 22 3 50 21 7 15 17 3 41 5 4 13 10 3 14 4 22 13 6 3 0 1 7 32
80 GTT 24 11 5 3 9 4 13 4 5 6 2 23 12 1 2 12 3 14 19 42 1 18 16 3 7 1 8 4 1 1 3 7 4 4 17 34 15 9 3 33 2 19 16 63 19 21 27 199292 1 8 18 26 13 12 2 3 10 5 2 1 7 7 9 14
81 TTA 7 5 59 20 6 8 10 8 4 20 4 3 20 6 13 15 30 29 1 7 11 14 0 19 0 60 9 2 40 11 24 5 30 2 13 12 1 6 15 1 7 16 18 3 17 17 10 8 29 16 23 3 23 2 16 9 2 8 35 6 199119 29 3 31
82 GAT 2 8 11 9 10 41 6 2 15 16 35 0 5 13 2 13 6 6 0 18 17 26 10 0 7 5 9 12 20 3 28 32 8 19 20 199259 1 14 1 4 60 14 7 16 12 33 10 9 2 0 14 7 4 14 12 3 7 4 23 2 14 13 3 4
83 GTT 31 5 29 4 10 0 36 1 5 1 17 11 17 17 9 27 0 18 15 20 19 11 16 37 13 0 13 19 0 3 16 8 17 67 4 11 0 9 18 5 1 5 27 81 20 12 12 198948 30 29 0 54 7 18 39 3 30 25 20 14 16 16 21 13
84 GTA 2 7 13 4 42 0 15 2 5 56 3 0 11 2 0 9 4 11 0 5 6 36 12 31 0 10 1 23 11 20 23 2 15 16 6 41 12 8 12 44 2 14 15 11 199195 22 4 4 6 6 22 36 0 21 5 6 21 6 39 1 23 2 19 0
85 ACG 44 24 15 4 2 65 199043 3 8 16 0 5 21 50 50 16 5 13 10 5 5 2 3 17 4 13 18 2 8 16 6 2 0 9 27 2 2 3 23 68 10 5 23 14 5 8 3 27 19 15 1 46 1 18 58 4 7 9 13 17 2 27 14 25
86 GAG 13 1 5 14 2 12 0 2 1 7 15 26 1 0 10 15 2 5 3 4 1 3 5 4 13 7 8 11 18 14 32 12 10 33 199408 12 2 38 2 0 4 13 15 1 6 3 27 0 1 14 16 24 2 2 27 5 3 20 2 9 20 2 13 0
87 GCG 8 23 36 0 21 6 37 37 23 8 17 28 2 3 1 10 3 2 0 18 5 56 4 4 8 0 4 20 4 4 1 10 8 13 33 17 9 18 199249 8 4 1 4 1 23 0 9 17 23 2 16 15 3 4 8 4 0 50 24 5 1 20 2 6
88 GGC 4 17 9 27 3 18 4 13 9 12 3 3 8 0 3 30 7 3 6 3 10 9 5 5 19 5 7 5 1 72 4 11 5 6 33 19 14 10 22 26 6 199291 11 0 33 13 5 1 12 8 7 3 8 5 17 14 1 29 8 8 1 14 32 3
89 AGG 12 23 6 11 36 40 10 8 31 44 199059 2 2 19 19 30 9 2 3 41 2 10 13 6 14 23 15 27 12 19 1 4 9 82 2 14 13 18 26 12 5 2 4 3 10 3 5 2 4 19 4 11 32 11 1 7 45 30 14 0 4 1 35 19
90 GAT 14 18 44 19 3 13 3 1 3 10 19 5 8 2 30 29 1 6 19 10 0 11 0 21 26 27 9 32 90 5 10 1 5 6 4 199122 13 1 41 26 0 11 16 57 7 5 6 6 0 8 20 34 11 6 18 12 4 14 12 16 8 9 7 6
91 TGG 8 0 10 11 6 11 17 7 0 10 21 17 7 1 6 8 11 12 5 16 8 9 8 30 19 39 14 20 16 6 50 7 19 1 6 9 7 4 12 2 48 8 11 0 4 15 4 0 32 39 18 7 3 8 18 3 16 25 199194 31 11 4 8 23
92 CTA 13 20 19 7 2 10 6 25 7 21 0 7 12 2 6 2 5 48 14 13 14 28 19 5 8 11 11 17 199045 27 80 16 9 24 5 17 16 2 7 8 17 0 25 13 16 3 9 18 6 32 0 41 1 7 6 37 7 8 40 28 24 7 46 1
93 TTA 9 7 4 12 7 0 11 18 6 8 7 0 22 3 7 2 5 6 49 3 24 9 8 6 6 2 1 12 23 21 12 2 32 4 0 5 1 5 11 16 5 14 0 31 11 10 14 27 8 5 9 20 1 3 14 7 1 0 8 12 199367 22 15 10
94 TTA 0 10 15 2 11 0 19 10 4 2 10 3 6 0 4 5 27 14 4 1 0 6 7 11 18 18 5 0 9 17 13 4 9 55 8 13 7 17 6 30 7 13 5 0 30 13 15 2 0 22 11 18 32 0 63 2 3 15 7 18 199292 4 17 11
95 GGT 7 0 0 11 21 2 5 18 16 0 0 10 1 2 38 2 10 30 22 5 7 3 19 1 14 18 7 14 11 4 3 0 0 51 3 20 53 17 52 19 3 4 3 199227 20 2 17 16 10 18 0 12 7 4 0 3 12 28 40 10 4 11 17 16
96 GAG 28 2 23 5 1 7 7 2 1 7 30 2 13 3 6 9 0 6 45 8 10 3 27 10 15 21 5 9 6 3 1 10 29 2 199170 12 2 14 20 2 10 14 21 9 9 13 0 27 0 28 20 6 43 19 2 1 22 2 6 60 4 37 21 50
97 GTT 5 11 7 10 0 15 13 13 16 6 10 5 6 2 15 9 0 27 2 8 29 18 13 8 0 35 23 1 11 7 1 2 6 1 0 57 13 16 1 20 13 1 55 6 22 10 11 199249 3 7 1 20 14 7 5 4 9 17 2 15 7 33 43 4
98 CCG 7 9 10 8 6 1 15 21 8 12 15 1 11 15 14 21 3 5 12 1 10 4 199171 36 8 18 12 2 15 24 4 2 6 7 11 2 20 27 9 42 5 2 37 36 6 6 19 5 14 0 1 11 31 19 60 18 27 9 34 3 3 9 16 4
99 GGG 2 1 3 7 4 11 2 16 15 13 8 0 4 22 2 17 37 7 8 6 13 10 7 5 7 9 0 5 41 5 1 13 13 15 15 14 5 5 14 11 1 25 199377 9 20 8 3 3 14 2 10 3 1 3 20 18 6 15 34 8 0 12 10 5
100 CAA 5 1 18 1 0 20 25 6 2 3 9 28 32 6 3 17 199186 16 38 24 16 53 1 20 10 17 25 5 6 2 25 8 14 30 12 6 12 25 4 5 11 7 35 29 20 24 6 1 2 0 7 9 16 2 14 12 4 1 18 3 2 15 21 5
101 GAC 13 8 28 13 22 6 22 23 45 6 25 18 0 4 19 51 5 5 20 7 16 9 10 42 45 12 3 0 4 19 8 5 31 199099 29 19 0 6 8 2 4 13 14 8 1 21 22 1 31 14 6 2 21 13 16 3 22 12 17 5 4 25 17 1
102 TTG 0 5 3 16 17 3 10 7 21 13 7 3 2 4 1 6 18 6 4 0 9 4 11 11 15 8 15 6 9 2 4 14 4 9 5 43 4 0 0 6 8 1 23 4 8 7 5 3 13 0 3 15 3 3 53 11 42 6 0 14 59 29 199353 12
103 CTT 14 24 4 6 7 4 5 11 7 12 4 6 5 17 3 26 5 6 10 23 21 4 11 35 0 7 1 11 12 14 3 199427 4 2 5 6 16 2 2 11 5 5 5 13 6 0 11 9 45 1 4 36 1 14 3 3 3 0 3 15 12 3 2 8
104 AGT 15 47 9 27 1 14 17 23 29 13 28 199204 23 6 7 6 6 8 24 1 22 11 1 8 14 6 17 5 0 13 16 6 6 8 5 2 27 21 17 22 7 14 27 36 20 4 6 23 0 7 7 1 21 2 0 11 2 2 15 19 9 3 9 20
105 TCC 5 2 23 16 2 30 4 5 15 7 4 22 34 38 4 8 0 6 7 13 5 1 2 11 1 12 0 19 21 6 15 21 9 1 5 15 39 13 4 0 3 12 0 0 41 6 15 6 6 29 10 2 4 199272 5 8 13 8 58 10 5 19 17 6
106 CAC 6 28 33 3 56 7 25 35 9 34 20 8 6 23 23 29 20 199057 35 1 24 9 3 3 7 2 7 11 12 24 37 1 3 6 3 42 21 32 13 12 11 3 3 33 6 7 9 3 2 23 1 3 24 1 11 21 20 20 11 35 4 0 19 0
107 CTG 7 3 2 5 9 16 10 27 2 3 36 46 5 15 7 5 4 6 22 2 1 2 32 0 20 3 6 24 31 29 199181 5 5 20 0 13 0 12 5 1 2 16 43 14 24 1 34 4 12 48 10 10 1 0 9 8 37 8 21 7 6 14 45 4
108 GCC 40 13 6 14 3 16 1 14 5 19 6 4 7 16 2 15 0 9 42 11 46 17 0 24 13 2 27 7 19 13 7 33 4 15 6 34 17 199153 11 10 15 4 5 14 0 7 19 7 0 14 4 58 5 9 15 17 11 7 10 19 16 30 2 11
109 CCG 16 1 8 3 10 4 4 15 0 14 6 3 12 26 3 18 15 9 20 1 33 8 199325 27 4 23 7 11 2 8 2 13 3 14 9 22 9 5 4 9 2 1 7 38 11 18 13 4 16 11 16 5 1 6 16 16 8 0 18 27 19 9 6 6
110 GCG 1 2 6 20 1 42 43 50 11 26 5 45 10 0 12 1 7 2 10 27 2 2 13 59 38 3 12 25 6 17 13 5 44 14 29 15 14 15 199053 20 2 11 15 1 1 27 10 2 32 37 2 7 7 12 10 2 10 7 15 21 4 0 28 17
111 GAG 8 4 23 10 4 5 17 12 1 12 8 16 8 17 18 9 13 5 3 9 20 1 8 48 8 27 0 14 26 40 8 3 20 19 199304 25 0 1 3 1 7 5 11 0 30 5 4 21 5 3 13 1 5 4 18 2 17 0 19 1 4 24 5 18
112 AAA 199124 14 4 24 36 17 11 6 6 11 25 21 23 18 10 29 4 39 12 7 3 11 3 22 3 1 1 21 7 15 8 0 31 16 3 4 5 3 7 3 31 3 8 0 2 5 6 16 17 34 11 10 25 28 16 41 6 41 5 21 5 36 13 12
113 GTA 21 14 51 35 15 2 18 13 5 10 13 2 19 47 10 1 29 5 22 6 25 2 4 9 16 3 21 19 20 25 0 1 7 21 21 1 24 11 28 31 6 2 3 7 199165 22 5 14 2 15 15 13 8 17 1 4 32 1 17 0 4 1 13 6
114 AGT 1 13 16 5 10 6 14 11 0 26 1 199266 11 33 4 6 7 9 6 3 7 7 8 55 7 4 85 9 6 4 19 27 8 1 1 7 4 22 2 10 5 13 33 31 3 6 0 4 0 14 14 29 6 12 26 5 4 6 16 13 0 2 9 8
115 ATA 12 11 22 33 29 15 5 4 38 3 21 23 199180 23 7 7 6 12 4 4 10 11 36 24 0 3 10 14 39 19 16 1 12 15 2 18 9 3 11 18 7 9 7 0 8 3 12 15 1 10 11 6 41 10 12 22 1 9 25 17 11 5 11 17
116 ATG 33 5 1 23 37 8 6 3 8 15 7 20 13 34 199122 16 10 0 9 10 18 27 51 10 15 16 25 22 27 4 14 19 19 25 2 2 7 7 8 5 15 2 6 15 31 14 27 23 3 10 42 2 5 29 1 3 1 1 4 14 41 0 5 3
117 GCT 12 23 1 1 0 8 2 32 28 30 5 31 51 10 1 2 16 36 11 19 5 24 25 18 16 2 14 14 5 7 14 2 9 10 19 29 11 14 23 199131 1 62 0 15 36 5 33 8 18 3 3 4 10 9 31 7 3 5 10 1 9 4 6 6
118 GAT 37 0 4 42 14 28 14 15 3 8 10 29 16 24 33 5 24 1 4 13 1 16 16 0 18 10 32 31 1 9 0 26 21 2 13 199225 28 1 10 5 2 5 9 10 1 1 3 4 6 3 1 8 1 28 2 2 2 23 8 2 25 13 7 45
119 GCT 17 23 59 33 17 2 2 12 11 20 26 14 14 5 3 5 3 16 15 3 21 30 1 11 7 1 4 3 88 5 3 10 7 0 28 5 8 5 6 199143 2 5 9 3 10 5 8 21 12 20 19 8 26 20 4 34 0 10 26 3 25 6 37 1
120 ATG 1 8 16 30 13 24 5 5 16 3 33 10 5 33 199180 5 7 2 5 2 13 23 29 14 12 0 26 8 11 9 24 13 2 14 18 13 4 12 16 10 12 42 31 29 6 2 15 5 12 46 20 2 3 6 4 13 6 2 10 2 15 5 7 31
121 AGG 17 3 21 3 27 10 19 30 7 9 199156 14 4 29 14 32 8 5 2 7 32 1 9 2 15 1 5 13 28 7 6 13 12 55 8 3 9 20 18 10 47 4 12 21 3 1 1 47 21 11 28 15 7 5 9 7 7 11 18 0 2 12 4 23
122 CGT 8 5 1 12 30 16 26 3 21 22 36 48 21 1 18 6 3 5 2 7 37 5 2 0 14 5 6 199213 4 12 2 34 3 1 28 18 5 8 19 1 20 9 26 13 15 10 0 2 0 25 8 16 1 19 20 27 18 18 8 10 16 2 7 2
123 TTA 4 6 3 4 22 4 18 7 11 45 2 1 28 15 61 7 31 1 3 17 30 7 8 1 1 0 5 8 5 6 0 12 7 1 6 1 4 14 52 42 16 0 2 13 5 6 3 14 4 52 3 24 8 4 7 29 14 20 4 29 199207 24 8 4
124 CAC 7 10 5 19 23 26 0 45 29 13 22 5 7 30 2 1 15 199058 37 16 7 20 42 1 15 12 4 44 34 23 5 9 9 18 25 1 14 5 13 8 12 14 25 9 0 8 22 15 15 11 9 13 13 13 17 40 6 11 10 1 17 20 0 20
125 ACA 11 10 18 8 199315 26 19 3 3 13 8 11 7 12 0 8 5 5 7 36 18 1 23 3 0 6 13 2 10 5 21 12 5 3 3 12 20 14 14 31 13 15 10 2 12 6 6 12 1 21 0 10 13 11 25 1 10 27 7 13 21 1 15 7
126 CTA 0 1 22 10 0 0 36 24 2 1 5 9 2 20 6 7 43 17 5 24 14 11 4 26 8 5 13 6 199283 16 49 7 6 1 6 20 56 5 6 15 7 3 4 4 2 8 12 17 3 1 22 7 5 8 23 4 8 2 0 7 4 31 11 16
127 GAT 41 9 5 4 2 5 8 25 4 9 6 2 19 7 24 5 17 5 19 15 37 2 8 2 4 23 4 4 7 20 13 14 22 15 36 199274 0 6 0 13 19 3 2 8 1 43 29 2 46 29 1 4 7 5 13 14 9 0 7 5 4 5 6 3
128 CCA 18 12 5 23 3 22 1 2 15 26 11 50 7 6 17 62 19 7 5 54 199176 17 53 3 1 18 11 2 25 8 4 16 11 6 6 14 7 7 1 2 11 12 2 3 3 8 5 8 14 3 6 14 7 1 8 18 40 5 9 2 30 10 21 7
129 GCA 1 2 20 8 15 2 7 5 3 2 14 9 8 39 18 3 6 22 24 4 30 4 18 11 0 13 20 2 0 3 7 11 20 3 10 11 199360 9 1 5 15 17 4 5 18 5 2 6 6 5 2 9 37 12 29 3 12 12 2 10 6 7 21 5
130 ACG 8 5 7 3 33 28 199254 26 16 3 3 6 12 20 2 0 20 15 2 19 31 13 12 52 0 6 7 6 14 6 17 9 1 8 2 7 3 38 11 10 5 7 24 29 14 2 4 11 5 4 7 30 4 12 2 7 10 0 2 9 16 14 45 2
131 TGC 13 19 9 13 14 6 6 17 0 27 9 16 11 6 28 0 3 0 26 26 14 13 11 12 14 6 2 23 30 32 2 9 5 17 14 45 7 2 2 7 10 19 7 4 28 6 1 8 10 7 7 0 6 5 0 31 21 199238 25 8 8 20 8 7
132 CCA 31 6 1 1 25 21 1 2 8 1 2 27 0 10 0 11 33 33 3 1 199248 26 24 15 2 2 9 4 10 3 3 13 9 36 3 7 5 3 10 13 9 6 3 60 1 0 23 2 16 3 8 22 7 12 2 0 11 9 3 6 12 22 76 25
133 TTC 2 1 18 10 5 15 13 26 8 12 2 8 30 23 4 0 31 22 1 1 29 4 14 20 1 9 11 9 5 9 36 12 16 7 39 7 7 3 3 5 5 11 57 17 5 17 2 20 4 2 4 16 9 37 43 8 0 29 0 34 6 199186 8 2
134 GAT 22 11 7 38 6 23 8 23 2 17 2 2 1 14 2 15 18 23 7 7 18 19 26 8 1 11 6 2 7 2 2 13 10 20 23 199270 0 15 18 0 10 12 1 9 24 35 2 10 9 3 15 4 17 23 10 8 18 4 11 12 11 8 21 4
135 CAC 16 19 0 9 0 13 1 28 22 39 21 2 2 0 3 13 19 199155 19 1 25 1 39 30 14 37 11 9 13 17 26 10 69 2 2 10 8 26 3 5 5 1 6 2 43 28 17 4 17 14 1 17 22 1 1 2 3 0 1 5 15 32 15 9
136 CAA 1 0 3 1 30 9 13 18 4 5 25 8 18 19 13 0 199303 4 30 4 3 12 4 4 14 13 15 1 17 20 57 8 19 9 8 7 9 2 4 20 52 27 9 1 5 3 5 3 9 2 17 0 19 1 9 7 3 33 24 0 4 2 4 7
137 GCG 7 4 3 6 3 11 11 23 3 0 20 10 0 19 15 6 16 1 0 1 1 4 6 22 8 2 6 3 29 20 2 28 16 8 9 25 10 11 199358 5 10 4 9 1 2 9 21 22 21 7 17 13 14 3 0 4 25 13 7 8 18 23 2 15
138 AAA 199240 6 4 18 9 5 1 8 23 1 3 16 0 9 47 8 10 7 19 5 8 9 18 3 13 48 9 3 33 4 2 6 33 0 9 15 11 16 10 2 8 1 12 25 40 16 5 0 6 20 7 2 17 11 27 7 9 4 5 1 1 28 1 56
139 CAC 9 14 11 0 0 40 10 3 7 15 3 6 2 15 10 18 2 199279 68 11 21 30 18 11 2 8 4 10 1 0 2 1 0 31 5 4 13 8 7 1 23 18 26 0 3 14 12 3 27 3 34 0 12 1 20 53 16 8 6 2 5 12 2 0
140 CGA 3 6 9 17 16 8 10 3 6 4 13 2 10 1 19 2 8 8 18 13 6 1 10 7 199291 53 6 9 18 10 5 0 2 12 31 19 1 0 24 7 32 6 25 43 4 1 2 14 21 18 11 2 30 20 23 1 12 0 8 10 0 3 19 7
141 ATA 9 1 15 10 3 11 2 13 18 9 26 5 199360 2 10 5 3 13 1 13 8 9 7 30 21 10 17 2 17 6 28 7 1 2 6 2 15 0 1 9 9 24 0 52 5 21 3 7 18 8 5 6 1 5 4 4 9 18 6 19 12 9 1 27
142 GAA 6 10 15 2 28 15 27 17 12 8 23 0 31 8 6 30 10 24 6 14 1 7 5 2 22 4 11 7 13 6 4 4 199150 9 21 3 2 2 12 12 79 5 14 15 22 4 24 21 11 20 5 43 12 8 1 15 12 13 19 12 2 28 6 20
143 CGA 9 1 0 19 2 2 17 5 19 5 15 3 8 1 11 17 8 6 3 24 29 1 51 19 199377 7 13 11 0 4 5 6 26 13 31 6 9 4 2 24 8 6 5 13 0 9 2 1 10 20 7 3 2 13 17 1 2 11 16 9 10 2 3 17
144 GCA 4 1 9 63 14 8 2 4 14 37 10 61 0 5 11 9 10 0 2 6 28 20 31 0 1 4 5 34 15 5 7 5 23 9 11 25 199090 6 7 3 17 16 5 6 21 24 3 16 45 10 22 10 14 18 1 11 13 5 6 26 29 34 8 41
145 AGA 0 1 14 13 15 0 5 22 199452 1 6 1 0 3 2 4 5 15 17 9 12 3 20 14 13 37 1 4 2 11 1 4 1 6 14 13 2 6 0 8 16 18 19 1 4 8 14 8 6 5 23 5 9 25 3 0 16 9 15 7 15 8 5 4
146 ACT 15 0 1 6 9 9 5 199339 8 27 10 10 9 7 0 14 2 2 0 8 2 2 13 14 2 45 0 0 13 2 31 21 4 7 31 18 8 6 21 16 25 5 1 13 8 1 1 6 4 30 0 15 15 5 24 3 13 10 6 1 51 6 9 11
147 CGC 8 8 3 5 0 4 3 23 35 8 7 2 12 3 16 3 10 1 1 3 16 18 3 24 19 199341 2 11 13 10 11 2 22 20 8 20 2 4 6 8 4 23 9 3 2 23 6 23 3 8 3 19 3 11 50 4 14 3 23 7 26 13 1 4
148 ATG 15 7 10 7 17 2 16 0 3 13 31 30 13 39 199343 5 6 19 1 0 2 2 10 12 19 5 1 27 4 24 9 10 20 11 4 20 5 2 27 20 14 6 10 11 3 20 2 23 3 4 14 2 13 12 0 14 4 0 5 1 4 10 2 12
149 GAG 88 0 12 12 13 7 18 0 15 1 4 5 3 12 9 26 8 16 13 4 48 5 7 9 2 4 6 1 5 25 9 16 19 18 199215 1 17 2 18 19 24 1 27 10 4 26 27 1 3 6 14 23 6 24 12 6 16 3 2 23 0 14 15 1
150 GCT 6 3 1 0 16 31 35 15 3 16 69 4 13 6 22 3 21 18 13 0 3 14 8 22 9 6 3 24 26 18 4 14 1 4 3 17 28 0 9 199238 35 2 10 17 1 0 37 27 4 0 5 6 11 30 9 18 4 1 2 9 16 1 5 4
151 GGA 8 10 2 13 14 19 2 30 10 9 11 29 7 0 16 38 3 7 6 34 12 2 7 5 38 9 34 2 19 1 2 4 18 10 24 15 0 0 5 25 199220 5 38 4 8 1 8 4 24 5 18 20 6 2 6 5 18 17 13 19 38 8 11 2
152 CTA 1 1 1 17 19 6 9 31 10 2 9 0 0 12 14 2 64 12 16 8 14 1 4 16 29 2 20 6 199253 47 1 7 7 2 11 8 13 17 2 0 10 5 34 3 21 3 2 11 1 4 20 31 0 16 8 5 4 6 2 21 20 8 48 23
153 GTA 10 8 6 5 1 19 11 13 13 6 1 0 23 2 13 5 5 15 16 14 1 32 1 6 41 4 5 7 21 13 3 2 9 0 0 14 0 6 15 5 28 14 2 3 199243 16 12 41 3 53 9 27 5 28 0 18 59 1 21 17 4 7 12 6
154 GAT 15 14 1 21 25 11 0 2 41 4 16 9 4 4 9 33 10 16 16 7 7 12 5 33 23 14 3 12 5 14 8 13 9 3 1 199260 9 4 8 3 29 15 5 7 5 3 9 7 10 59 0 10 11 33 2 4 3 11 5 5 1 2 28 32
155 CAA 23 1 1 15 26 13 13 10 24 32 1 7 34 8 11 14 199107 9 20 1 24 0 14 15 8 35 27 4 30 13 25 25 15 8 2 20 26 18 5 43 22 4 12 2 2 2 11 8 7 54 1 12 8 48 11 6 9 4 8 7 3 8 14 10
156 GAT 23 10 11 6 4 0 5 21 4 9 2 5 1 7 6 20 4 6 2 42 0 28 12 6 40 1 15 10 2 30 32 10 2 0 4 199373 0 8 8 5 6 1 16 3 9 0 10 26 8 15 19 6 3 20 4 5 18 15 27 0 1 6 7 1
157 GAT 1 16 9 33 23 4 1 2 6 5 6 1 7 1 9 14 5 6 7 38 2 9 6 1 11 15 14 48 14 26 21 11 1 25 27 199295 1 11 2 7 0 18 26 15 0 0 1 4 1 13 9 17 16 2 13 15 22 26 4 23 10 9 7 8
158 CTT 11 27 4 0 9 10 6 4 0 4 22 19 4 3 31 8 11 1 3 16 2 15 16 8 4 4 10 43 11 6 9 199327 0 2 4 5 0 3 19 11 21 11 31 1 6 4 12 11 29 15 1 3 0 21 9 14 20 5 12 8 21 8 40 5
159 GAC 12 5 19 5 5 2 6 3 14 17 11 1 36 8 3 18 1 29 24 10 14 20 22 26 11 22 3 5 4 25 10 3 49 199312 16 7 1 14 13 10 8 11 1 10 5 4 2 3 0 9 1 5 4 1 4 14 22 23 2 3 4 21 27 0
160 GAG 11 27 59 20 6 12 22 6 4 2 22 10 9 1 14 10 21 32 3 32 34 22 8 3 27 28 5 0 6 5 5 10 5 12 199108 3 24 52 2 7 5 2 68 10 12 21 14 21 13 11 10 3 0 5 11 3 10 5 12 24 24 16 4 7
161 GAG 3 6 12 3 15 1 4 6 5 19 7 9 0 10 0 34 12 4 17 12 7 19 14 19 0 3 4 9 13 23 2 10 9 2 199380 22 8 0 12 25 1 8 3 11 20 1 3 21 31 12 11 11 21 2 11 5 0 17 3 3 11 4 19 11
162 CAT 9 9 22 34 23 35 10 16 10 6 12 1 0 5 1 5 4 2 20 199351 28 12 1 6 0 0 11 7 15 6 6 27 30 6 9 19 2 0 11 17 0 2 4 6 8 0 6 2 10 22 3 16 10 21 0 4 14 11 7 5 29 5 10 17
163 CAA 36 23 2 10 5 2 1 38 4 0 9 4 4 2 35 2 199066 20 13 24 22 37 7 10 1 24 52 31 7 22 4 11 53 23 29 27 0 12 16 3 38 1 0 10 23 27 4 23 14 2 9 7 20 24 0 4 11 11 1 7 53 6 7 7
164 GGG 54 1 1 0 2 0 17 15 13 0 10 14 17 1 45 25 5 12 2 6 13 1 8 7 9 10 24 12 5 6 19 3 2 6 24 6 3 2 0 10 14 16 199333 17 21 15 5 11 14 5 3 4 13 6 11 19 22 7 7 17 12 3 13 2
165 CTG 12 7 38 8 32 10 15 12 29 2 20 10 7 2 13 17 2 19 7 1 4 8 5 36 4 1 1 2 6 22 199280 15 9 10 14 3 19 0 4 15 48 0 9 0 5 6 9 16 7 6 17 34 17 27 2 13 20 5 0 14 6 1 15 2
166 GCG 3 9 8 11 20 2 16 0 43 11 37 6 4 0 6 15 11 0 4 7 21 19 8 3 13 9 6 7 26 16 11 19 29 0 10 12 24 21 199168 10 5 25 30 20 24 6 13 2 7 15 15 11 10 2 3 47 3 7 31 5 38 4 23 9
167 CCC 3 14 0 12 9 27 21 6 75 0 2 11 0 13 6 5 5 4 17 9 8 199321 5 6 15 22 8 8 6 15 13 7 2 4 9 8 17 13 0 5 39 7 2 4 15 13 6 2 5 8 1 42 1 17 9 1 15 2 34 26 4 1 12 3
168 GCG 4 8 16 2 2 6 11 105 17 3 22 20 7 21 18 8 9 4 48 7 4 13 25 13 7 10 7 9 2 3 51 0 33 2 0 0 32 12 199132 29 24 16 3 4 11 4 27 14 18 13 16 4 5 33 16 6 21 0 0 8 7 6 21 1
169 GAA 10 2 8 6 7 51 18 29 17 0 4 4 11 3 12 2 1 8 18 3 16 21 14 24 6 4 2 40 10 15 42 24 199227 17 5 26 7 8 8 6 19 20 3 11 3 12 20 19 16 1 9 12 10 10 11 6 1 2 3 17 7 23 0 29
170 CTC 10 4 7 18 0 33 17 12 5 6 1 24 12 0 25 0 0 2 4 18 3 0 7 7 17 9 19 29 0 199344 1 15 7 2 16 2 22 26 5 15 14 19 8 11 38 28 19 5 10 18 1 0 24 3 7 9 2 6 2 3 5 16 2 6
171 TTT 18 9 1 6 58 11 12 4 26 16 5 6 13 25 0 27 39 19 8 7 7 0 2 7 1 6 7 7 12 2 22 22 7 11 1 6 26 22 18 8 8 0 8 22 18 7 19 17 3 6 9 31 11 7 4 44 6 3 4 11 18 6 2 199232
172 GCT 3 3 10 40 2 7 15 7 22 9 10 3 0 27 8 8 8 16 24 14 46 8 6 15 21 0 9 6 6 10 3 27 8 25 3 19 45 19 0 199219 11 4 0 21 1 12 15 6 4 17 2 3 21 16 25 3 8 2 18 1 18 16 30 15
173 AGG 18 3 3 28 8 7 33 7 71 11 199135 0 14 17 9 33 15 14 1 1 5 6 20 18 14 19 19 2 31 7 6 13 21 10 7 1 30 22 10 11 8 2 5 3 21 8 11 22 2 6 1 5 8 7 2 31 3 14 18 29 24 5 57 8
174 TTG 1 22 35 9 13 4 4 8 26 10 7 3 4 12 13 14 18 2 1 14 15 8 2 3 1 5 3 2 7 1 46 43 7 0 8 0 2 1 3 1 1 6 1 15 19 10 26 16 23 5 17 32 52 15 36 4 10 11 0 12 22 29 199235 25
175 AAA 199304 7 2 18 32 12 14 1 13 2 4 4 16 0 3 26 15 55 2 3 2 7 24 31 15 0 11 5 5 0 0 6 5 5 6 18 6 10 1 7 13 9 4 0 38 10 3 39 2 5 2 2 2 27 2 13 1 27 23 1 16 14 34 16
176 GCT 18 1 14 4 2 2 5 11 17 16 7 44 31 1 7 50 1 11 0 22 22 19 5 12 2 8 26 0 27 3 0 11 10 3 28 27 13 7 50 199134 4 5 0 14 3 2 25 25 11 9 28 11 1 34 6 31 2 0 38 1 1 24 54 0
177 CGG 6 23 8 8 5 16 16 17 6 4 37 5 8 9 5 2 18 2 8 23 13 21 11 13 10 29 199211 16 7 7 37 11 2 9 15 10 13 13 41 5 12 4 28 0 21 8 8 1 4 5 40 4 5 2 25 4 38 10 5 10 6 16 22 2
178 ATG 11 0 40 35 0 30 12 4 16 14 28 0 9 27 199208 24 12 31 18 4 12 22 4 22 27 3 3 9 6 5 10 10 8 9 1 2 12 0 16 2 15 25 14 6 13 14 28 1 9 22 4 29 7 11 4 7 2 1 10 2 41 20 7 2
179 CCC 4 36 12 5 1 40 12 13 11 25 2 30 0 5 11 4 40 25 2 24 0 199192 6 10 0 12 8 41 5 23 11 6 2 6 11 26 14 40 7 15 5 7 25 14 9 6 13 12 7 22 4 22 10 20 4 7 8 11 2 25 14 7 5 4
180 GAC 38 6 3 4 4 6 41 14 12 8 0 0 24 1 0 0 18 4 3 13 5 9 48 7 21 0 2 36 28 10 10 25 12 199241 4 2 6 10 38 10 5 24 9 8 34 8 8 41 19 1 2 3 2 0 21 10 0 9 1 5 10 9 14 34
181 GGT 1 2 15 22 30 39 12 6 8 12 3 6 4 16 17 15 2 12 22 12 5 7 11 3 0 7 13 10 23 2 11 10 8 12 13 4 20 8 6 7 2 5 6 199396 6 29 0 3 14 17 4 4 10 2 4 16 3 2 6 0 2 2 26 5
182 GAA 6 9 11 1 12 14 3 13 28 3 3 26 10 5 25 10 34 11 25 11 3 3 0 5 2 27 10 1 26 7 7 14 199272 3 6 44 17 25 3 24 28 3 17 8 18 15 20 2 3 4 6 0 9 16 27 5 3 14 3 6 8 5 7 14
183 GAT 11 4 17 8 6 7 15 18 12 3 1 1 4 4 3 0 13 6 7 7 6 59 34 0 33 10 4 3 3 5 13 4 10 14 3 199367 3 18 1 21 17 0 16 1 2 5 17 19 19 8 10 26 24 0 9 4 8 8 3 10 3 9 24 0
184 TTG 30 5 15 12 16 39 2 37 3 2 16 4 0 7 4 12 1 6 19 1 26 0 4 24 22 38 8 9 7 5 7 13 5 35 8 1 1 3 9 38 18 2 8 7 8 3 27 3 0 4 13 1 2 2 7 18 13 15 10 2 9 9 199282 43
185 GTG 39 20 11 12 11 15 14 21 0 2 24 5 6 16 18 2 5 16 34 14 4 17 12 36 26 3 8 1 13 4 4 48 4 29 1 3 8 3 24 1 13 18 16 1 21 42 199015 24 11 23 16 20 18 4 6 8 71 36 17 29 16 3 18 20
186 GTA 8 8 18 25 17 5 0 0 25 3 7 34 9 2 1 10 0 12 2 1 31 22 63 4 20 63 7 8 24 15 1 1 7 11 3 11 30 11 33 14 7 5 11 23 199127 15 10 40 10 1 9 7 2 23 13 31 6 7 13 2 19 12 26 15
187 ACT 6 17 24 28 31 31 10 198981 10 7 17 37 10 1 21 18 31 8 18 11 3 25 8 32 26 3 9 22 22 33 42 40 15 11 5 23 12 5 9 13 9 7 2 0 13 19 25 20 5 28 5 5 2 25 5 40 34 21 13 6 4 27 4 6
188 CAT 14 9 4 22 10 0 12 21 4 5 15 16 0 4 0 1 11 2 6 199454 15 4 6 3 10 10 9 21 0 29 61 0 4 9 1 1 4 17 0 4 8 0 8 5 8 1 3 9 4 6 5 12 6 18 4 12 1 14 34 1 2 1 9 11
189 GGG 33 9 11 10 14 10 27 14 5 2 17 5 15 0 5 4 7 24 13 0 16 4 3 14 15 2 23 22 23 7 12 5 7 16 35 12 1 7 14 11 17 22 199219 31 21 11 10 1 16 1 2 25 11 27 4 0 3 25 6 12 23 5 6 28
190 GAT 61 9 3 6 6 1 18 1 5 9 5 8 0 26 9 10 20 14 30 5 15 3 7 3 2 7 10 2 6 19 8 37 9 0 14 199251 1 5 33 9 11 18 21 5 11 2 31 28 1 9 9 14 3 11 15 20 4 24 6 41 9 2 4 14
191 GCC 15 7 32 65 3 8 3 50 33 34 33 18 8 0 26 17 4 2 9 4 8 34 3 3 73 24 13 61 23 2 25 12 10 13 10 5 22 199024 0 2 9 0 19 2 1 4 1 20 9 6 33 5 13 10 15 10 4 4 11 6 33 8 12 27
192 TGC 6 15 4 14 0 45 0 7 18 22 13 36 25 2 6 0 8 5 9 2 4 35 10 4 6 1 22 19 6 0 3 4 54 19 9 6 15 19 6 35 31 7 6 18 21 6 9 13 30 11 11 3 23 9 12 12 15 199229 14 0 3 1 2 0
193 CTC 45 16 14 2 18 3 15 40 13 7 2 8 5 0 34 11 30 18 26 12 22 9 9 2 20 48 6 9 16 199133 16 37 0 0 10 26 1 16 4 2 2 7 21 32 47 31 5 0 16 0 9 10 29 0 0 3 9 9 2 7 13 7 5 31
194 CCG 0 9 7 7 10 13 3 7 27 24 2 7 1 7 3 9 3 39 44 15 18 63 199132 18 12 0 19 9 7 66 25 20 25 15 13 6 17 17 13 4 1 5 20 2 12 4 12 9 15 4 23 2 18 9 10 15 11 5 27 29 6 2 3 20
195 AAC 16 199062 5 18 13 4 19 4 22 29 36 0 1 13 6 11 1 14 38 7 6 3 15 26 18 4 5 28 24 24 3 28 8 3 1 10 58 3 1 15 23 11 8 14 2 24 5 14 2 50 5 24 32 52 14 8 24 3 0 11 17 37 5 13
196 ATA 68 0 2 10 7 22 1 29 28 21 2 20 199113 2 13 23 11 13 14 9 61 7 0 6 15 1 4 26 14 12 16 15 43 0 3 6 1 12 42 5 4 6 12 24 22 0 0 1 3 0 36 10 13 27 10 5 22 0 30 7 9 32 3 27
197 ATG 3 3 2 15 6 1 9 5 2 11 8 6 2 1 199339 7 39 5 19 12 1 42 20 5 5 9 5 10 3 40 2 4 26 6 2 4 4 41 0 18 6 9 1 7 0 1 10 1 1 10 55 5 13 1 7 18 36 12 1 17 8 6 7 26
198 GTG 7 6 25 4 21 12 18 10 0 18 7 1 17 9 6 11 18 3 7 1 32 5 21 1 4 0 1 20 13 12 38 1 6 13 17 0 5 10 13 4 11 1 3 7 5 3 199386 0 27 0 1 13 31 0 5 2 16 19 1 9 1 31 10 1
199 GAA 20 6 63 1 12 0 41 11 14 20 19 33 5 1 27 5 14 1 5 15 34 15 19 6 14 10 22 24 7 12 18 16 198953 78 12 47 10 33 22 1 5 29 10 13 7 6 3 31 14 19 34 6 6 2 0 24 5 10 2 10 56 2 26 14
200 AAC 6 199259 1 3 9 9 4 16 15 49 5 4 25 3 15 1 1 15 21 31 9 6 2 1 1 5 7 3 13 4 14 19 22 4 1 15 25 13 35 11 21 11 18 6 8 22 4 4 6 13 32 1 11 21 3 3 20 15 12 21 16 10 18 2
201 GGC 18 0 3 26 4 13 11 18 19 0 6 2 6 14 5 27 24 9 6 9 3 33 6 0 0 20 10 29 22 8 3 22 6 8 2 19 1 57 6 2 38 199185 17 3 6 20 7 6 15 38 22 15 22 18 24 4 16 4 11 11 3 3 16 19
202 CGT 23 28 7 13 10 0 38 8 14 2 2 11 28 18 5 49 15 5 13 23 16 1 6 20 35 10 36 199114 4 25 10 21 12 17 17 24 10 19 12 1 10 20 8 13 1 34 7 67 1 3 4 4 6 22 4 4 12 0 5 5 2 17 4 25
203 TTT 9 3 6 11 30 0 11 8 7 0 6 6 3 11 13 4 4 19 7 25 7 15 13 15 10 5 22 23 3 12 43 4 23 4 25 10 6 6 4 2 8 1 8 8 13 10 1 7 2 18 20 3 9 8 14 26 3 5 12 15 20 38 13 199303
204 AGC 22 6 1 11 13 4 13 2 14 199075 37 1 6 27 37 23 12 36 5 34 12 0 0 27 24 7 1 37 14 33 3 3 7 0 86 28 4 18 21 7 1 25 0 11 24 8 10 6 26 33 9 6 5 41 0 7 26 3 27 8 1 5 3 4
205 GGA 13 4 28 2 1 15 16 6 62 26 4 13 4 19 7 3 12 6 13 3 5 3 17 18 16 12 3 7 2 0 4 8 23 30 8 23 12 3 9 4 199278 16 0 0 32 14 12 18 8 0 32 22 8 1 1 0 16 4 13 22 1 6 0 32
206 TTC 0 5 11 15 12 38 30 0 7 21 9 1 5 3 3 3 10 3 1 27 4 50 3 20 21 18 14 30 8 36 11 31 5 7 6 12 14 27 6 3 4 3 3 16 1 3 17 34 46 9 28 11 78 2 5 1 3 1 18 9 2 199163 4 9
207 ATT 30 8 0 9 26 7 27 24 37 3 3 0 25 1 19 199236 24 4 9 18 7 9 7 19 2 30 1 3 6 6 3 0 16 3 3 16 1 24 24 8 32 23 9 19 9 21 7 8 10 12 1 3 0 6 2 26 6 7 2 28 24 23 17 7
208 GAT 8 25 1 11 14 8 21 11 1 26 0 17 10 8 12 37 18 13 1 10 17 3 3 9 10 35 4 9 8 3 8 0 55 4 17 199242 6 4 7 19 8 6 6 17 11 33 8 10 27 4 9 3 2 16 22 26 11 19 4 28 0 2 9 4
209 TGC 2 44 24 54 14 6 3 12 40 16 52 5 5 5 0 1 6 5 62 10 3 17 7 1 10 13 22 47 4 31 29 20 16 6 10 5 2 11 16 27 16 3 11 41 3 2 14 27 31 17 6 8 13 27 3 32 26 198841 36 28 25 57 56 14
210 GGA 1 8 1 0 54 7 17 25 16 9 1 13 7 14 1 25 12 2 4 4 32 13 4 25 23 3 3 2 9 5 8 9 16 10 3 8 11 8 24 4 199320 13 21 22 3 29 4 8 2 0 25 19 17 15 0 0 17 1 3 5 10 13 3 9
211 CGG 7 12 1 12 23 1 1 0 16 0 9 31 33 3 1 47 7 15 19 8 38 4 31 19 15 4 199122 41 22 18 2 24 24 2 29 21 13 17 4 6 22 4 24 13 5 0 8 3 25 5 10 11 16 6 14 18 5 31 30 12 1 14 5 16
212 TTG 12 1 1 46 8 25 18 17 14 5 15 7 3 18 10 0 11 28 3 7 9 7 0 1 17 37 17 1 19 6 26 19 27 2 5 15 0 4 34 16 7 6 21 9 8 8 7 10 8 11 2 17 11 12 15 14 18 21 15 11 18 10 199223 7
213 GGT 17 17 19 22 4 24 1 6 9 4 3 20 16 13 20 33 9 5 31 1 1 19 49 38 3 25 7 12 1 29 9 17 4 12 3 4 46 20 52 27 33 10 31 198945 25 9 19 8 3 54 35 7 22 7 25 3 11 8 8 36 2 31 0 16
214 GTC 8 70 20 14 18 1 7 26 0 20 1 9 3 2 14 15 1 13 23 5 30 5 7 1 18 7 29 5 4 9 12 3 20 47 20 3 5 4 1 0 13 12 33 27 15 199150 2 24 1 10 4 19 6 23 18 34 17 9 22 10 4 26 9 12
215 GCT 40 2 2 0 9 40 24 56 32 45 5 19 8 22 12 33 27 4 15 1 4 2 14 5 38 16 9 13 20 7 6 3 20 7 1 27 4 4 14 199140 4 26 2 7 3 31 10 6 17 22 7 9 8 2 15 24 7 5 0 2 23 12 4 4
216 GAT 4 3 13 11 25 1 1 33 13 31 3 6 2 0 10 20 51 13 9 14 0 24 2 18 2 0 6 19 5 23 17 7 22 5 16 199147 10 58 12 50 27 2 7 13 31 4 29 18 10 27 9 1 2 16 9 15 0 21 2 8 2 5 25 11
217 CGA 24 12 22 8 14 38 12 2 45 19 10 5 9 46 8 21 10 11 32 12 10 7 2 3 199004 41 10 1 4 8 1 8 3 10 6 11 26 39 17 47 9 3 17 8 34 27 1 23 3 11 18 17 3 3 6 4 81 2 28 1 13 8 31 31
218 TAT 12 7 11 11 3 5 8 12 0 29 6 4 12 36 7 5 8 16 1 9 4 52 5 7 17 4 7 2 6 1 2 37 1 1 6 15 1 4 12 11 6 6 27 15 24 13 7 3 13 2 8 199308 19 17 3 14 7 22 4 29 14 10 25 7
219 CAA 2 10 6 12 5 13 11 8 0 4 12 11 6 15 5 48 199142 14 31 12 14 86 5 4 28 7 2 2 47 6 1 14 10 30 0 5 19 40 12 16 14 23 25 14 2 9 20 26 11 30 13 0 14 5 0 3 7 28 14 8 4 1 9 5
220 GAT 64 23 15 22 27 17 38 12 14 27 21 4 5 12 4 24 3 3 45 11 16 24 8 32 27 8 4 16 17 0 0 5 16 33 4 199037 20 9 2 36 1 25 24 13 4 15 24 18 10 7 4 21 13 2 1 11 5 9 8 29 7 19 18 7
221 ATA 35 3 63 3 25 11 35 4 6 12 34 1 199263 45 0 1 23 15 23 4 7 13 16 12 5 2 4 32 13 8 7 4 25 1 5 11 7 3 0 3 6 3 52 8 7 1 9 4 5 2 2 21 7 3 1 0 16 17 20 7 10 11 4 0
222 GCA 5 5 7 10 4 18 26 13 2 3 2 2 45 2 2 5 1 16 15 12 33 0 20 1 24 11 23 4 29 4 7 4 8 15 4 2 199276 15 2 3 15 9 14 8 3 4 6 11 5 11 22 22 22 7 7 20 5 5 3 7 55 6 40 13
223 TTG 23 0 3 5 2 16 7 25 2 8 10 16 2 3 18 1 1 1 6 14 15 8 11 16 14 2 1 3 12 4 8 2 1 10 22 17 13 12 16 62 25 4 0 8 4 7 18 2 5 4 17 9 9 0 18 1 35 11 1 15 16 3 199374 2
224 GCA 6 20 22 0 21 1 13 18 8 3 6 10 6 3 32 9 14 4 1 5 23 8 7 2 21 14 50 17 30 5 5 7 36 13 13 3 199134 14 34 0 2 12 0 8 14 8 5 2 16 22 6 51 17 7 1 26 8 15 36 8 11 8 77 2
225 ACT 21 29 1 3 7 1 10 199168 10 8 14 7 17 27 9 12 15 0 5 10 8 11 3 17 2 10 4 24 27 4 20 37 1 4 4 8 17 6 18 2 18 18 14 2 15 14 17 40 9 7 42 15 16 1 21 41 19 3 13 47 2 8 1 16
226 CGC 3 6 11 27 12 27 4 30 5 23 19 4 20 2 5 2 4 16 1 17 33 30 17 32 35 199241 37 31 1 15 15 20 3 14 1 1 2 13 9 8 4 15 11 10 2 6 5 3 6 10 11 7 13 20 13 26 5 5 3 2 10 12 2 3
227 GAT 5 9 3 1 18 10 2 12 5 10 14 0 10 38 3 17 10 5 0 13 16 21 3 2 23 8 4 5 0 54 6 10 14 35 5 199201 26 2 43 24 24 6 30 9 20 0 31 16 2 25 6 12 18 20 21 4 3 9 31 15 3 1 3 4
228 ATC 0 6 39 3 19 5 17 24 4 18 42 7 8 199153 9 13 1 24 3 2 19 30 14 11 31 9 17 2 20 5 6 1 27 3 5 21 21 4 5 3 11 12 13 18 34 20 5 8 7 2 24 16 6 5 8 6 48 17 11 58 2 11 6 1
229 GCC 3 13 10 1 3 7 7 9 5 19 50 13 10 7 1 1 37 37 5 1 26 16 17 2 10 3 6 31 3 1 7 5 7 10 18 3 32 199311 12 13 8 9 11 3 8 17 20 7 2 2 3 5 41 2 6 7 6 11 12 4 14 8 6 16
230 GAA 32 12 2 10 0 4 17 8 7 8 7 7 21 1 17 6 17 9 0 43 16 2 20 1 12 47 20 12 8 9 20 26 199128 9 20 10 19 26 4 2 12 18 27 3 21 5 11 36 1 14 39 33 10 1 8 30 12 39 6 13 1 14 4 3
231 GAG 1 9 11 16 28 1 22 2 2 21 12 2 27 9 5 15 13 7 7 15 19 8 1 2 2 11 29 5 6 3 1 6 14 10 199353 16 8 4 10 17 2 2 1 11 4 14 8 10 15 31 10 15 2 33 0 16 7 7 15 6 4 16 21 0
232 CTT 5 4 42 37 4 9 11 11 12 2 10 22 12 0 27 15 8 2 10 31 26 7 9 41 19 24 9 16 8 10 27 199132 3 37 5 3 1 28 8 1 14 11 6 8 2 2 9 20 9 6 20 44 24 18 4 6 14 48 8 14 7 0 1 17
233 GGT 5 6 0 6 39 6 0 14 22 5 9 2 16 4 2 18 4 5 13 4 0 23 52 6 36 6 0 27 6 5 1 2 36 7 3 32 8 6 2 8 15 10 2 199228 12 0 6 10 18 42 0 29 20 19 30 9 28 19 24 0 13 2 10 8
234 GGT 11 10 21 37 18 14 16 0 7 8 14 24 3 2 4 7 10 32 6 7 35 12 3 8 3 37 22 0 55 9 0 11 7 45 4 2 21 0 2 16 21 29 19 199164 0 17 3 15 3 5 8 5 1 1 25 5 39 15 58 8 10 1 4 1
235 GAA 7 6 3 6 7 3 17 2 14 27 0 11 7 23 22 6 18 11 6 14 29 16 4 0 23 13 34 20 3 13 11 20 199225 34 10 11 24 4 14 7 20 11 39 5 5 5 13 34 18 11 8 9 10 10 7 23 22 7 4 11 0 0 0 3
236 TGG 9 2 10 7 3 10 14 18 11 17 13 1 8 5 44 29 14 4 5 2 12 7 4 11 14 6 6 9 12 47 7 0 11 15 22 7 10 8 3 8 1 20 29 21 24 1 7 3 7 28 9 1 18 15 22 15 16 1 199210 9 5 27 65 1
237 GCA 4 4 2 6 12 35 0 2 3 1 2 6 29 15 11 18 18 1 0 3 10 4 3 18 6 10 12 0 9 5 2 0 11 8 6 16 199351 37 17 9 5 3 7 7 1 5 31 0 3 1 12 26 19 18 63 6 8 12 7 0 0 25 24 11
238 GAC 1 3 6 13 5 14 9 11 1 6 22 10 16 25 32 19 48 14 3 5 23 26 10 5 11 1 2 3 5 34 3 13 35 199173 84 10 33 11 6 2 1 17 5 0 13 29 11 13 18 11 11 2 13 26 7 2 6 13 2 4 16 10 4 13
239 AGA 23 12 1 36 13 18 30 22 199213 3 27 33 44 12 0 31 15 5 14 10 17 21 0 0 2 14 8 16 6 5 2 0 10 5 32 3 10 4 4 42 17 1 12 10 8 8 38 11 1 8 19 0 9 6 4 10 17 6 0 5 3 1 19 24
240 TTT 7 2 38 1 32 1 54 4 4 3 62 6 14 65 17 3 23 7 4 8 10 10 23 8 3 1 5 1 24 6 0 18 26 8 2 37 16 25 23 5 4 2 11 3 18 31 31 3 2 21 6 5 1 8 1 8 6 11 11 16 31 32 4 199128
241 TTA 7 14 12 3 23 7 19 8 4 8 4 20 25 5 22 3 2 1 5 2 1 9 5 6 0 11 5 2 16 17 1 2 25 22 4 6 2 0 2 0 0 2 21 10 12 1 8 1 2 1 12 0 30 1 4 3 4 10 5 11 199514 8 1 9
242 GTT 1 3 22 34 20 9 15 4 32 28 9 1 7 3 51 39 32 4 25 2 16 12 1 14 3 7 11 11 7 4 24 8 7 1 10 14 16 19 11 1 1 21 1 3 11 11 1 199152 52 10 18 9 23 4 15 3 37 12 14 12 11 11 25 5
243 CTG 47 22 21 6 1 0 3 1 5 29 69 37 0 1 5 1 4 13 20 22 23 33 4 1 20 35 2 24 0 9 199169 7 11 10 4 45 17 1 1 4 6 6 2 12 17 1 19 9 36 12 12 4 6 18 6 11 8 2 12 19 11 1 33 10
244 TAT 33 17 12 11 6 2 10 5 46 5 0 3 52 3 6 6 3 2 6 11 5 9 13 13 14 1 2 29 14 14 2 8 22 11 4 3 4 6 22 15 0 55 27 11 24 12 9 13 50 2 15 199214 3 5 6 12 1 6 14 31 2 7 5 26
245 GGT 10 3 24 5 17 5 7 9 5 4 24 22 1 4 0 9 0 25 19 0 1 14 12 21 45 23 0 17 11 18 3 23 0 5 27 5 19 3 7 15 15 0 15 199113 19 10 20 1 33 12 30 10 14 23 4 22 38 18 9 25 15 15 49 28
246 ATC 10 14 14 1 13 2 14 18 1 5 24 20 22 199166 45 2 15 14 15 29 4 37 2 5 10 4 8 0 15 11 12 14 4 12 35 31 2 1 25 23 10 5 3 3 5 18 3 15 28 9 11 17 23 15 8 34 28 12 17 1 15 10 7 4
247 GCG 15 27 17 7 28 13 21 3 3 8 3 17 8 11 2 0 2 25 8 21 1 1 26 9 30 22 27 25 8 2 16 3 14 15 2 21 13 8 199200 12 35 2 39 7 11 25 9 6 7 5 0 22 7 14 13 15 8 12 5 2 1 15 22 24
248 GCA 2 14 16 2 7 1 2 19 12 4 7 11 6 5 13 6 7 14 3 14 5 27 43 15 2 24 23 6 31 8 2 1 7 18 6 4 199196 8 23 8 22 16 43 31 6 19 8 16 27 18 10 2 7 6 8 19 27 9 11 2 5 10 5 51
249 CCA 1 0 33 44 4 5 0 11 4 9 0 15 4 2 7 7 1 14 1 24 199372 0 14 8 44 1 10 10 6 11 20 5 14 7 0 25 18 7 4 22 11 5 14 13 19 2 14 13 1 4 12 7 2 1 15 26 16 5 14 8 0 3 6 5
250 GAC 9 17 2 4 4 17 9 16 4 41 7 22 0 10 29 2 5 16 19 3 27 4 30 31 10 1 0 6 1 21 0 19 2 199196 19 10 4 13 5 5 5 16 17 21 12 9 12 14 4 29 8 9 40 25 7 23 8 29 8 0 1 37 16 10
251 TCT 3 11 2 10 11 6 4 7 1 7 7 12 7 13 0 33 0 0 1 52 11 6 20 12 18 18 7 19 2 10 8 17 26 2 11 27 3 21 2 5 6 4 0 12 3 15 11 35 2 4 7 24 86 31 3 199207 18 33 8 23 8 14 2 12
252 CAG 16 10 7 19 18 37 8 1 2 3 6 6 1 0 9 4 0 27 199151 34 0 16 47 6 10 3 4 2 5 19 56 5 4 8 14 33 30 8 5 1 14 24 8 12 32 15 0 1 22 29 1 10 17 30 21 13 21 2 20 27 23 6 9 8
253 CGT 14 21 80 2 16 35 9 0 14 2 2 25 28 16 41 17 3 7 13 41 2 7 7 13 4 4 12 198938 16 2 28 7 37 24 41 62 30 9 5 16 1 0 1 23 21 43 27 6 3 7 10 9 2 4 13 15 16 42 16 14 33 24 9 11
254 ATC 3 30 15 13 31 3 18 5 2 3 13 2 8 199369 5 21 11 4 10 2 15 2 1 28 5 13 15 11 1 12 8 7 6 7 3 35 32 10 3 0 16 1 3 4 5 12 0 5 15 3 3 3 7 1 1 3 18 22 4 21 5 38 6 22
255 GCC 2 2 15 5 24 5 5 6 18 16 14 22 34 1 0 0 31 6 0 14 2 3 15 5 18 20 14 0 7 13 2 7 4 9 8 2 13 199336 18 10 3 17 2 6 19 7 4 16 12 4 1 2 6 26 46 5 28 4 1 11 1 33 11 9
256 TTT 40 13 1 23 27 18 21 27 13 2 0 7 1 22 10 18 0 9 125 4 41 1 0 0 4 11 12 8 4 3 30 15 22 13 10 5 1 17 6 20 9 6 17 9 1 12 2 24 9 10 3 17 24 33 3 41 2 1 9 8 1 9 13 199133
257 TAT 2 43 0 39 9 2 23 32 7 11 4 19 8 6 26 12 39 13 7 9 21 24 0 3 2 3 3 17 3 12 1 21 6 5 18 4 27 15 3 16 6 1 10 26 14 20 5 1 7 13 7 199227 18 18 0 6 17 7 6 20 18 9 21 8
258 AGA 49 44 12 1 0 18 22 5 198959 43 1 10 27 4 2 17 29 49 7 6 22 22 0 4 18 39 8 21 10 16 3 4 8 12 6 25 48 14 11 2 27 13 22 19 15 31 1 22 20 1 4 10 1 19 3 28 1 25 34 43 4 25 17 17
259 TTA 10 9 11 0 12 18 6 15 8 3 27 14 24 51 11 2 6 20 4 6 7 12 1 8 23 12 1 3 12 7 4 9 4 4 15 2 24 16 0 0 8 5 15 9 11 32 12 9 35 35 32 20 11 6 16 8 4 7 1 33 199243 6 18 3
260 CTA 15 21 40 7 19 23 5 15 6 2 16 14 36 6 16 9 33 1 2 33 3 15 8 5 33 5 44 4 199122 22 3 1 32 2 4 3 20 4 25 7 24 2 2 8 20 31 1 2 15 3 17 24 3 1 12 44 20 11 6 0 47 11 8 7
261 GAC 25 16 15 6 6 23 25 5 11 29 11 0 23 2 43 17 14 9 2 9 3 19 10 1 27 0 1 15 4 8 12 16 26 199171 23 15 52 25 2 2 11 7 13 13 15 11 12 6 18 18 6 0 6 5 12 22 15 26 4 12 3 5 23 14
262 GAG 11 19 11 0 16 38 6 2 68 8 3 27 6 13 5 1 69 28 12 13 3 9 2 5 3 3 3 2 25 0 5 8 16 20 199207 0 10 23 17 14 14 8 30 9 15 3 8 21 14 8 14 55 23 5 0 5 1 0 17 1 1 2 10 5
263 TTC 27 20 10 15 10 3 13 4 15 10 28 9 4 9 17 4 16 6 2 5 4 6 7 32 13 32 13 2 58 2 10 0 2 33 0 1 20 26 6 24 15 9 15 4 2 20 11 23 5 8 0 9 14 3 3 9 20 8 7 7 6 199190 49 45
264 TTC 0 10 3 8 9 7 9 12 8 17 16 3 10 7 46 14 11 3 9 4 16 15 2 6 4 5 24 6 4 12 31 9 13 0 20 18 6 7 0 9 10 11 4 0 12 8 12 0 15 2 7 3 6 17 1 17 22 9 5 3 30 199355 5 33
