# POSITION WT AAA AAC AAG AAT ACA ACC ACG ACT AGA AGC AGG AGT ATA ATC ATG ATT CAA CAC CAG CAT CCA CCC CCG CCT CGA CGC CGG CGT CTA CTC CTG CTT GAA GAC GAG GAT GCA GCC GCG GCT GGA GGC GGG GGT GTA GTC GTG GTT TAA TAC TAG TAT TCA TCC TCG TCT TGA TGC TGG TGT TTA TTC TTG TTT
1 ATG 169 21 21 11 201 15 173 2 136 7 40 11 23 121 996057 101 34 62 20 16 10 50 29 13 43 20 56 78 73 30 25 93 61 102 84 27 129 138 243 4 43 107 70 0 67 92 232 35 41 55 47 120 35 15 34 54 16 129 7 48 83 12 49 60
2 ATT 80 31 64 171 47 5 61 21 101 38 129 64 140 49 16 995587 56 253 19 10 41 285 34 179 32 17 21 6 57 12 32 6 7 42 22 140 185 28 4 50 2 31 0 62 231 51 3 47 200 142 101 51 275 106 79 59 2 98 20 84 29 26 43 116
3 GAG 50 91 42 108 51 0 27 53 8 71 70 204 138 28 89 22 322 51 124 160 238 2 33 23 4 16 69 5 296 242 23 82 36 87 995500 9 14 42 131 63 212 13 113 76 101 30 34 47 177 19 55 17 116 32 56 40 54 28 1 31 28 6 90 0
4 CAA 48 50 43 42 22 5 43 84 22 29 23 22 44 103 31 11 996512 15 145 23 153 185 172 56 30 71 22 6 13 5 42 5 35 50 0 7 81 35 8 36 14 11 25 28 25 111 62 7 169 8 1 129 283 129 59 120 98 14 50 11 8 62 188 59
5 GAC 108 8 6 69 42 19 93 7 7 123 84 16 103 83 59 33 31 18 94 44 277 10 21 79 26 111 6 132 210 21 16 3 94 995601 68 0 6 19 158 31 219 42 160 36 290 14 21 9 99 27 5 16 6 83 29 142 167 74 18 133 72 124 175 103
6 GGC 98 91 31 32 20 91 19 28 53 12 358 35 52 9 47 16 115 20 11 222 117 53 9 118 11 74 65 106 43 73 58 10 62 15 84 69 50 3 75 11 108 996792 0 7 61 20 21 100 28 57 9 36 5 66 46 16 5 3 39 18 60 25 1 11
7 CTT 11 42 47 108 204 70 13 44 76 14 20 64 10 35 25 81 4 29 11 30 9 39 37 193 274 17 38 51 136 55 68 996352 57 11 33 76 5 76 4 36 22 3 108 4 55 48 75 6 31 69 11 90 27 13 68 59 41 236 158 106 101 106 44 14
8 CAT 92 30 4 43 33 19 243 43 5 29 31 14 68 2 147 31 29 37 275 996779 44 7 103 34 166 28 19 40 6 26 10 54 46 5 33 13 23 133 43 20 17 9 37 109 39 18 0 67 105 56 131 17 184 20 19 71 56 90 28 56 2 16 16 30
9 GCA 7 66 54 176 20 56 78 40 74 43 14 12 63 70 48 37 70 62 98 97 39 95 28 100 66 52 36 259 79 177 10 8 92 15 114 34 996066 29 34 44 70 53 181 20 87 22 65 64 15 66 18 83 115 31 21 65 145 6 94 34 10 44 97 32
10 GGA 17 65 51 89 131 23 59 36 86 39 40 52 79 4 105 8 128 4 6 31 36 29 57 181 82 377 60 146 133 67 45 53 56 37 26 18 41 26 7 1 996356 63 95 52 51 6 11 73 15 69 36 42 135 82 49 3 19 87 13 11 44 69 87 1
11 TCT 83 9 129 12 158 58 40 134 10 280 115 51 16 27 9 24 51 29 107 41 191 23 42 57 128 38 48 4 91 49 25 37 5 12 80 72 110 13 68 61 8 222 32 12 67 61 42 3 146 39 20 155 143 185 32 995781 79 51 48 10 75 43 27 182
12 CCC 183 29 96 181 145 11 82 121 4 38 74 154 97 13 10 75 139 44 16 48 82 995539 19 53 44 182 5 82 149 55 126 55 92 88 40 74 52 195 153 59 15 58 142 102 92 31 69 32 4 5 42 27 77 10 35 106 106 41 117 24 5 104 41 11
13 GCT 3 7 52 67 58 72 34 99 31 7 30 71 6 64 90 81 100 62 77 17 104 28 40 38 13 73 2 32 67 166 26 112 59 24 176 56 18 30 163 995956 45 30 18 186 5 100 40 103 3 28 34 48 57 43 55 289 213 120 2 7 34 6 176 147
14 GCA 28 50 17 30 212 94 32 29 7 66 86 49 43 0 36 2 22 7 51 173 49 29 27 89 31 101 54 35 1 116 0 57 45 3 40 51 996861 34 49 45 47 67 35 78 192 4 18 54 105 34 37 39 63 24 36 118 33 37 15 20 116 18 17 42
15 TGG 13 51 17 29 16 131 28 3 55 35 95 158 37 144 109 59 39 93 6 93 40 77 99 46 32 38 13 20 124 102 43 236 14 84 32 8 183 8 50 64 29 13 47 106 64 17 57 270 18 101 28 235 72 26 42 70 11 151 995782 15 84 134 18 86
16 GTG 56 9 154 21 66 16 39 60 36 61 52 56 15 168 15 6 27 18 85 5 62 111 38 7 77 142 5 57 37 63 53 13 144 9 8 85 43 64 43 32 12 112 206 42 56 167 996333 53 36 17 236 4 44 28 100 5 33 62 102 92 29 89 43 41
17 GAA 64 31 85 21 34 354 26 124 68 44 65 13 18 47 80 97 116 65 175 133 171 44 211 1 181 54 27 20 7 60 44 241 995134 60 89 4 32 98 65 23 65 62 11 71 97 21 381 23 101 47 100 30 156 115 47 55 181 21 39 27 35 13 18 58
18 CGT 5 45 100 23 37 97 73 47 126 112 22 377 91 15 117 65 36 35 102 81 14 68 32 152 28 102 138 996065 27 15 48 76 8 10 1 50 17 22 27 195 174 43 5 93 124 58 49 81 22 125 22 65 25 33 27 59 66 76 16 61 56 2 17 0
19 TTG 14 9 65 9 23 26 23 30 47 38 22 3 31 42 61 41 32 3 78 14 53 46 55 4 130 48 189 88 12 57 47 83 68 190 30 108 23 25 125 14 53 209 4 58 3 26 65 37 68 4 67 17 10 35 87 103 24 129 32 4 91 6 996798 64
20 TTC 149 14 38 39 379 7 18 86 75 196 84 92 20 14 73 21 94 53 65 28 2 28 105 11 11 31 47 85 13 45 9 112 211 44 246 2 56 83 84 42 391 26 9 31 29 25 14 12 2 88 1 113 19 76 75 17 38 33 12 15 156 995679 195 132
21 GGA 60 125 6 67 17 132 8 52 151 24 75 32 137 102 88 23 21 52 41 80 46 85 16 19 145 127 61 84 64 0 32 7 17 73 31 45 165 19 63 58 996299 12 34 84 120 35 31 13 67 3 291 25 20 1 46 105 41 18 38 14 114 14 49 76
22 TAT 170 117 44 139 2 66 14 17 23 17 129 111 146 75 209 25 37 0 36 69 114 62 40 74 11 2 39 8 4 5 38 101 34 49 49 47 14 39 55 17 3 58 115 63 40 34 13 48 82 24 40 996327 18 100 70 20 68 34 149 116 5 136 57 132
23 GAT 142 98 51 79 79 10 52 5 128 3 16 38 28 14 63 14 35 27 155 26 48 70 8 12 70 12 55 126 12 64 204 133 61 51 35 995775 5 114 7 112 77 2 45 204 30 20 168 71 181 34 11 188 49 179 38 48 11 241 56 151 42 54 7 56
24 TGG 107 30 93 81 26 19 42 23 76 5 178 126 25 52 40 90 15 35 95 13 82 40 69 53 64 191 180 8 26 41 8 24 68 186 2 8 69 30 64 42 31 69 18 42 210 30 172 17 41 80 70 188 63 52 293 124 91 9 995670 71 63 37 89 44
25 GCA 68 64 58 133 46 62 53 65 22 105 70 60 119 27 15 24 35 0 25 35 6 38 103 19 90 27 41 84 114 44 9 221 84 142 20 69 995784 93 122 165 21 27 127 60 47 45 79 95 14 119 10 167 100 177 68 56 40 15 25 25 139 61 63 59
26 CAA 54 14 187 59 3 53 70 109 25 31 20 14 108 180 122 13 995656 81 54 19 92 138 28 273 122 11 19 39 10 48 69 43 150 22 18 162 15 62 17 116 90 80 76 68 46 6 95 11 2 34 156 0 221 110 40 26 216 18 89 122 19 85 28 36
27 CAA 137 5 4 21 85 129 136 58 90 61 112 37 109 11 120 75 995410 35 21 67 12 33 14 143 15 13 188 11 111 6 23 12 79 65 121 144 6 194 90 30 50 20 58 59 30 146 159 0 19 60 146 28 121 200 376 52 7 108 4 25 32 78 124 65
28 ACA 142 175 55 17 996071 119 64 44 53 25 52 46 126 101 5 27 14 51 0 83 50 49 38 162 8 118 24 82 1 64 25 28 69 1 35 31 134 39 133 44 118 16 74 27 28 36 24 23 68 43 20 298 99 48 191 7 118 57 17 52 34 99 81 17
29 ATC 59 53 41 74 33 8 10 41 24 277 16 86 136 996415 78 57 57 71 58 37 0 97 25 8 3 60 36 75 62 80 37 32 17 45 48 81 5 8 14 52 134 9 138 5 50 44 19 47 42 76 122 8 85 26 139 90 13 211 33 45 91 52 27 78
30 GGC 28 58 40 89 105 47 78 38 35 88 61 188 117 218 112 213 63 63 66 46 6 63 2 48 109 91 152 194 8 197 98 143 5 216 50 298 15 75 2 103 191 994830 86 13 23 89 50 98 79 49 29 61 38 48 24 27 48 18 86 96 181 83 60 65
31 TGC 184 67 43 208 47 3 71 65 22 131 34 6 46 71 58 19 232 93 10 28 18 107 10 2 72 58 124 30 317 111 21 2 51 59 45 25 34 42 1 150 20 106 33 6 18 56 18 88 13 51 102 106 111 19 64 81 245 995984 34 23 35 19 30 21
32 AGT 14 11 0 50 177 115 13 20 52 83 15 995753 57 16 134 21 143 23 286 34 65 19 68 3 10 17 268 66 61 12 18 131 75 95 162 125 43 28 35 14 2 88 11 13 79 42 36 61 2 142 60 137 89 8 12 19 88 405 49 144 7 93 57 24
33 GAC 28 0 160 205 28 8 10 30 34 22 59 17 48 18 85 29 9 47 3 62 124 19 26 8 43 65 26 21 3 29 206 41 225 996109 103 65 33 82 14 87 88 55 248 12 85 137 103 46 27 11 43 140 26 60 41 66 27 38 125 87 45 89 61 109
34 GCC 104 30 40 62 63 164 49 32 23 95 44 15 140 52 124 53 67 4 62 96 43 4 24 69 113 59 25 185 8 67 21 2 28 41 98 53 221 996329 28 43 39 69 52 54 93 73 48 40 21 59 109 8 97 31 120 29 49 14 16 35 65 6 60 33
35 GCC 197 29 22 33 4 76 65 96 14 11 10 4 8 29 2 105 65 48 73 52 14 108 65 52 97 28 165 34 106 5 20 12 34 283 22 91 54 996416 72 2 33 130 31 50 30 235 128 121 47 44 92 6 43 97 31 10 9 82 2 22 27 3 91 13
36 GTA 162 151 38 123 79 97 11 132 4 32 62 33 42 18 205 4 18 138 87 55 37 71 7 16 51 95 44 152 10 33 239 56 46 101 23 28 125 101 33 31 83 38 55 116 995730 41 56 67 80 26 91 22 9 62 7 121 194 11 36 20 45 162 15 123
37 TTT 39 39 36 23 72 11 43 50 21 18 90 74 97 64 24 4 65 75 15 119 42 233 193 142 57 63 140 98 46 40 116 78 79 29 20 79 127 29 175 80 23 67 3 175 3 116 84 177 156 41 114 19 57 22 57 39 42 28 22 310 71 30 41 995458
38 CGC 14 70 56 38 176 21 183 126 61 3 52 78 0 6 49 27 75 100 22 2 38 84 96 65 117 995977 39 100 32 14 75 58 81 15 45 28 28 31 27 143 14 103 97 75 158 106 197 35 34 89 28 133 30 69 96 86 8 160 7 98 5 34 32 54
39 CTT 69 79 49 31 93 83 44 92 44 128 2 60 111 28 2 67 50 80 23 99 7 20 62 5 24 4 51 78 114 185 30 996309 106 53 54 86 48 20 45 17 119 61 21 1 37 26 300 52 55 32 49 1 55 159 77 44 39 82 38 14 78 22 28 58
40 AGT 98 252 73 108 75 77 10 35 142 98 16 995536 14 24 84 35 93 29 48 69 58 153 30 49 107 45 20 190 102 60 56 30 221 29 87 24 39 36 22 58 35 21 68 33 113 385 52 40 114 101 26 8 36 17 9 16 110 102 5 143 58 110 12 54
41 GCT 36 0 123 144 12 28 71 28 231 13 74 12 112 18 51 134 115 110 108 2 79 29 36 97 42 28 1 12 38 2 183 89 3 31 87 35 150 54 88 996222 54 138 92 83 44 100 28 95 28 17 33 44 19 19 19 50 25 116 98 24 2 40 97 7
42 CAG 123 211 7 120 151 116 52 33 20 108 65 47 14 15 37 22 28 79 995503 92 29 147 102 96 42 96 143 20 93 49 193 121 0 96 20 30 79 17 48 99 206 14 30 119 25 39 22 36 260 107 29 0 52 17 74 45 73 96 257 16 31 11 58 20
43 GGA 98 52 78 32 167 64 82 64 13 103 14 19 39 15 96 100 10 100 28 6 35 67 88 108 58 37 49 208 89 46 5 0 450 27 38 57 42 49 28 258 995312 40 89 41 12 48 44 46 61 53 8 155 4 51 113 80 324 22 228 62 25 105 47 111
44 AGG 97 5 183 15 89 12 21 66 153 13 995801 52 98 52 23 74 97 14 107 16 97 10 124 130 2 40 16 80 66 34 77 32 48 18 105 14 85 43 140 32 254 78 38 203 109 81 69 21 14 149 13 10 55 41 173 10 27 56 24 70 4 230 44 46
45 CCG 65 73 235 102 5 177 97 65 0 115 26 80 0 35 183 139 24 47 64 4 225 10 995617 12 21 23 118 152 15 51 121 60 102 78 28 28 32 74 157 113 25 80 28 115 48 214 44 55 23 4 35 16 33 33 78 192 29 37 82 9 20 168 7 52
46 GTG 61 14 38 159 53 210 32 43 38 40 132 51 31 13 88 137 19 51 15 8 271 50 26 12 88 120 148 40 44 170 72 105 9 2 84 41 92 23 128 151 141 4 16 18 87 169 995555 84 125 22 41 5 109 2 0 54 94 20 42 113 158 76 56 100
47 TTG 93 17 106 11 7 50 41 20 57 109 53 39 1 20 54 115 177 138 143 1 44 30 0 13 48 93 53 65 63 51 18 107 47 40 30 52 83 31 73 109 22 202 5 12 19 36 161 18 50 110 44 32 36 79 152 70 136 30 102 62 53 20 996156 91
48 TTC 6 61 64 30 28 36 10 14 51 110 74 50 35 39 100 4 109 191 9 16 4 105 35 252 27 9 81 49 94 27 92 86 97 27 20 30 26 17 30 154 15 180 5 127 58 81 173 28 80 112 16 40 0 87 82 6 15 70 42 71 37 996201 66 109
49 GTT 70 120 93 71 107 73 42 9 40 83 46 30 26 63 66 64 66 16 172 128 51 99 17 40 71 11 105 68 43 42 47 6 3 28 19 91 43 136 294 31 56 31 5 70 44 187 39 995865 78 47 112 47 32 24 65 10 101 22 82 183 45 37 91 97
50 AAG 9 260 995524 3 7 19 63 19 38 22 23 6 64 150 96 84 116 58 75 49 115 25 39 16 36 19 94 29 84 14 48 140 123 59 53 35 28 149 50 12 118 9 222 14 225 15 26 132 62 148 142 45 181 12 60 49 12 78 60 39 274 117 7 100
51 ACC 58 46 43 83 130 996143 36 61 49 110 44 150 23 62 2 18 8 25 24 17 44 23 21 138 32 37 186 93 84 16 151 67 19 100 0 11 11 198 64 22 21 264 41 86 55 2 59 45 53 101 28 67 32 259 56 15 35 45 27 22 19 12 64 143
52 GAT 64 56 20 33 8 99 57 28 106 78 106 66 26 66 62 4 72 15 75 41 24 75 41 19 51 276 52 15 67 184 29 91 199 117 28 995885 44 6 170 142 6 68 45 76 43 58 126 18 1 63 31 50 103 58 88 171 126 34 31 86 26 36 4 55
53 TTG 37 29 4 35 6 69 174 136 27 77 77 45 124 23 13 34 18 23 75 53 5 698 47 2 125 42 100 84 22 26 73 15 0 96 28 44 177 49 48 101 56 192 14 51 14 53 32 17 27 3 102 201 55 30 58 328 30 38 77 22 34 18 995656 31
54 TCT 61 45 28 26 119 122 187 7 6 3 15 22 43 24 6 31 41 104 112 43 13 6 75 193 60 5 92 40 37 26 7 10 61 23 59 9 17 29 207 56 101 149 0 33 96 118 27 30 21 20 58 128 50 66 99 996596 43 62 37 72 38 19 23 44
55 GGG 9 23 4 52 6 1 20 83 232 7 54 6 54 3 3 74 95 73 34 42 48 13 22 24 1 22 22 35 2 118 5 81 95 21 184 32 10 80 54 4 108 36 996612 34 284 9 26 84 61 145 35 25 75 0 132 96 39 85 54 25 79 15 103 90
56 GCG 34 80 66 200 26 38 16 38 178 7 24 213 3 68 45 145 53 58 94 243 72 79 173 40 73 28 11 56 1 7 7 82 52 11 68 19 62 58 995764 28 90 102 34 89 104 96 94 57 19 103 146 13 12 102 171 16 57 5 66 188 30 15 16 55
57 CTA 101 149 86 162 32 2 97 102 70 22 36 122 65 67 116 138 19 11 39 34 128 90 149 22 46 10 21 105 995530 69 19 22 85 63 0 109 114 85 68 86 32 160 10 135 26 19 10 42 121 69 46 18 166 373 86 75 28 79 64 2 95 6 33 14
58 AAC 30 995777 43 130 150 123 116 147 202 61 7 6 0 62 155 5 57 155 70 104 17 81 168 25 90 81 15 195 177 158 21 50 92 25 46 8 46 79 9 16 23 125 6 85 5 14 27 95 98 10 69 47 2 50 35 78 26 12 104 74 76 14 102 24
59 GAG 71 116 2 62 14 49 98 32 188 46 0 21 45 0 18 8 174 15 71 31 82 19 52 71 6 12 77 26 87 37 48 55 40 84 996736 26 26 42 23 52 67 48 5 9 62 9 57 7 148 0 115 43 22 81 1 199 190 5 177 62 29 1 1 0
60 CTG 9 9 90 66 15 22 24 78 186 20 201 14 77 12 68 18 4 49 38 49 65 98 77 1 118 73 65 8 28 14 996150 120 39 46 1 8 100 91 40 48 69 139 56 33 3 26 53 0 134 6 162 50 163 99 44 107 34 108 14 106 46 67 162 80
61 CAA 40 56 24 48 11 6 61 9 53 47 69 29 68 36 82 3 996590 54 160 107 35 70 54 106 13 53 5 45 82 16 17 91 79 46 5 86 44 5 13 101 22 42 75 37 75 122 78 44 74 17 68 37 85 174 51 46 58 92 28 13 34 4 136 69
62 GAT 4 87 0 76 40 5 101 25 79 1 135 2 58 57 8 26 38 49 4 18 62 35 216 9 106 13 15 11 16 143 21 33 94 164 109 996389 127 76 22 17 140 41 11 42 171 60 2 51 38 38 14 51 57 0 112 49 259 49 4 10 105 70 31 104
63 GAG 79 30 30 14 125 62 87 48 95 14 45 58 24 58 1 7 101 8 45 61 116 7 39 26 24 100 22 15 89 82 23 25 185 96 996274 26 68 66 184 19 2 55 17 101 107 71 114 30 39 89 58 115 38 39 40 47 190 97 36 16 50 48 115 8
64 GCG 92 40 70 26 39 40 3 45 79 149 7 64 41 212 48 183 42 1 25 14 53 52 77 74 47 21 160 18 13 62 49 63 13 157 57 68 105 63 996462 29 158 38 31 66 33 17 10 74 187 59 30 66 53 10 125 32 18 19 14 10 6 8 9 64
65 GCC 65 197 25 10 45 54 51 89 52 79 69 50 43 39 20 39 133 1 296 21 84 17 7 22 10 137 103 159 34 91 3 73 69 149 44 90 40 995170 88 27 195 68 23 61 156 215 50 173 50 30 205 124 108 107 59 136 49 117 26 54 37 6 99 57
66 CGA 5 24 89 67 55 182 141 84 31 69 72 77 7 106 164 40 285 13 165 58 41 72 64 37 995495 168 138 18 88 21 96 48 92 30 89 26 83 256 8 27 15 43 165 17 53 63 11 59 38 26 24 79 127 21 185 105 90 66 46 36 13 12 13 62
67 CTT 125 96 52 99 43 57 44 50 24 14 44 25 231 198 91 148 32 1 14 138 60 160 22 78 109 40 13 45 101 13 68 995831 17 74 84 14 55 13 9 161 13 103 20 83 38 172 0 35 38 45 15 29 27 53 58 119 50 5 173 23 49 241 17 101
68 TCG 47 26 60 78 5 15 32 8 54 56 252 133 49 115 78 16 49 28 129 1 31 76 38 47 54 3 58 6 106 156 147 51 9 31 3 61 92 30 57 77 15 24 16 68 48 31 10 97 32 46 108 30 38 12 996546 79 4 7 215 54 43 63 47 3
69 TGG 13 241 140 26 15 15 10 79 121 90 46 29 7 6 26 100 15 92 0 13 90 37 56 94 32 112 45 0 36 21 205 113 263 2 45 76 48 58 21 47 42 80 133 126 7 39 140 23 198 23 15 19 1 22 81 53 44 6 996266 49 62 6 33 47
70 CTG 38 33 106 64 65 110 37 28 31 47 81 7 132 65 160 22 31 4 54 50 150 7 53 13 21 33 144 60 32 69 996055 168 2 121 84 54 139 32 23 88 143 161 78 87 43 130 66 14 98 12 30 2 16 65 91 22 204 92 5 19 3 44 26 36
71 GCC 33 28 256 228 7 21 66 183 7 58 84 128 20 155 48 120 15 106 58 85 5 25 179 9 10 26 60 80 66 16 33 3 41 55 58 52 114 995823 80 62 121 68 13 57 12 65 0 76 230 74 43 50 120 60 12 48 23 28 12 78 65 29 190 23
72 ACA 26 102 50 23 995589 202 101 22 32 88 144 19 131 6 216 5 180 57 61 207 164 88 25 60 299 11 3 74 39 4 62 26 1 13 23 47 104 12 171 10 44 13 7 36 142 71 402 31 5 33 43 49 25 56 58 56 11 19 13 54 93 110 70 62
73 ACA 123 17 123 68 996197 55 162 16 6 136 110 46 225 77 32 14 23 34 53 10 62 29 60 83 100 47 69 1 41 38 60 32 233 8 8 92 35 17 47 18 179 86 39 13 44 53 9 109 58 32 5 52 53 62 114 35 141 38 32 26 33 35 93 52
74 GGG 79 16 15 55 30 88 55 35 160 117 194 61 52 17 125 42 44 92 81 35 4 11 21 46 70 154 25 125 83 9 7 33 74 42 16 34 34 143 52 13 374 72 996248 12 6 19 8 87 13 66 32 80 99 46 19 26 24 42 23 6 0 225 11 73
75 GTT 22 188 76 14 48 44 9 51 72 23 22 19 4 177 39 93 38 155 87 63 173 53 66 89 70 12 44 20 48 20 9 212 206 42 39 47 44 35 0 37 76 22 80 61 3 30 8 996338 17 98 70 14 73 21 55 102 9 42 103 24 28 22 120 74
76 CCG 67 31 220 17 221 339 117 81 3 225 38 52 18 163 6 135 4 29 69 1 9 30 994936 25 47 0 47 99 71 32 166 70 41 110 86 27 309 97 161 47 83 25 53 150 0 77 35 2 28 190 20 41 85 6 257 166 27 94 100 43 150 46 22 54
77 TGC 93 6 79 22 69 8 7 17 86 6 149 57 28 24 6 145 14 25 72 123 6 10 61 95 42 50 40 74 33 59 21 83 13 18 40 25 33 75 106 26 7 10 91 5 71 94 185 113 31 109 2 21 4 136 133 164 15 996607 81 45 15 88 15 12
78 GCA 6 49 24 34 86 86 28 138 138 25 72 110 65 2 48 9 230 81 61 37 68 42 217 14 119 79 65 9 108 1 9 40 46 23 279 22 996029 76 24 29 226 96 47 12 4 34 81 3 58 44 0 90 25 72 147 88 48 92 10 40 21 4 85 45
79 GCG 66 74 76 54 15 76 111 9 2 45 43 15 1 77 92 162 39 27 80 33 8 112 19 61 35 8 9 62 48 10 10 14 30 38 149 57 177 80 996421 112 99 25 188 102 37 62 92 5 127 23 46 64 39 22 85 17 62 87 31 26 6 21 53 124
80 GTT 108 67 20 17 39 42 59 6 26 30 6 84 85 16 22 53 11 63 93 135 14 81 66 15 48 13 60 16 13 10 8 22 14 11 102 128 53 34 11 117 14 57 53 319 88 87 158 996704 22 59 94 57 56 60 15 19 67 21 27 15 32 63 38 57
81 TTA 13 19 311 100 27 46 61 57 13 98 44 20 99 24 96 83 119 91 12 69 53 59 2 103 4 230 68 5 256 57 101 17 184 31 77 77 11 14 65 5 40 43 65 13 82 44 66 53 84 82 63 25 112 50 47 79 41 28 185 50 995580 154 4 189
82 GAT 14 24 78 32 27 201 34 19 64 89 144 13 21 62 12 62 66 38 6 132 70 137 44 0 25 40 73 120 85 40 141 132 39 110 108 996109 13 82 12 10 296 60 40 71 63 195 59 45 14 3 78 29 12 94 59 10 59 23 76 20 68 64 19 15
83 GTT 127 34 201 28 64 3 150 5 18 11 88 73 86 54 77 143 12 69 100 74 101 49 55 163 77 5 52 82 3 6 84 34 61 242 15 68 10 15 84 20 5 33 99 354 132 46 52 995021 105 153 11 260 32 72 150 9 143 76 95 66 119 155 85 84
84 GTA 14 40 80 38 190 1 63 14 56 225 23 8 55 14 6 29 32 81 1 24 18 204 78 139 3 66 19 111 42 94 79 8 47 72 30 201 52 50 80 169 8 61 49 65 995987 94 41 35 14 26 94 126 13 148 19 16 125 36 193 5 156 12 119 2
85 ACG 181 110 61 33 40 287 995139 23 58 83 15 47 71 244 260 72 45 48 31 25 40 20 22 100 14 62 79 7 58 71 27 19 3 42 168 11 42 9 155 296 35 30 129 76 36 28 31 143 128 74 19 249 3 69 224 19 74 45 62 81 30 108 74 115
86 GAG 59 3 26 72 3 46 0 19 5 22 68 127 23 2 27 67 14 56 15 18 22 10 35 19 59 23 49 70 63 73 176 67 42 134 996964 61 12 195 18 7 58 48 74 1 37 18 157 4 9 58 105 180 30 19 95 8 7 58 9 55 117 9 71 2
87 GCG 39 83 133 2 63 33 182 200 83 50 101 201 24 3 10 56 15 17 17 80 29 253 13 19 31 3 37 95 28 8 6 53 66 65 146 73 50 146 996149 46 16 9 57 13 69 0 43 96 150 17 65 81 12 28 49 16 16 232 102 18 2 133 28 40
88 GGC 13 94 31 151 10 66 26 70 29 50 6 17 34 17 7 141 29 3 34 18 29 46 25 20 81 24 33 24 17 340 35 91 18 52 183 75 44 40 85 145 36 996565 51 1 166 100 11 16 61 43 22 7 36 23 90 113 3 133 48 39 8 37 123 15
89 AGG 77 96 32 55 106 170 68 56 178 182 995552 29 25 61 65 144 41 16 19 167 11 57 88 31 85 90 66 91 69 95 14 10 62 321 16 61 78 69 171 62 29 9 16 15 39 19 35 39 13 112 20 36 145 42 21 45 164 109 79 3 9 8 175 132
90 GAT 55 85 255 71 32 67 22 2 5 67 72 34 49 3 154 148 17 56 103 47 0 87 1 72 118 88 51 166 401 36 68 20 29 24 19 995542 105 12 216 128 2 70 90 254 24 44 22 37 2 26 124 166 52 43 83 56 25 53 38 125 27 35 34 41
91 TGG 41 6 75 51 37 32 74 20 2 49 63 68 58 6 29 46 68 38 21 66 62 50 82 159 140 217 71 119 63 33 242 75 58 2 42 57 38 30 50 7 214 31 65 2 27 57 11 10 147 174 66 28 9 14 119 16 96 108 995953 135 79 42 59 91
92 CTA 50 112 65 40 5 68 57 94 75 107 0 50 69 14 16 6 41 231 59 63 50 122 79 13 35 30 59 105 995313 110 384 76 24 86 48 57 100 18 63 22 61 0 88 85 68 36 36 66 33 162 0 207 13 68 15 173 47 32 195 156 144 26 268 5
93 TTA 66 44 15 76 29 1 30 81 32 24 31 2 75 22 41 9 51 59 242 34 106 49 28 39 33 2 10 85 204 134 65 12 147 12 3 29 15 11 41 122 47 87 10 170 78 51 59 88 31 38 47 80 9 22 58 25 3 5 54 37 996621 123 62 84
94 TTA 2 59 46 6 55 7 90 40 45 6 42 26 59 3 39 28 124 77 26 2 5 26 59 47 106 53 31 3 60 69 67 13 36 280 26 59 21 68 48 144 39 60 18 6 139 43 102 9 3 75 64 52 140 0 294 14 17 46 42 80 996557 33 90 74
95 GGT 47 3 2 56 64 22 24 69 74 6 3 51 2 19 211 35 43 129 124 19 33 43 95 11 64 72 34 80 48 7 29 2 2 200 27 85 218 58 190 80 23 13 57 996277 100 24 86 82 33 118 1 65 32 10 2 10 65 124 244 40 20 85 73 35
96 GAG 135 16 119 48 2 31 34 5 26 24 147 8 81 18 21 46 9 39 193 21 68 2 96 30 66 103 49 55 20 12 3 34 151 19 995891 48 7 48 99 21 26 75 118 32 57 102 3 141 11 120 83 14 169 91 12 10 112 19 36 266 31 237 129 261
97 GTT 37 62 15 46 4 62 52 80 71 37 40 18 22 14 76 33 8 128 11 31 147 84 60 40 0 117 133 9 64 31 12 29 35 0 3 276 86 110 11 146 98 18 259 34 84 87 54 996225 18 33 2 71 63 36 11 26 35 82 33 82 21 164 194 30
98 CCG 27 57 32 70 30 10 101 99 40 80 97 21 31 76 40 102 11 19 47 19 49 31 995873 188 40 121 68 2 62 130 29 22 25 36 45 6 100 140 52 174 27 12 138 130 43 21 91 24 69 0 0 53 81 131 263 116 147 49 186 18 12 46 116 25
99 GGG 6 11 20 26 7 46 10 101 84 70 28 3 35 72 7 59 145 39 26 48 46 44 21 26 18 60 37 24 198 17 8 67 77 99 63 61 31 57 71 54 9 97 996900 14 127 51 9 13 72 16 33 12 9 25 118 73 11 48 215 56 2 55 73 40
100 CAA 37 27 68 12 3 76 113 40 8 17 24 103 128 30 13 39 996031 97 185 114 68 239 13 85 54 70 91 32 21 27 101 59 67 135 68 42 54 81 50 25 58 13 189 160 118 123 29 16 33 13 34 76 77 11 67 51 54 19 105 15 9 40 129 14
101 GAC 90 33 101 86 123 9 73 89 164 25 104 73 1 25 100 203 55 14 94 20 59 32 52 218 179 43 18 3 29 69 55 34 130 995830 107 98 0 19 48 38 16 27 61 78 7 69 87 8 161 68 22 17 128 89 77 26 107 38 57 38 30 130 101 15
102 TTG 3 58 15 54 72 11 44 48 99 82 70 19 10 34 10 15 65 40 21 1 36 27 22 60 73 45 73 48 102 13 14 66 29 26 22 215 11 2 4 22 37 5 99 33 33 31 34 17 51 1 24 37 9 15 256 77 208 24 9 70 276 156 996748 69
103 CTT 55 86 23 22 63 15 18 55 13 48 15 18 25 48 31 138 8 31 33 84 133 50 48 155 8 43 12 32 67 73 22 997347 25 10 24 38 48 3 1 38 27 22 30 58 21 6 49 43 142 3 18 183 6 70 12 22 17 3 25 60 84 15 13 65
104 AGT 43 229 52 128 1 47 55 130 80 38 127 995974 105 46 52 48 45 33 130 5 96 69 5 76 66 30 76 23 4 53 60 22 23 65 25 11 95 115 105 113 21 96 144 149 105 30 11 129 2 58 53 7 82 25 28 59 13 6 101 128 27 23 48 155
105 TCC 20 4 120 74 19 176 47 44 67 38 30 132 208 194 30 77 9 41 41 92 33 35 33 45 5 79 2 128 84 94 69 104 47 6 14 62 198 89 46 4 7 64 10 8 171 34 49 15 30 169 35 1 30 996042 22 32 99 58 198 23 32 97 92 42
106 CAC 18 139 140 49 290 23 76 185 23 132 80 31 45 148 71 136 132 995609 176 8 90 96 8 5 12 11 62 101 72 117 130 12 7 27 11 187 70 187 37 42 30 17 20 148 17 56 55 7 17 96 9 18 78 8 49 71 60 123 75 119 29 6 97 0
107 CTG 50 37 10 23 71 86 41 129 7 20 130 238 28 90 23 33 45 34 127 6 10 8 149 0 98 15 20 145 187 132 995783 28 20 77 3 92 6 64 26 8 21 103 129 53 121 4 206 21 49 274 57 48 9 2 58 40 157 38 168 36 29 56 186 36
108 GCC 159 46 34 57 42 59 8 36 27 112 35 35 41 74 35 59 7 52 231 65 265 69 11 106 75 33 115 47 76 60 54 156 21 72 29 110 119 995681 56 76 108 16 77 51 3 23 79 43 8 102 6 257 12 49 70 97 67 15 45 115 91 151 20 50
109 CCG 74 8 56 12 70 28 22 54 20 87 33 20 84 142 54 56 76 40 97 23 96 48 996546 141 27 101 35 30 4 56 8 52 17 63 29 115 55 38 10 67 12 5 24 243 45 88 57 28 99 32 65 15 5 31 53 122 28 9 86 145 129 35 32 18
110 GCG 0 8 47 84 26 168 203 219 47 66 21 240 79 1 95 15 31 12 74 154 17 12 49 277 200 18 53 124 36 50 77 37 265 68 130 97 75 80 995228 114 24 54 46 0 12 86 58 15 106 195 5 18 45 89 97 29 49 19 90 124 16 4 113 109
111 GAG 60 14 124 37 8 40 68 70 17 52 46 112 30 85 73 44 90 22 35 55 102 26 95 248 24 174 0 71 140 154 31 17 97 68 996498 84 2 6 24 5 29 12 43 14 118 29 23 67 31 10 87 9 46 15 54 5 103 2 49 7 39 147 32 81
112 AAA 995919 91 20 147 167 109 74 24 37 48 127 110 115 62 25 121 34 152 54 25 9 66 11 100 11 4 25 133 19 86 28 9 120 69 4 19 10 33 16 44 142 21 77 0 11 25 13 72 75 160 39 60 92 118 65 191 20 167 12 113 22 95 59 74
113 GTA 90 56 235 130 55 18 88 49 20 53 36 4 50 232 73 8 151 41 99 22 114 25 19 63 109 18 72 111 88 123 10 11 19 95 77 17 88 38 100 123 23 5 41 40 996080 123 12 82 21 55 64 108 34 77 14 27 142 3 70 3 24 0 72 50
114 AGT 17 45 51 16 44 11 93 81 17 112 7 996350 27 154 10 44 31 56 49 33 31 43 43 229 55 34 342 63 31 28 81 124 33 14 9 23 28 100 26 74 45 45 144 110 34 37 8 39 5 86 94 164 53 73 127 36 19 43 33 45 1 3 44 53
115 ATA 123 52 114 198 69 94 18 26 226 12 106 113 995811 115 27 15 52 37 25 19 70 51 147 100 9 6 58 67 165 64 40 8 80 91 16 50 63 45 55 121 57 44 34 9 50 9 60 64 3 55 79 50 194 42 62 124 9 50 104 98 43 45 78 79
116 ATG 162 18 12 148 130 33 32 19 36 52 24 91 71 145 995749 93 49 2 36 61 69 120 247 45 76 88 89 116 128 29 63 134 83 80 16 43 52 15 31 18 91 20 45 59 112 60 127 101 38 51 200 1 25 174 4 10 20 9 17 28 233 8 28 34
117 GCT 26 75 4 16 3 51 14 116 150 134 25 110 285 21 2 22 129 148 60 61 17 130 127 81 100 7 80 105 25 48 66 21 56 49 124 121 72 80 115 995712 10 299 0 65 152 19 188 43 68 14 30 37 14 24 119 25 28 13 58 29 50 23 60 44
118 GAT 220 8 15 291 41 101 76 84 13 36 23 139 107 95 153 58 153 1 12 45 29 97 105 8 78 42 176 170 7 48 2 134 106 13 50 995978 107 3 33 23 27 11 60 45 15 2 19 36 14 7 3 39 6 110 11 2 21 118 34 5 130 126 56 223
119 GCT 95 137 212 112 76 11 17 64 71 86 113 105 79 23 10 19 18 76 68 12 124 146 13 79 25 22 45 14 382 13 17 35 35 9 127 11 42 28 13 995879 19 32 48 22 45 14 42 125 44 75 93 48 111 82 28 152 0 34 121 8 100 50 238 6
120 ATG 6 25 68 181 52 209 13 28 60 9 192 38 23 150 996046 33 27 21 36 6 43 56 118 36 36 3 154 44 64 66 84 52 9 55 90 90 31 64 77 43 83 177 130 183 20 10 70 14 75 221 57 14 9 34 23 39 75 25 57 16 89 11 31 99
121 AGG 82 8 89 34 159 55 99 141 36 47 995763 52 10 205 114 161 31 28 12 19 155 7 42 26 82 11 50 79 175 20 53 71 61 212 27 14 12 112 88 53 253 11 63 106 6 13 1 179 79 45 188 82 35 25 18 27 57 43 78 5 26 66 36 63
122 CGT 32 33 7 74 119 71 148 40 123 69 166 252 94 7 86 44 10 44 4 44 115 23 4 5 57 47 29 996126 17 50 14 145 33 15 112 103 51 27 80 18 99 72 133 41 71 47 8 12 0 115 22 94 12 105 104 105 101 108 42 38 77 10 35 11
123 TTA 11 26 25 32 103 13 117 70 50 207 17 12 140 80 217 31 127 4 14 67 101 57 35 13 13 7 19 63 20 21 14 74 37 5 36 21 15 65 206 175 64 1 4 75 51 14 24 82 17 225 10 145 48 33 6 112 70 93 16 176 996183 124 57 10
124 CAC 49 33 37 110 126 126 8 148 121 47 149 26 30 101 21 8 76 995470 146 68 35 109 184 7 64 86 39 198 138 169 16 66 50 73 130 3 36 48 59 24 47 57 129 29 7 24 152 92 90 53 34 51 78 72 72 149 47 24 45 13 85 88 1 127
125 ACA 66 37 73 52 996577 117 98 18 21 62 17 60 38 49 8 31 18 20 44 158 87 18 102 22 6 41 57 8 34 32 84 69 18 8 36 66 101 99 70 128 68 83 28 13 66 43 29 49 2 103 6 34 29 56 103 1 54 178 60 79 129 3 99 35
126 CTA 2 3 69 30 4 10 161 112 3 5 38 32 20 97 13 18 231 85 31 111 37 69 16 120 56 22 92 25 996400 95 258 32 24 6 34 86 279 56 42 74 52 19 16 20 13 46 45 51 28 19 166 58 20 40 76 14 35 37 4 33 18 160 40 92
127 GAT 160 49 35 18 7 24 19 84 32 63 46 17 109 26 140 29 71 7 92 91 135 22 38 2 4 89 4 23 23 84 53 101 124 70 150 996579 1 28 8 66 86 22 21 42 6 166 140 11 186 118 14 20 21 19 54 79 65 9 59 34 34 18 36 17
128 CCA 91 43 40 92 7 68 10 6 93 138 71 282 33 35 70 316 106 23 37 227 995745 117 279 34 16 84 58 33 111 37 21 109 46 28 14 87 64 35 15 7 70 78 37 15 23 40 41 53 55 5 25 76 19 0 32 133 180 45 22 26 122 41 109 25
129 GCA 13 3 114 25 103 17 30 50 19 6 48 65 42 183 51 14 29 52 155 29 151 17 127 34 2 85 98 35 5 10 24 48 118 31 63 50 996657 53 9 20 81 88 27 30 104 40 3 39 36 20 15 66 152 88 124 14 60 66 13 37 40 23 121 28
130 ACG 41 30 35 12 147 96 996234 122 86 44 39 33 57 107 20 16 101 85 7 63 158 77 66 253 17 16 18 36 76 20 98 80 8 36 9 46 41 177 30 55 37 50 75 158 48 11 19 52 33 21 23 141 14 39 7 29 40 6 25 55 81 92 224 28
131 TGC 48 101 44 58 43 39 65 76 0 115 35 85 53 17 92 11 27 9 91 131 51 65 36 73 60 22 3 110 129 130 3 60 62 90 48 201 64 13 9 29 63 60 32 23 151 25 3 40 56 32 27 9 36 21 0 154 93 996374 155 38 35 125 38 12
132 CCA 152 42 21 11 119 79 13 6 32 17 19 70 2 51 12 73 188 142 36 16 996253 137 91 47 6 6 63 18 35 10 12 49 47 144 21 30 15 9 42 64 67 40 49 272 7 4 157 24 109 13 35 78 43 71 7 6 41 42 35 39 80 77 406 98
133 TTC 11 11 93 75 20 68 66 113 40 42 4 39 153 90 3 3 201 115 42 5 134 32 40 71 9 30 47 33 25 53 159 50 76 40 240 18 18 17 7 27 24 83 293 83 21 80 14 129 10 12 23 66 56 150 217 30 0 138 7 173 18 995994 46 13
134 GAT 138 45 42 191 12 137 47 135 6 100 6 15 22 62 24 43 101 84 31 45 121 125 128 41 13 70 24 21 44 33 5 65 42 92 128 996310 1 61 76 1 47 79 9 61 91 117 20 52 28 25 54 12 103 104 38 26 130 17 89 69 43 12 69 18
135 CAC 96 99 30 44 5 40 4 136 110 191 81 21 11 6 22 73 93 995775 139 6 140 12 190 123 65 137 29 22 63 51 89 34 407 12 9 52 35 128 6 25 26 24 20 2 223 128 88 26 70 66 19 65 117 2 7 15 29 0 14 60 72 166 103 47
136 CAA 4 5 16 1 122 43 67 88 6 39 107 28 88 49 62 11 996581 40 167 32 21 20 20 30 138 57 103 10 84 99 291 53 102 29 39 47 45 27 29 95 204 94 31 5 46 7 27 5 35 27 75 10 66 6 25 36 26 157 107 10 20 14 23 49
137 GCG 75 14 12 48 23 117 70 101 40 18 73 26 2 97 77 20 79 13 24 24 9 26 60 108 28 7 61 24 125 127 14 135 54 34 60 113 72 41 996450 32 26 40 103 4 26 30 105 121 61 27 100 77 114 78 4 26 102 44 48 28 114 88 28 73
138 AAA 996166 45 27 84 60 43 7 42 84 11 7 91 1 42 199 37 76 29 104 28 33 41 68 24 45 195 35 25 192 46 1 26 155 5 39 39 42 77 33 13 28 6 42 98 229 51 24 1 57 124 29 16 97 60 156 24 23 17 33 6 6 259 11 286
139 CAC 30 72 64 7 1 180 38 26 55 72 2 18 11 56 8 86 22 996412 300 71 125 141 65 32 11 41 11 47 16 7 4 3 2 139 55 41 44 24 56 4 124 107 124 0 16 46 81 22 97 9 231 5 22 6 102 291 83 37 52 20 25 82 14 5
140 CGA 16 22 23 69 57 66 49 38 20 27 74 10 60 3 99 9 17 43 71 59 35 0 39 28 996469 290 24 68 95 43 48 14 15 68 170 68 4 1 92 21 179 19 122 147 17 8 15 106 129 123 51 7 112 63 92 11 69 1 36 63 4 39 110 53
141 ATA 33 28 57 40 23 75 11 52 84 42 108 60 996749 23 99 18 15 60 13 41 30 49 39 155 137 31 81 5 71 57 132 44 1 8 25 17 106 1 7 25 40 82 4 246 31 95 24 29 89 34 39 45 15 20 8 31 41 77 37 78 74 78 1 130
142 GAA 37 65 32 14 151 79 117 80 32 90 173 0 139 40 30 106 62 99 35 42 15 29 19 6 133 17 62 42 86 30 32 37 995643 35 75 24 14 21 53 40 376 14 105 88 133 19 107 146 61 123 44 214 84 27 3 42 52 45 103 83 18 164 16 97
143 CGA 84 8 3 80 30 17 112 32 75 54 93 33 16 31 96 85 44 57 16 113 144 14 231 97 996544 56 64 39 4 24 20 35 117 64 216 66 69 28 6 74 55 28 27 91 4 52 0 22 35 125 66 13 12 84 79 5 9 69 49 48 37 2 25 72
144 GCA 33 5 29 308 63 47 19 24 58 160 36 252 0 17 35 42 62 1 16 23 163 75 149 13 17 18 13 139 65 14 63 19 126 75 49 115 995634 50 54 22 109 45 17 37 116 68 34 42 227 33 104 52 40 90 5 65 93 42 19 103 151 149 31 225
145 AGA 1 23 62 83 85 6 21 159 996933 8 33 18 7 32 11 44 29 105 61 64 105 23 98 52 65 121 4 29 20 72 1 19 9 34 111 59 23 12 4 68 76 145 119 6 35 18 66 69 63 48 101 28 36 87 15 6 64 43 67 31 72 41 33 17
146 ACT 56 0 2 41 42 51 25 996741 20 132 60 35 25 45 10 79 5 7 8 55 13 18 49 54 2 164 0 2 101 9 209 95 38 32 101 64 47 34 103 66 127 45 17 58 45 5 13 35 21 114 1 78 44 43 148 21 49 40 35 4 237 29 99 52
147 CGC 46 30 13 55 15 32 31 95 166 33 27 5 74 8 116 36 47 16 12 16 89 70 36 140 112 996614 11 48 60 42 75 14 102 87 23 73 6 17 10 52 38 106 40 12 19 67 36 137 17 37 17 93 8 63 233 45 73 34 107 35 140 58 24 7
148 ATG 62 29 51 30 69 21 102 1 39 38 168 159 98 166 996604 45 27 82 15 19 8 6 55 86 92 13 2 137 25 70 33 67 67 70 30 72 34 6 198 96 71 22 64 36 24 90 15 139 18 31 94 30 68 50 7 64 9 4 16 5 41 37 10 63
149 GAG 373 4 81 31 52 34 70 1 109 4 22 39 12 78 31 162 43 77 65 7 215 28 48 42 12 20 37 18 25 107 44 74 102 68 996222 6 81 23 94 88 124 8 127 25 16 149 112 1 25 23 61 100 26 104 54 18 75 8 38 90 6 46 102 13
150 GCT 36 22 4 3 60 195 177 80 12 64 319 11 68 20 94 18 93 98 36 7 47 77 28 96 53 12 23 136 87 74 6 78 13 18 21 90 105 22 38 996376 182 21 41 70 16 4 185 87 18 6 15 13 56 126 39 85 28 14 2 33 76 14 15 37
151 GGA 33 39 25 48 68 99 17 157 65 40 51 152 33 12 72 167 10 14 32 135 60 7 26 23 148 45 162 3 98 4 4 45 84 54 74 109 5 5 17 105 996246 58 179 29 43 13 30 42 110 18 93 95 22 5 26 18 96 53 88 102 197 44 37 9
152 CTA 2 14 12 73 94 16 67 151 50 26 29 2 8 64 66 33 381 69 70 35 77 9 23 57 180 14 126 45 995943 277 15 29 20 21 38 37 118 56 17 2 54 23 178 15 137 6 8 82 16 24 115 142 4 73 53 13 19 21 6 98 106 39 281 121
153 GTA 52 68 58 20 12 121 56 57 42 28 2 2 107 39 51 35 53 67 80 98 8 169 10 22 162 20 11 62 113 51 31 17 28 2 1 40 2 29 58 35 143 81 3 22 996180 97 47 173 11 245 23 172 18 155 6 106 242 10 91 65 45 49 74 23
154 GAT 107 78 8 105 94 74 0 13 232 9 94 82 54 6 37 139 54 103 74 40 50 57 35 118 113 115 26 49 12 72 63 32 68 14 6 996259 33 13 38 37 138 46 20 43 15 22 35 59 21 294 2 57 52 166 2 10 10 39 29 30 4 12 125 156
155 CAA 132 26 6 68 178 45 59 24 118 126 0 56 142 36 55 77 995678 37 142 2 92 2 72 72 47 177 105 13 161 109 124 101 64 47 27 72 147 88 21 244 108 25 62 10 21 27 26 17 47 212 11 55 39 169 34 36 54 16 30 29 12 41 43 84
156 GAT 121 40 66 27 22 2 17 105 21 59 23 22 6 29 36 104 5 32 13 201 0 115 60 18 189 5 72 54 3 98 107 62 26 1 15 996961 8 20 51 13 34 4 83 14 56 2 80 94 77 52 74 29 1 117 10 11 76 86 141 25 9 39 44 13
157 GAT 3 83 63 192 111 22 0 16 20 30 58 5 42 17 37 48 60 11 29 166 13 37 33 21 66 67 75 175 81 113 63 72 11 203 144 996305 6 85 12 19 4 102 128 69 1 5 15 36 21 75 49 101 82 4 45 92 99 111 22 130 41 68 42 44
158 CTT 87 129 27 0 20 42 26 18 4 43 130 100 46 19 133 41 44 10 12 68 9 133 99 28 8 8 40 208 70 18 28 996662 3 7 12 49 5 14 62 34 110 26 163 28 18 33 81 44 143 87 5 24 1 95 81 61 57 14 59 22 104 37 178 33
159 GAC 60 20 76 49 21 8 27 28 58 53 39 22 155 28 16 78 1 165 144 66 30 98 141 118 59 95 7 37 18 178 61 25 321 996518 47 69 8 88 53 56 21 55 5 37 18 16 11 7 0 61 4 28 27 2 9 56 72 95 7 27 29 109 162 1
160 GAG 51 183 295 109 53 70 163 28 16 26 73 78 40 5 72 71 94 218 14 137 144 129 44 11 130 123 28 9 31 9 31 35 20 52 995491 13 128 254 17 28 53 1 272 28 66 87 87 144 52 49 34 14 3 19 66 22 42 35 72 97 89 96 11 38
161 GAG 13 29 44 24 98 15 8 69 34 73 43 43 4 57 0 153 78 20 79 42 23 93 75 104 9 8 14 65 46 100 15 62 44 20 996759 129 28 1 137 132 10 32 34 79 79 23 24 98 119 124 35 68 87 12 23 23 10 86 8 25 66 20 97 28
162 CAT 102 26 73 148 109 141 35 67 88 15 62 3 13 67 10 45 28 11 99 996621 143 39 8 10 2 10 33 63 62 19 37 192 139 18 49 107 5 9 57 55 2 29 12 15 30 10 93 9 30 112 12 93 54 149 0 14 107 55 30 9 148 20 43 104
163 CAA 272 110 23 54 20 31 6 190 27 3 51 13 21 7 157 17 995049 96 71 148 124 181 43 57 20 91 294 134 55 129 30 24 322 115 98 173 2 62 93 11 214 1 9 52 87 144 35 87 52 6 40 34 93 141 4 37 59 46 9 41 263 35 42 45
164 GGG 248 14 9 2 10 12 63 139 42 4 37 83 71 13 209 83 18 73 1 31 54 0 30 45 28 41 129 32 21 29 66 14 7 31 110 38 25 11 2 39 88 68 996835 84 78 52 23 69 91 33 19 27 64 47 38 74 120 27 52 94 43 14 43 3
165 CTG 77 13 146 58 151 63 91 75 90 10 128 53 25 6 74 122 22 110 30 13 17 25 15 149 26 9 3 35 44 101 996291 96 46 42 55 38 124 3 32 81 260 14 57 3 9 33 67 78 20 37 62 122 114 96 15 58 126 16 8 84 29 5 80 18
166 GCG 15 58 29 65 112 4 121 2 193 36 198 36 45 5 46 32 61 0 15 25 111 107 41 36 51 35 30 29 115 53 58 95 176 4 59 39 157 123 995833 22 28 122 127 82 76 40 53 16 46 63 80 52 35 28 15 231 16 44 171 29 185 29 114 46
167 CCC 13 59 3 41 67 177 95 45 397 12 19 41 8 139 19 37 19 20 83 22 34 996584 8 31 62 155 58 38 26 60 69 30 7 18 33 10 90 81 3 28 161 35 10 19 41 56 36 7 25 30 1 182 12 121 36 27 97 18 166 79 9 1 72 18
168 GCG 11 31 81 12 15 14 85 460 81 10 149 94 52 112 81 47 47 24 239 49 15 71 120 53 45 45 32 53 11 16 262 4 134 10 3 5 180 64 995681 224 92 103 2 17 41 17 111 44 100 75 72 7 40 175 95 50 54 8 3 39 63 27 39 4
169 GAA 71 7 27 34 49 223 67 112 103 8 34 31 43 18 46 7 3 67 96 13 86 77 62 190 18 25 17 156 46 62 157 83 996328 76 18 123 29 32 46 45 121 86 24 39 25 82 67 73 77 13 29 61 33 60 42 23 12 13 29 40 26 108 5 177
170 CTC 35 13 38 98 9 160 70 64 24 35 16 102 43 3 117 7 3 7 30 109 22 3 35 31 67 49 84 162 6 996695 6 108 36 10 82 13 122 178 31 108 94 62 21 41 174 105 72 36 48 113 3 1 79 26 26 47 18 12 23 25 27 75 10 31
171 TTT 90 65 19 30 323 62 34 18 177 107 19 20 88 116 1 148 136 92 19 27 45 6 14 30 3 30 54 17 71 13 144 97 57 83 17 36 157 124 96 46 51 9 80 96 35 41 78 92 24 72 49 159 29 43 33 234 26 18 39 39 87 35 16 995884
172 GCT 17 36 52 163 14 72 92 59 152 57 37 8 3 87 42 55 55 73 97 49 212 59 35 81 108 7 40 21 35 47 21 120 14 119 24 89 245 84 1 996013 73 12 2 65 14 46 57 58 35 135 23 3 97 59 119 20 38 23 75 28 88 103 154 78
173 AGG 85 18 31 130 41 30 131 48 296 39 995901 0 92 111 59 107 66 66 8 6 29 39 117 62 41 73 123 12 149 25 66 41 93 55 14 15 94 126 69 48 76 9 49 13 107 24 47 105 13 57 13 10 19 20 27 162 41 40 84 182 84 10 219 33
174 TTG 26 113 181 57 60 15 11 33 116 39 40 12 21 82 38 75 117 7 17 38 47 51 6 33 5 19 20 12 30 16 202 197 28 0 31 2 7 37 33 3 7 24 11 63 79 27 137 64 67 33 77 159 321 64 148 13 27 65 7 60 105 138 996265 162
175 AAA 996497 20 5 77 132 90 70 6 57 10 15 15 111 1 16 112 55 279 4 21 7 42 94 133 57 3 73 52 19 0 3 25 41 40 58 120 17 37 14 36 46 53 48 3 151 38 21 198 17 47 7 27 15 123 19 69 23 105 108 11 64 60 204 79
176 GCT 60 8 93 16 9 37 29 47 79 56 43 273 172 3 23 248 2 79 5 160 70 66 36 92 21 55 136 2 115 15 8 34 57 19 110 90 56 26 257 995771 19 22 0 76 13 10 119 78 54 39 161 41 7 136 37 161 4 9 154 11 10 79 282 0
177 CGG 18 103 28 55 27 111 55 59 26 16 99 15 56 25 17 15 90 5 38 125 78 133 66 40 60 148 996261 90 42 46 143 30 4 63 98 91 59 59 216 49 53 14 126 13 81 31 40 13 16 11 105 17 22 14 121 21 192 35 35 39 19 104 113 6
178 ATG 81 12 209 158 15 100 82 53 59 97 138 2 32 151 995942 156 48 145 92 32 98 150 15 89 171 17 13 54 26 26 40 86 43 57 7 12 66 2 57 8 83 105 43 32 69 54 131 12 29 90 18 124 42 62 22 36 22 10 28 17 214 72 31 13
179 CCC 9 196 31 39 10 203 58 48 47 137 23 148 4 34 112 9 183 160 15 136 1 995707 32 65 11 62 28 179 35 90 51 8 3 22 57 129 60 192 51 132 45 35 154 96 79 42 72 118 69 67 20 114 67 101 9 35 32 63 15 107 62 43 19 19
180 GAC 163 7 63 23 45 23 233 59 26 28 3 0 78 13 3 1 83 57 41 83 21 42 231 25 61 9 4 177 170 43 62 89 63 996311 10 11 50 58 160 54 17 131 51 55 153 35 23 178 81 4 39 6 17 0 77 70 5 43 5 28 59 66 48 126
181 GGT 16 12 63 117 173 192 95 35 36 89 13 54 10 72 67 83 28 81 82 63 36 38 97 13 1 28 54 71 119 15 64 58 81 59 63 19 138 33 16 36 52 34 39 996606 47 114 6 12 60 147 25 16 74 3 22 74 15 11 67 0 13 12 104 27
182 GAA 16 48 63 4 35 63 22 98 145 39 29 97 28 56 106 65 175 51 89 50 50 30 14 18 13 152 43 19 103 35 45 47 996394 16 45 161 77 90 15 62 189 18 73 25 84 50 94 6 49 36 40 6 32 91 137 27 15 57 32 31 39 21 39 101
183 GAT 56 38 95 61 17 32 83 124 103 21 11 3 26 8 9 2 61 28 32 53 25 183 179 4 127 68 32 33 11 14 69 35 84 71 6 996637 24 99 20 73 108 2 95 18 9 43 77 90 102 25 45 140 97 3 31 47 103 72 25 38 23 36 113 1
184 TTG 138 33 50 52 88 116 8 138 17 31 84 19 2 35 29 33 1 25 114 9 151 4 22 130 116 143 44 33 29 24 38 45 34 97 35 6 11 6 55 203 122 5 32 51 17 33 134 14 2 18 36 3 40 7 59 94 74 68 73 6 70 46 996531 217
185 GTG 233 101 103 55 36 100 82 108 5 3 140 26 27 50 72 25 39 65 127 72 35 51 33 220 145 17 37 6 51 20 9 197 11 123 6 6 23 18 83 13 78 149 59 10 115 185 995212 74 61 85 79 133 74 18 48 27 257 188 51 219 95 36 87 87
186 GTA 65 22 75 95 115 23 4 4 143 6 50 159 70 1 18 75 7 71 10 9 153 108 363 53 126 278 58 23 142 75 9 28 24 60 29 50 179 53 166 91 19 13 97 125 995403 57 64 154 32 7 24 21 22 135 90 153 55 56 58 13 78 69 116 49
187 ACT 34 60 110 161 140 178 37 994832 55 66 116 152 33 7 130 92 143 72 58 82 4 93 37 197 130 22 29 91 166 169 237 212 63 22 47 106 71 29 21 44 40 42 4 11 48 116 88 128 41 121 26 32 2 124 38 191 130 83 63 77 25 159 26 37
188 CAT 95 45 22 72 47 4 76 116 23 44 69 98 1 34 8 11 63 4 37 997170 83 6 44 13 75 96 54 112 0 130 261 6 15 44 22 8 10 82 3 22 61 2 60 13 25 5 10 20 25 24 46 81 23 100 29 59 19 56 100 7 4 7 21 78
189 GGG 217 48 77 41 67 93 114 64 32 10 71 21 67 2 11 29 29 112 55 13 54 35 10 73 85 12 163 101 95 39 35 33 40 91 204 41 10 56 53 43 132 76 995933 139 88 62 53 11 93 3 7 179 65 139 33 5 21 109 48 51 91 28 37 151
190 GAT 351 42 16 52 17 2 90 6 19 45 13 19 7 169 43 33 98 55 220 36 65 21 91 16 32 56 59 24 39 103 22 196 43 2 95 996015 7 23 152 18 35 94 91 37 43 30 227 82 5 33 36 66 37 45 57 82 24 127 27 200 103 16 36 55
191 GCC 72 24 124 284 14 24 2 236 105 168 142 114 34 14 121 123 31 26 32 30 36 185 7 13 260 104 79 246 94 3 143 36 45 53 46 35 96 995304 9 11 47 12 106 10 17 25 6 83 72 14 227 43 98 68 67 70 31 16 63 37 125 74 41 123
192 TGC 36 78 21 30 19 199 2 34 74 74 52 264 113 43 21 3 32 48 42 9 23 153 54 12 24 9 140 71 38 2 12 18 245 101 30 21 75 61 15 191 185 32 67 97 117 44 34 54 151 73 67 11 85 32 39 64 55 996201 46 5 35 2 11 4
193 CTC 224 60 81 6 43 20 61 177 60 37 7 32 31 15 174 47 127 104 128 38 72 23 59 15 96 269 22 33 95 995969 86 168 20 3 35 111 14 93 13 5 14 35 87 73 198 167 7 15 92 2 37 46 104 10 3 13 33 54 5 44 86 39 22 141
194 CCG 2 44 57 47 24 81 14 51 108 188 12 50 9 30 17 69 19 174 191 71 52 248 995758 65 75 7 85 35 20 388 118 105 143 111 82 26 78 65 48 28 1 17 115 18 85 12 44 29 75 25 96 19 56 62 57 58 75 6 94 160 24 7 19 51
195 AAC 86 995582 55 92 72 33 149 33 120 151 175 0 4 61 22 39 31 88 153 29 33 38 83 95 93 35 21 82 107 97 10 127 48 19 4 52 192 24 7 75 67 39 57 68 17 125 28 65 13 198 24 100 117 230 50 61 117 23 1 47 58 211 24 43
196 ATA 292 1 1 43 25 86 9 124 153 86 12 81 995455 27 44 142 65 87 66 18 277 43 27 44 103 3 27 106 76 62 81 58 202 0 24 79 16 42 259 15 16 25 52 142 95 1 5 19 9 7 179 62 90 124 60 65 92 8 165 62 81 142 18 120
197 ATG 13 29 29 69 55 6 69 30 16 59 31 18 18 4 996483 27 178 9 93 74 22 248 73 40 55 39 38 44 27 168 38 41 138 40 34 18 14 207 6 65 29 30 29 30 4 3 88 10 8 49 252 49 38 10 40 79 175 56 1 68 62 62 28 135
198 GTG 51 22 101 27 80 55 55 72 8 81 41 9 64 36 48 68 105 23 50 5 121 15 93 12 26 6 11 108 39 95 198 6 26 47 86 14 32 61 57 12 66 24 29 52 40 7 996901 8 99 0 7 54 134 3 17 2 55 108 10 73 4 179 49 13
199 GAA 77 33 239 6 55 2 192 47 76 68 70 156 28 5 123 28 86 8 28 56 171 45 81 32 66 56 106 96 34 41 81 101 995298 307 73 259 81 108 84 9 24 139 80 49 30 34 17 158 76 93 156 26 31 11 22 73 43 31 31 47 200 2 85 30
200 AAC 30 996484 6 11 29 69 30 76 66 204 43 33 97 9 68 7 6 41 105 153 51 57 10 0 14 44 31 27 52 19 95 47 91 33 5 46 127 52 96 54 97 69 124 25 63 126 19 18 31 61 98 11 52 152 32 13 82 49 49 138 56 29 78 10
201 GGC 88 9 18 72 40 56 44 108 77 9 26 2 35 71 27 107 99 67 23 39 25 164 26 12 0 38 30 153 116 19 18 153 41 24 6 89 11 275 18 16 232 995924 103 47 27 107 42 39 84 166 106 57 105 103 113 19 84 41 56 45 20 23 69 137
202 CGT 131 97 31 91 58 6 259 38 102 14 4 64 181 69 30 219 78 25 66 149 57 6 40 68 164 53 154 995496 22 147 44 96 53 93 107 93 55 89 97 23 58 63 20 36 8 159 21 357 16 12 8 20 39 137 26 21 75 3 25 32 7 68 26 94
203 TTT 36 22 39 28 130 13 77 46 56 1 42 25 6 90 68 21 52 79 40 92 34 44 75 79 75 5 133 127 9 72 163 1 106 18 184 77 33 56 9 8 21 7 40 31 44 68 1 64 3 94 77 37 61 22 140 110 13 20 48 79 87 180 79 996403
204 AGC 129 39 11 49 54 21 38 14 69 995481 191 21 5 101 156 86 46 211 10 181 61 0 4 104 121 19 1 131 87 156 18 11 32 7 418 176 16 50 132 61 9 116 4 70 141 20 58 22 144 159 92 40 9 163 1 33 116 42 155 23 3 41 12 9
205 GGA 61 17 119 36 1 75 65 24 334 119 9 50 24 68 66 21 55 17 96 17 21 17 80 57 58 51 2 40 11 12 42 46 119 136 36 84 56 7 60 28 996446 80 2 9 170 88 66 63 62 0 140 82 45 15 8 7 101 22 63 112 11 31 10 130
206 TTC 9 15 49 75 29 191 234 0 46 81 66 11 18 14 20 19 50 31 2 105 26 191 20 121 87 102 74 135 25 250 60 140 36 29 31 56 44 104 30 9 11 11 35 77 20 11 70 161 195 73 132 25 371 3 26 10 5 8 72 65 18 995851 27 88
207 ATT 144 20 5 37 151 35 92 143 175 28 26 22 156 7 76 996093 152 15 20 79 36 47 50 78 15 109 11 39 13 51 21 2 72 28 18 91 16 115 109 29 157 142 34 131 74 56 16 49 38 75 12 17 10 27 14 148 42 35 16 144 98 112 102 25
208 GAT 29 111 1 69 51 35 115 53 11 86 3 100 70 53 37 130 53 37 1 69 98 36 6 48 34 142 26 36 24 32 48 1 214 9 83 996498 19 20 15 74 33 65 13 69 33 174 44 65 136 13 51 4 19 103 100 112 40 87 5 141 15 36 43 22
209 TGC 24 178 107 339 62 48 24 56 181 103 293 42 17 18 2 10 20 25 301 51 18 82 53 3 35 95 133 251 26 119 149 73 62 42 39 43 16 37 65 107 84 12 82 191 19 10 73 98 136 84 21 37 55 162 23 146 112 994048 221 194 158 282 348 55
210 GGA 8 49 3 0 289 27 71 119 76 43 10 50 60 102 9 137 49 23 38 28 133 55 6 72 117 13 33 10 41 22 23 44 88 61 9 35 26 32 142 32 996705 48 82 164 20 131 13 33 35 3 81 84 82 63 3 3 59 25 2 27 48 69 11 24
211 CGG 57 53 30 73 133 12 14 13 67 4 35 159 167 17 9 186 38 97 120 37 180 40 148 103 80 23 995696 146 95 86 13 94 144 13 122 93 64 96 15 42 75 23 111 96 25 3 46 15 83 21 43 44 102 18 34 85 33 123 205 38 5 54 32 72
212 TTG 70 13 0 164 43 152 93 134 72 15 62 32 18 107 52 2 95 97 12 19 45 46 0 19 56 179 79 7 65 36 90 117 158 11 34 87 1 17 242 89 48 34 107 48 39 48 32 47 26 63 12 88 57 54 54 81 93 128 63 29 95 39 996038 47
213 GGT 55 71 88 99 23 138 13 36 52 11 20 90 67 71 126 161 38 34 126 16 4 104 225 225 15 94 58 45 8 111 42 101 30 84 4 28 192 74 212 138 154 39 141 994830 98 55 115 41 24 286 185 53 92 34 123 30 42 36 40 180 5 168 3 97
214 GTC 29 348 144 53 66 17 45 105 0 91 11 51 9 16 62 69 7 65 84 28 113 24 62 8 63 31 132 37 19 69 41 15 97 219 90 27 29 25 7 5 53 102 164 166 62 995968 7 80 2 34 33 102 25 136 109 116 57 42 72 61 26 119 24 27
215 GCT 143 7 26 2 33 204 102 229 160 216 33 63 46 98 69 154 103 26 70 11 24 12 54 29 150 84 43 79 108 27 38 20 126 14 2 105 25 9 80 995941 13 109 8 34 19 126 17 50 101 131 37 46 36 14 64 110 59 49 9 9 89 69 12 24
216 GAT 15 5 41 63 97 12 4 129 65 142 46 17 12 2 39 92 172 77 27 66 2 73 3 124 12 0 53 79 44 89 86 36 110 27 104 995909 42 350 59 204 104 10 57 53 156 15 178 97 42 157 42 5 19 68 39 44 9 117 5 45 2 4 99 104
217 CGA 95 85 85 23 63 197 56 11 232 84 56 7 46 254 34 87 42 46 134 64 46 50 21 5 995439 159 55 8 26 19 3 47 25 27 34 62 93 193 61 177 35 25 110 37 133 115 11 95 26 69 103 75 12 27 26 17 350 18 104 12 38 32 144 135
218 TAT 96 29 44 56 40 8 76 109 0 144 28 24 85 129 23 45 28 63 7 40 15 262 25 32 93 34 27 19 54 4 27 236 13 34 36 83 8 10 61 28 28 21 181 81 145 48 41 27 86 7 24 996253 94 75 32 54 36 106 30 155 71 62 139 29
219 CAA 30 62 27 57 14 84 69 29 9 18 64 60 34 89 14 176 995776 108 145 63 84 390 24 14 166 58 20 6 199 53 13 66 57 146 3 14 80 142 52 73 58 125 157 46 13 46 99 150 87 97 35 2 51 45 2 37 36 104 92 34 23 2 50 21
220 GAT 309 72 94 120 116 87 173 57 76 99 75 36 30 59 17 134 22 27 194 59 78 100 22 138 115 36 68 70 66 4 6 51 104 122 16 995187 115 50 9 200 4 169 144 58 9 89 81 85 45 56 20 159 34 10 23 53 8 58 46 136 41 118 102 39
221 ATA 193 20 304 12 108 47 117 25 45 38 155 5 996509 164 2 3 88 76 52 18 38 95 100 47 9 3 14 135 62 45 40 30 135 7 20 62 45 10 6 22 31 46 248 43 49 3 37 28 18 21 27 92 69 13 5 1 58 87 122 13 28 31 23 1
222 GCA 23 31 31 77 27 77 107 57 33 12 5 10 174 11 20 29 8 67 65 56 172 3 120 7 146 22 77 13 219 32 44 18 38 69 5 15 996166 84 10 19 53 34 83 42 25 36 22 81 22 72 113 118 113 33 47 99 14 18 25 69 391 36 189 66
223 TTG 66 10 26 21 11 72 53 114 9 29 71 93 9 6 95 3 25 6 26 50 98 44 46 80 44 20 6 10 73 27 34 18 3 59 120 59 78 50 84 284 168 17 11 20 11 33 69 14 18 33 69 20 34 5 96 10 193 45 10 70 107 17 996837 61
224 GCA 54 117 111 1 59 19 49 75 28 27 37 61 34 20 135 41 50 33 22 29 75 42 19 49 99 33 214 99 140 12 23 25 126 92 40 8 995872 134 132 20 22 72 2 87 65 44 23 9 110 115 30 238 43 20 11 130 38 45 150 50 79 12 333 16
225 ACT 73 127 4 10 52 21 52 996307 23 42 69 24 69 130 55 31 60 4 25 39 54 66 22 118 18 47 44 140 123 29 94 101 18 18 25 49 49 15 77 6 96 78 70 21 73 48 39 133 68 25 226 88 50 26 102 142 76 7 45 150 17 28 5 57
226 CGC 24 9 76 141 46 110 13 149 22 123 102 20 69 28 38 15 37 63 7 81 139 182 127 122 127 996356 185 122 11 42 72 147 24 34 5 8 7 51 25 40 17 82 40 59 11 59 32 20 18 63 19 24 92 78 59 89 21 21 36 12 37 73 20 19
227 GAT 30 65 15 5 90 75 23 71 32 44 53 3 45 152 17 125 69 60 4 35 101 80 7 24 122 57 30 21 1 214 60 41 69 180 46 995815 119 23 166 89 107 26 137 27 106 10 177 79 20 187 15 103 108 154 128 19 19 55 125 63 15 12 4 26
228 ATC 10 43 193 35 92 20 107 107 13 94 239 33 36 995650 42 81 9 128 18 5 51 172 67 65 147 45 71 8 81 22 42 13 146 14 33 126 123 14 29 36 76 51 44 72 163 87 24 68 19 14 84 90 58 34 36 44 286 60 57 215 15 80 57 6
229 GCC 23 43 44 5 34 38 24 50 18 103 282 87 29 14 7 5 195 172 30 6 113 69 93 3 53 24 16 132 16 18 28 16 21 80 84 24 123 996579 109 59 48 41 61 5 32 55 94 39 5 16 16 24 177 16 27 38 35 48 102 19 62 43 34 94
230 GAA 143 73 8 40 5 25 102 29 39 33 17 66 81 15 78 51 91 40 7 183 113 9 73 4 73 176 105 66 38 48 66 106 995776 41 92 59 89 127 22 17 58 118 175 26 86 27 35 179 3 68 174 189 61 4 30 76 50 180 31 74 7 86 6 31
231 GAG 6 30 28 112 125 8 94 15 28 129 51 36 135 32 21 90 89 47 25 67 61 30 17 10 20 82 145 10 19 19 5 18 61 58 996809 91 23 18 67 121 5 9 22 64 29 50 46 51 68 139 22 57 18 144 6 75 46 40 73 30 31 81 41 1
232 CTT 20 28 289 235 41 88 54 45 48 15 69 89 32 8 110 68 77 19 64 162 118 18 39 192 104 117 38 119 62 48 138 995380 17 179 29 28 13 156 33 5 39 52 26 34 23 29 64 105 63 46 88 243 128 69 26 13 98 195 20 43 32 1 3 166
233 GGT 11 18 5 33 187 69 0 21 116 21 57 17 67 25 9 80 27 31 35 33 3 112 211 35 130 41 2 121 30 40 8 13 152 36 25 167 28 36 14 71 63 27 10 996145 52 4 43 89 123 147 4 157 166 100 165 26 164 85 126 0 75 20 40 32
234 GGT 87 46 119 172 57 46 106 1 30 32 65 94 11 14 21 31 62 195 30 22 163 37 18 26 16 140 94 4 221 27 11 55 52 215 42 14 130 1 8 74 114 148 49 996011 0 109 12 74 8 43 37 27 11 9 81 18 185 94 275 32 38 8 24 4
235 GAA 25 18 29 11 27 18 36 10 82 107 5 45 28 81 79 37 81 58 27 72 163 94 16 5 112 93 139 89 27 45 39 126 996248 158 61 62 169 16 46 36 103 72 183 31 29 27 63 197 95 30 57 46 60 29 42 75 69 12 30 98 0 0 8 24
236 TGG 47 9 60 44 14 46 100 94 63 72 48 15 30 27 207 129 49 31 28 26 49 20 17 62 41 32 29 22 67 242 6 32 48 89 110 46 71 30 34 55 12 105 203 114 80 7 33 26 17 105 71 9 106 90 94 71 72 17 996022 38 39 121 299 8
237 GCA 27 49 7 31 62 189 0 5 13 8 15 46 109 38 38 63 109 17 4 5 57 24 13 133 26 32 104 2 46 44 27 26 42 27 4 74 996768 166 84 50 57 24 25 40 1 6 120 0 22 9 61 84 64 127 225 20 40 52 41 30 2 150 144 72
238 GAC 10 12 47 43 47 54 97 39 10 29 119 45 68 107 144 119 237 88 24 17 95 95 62 39 86 19 4 12 26 132 27 39 153 995889 414 46 120 95 32 12 3 80 13 0 87 116 39 79 96 115 55 35 57 81 39 22 43 62 9 14 59 43 26 74
239 AGA 148 57 10 156 36 85 164 108 996156 54 92 171 169 21 4 176 85 18 56 41 71 95 2 2 21 77 35 68 58 23 24 5 72 31 130 15 80 39 7 164 74 22 63 60 51 31 138 91 32 50 91 7 40 20 49 54 47 46 1 25 16 5 69 92
240 TTT 25 24 169 8 264 12 203 23 21 19 269 37 74 371 121 15 90 16 43 26 60 74 99 46 4 9 33 11 110 38 11 67 155 35 16 198 58 133 115 40 20 10 47 25 94 100 110 14 5 110 36 47 6 34 12 47 9 40 46 110 170 169 22 995575
241 TTA 34 50 80 11 124 18 86 32 33 43 33 80 119 31 92 12 21 11 30 28 4 92 27 37 2 68 10 14 86 105 11 12 124 98 14 44 12 7 33 9 5 40 128 39 72 24 30 7 20 5 53 5 189 18 27 25 24 31 24 39 997328 49 6 35
242 GTT 13 16 75 148 97 68 91 71 146 106 28 5 27 24 295 182 164 28 110 2 90 67 2 62 19 32 66 84 24 46 103 56 34 4 61 68 96 91 77 17 23 115 12 16 41 52 9 995670 196 91 39 34 119 13 54 18 167 116 73 75 75 56 102 39
243 CTG 199 104 74 28 18 6 19 3 15 117 256 166 11 6 21 4 41 79 97 115 136 158 37 3 66 158 27 97 15 60 996089 64 34 44 15 199 88 16 1 21 23 23 17 57 91 10 94 24 140 54 61 16 36 99 24 83 39 22 62 74 67 0 148 29
244 TAT 150 82 66 51 43 27 62 16 217 26 7 17 141 23 31 26 37 18 61 31 12 58 81 83 67 5 6 134 59 73 7 32 135 64 13 6 19 55 129 83 14 238 125 62 93 44 65 102 295 6 126 995970 26 11 67 54 3 38 99 124 14 30 26 115
245 GGT 75 11 84 33 101 33 38 26 29 13 135 112 10 25 2 31 4 78 68 0 8 99 53 125 212 136 5 70 35 71 13 101 6 48 133 37 79 5 31 78 49 3 64 995532 63 68 80 8 149 38 188 110 75 124 65 88 174 101 54 139 109 113 240 113
246 ATC 82 86 65 1 44 28 80 84 10 7 153 132 64 995716 213 19 79 86 78 124 24 197 8 26 54 32 35 2 67 79 61 60 25 47 186 140 10 0 132 145 51 13 11 19 31 81 22 73 162 40 42 86 69 69 37 149 151 69 107 12 87 31 58 49
247 GCG 108 137 75 26 124 88 86 32 35 33 28 48 64 52 2 1 7 140 59 84 5 9 130 47 176 115 64 138 61 5 81 30 53 61 10 94 54 43 995767 61 159 23 174 44 39 127 87 81 79 32 7 117 54 78 69 130 53 44 23 7 4 92 122 122
248 GCA 6 54 79 44 51 2 16 70 43 26 45 34 16 38 54 26 39 95 9 83 51 135 247 89 8 133 109 51 132 57 4 9 11 57 43 43 995968 44 77 32 108 88 180 137 53 82 27 84 174 91 32 10 38 58 25 105 122 21 49 7 27 56 25 271
249 CCA 12 1 182 167 19 18 4 81 20 53 0 70 4 12 35 51 4 73 11 107 996846 11 98 16 182 22 49 56 24 29 110 18 48 33 5 90 101 67 31 116 87 19 40 60 86 15 70 38 11 46 67 37 7 7 84 134 74 39 87 17 11 28 47 13
250 GAC 42 90 9 12 24 73 59 76 19 191 29 112 13 45 130 17 36 99 117 6 117 13 116 172 24 9 4 49 13 124 5 92 18 996172 76 21 17 57 45 24 63 78 98 82 56 42 49 100 17 117 44 50 122 91 52 67 31 116 41 3 9 158 81 66
251 TCT 34 70 21 47 48 12 8 22 25 42 28 41 38 42 8 193 3 0 6 214 23 49 141 52 112 104 29 62 7 50 18 37 117 30 43 116 15 114 17 11 30 34 4 52 12 65 52 160 6 23 74 125 445 165 66 996069 62 150 30 105 59 78 12 73
252 CAG 93 64 22 70 78 158 34 22 5 15 32 27 4 0 35 35 1 115 996052 164 0 106 167 47 50 8 41 18 29 53 240 50 8 44 103 164 124 41 55 10 78 124 33 24 149 100 1 7 92 118 7 19 55 138 106 112 95 9 96 117 53 22 46 15
253 CGT 48 75 418 30 76 140 26 2 79 36 11 111 193 84 135 94 13 58 83 208 4 24 28 66 32 28 64 994696 93 28 162 45 159 132 162 278 165 36 48 48 6 1 3 123 80 171 157 33 9 26 54 74 17 34 83 67 51 214 55 82 213 122 52 55
254 ATC 7 176 84 45 117 19 101 13 12 24 123 10 29 996745 27 75 25 20 46 25 34 39 26 158 11 78 73 25 16 79 68 27 28 30 30 148 207 44 25 26 57 3 33 22 19 52 8 22 48 10 25 11 53 13 5 28 82 95 14 113 21 277 26 68
255 GCC 4 19 41 31 143 67 16 14 93 98 83 93 228 3 1 11 123 24 5 60 16 23 111 57 103 92 105 5 46 54 10 46 53 43 42 32 101 996404 72 37 44 69 31 57 82 56 28 80 44 16 25 2 38 119 155 17 95 17 42 64 4 193 73 40
256 TTT 153 77 16 62 100 115 122 107 80 7 0 37 7 106 70 96 3 23 540 28 191 4 9 8 11 32 55 39 7 13 76 62 90 61 25 18 4 91 29 63 25 29 46 42 12 65 25 81 53 46 5 98 104 220 32 259 18 2 69 51 4 32 103 995942
257 TAT 4 151 12 165 52 10 82 215 48 46 4 96 24 33 127 55 210 81 49 55 68 142 6 11 6 13 23 112 23 70 24 89 42 19 91 38 152 49 3 112 22 13 63 131 53 128 41 6 27 43 41 996045 90 71 2 32 85 46 104 116 65 46 63 55
258 AGA 202 221 66 3 0 115 68 29 994776 224 27 47 125 40 3 94 105 231 32 34 107 123 3 20 57 174 38 105 83 86 12 9 75 39 32 124 212 122 91 2 129 61 106 111 102 188 3 86 69 14 20 63 4 111 12 147 0 126 182 192 22 84 128 84
259 TTA 51 45 53 0 77 55 26 81 35 9 89 79 119 175 64 52 23 89 12 43 34 88 6 11 154 42 1 44 95 34 29 32 29 10 47 9 94 87 12 0 67 29 56 41 42 126 64 32 169 199 149 84 48 47 116 75 21 51 2 94 996332 24 77 20
260 CTA 74 112 188 53 68 56 13 62 27 21 69 71 205 20 104 52 94 8 15 177 24 81 46 21 140 13 212 27 995681 166 24 5 170 8 22 7 80 19 79 61 175 21 11 25 142 142 7 38 74 11 91 112 24 11 47 160 96 44 21 5 206 64 54 44
261 GAC 95 88 55 40 43 87 78 27 76 160 44 8 99 13 160 53 63 30 15 32 11 87 65 6 152 3 1 57 3 20 68 44 145 995969 100 47 285 183 18 7 74 58 74 83 68 63 43 73 65 97 27 5 14 52 50 123 69 161 13 37 37 29 85 63
262 GAG 56 68 82 7 81 152 22 22 238 40 7 163 28 62 20 59 238 165 63 66 26 44 34 34 21 3 13 30 122 5 7 45 46 116 996195 13 46 108 89 60 60 65 128 37 56 13 70 75 59 56 56 299 108 15 1 24 11 2 66 9 2 9 44 39
263 TTC 129 68 51 40 41 12 57 22 60 30 132 40 15 17 60 15 106 29 3 39 35 31 48 148 85 132 86 42 301 31 62 2 11 183 3 16 124 150 30 122 83 55 47 24 32 90 62 114 44 58 1 39 106 12 10 44 55 25 30 72 35 995937 203 214
264 TTC 7 54 8 45 42 25 44 78 18 58 94 8 55 51 187 34 31 45 46 29 59 81 12 34 23 36 83 38 30 70 95 58 51 0 85 91 25 52 8 40 59 60 20 7 90 43 46 7 110 10 28 18 18 75 19 62 121 53 25 28 171 996845 13 142
