# POSITION WT AAA AAC AAG AAT ACA ACC ACG ACT AGA AGC AGG AGT ATA ATC ATG ATT CAA CAC CAG CAT CCA CCC CCG CCT CGA CGC CGG CGT CTA CTC CTG CTT GAA GAC GAG GAT GCA GCC GCG GCT GGA GGC GGG GGT GTA GTC GTG GTT TAA TAC TAG TAT TCA TCC TCG TCT TGA TGC TGG TGT TTA TTC TTG TTT
1 ATG 29 3 4 2 45 0 25 0 23 4 8 0 2 30 199282 2 7 17 3 5 1 13 5 4 9 6 9 13 14 4 8 18 9 17 12 4 24 34 52 0 15 23 13 0 14 17 11 8 10 6 16 19 4 3 5 6 7 24 2 14 22 2 1 11
2 ATT 6 8 2 14 16 3 6 18 0 11 0 1 5 8 6 199236 9 17 46 0 10 33 6 14 2 17 0 17 3 9 3 6 5 30 21 19 2 47 11 3 19 2 42 7 8 22 15 35 7 13 7 6 2 10 12 11 14 15 42 17 0 6 10 8
3 GAG 6 2 18 1 15 6 6 25 1 25 25 1 4 6 1 7 21 19 18 6 0 11 6 0 9 4 12 7 42 5 1 7 17 12 199323 9 14 10 4 3 10 5 4 17 12 2 9 22 12 1 10 9 22 0 5 33 14 5 17 4 34 21 9 14
4 CAA 10 10 28 15 12 3 9 55 4 12 0 18 5 5 2 10 199379 1 4 7 1 11 8 4 1 29 7 30 4 29 15 10 3 1 10 13 17 0 5 0 1 8 13 19 10 1 3 3 25 15 17 18 19 7 3 2 7 15 15 8 0 2 0 2
5 GAC 13 12 47 36 8 7 5 2 1 16 66 9 33 2 12 16 18 7 15 0 8 11 39 8 21 7 0 10 4 9 2 4 2 199204 19 37 4 4 5 0 5 18 41 11 24 15 26 24 11 4 9 2 0 2 9 6 14 4 19 12 4 6 3 8
6 GGC 4 33 16 3 0 11 0 5 6 17 11 0 4 18 19 4 7 11 12 26 6 11 2 1 22 28 2 3 1 2 17 4 35 1 5 2 6 2 4 21 20 199399 14 12 8 7 29 26 7 3 4 3 25 9 0 2 2 4 7 0 8 8 10 11
7 CTT 4 12 18 12 2 1 15 7 12 1 14 23 10 8 10 9 3 33 3 3 1 4 11 13 12 2 40 1 0 4 33 199377 9 3 15 10 5 11 13 1 8 7 2 10 19 11 20 0 7 10 1 2 7 11 5 20 24 3 7 8 12 16 10 15
8 CAT 1 18 19 33 12 9 11 5 3 4 18 2 3 54 23 19 2 27 3 199327 13 21 11 17 8 3 16 2 15 8 10 0 15 3 17 40 0 1 8 3 8 16 5 9 1 9 1 11 4 4 1 0 2 8 11 6 1 1 21 15 8 7 32 15
9 GCA 7 42 4 14 13 9 9 1 0 8 8 6 20 49 9 15 3 16 15 7 33 6 1 14 3 10 2 0 0 10 2 2 3 17 17 3 199408 6 6 2 11 9 15 20 14 19 0 1 10 7 8 15 12 3 13 6 15 0 1 0 6 11 1 3
10 GGA 25 15 14 14 30 0 1 30 7 4 2 12 4 8 25 9 9 2 0 10 28 4 17 11 4 1 2 5 22 5 9 16 3 9 0 10 6 49 2 4 199248 6 9 2 9 2 16 34 0 6 4 8 8 23 71 9 0 42 17 13 15 9 2 19
11 TCT 9 17 7 11 7 10 7 8 3 1 1 21 3 15 102 10 1 30 13 17 8 9 10 13 10 13 17 4 31 2 26 4 7 16 4 7 1 2 3 11 10 19 3 4 7 25 0 12 4 18 8 5 8 4 14 199278 22 7 24 7 15 6 4 5
12 CCC 36 33 12 21 17 13 5 19 9 4 1 14 40 1 7 2 0 14 4 9 17 199156 2 9 12 16 6 4 10 17 17 5 8 31 26 21 37 23 3 4 2 6 19 0 5 17 35 8 17 14 9 15 18 2 13 13 25 27 30 17 4 10 7 2
13 GCT 10 7 15 5 8 15 13 13 7 21 10 23 2 10 16 16 38 16 3 8 12 29 12 6 7 32 1 5 0 2 3 4 1 41 20 19 27 0 9 199265 35 5 7 9 7 7 2 33 24 10 7 2 10 7 11 5 30 22 6 5 0 2 1 2
14 GCA 43 8 9 11 5 19 11 20 9 4 11 11 5 3 9 29 22 1 2 5 6 32 12 9 21 10 18 24 37 11 6 8 5 9 21 51 199111 36 11 12 11 38 9 4 0 4 17 9 18 6 25 4 11 5 17 9 18 12 5 18 40 16 9 8
15 TGG 9 7 24 8 3 20 37 6 15 12 6 11 8 29 0 11 1 18 18 1 9 10 2 5 13 11 27 63 7 15 9 1 9 0 9 0 1 6 8 16 4 7 4 16 8 8 47 4 3 10 3 0 53 0 11 5 23 3 199262 22 0 4 27 11
16 GTG 26 16 4 11 8 18 14 18 12 0 5 15 22 29 13 7 32 31 17 4 21 8 20 2 29 1 0 33 5 13 4 11 3 4 20 22 5 26 6 2 2 14 28 1 15 5 199185 4 0 22 6 11 3 9 21 5 3 6 3 21 6 60 31 2
17 GAA 1 15 13 2 10 59 10 0 0 19 10 1 4 46 12 2 29 29 40 4 0 3 20 5 12 29 7 4 4 2 10 20 199195 5 14 3 4 16 24 14 19 17 14 1 7 22 3 17 30 6 8 14 64 7 2 1 7 0 14 9 8 6 13 14
18 CGT 4 7 17 1 1 26 2 0 4 16 7 16 5 7 4 2 16 0 58 4 5 44 1 5 20 6 26 199247 6 16 14 27 12 7 2 13 9 8 2 31 21 26 26 24 5 11 8 24 4 17 8 0 7 3 7 2 6 30 10 23 6 28 0 6
19 TTG 13 0 20 5 6 12 9 9 4 3 18 1 8 0 22 4 36 2 10 14 10 19 1 0 14 2 17 12 22 16 11 12 10 4 36 2 1 42 15 24 12 5 16 13 0 4 3 6 14 3 8 6 3 5 8 12 19 1 0 0 18 3 199365 10
20 TTC 1 7 0 1 8 3 15 44 14 3 27 1 26 17 21 4 3 12 7 10 0 1 28 0 7 17 3 32 17 2 54 24 4 9 17 16 1 7 19 17 3 7 6 17 15 34 7 4 17 12 1 2 2 3 6 23 17 8 6 8 14 199268 8 13
21 GGA 16 18 5 33 4 2 23 14 15 11 13 20 2 21 14 14 15 14 3 3 7 19 0 10 5 7 6 3 8 11 8 0 3 13 8 5 9 6 8 1 199229 5 20 5 7 19 36 2 16 37 30 2 7 16 34 30 2 13 20 1 42 10 6 14
22 TAT 23 8 2 45 5 15 5 8 9 1 6 2 14 17 3 19 33 7 19 17 32 9 13 7 14 9 5 22 3 26 1 5 20 28 36 26 10 11 19 41 5 4 0 24 3 7 4 8 1 10 2 199195 8 12 8 3 25 4 13 2 15 7 24 21
23 GAT 14 0 0 27 3 6 6 16 17 14 7 27 4 15 40 3 10 5 22 38 5 5 9 11 19 21 9 4 12 0 5 10 9 3 3 199326 6 7 4 5 8 32 6 21 6 7 9 9 0 16 2 3 9 7 28 11 27 5 8 0 7 8 24 0
24 TGG 2 10 2 15 33 2 25 19 6 13 10 9 11 14 10 0 8 16 1 19 1 24 2 3 72 9 28 39 7 10 13 26 13 3 0 24 7 5 15 18 12 9 7 14 6 37 3 7 8 1 13 18 11 10 17 1 0 6 199136 60 24 3 26 27
25 GCA 3 10 8 17 8 15 3 10 16 37 0 1 4 0 1 15 15 1 6 0 4 4 9 5 30 8 8 4 8 16 2 19 1 24 29 9 199434 1 4 0 9 12 8 20 12 7 20 8 28 11 6 0 16 5 1 1 19 3 2 7 14 2 0 0
26 CAA 1 24 5 12 9 16 24 2 6 7 14 5 1 37 9 7 199188 12 16 11 1 12 23 18 90 27 0 21 17 9 3 23 20 20 1 2 10 5 5 7 11 22 10 0 10 38 1 1 3 5 9 10 15 0 22 33 2 11 4 8 21 21 4 19
27 CAA 5 0 27 5 11 0 4 0 3 11 10 0 0 5 6 21 199295 7 2 5 11 20 4 13 22 0 4 5 29 9 11 20 11 39 0 21 30 19 33 42 6 20 4 1 9 11 13 1 8 0 33 18 3 12 14 2 5 13 17 15 20 1 8 6
28 ACA 6 26 4 8 199183 24 8 1 0 8 9 23 10 22 2 20 3 32 9 0 8 12 3 11 9 4 12 8 0 27 3 16 26 9 15 14 9 31 17 23 13 19 0 1 1 6 4 7 13 89 1 1 22 20 40 17 18 2 4 20 4 17 15 11
29 ATC 4 11 8 13 36 7 8 0 10 3 5 11 8 199294 18 9 14 1 16 0 3 53 30 6 2 3 12 13 1 12 20 4 6 5 29 4 10 3 4 1 9 9 7 18 34 8 3 8 4 22 19 39 2 1 0 44 3 16 9 5 16 10 7 10
30 GGC 14 4 23 2 27 3 12 11 28 12 10 36 2 8 2 21 2 26 15 34 46 14 6 5 39 20 0 8 27 22 0 15 15 1 17 39 8 8 2 3 15 199101 13 17 14 26 21 12 24 9 2 14 8 12 24 6 28 4 11 11 14 3 1 23
31 TGC 22 28 1 28 2 9 6 21 7 13 42 2 17 23 8 11 6 11 12 23 15 0 0 3 21 9 1 9 5 6 21 8 52 1 1 1 13 9 0 32 20 4 28 18 23 11 4 17 5 16 2 3 3 3 7 5 13 199242 27 2 12 18 5 13
32 AGT 24 41 3 16 30 23 9 28 21 5 13 199216 3 0 11 49 9 2 32 1 3 68 4 12 9 15 15 0 4 20 18 28 15 2 3 2 5 3 20 3 4 21 1 1 10 12 2 2 0 23 0 19 9 27 0 15 12 5 14 8 11 2 8 9
33 GAC 8 35 51 11 25 36 38 17 22 11 35 46 71 20 2 14 11 0 4 27 7 19 6 14 34 33 10 6 14 20 30 1 5 198941 27 5 5 14 28 0 12 11 4 0 1 11 9 20 0 5 3 21 22 11 22 25 2 15 8 24 34 12 13 12
34 GCC 4 13 9 0 6 6 12 5 5 11 3 9 18 18 22 35 19 24 4 16 10 7 2 11 35 0 2 9 14 19 4 12 20 7 2 36 0 199335 8 5 9 18 20 8 5 2 5 3 13 1 6 12 0 10 24 1 5 16 11 4 4 16 20 10
35 GCC 2 35 4 9 17 3 13 6 1 26 7 7 4 2 18 42 0 56 1 1 44 7 3 1 7 7 1 7 8 15 15 9 28 6 9 8 15 199196 17 42 25 6 11 1 23 7 21 17 11 0 31 3 20 0 48 2 20 4 18 1 1 19 1 11
36 GTA 46 17 7 4 17 24 6 11 15 35 46 10 8 3 16 37 5 5 4 33 38 0 4 9 3 6 3 27 7 33 13 0 1 5 1 4 7 5 8 16 0 0 31 5 199264 9 4 2 27 1 2 1 16 4 7 2 4 6 33 15 5 2 12 9
37 TTT 39 3 6 53 10 5 4 13 8 9 14 13 12 0 7 13 8 12 2 4 6 2 36 16 27 11 18 5 2 10 7 4 9 7 13 5 9 18 4 2 13 0 3 3 2 1 7 22 1 13 11 7 16 15 22 9 6 13 26 9 6 4 19 199326
38 CGC 12 24 13 3 11 32 3 5 2 22 12 0 19 2 12 1 8 12 6 10 13 14 7 8 25 199184 4 0 18 7 28 26 13 2 18 17 2 1 16 14 12 17 16 24 0 2 53 14 13 5 8 6 5 16 0 24 1 36 56 6 8 6 2 44
39 CTT 24 1 14 5 2 9 1 7 1 6 24 3 21 19 3 24 10 37 6 0 15 6 4 10 2 2 37 8 13 1 2 199362 3 16 2 12 3 8 7 7 11 13 9 3 14 4 5 4 7 27 4 4 2 2 18 22 14 24 8 1 5 39 10 13
40 AGT 7 11 4 27 1 5 3 7 2 20 1 199310 15 17 16 0 3 5 14 22 8 9 11 7 14 6 5 34 37 3 1 6 19 0 3 17 10 10 8 19 3 24 22 31 5 13 3 33 2 12 1 11 7 5 3 15 1 3 33 16 6 14 4 16
41 GCT 5 17 1 1 9 0 2 3 1 3 5 12 37 10 8 12 11 7 36 29 7 12 21 7 0 1 12 11 27 10 1 12 47 5 11 2 52 11 10 199286 7 0 5 13 4 65 1 21 16 10 2 7 8 14 10 8 0 21 5 0 0 12 6 11
42 CAG 1 9 2 21 9 16 35 0 4 26 3 2 2 4 6 3 14 1 199270 10 12 35 21 6 13 8 27 10 14 2 16 33 1 4 20 19 2 14 5 0 13 8 0 24 14 6 17 2 9 1 8 1 9 25 9 9 10 7 5 3 25 42 46 7
43 GGA 5 48 4 2 3 7 26 9 24 24 8 4 0 4 2 19 3 32 3 31 11 14 14 1 17 12 21 1 1 11 2 3 9 4 7 0 3 4 10 36 199279 5 7 10 17 4 9 11 15 6 3 2 4 11 6 19 25 0 44 3 6 10 48 17
44 AGG 22 3 1 11 4 13 0 19 5 7 199244 7 3 4 9 8 18 0 1 2 31 25 4 10 0 18 28 6 16 0 9 7 2 15 9 56 33 32 7 7 18 15 33 6 3 18 3 11 24 0 29 15 1 16 7 6 9 32 4 2 1 16 5 30
45 CCG 6 21 6 11 10 10 13 6 13 7 22 6 9 0 27 1 14 6 17 11 11 1 199349 10 15 9 24 29 24 1 8 16 2 1 10 1 4 12 30 8 17 20 2 17 4 12 3 10 2 29 1 2 14 1 0 8 31 5 0 7 7 2 21 4
46 GTG 1 15 2 0 4 10 4 4 2 17 11 15 6 6 9 18 6 9 3 4 4 19 7 4 4 5 29 0 9 7 13 1 14 21 12 20 24 36 23 9 12 0 8 2 1 4 199270 15 33 14 20 1 6 7 0 6 41 29 22 16 35 17 19 15
47 TTG 21 2 32 0 15 6 5 20 1 11 1 2 8 11 5 3 13 7 23 32 9 8 1 1 18 8 20 11 6 9 11 31 5 26 12 2 4 2 8 17 19 41 1 7 5 9 1 58 15 2 1 4 8 2 3 1 8 5 8 7 6 8 199337 17
48 TTC 2 6 1 33 17 4 2 24 2 13 13 2 3 65 23 14 7 2 5 9 70 7 4 4 3 1 12 5 7 23 12 5 1 2 12 7 10 11 2 2 27 0 13 23 45 19 4 5 2 11 29 10 30 1 0 6 2 2 25 3 3 199287 1 5
49 GTT 6 1 9 12 17 15 18 9 0 10 5 2 3 1 13 11 8 14 18 2 5 45 5 3 10 1 12 5 30 2 18 10 55 18 7 15 9 12 5 5 3 16 14 6 12 56 24 199160 29 35 10 32 4 1 19 1 25 38 21 3 7 7 22 9
50 AAG 14 7 199238 14 7 4 2 0 7 14 3 5 2 13 11 8 12 23 10 39 17 10 8 2 4 28 1 10 8 3 15 11 6 22 16 3 13 0 21 30 2 22 1 15 12 0 18 3 22 55 3 7 9 3 37 2 26 16 4 26 2 41 6 7
51 ACC 35 7 2 7 12 199171 6 18 26 16 9 2 10 3 11 12 6 4 8 5 20 3 6 13 8 22 24 9 46 13 76 7 2 11 16 9 21 2 36 40 4 13 3 12 22 16 6 3 4 0 7 34 21 2 8 11 20 0 13 0 22 9 1 15
52 GAT 1 12 2 14 2 2 26 18 4 30 5 2 4 14 43 25 5 25 10 4 13 8 5 1 5 32 4 8 3 10 26 8 0 0 1 199331 15 11 22 4 30 4 8 8 3 16 5 1 3 5 19 3 11 2 16 29 13 11 1 39 3 3 8 4
53 TTG 11 7 26 18 8 2 32 9 9 10 14 2 17 14 21 1 11 15 2 0 12 7 25 10 40 2 1 4 2 3 13 4 5 20 7 33 12 19 5 25 5 18 10 12 24 25 2 12 19 17 8 9 2 22 37 16 10 7 18 44 1 18 199182 4
54 TCT 3 4 7 48 3 7 1 2 26 3 10 19 2 6 24 2 7 13 2 0 25 13 4 30 49 21 2 10 9 4 5 14 11 8 3 13 22 2 3 21 1 3 4 12 18 9 38 1 12 1 4 3 50 21 4 199244 21 16 3 22 29 6 9 11
55 GGG 6 13 23 0 16 24 1 51 15 6 8 11 3 11 0 8 10 3 5 19 4 4 10 5 6 11 17 4 2 12 31 2 17 6 19 0 3 20 5 67 15 14 199189 9 40 9 4 18 23 4 1 13 1 1 23 4 49 6 22 13 28 26 2 8
56 GCG 3 11 4 8 18 10 5 45 11 10 19 1 24 3 10 12 3 4 4 53 10 2 3 15 19 5 2 7 5 7 1 12 5 20 1 12 12 4 199370 7 5 11 50 3 3 0 2 2 0 1 1 6 1 6 62 0 0 7 2 13 10 36 2 0
57 CTA 2 39 7 10 6 26 0 14 24 36 5 8 8 7 8 0 13 46 13 30 15 21 1 3 19 10 3 39 199098 6 26 6 17 3 11 13 10 40 5 7 22 6 4 14 27 10 7 4 52 7 24 2 6 6 5 11 7 2 12 8 22 71 11 5
58 AAC 28 199228 2 13 5 41 32 5 3 3 15 0 9 0 6 4 2 9 12 14 28 15 3 10 8 1 22 17 5 6 4 3 14 1 18 14 3 12 27 3 3 4 24 36 4 73 29 0 7 13 6 11 13 13 12 12 24 7 16 0 4 4 31 9
59 GAG 15 5 6 18 28 16 23 1 11 41 37 19 4 5 24 37 3 13 9 4 6 0 55 8 13 8 5 10 4 21 17 2 13 0 199246 48 13 7 7 5 3 4 5 4 1 3 11 1 24 1 6 51 9 0 3 16 2 3 12 3 1 4 4 22
60 CTG 15 2 3 7 5 6 4 6 3 37 7 24 10 9 9 4 21 26 14 3 18 12 17 7 1 13 16 1 4 1 199137 13 2 39 7 18 34 0 21 48 10 67 1 2 3 10 2 41 12 17 15 8 25 5 8 6 49 8 16 39 0 15 4 13
61 CAA 27 7 2 24 8 41 6 5 24 29 33 11 6 0 4 10 199151 28 8 3 2 3 24 8 7 4 12 11 1 4 6 27 17 37 5 22 7 19 3 15 24 4 6 47 25 8 15 1 8 2 1 13 24 7 2 24 6 6 3 10 11 22 34 36
62 GAT 7 11 15 12 95 14 37 8 10 4 1 23 10 6 4 5 7 12 11 1 9 19 8 29 2 5 2 7 0 6 60 1 0 2 30 199281 3 7 5 6 8 1 6 5 23 9 5 14 15 1 4 3 3 6 0 12 1 10 5 32 9 6 39 8
63 GAG 32 27 5 18 20 1 7 2 23 13 7 25 3 7 6 18 4 15 13 25 11 46 18 4 38 15 15 6 3 1 35 1 1 13 199197 36 3 8 10 7 18 3 51 5 7 10 13 11 2 8 2 6 0 11 9 8 23 16 10 2 16 12 14 4
64 GCG 11 4 28 14 3 5 17 2 30 0 20 2 18 0 9 8 1 18 18 5 11 9 2 9 8 6 11 7 4 10 17 3 27 5 12 22 3 5 199375 7 4 36 6 1 7 0 15 7 16 3 16 3 3 62 0 20 0 7 6 2 5 7 8 0
65 GCC 9 11 5 13 25 0 8 11 9 0 3 19 0 5 3 19 2 2 6 4 8 4 9 11 19 2 4 19 13 4 5 6 4 10 24 4 1 199371 22 0 10 4 24 3 11 7 10 8 1 10 4 7 41 0 33 5 1 41 9 13 39 1 8 16
66 CGA 26 7 6 29 0 11 36 6 2 18 1 18 10 5 1 7 28 2 25 22 9 3 6 0 199327 14 5 14 15 3 14 0 7 16 6 3 12 2 2 0 8 0 11 13 4 13 6 1 9 9 60 8 13 5 4 7 33 9 3 13 3 17 33 0
67 CTT 25 14 5 30 4 6 16 1 17 5 1 40 0 35 3 8 3 12 10 20 35 36 10 0 6 5 5 2 4 4 4 199327 5 19 3 7 12 6 13 4 5 5 2 20 5 3 5 26 5 2 5 28 10 30 9 36 10 5 1 11 4 5 1 5
68 TCG 33 8 12 20 31 9 33 7 20 3 39 1 0 28 56 14 43 2 9 13 12 8 6 4 16 57 0 53 40 4 18 17 4 5 10 8 10 6 10 9 2 13 2 16 2 0 11 14 16 60 16 8 29 2 199015 20 10 17 13 11 1 14 8 22
69 TGG 9 10 1 1 25 7 58 12 5 5 14 23 18 9 8 4 10 8 12 15 6 6 9 5 8 12 8 2 6 1 9 4 20 6 2 30 6 14 7 18 11 16 4 31 4 21 18 8 1 3 13 12 4 5 7 0 12 6 199325 7 28 7 24 0
70 CTG 20 4 0 5 4 3 0 4 16 11 22 25 7 2 21 9 4 28 7 8 4 5 22 1 22 9 5 6 0 5 199343 26 8 12 7 0 5 6 24 11 9 6 5 4 23 2 57 5 13 6 1 1 11 6 2 13 11 18 24 13 0 7 21 21
71 GCC 42 9 4 18 6 23 16 7 12 14 31 16 12 8 5 5 0 3 35 5 31 28 2 33 5 5 20 0 4 17 19 4 4 14 6 3 5 199231 9 40 16 57 5 9 25 1 1 11 2 8 3 0 8 40 7 2 3 24 4 1 6 7 1 8
72 ACA 7 5 5 31 199132 18 25 30 9 39 2 11 10 3 8 9 5 62 14 0 17 4 1 4 5 0 7 38 36 3 4 24 20 5 15 31 4 10 17 3 9 8 31 18 7 4 6 12 2 10 47 3 7 30 0 4 12 69 10 0 1 12 2 23
73 ACA 6 8 10 5 199303 0 47 16 8 0 2 0 5 21 5 2 18 2 15 10 20 15 18 3 11 6 5 5 0 1 0 1 31 3 14 15 10 9 4 9 28 17 3 19 8 9 4 0 3 15 2 17 20 43 2 15 7 10 41 2 18 33 16 5
74 GGG 22 8 6 10 17 1 7 21 3 5 3 11 22 7 12 6 11 5 13 5 14 32 7 1 1 7 4 1 10 2 10 2 17 23 15 12 8 6 2 2 17 18 199339 52 4 1 6 1 15 3 46 4 4 10 0 8 1 2 17 4 8 31 36 2
75 GTT 7 10 0 8 38 10 10 13 4 3 18 7 0 9 8 7 11 4 17 7 8 17 3 3 12 10 3 27 7 3 12 5 6 2 23 4 3 9 4 3 14 8 0 9 24 13 4 199431 6 2 0 1 10 2 9 17 18 21 0 22 13 1 13 7
76 CCG 9 3 1 4 29 9 7 12 7 4 9 11 2 12 2 5 4 30 23 28 0 0 199271 12 37 7 9 9 20 4 26 5 7 7 15 13 5 23 1 3 4 4 24 20 9 8 2 36 18 1 1 12 4 1 29 37 3 0 17 30 11 24 12 8
77 TGC 8 8 4 3 16 24 1 3 7 6 25 10 15 4 2 31 1 9 1 7 14 12 2 2 7 0 9 4 9 8 11 27 5 9 33 18 2 1 5 24 19 57 20 1 53 17 58 10 18 6 5 14 22 9 38 19 5 199100 5 30 20 2 83 2
78 GCA 0 39 16 1 7 19 68 4 6 4 5 10 6 25 10 1 10 16 11 9 2 5 28 4 32 4 26 2 6 12 10 3 7 27 3 36 199112 0 4 23 7 7 4 16 26 12 10 0 7 5 14 11 9 41 18 4 11 22 2 7 70 33 42 9
79 GCG 0 6 11 21 16 7 14 0 6 15 9 8 17 5 2 6 9 29 3 7 13 2 22 14 12 6 9 2 19 15 2 11 8 1 11 9 5 2 199344 12 30 18 6 8 19 5 4 48 2 3 8 15 3 8 8 27 8 3 9 6 6 17 28 1
80 GTT 20 19 20 7 19 17 3 10 26 18 7 8 7 0 26 8 7 3 12 30 9 12 16 3 4 7 10 4 1 15 10 7 8 2 1 16 18 4 6 13 20 3 5 6 36 15 4 199249 13 4 20 1 13 19 0 30 13 31 2 24 7 10 35 7
81 TTA 11 11 27 58 19 1 0 48 1 0 1 9 18 4 6 15 17 21 16 7 14 18 3 5 6 6 5 18 15 15 1 10 27 0 2 2 18 20 8 23 12 0 10 24 4 3 1 4 6 34 0 13 16 8 15 7 8 4 13 0 199258 5 27 22
82 GAT 13 4 16 11 22 5 8 13 15 17 27 2 14 21 2 2 3 9 11 3 9 8 1 2 2 18 17 27 12 8 6 2 9 4 6 199276 12 12 29 2 6 6 14 9 14 1 5 7 3 19 58 48 28 0 12 12 15 10 6 19 6 1 14 7
83 GTT 16 6 3 3 11 12 16 8 13 13 32 17 8 13 8 40 38 8 19 9 3 2 2 19 13 10 7 37 9 7 52 1 6 4 0 8 2 5 28 3 12 9 18 6 6 2 12 199218 3 12 3 9 11 10 10 3 6 18 7 15 29 12 16 42
84 GTA 15 11 5 10 17 1 26 0 14 18 9 25 11 8 7 10 12 40 3 6 28 2 8 19 14 1 6 6 5 4 3 2 21 18 2 4 17 7 0 13 6 0 2 6 199355 1 5 17 10 16 12 16 26 3 16 7 6 22 9 7 3 14 7 6
85 ACG 3 4 3 28 3 25 199217 0 18 3 4 28 7 10 25 40 5 1 0 12 10 12 9 21 9 4 21 25 29 7 6 11 11 17 6 8 6 15 9 24 0 17 0 2 13 7 13 3 4 21 6 9 11 19 23 14 24 18 12 34 7 30 3 14
86 GAG 5 25 1 35 10 13 5 2 0 8 7 2 14 12 20 0 0 14 1 0 9 3 34 1 8 2 5 3 5 7 12 1 10 12 199431 2 13 0 8 5 2 17 23 53 4 24 11 4 0 7 10 4 6 16 2 17 1 1 3 4 0 4 29 13
87 GCG 2 7 31 23 33 2 6 16 2 15 5 11 5 41 20 48 13 28 5 4 23 43 4 13 14 2 36 5 67 1 38 10 4 4 0 6 2 3 199154 26 0 1 2 10 4 7 15 17 7 7 3 3 5 10 10 13 9 9 16 13 25 19 13 10
88 GGC 8 22 13 31 6 12 8 6 11 7 0 7 13 19 7 8 0 1 12 3 3 12 2 8 2 5 0 7 4 26 16 9 33 30 13 5 9 7 11 21 9 199303 0 21 5 1 6 12 30 13 8 5 16 21 40 13 13 5 4 13 25 2 17 1
89 AGG 20 8 40 85 6 24 20 7 2 6 199241 8 0 4 1 0 1 19 16 25 7 9 11 1 5 30 40 3 2 3 1 2 20 1 20 9 9 1 13 2 24 22 5 12 2 13 29 5 14 21 5 3 2 45 3 10 8 21 4 9 3 15 1 2
90 GAT 4 9 2 3 0 17 17 5 14 37 16 56 5 0 3 29 14 23 10 9 11 14 3 10 4 21 30 10 5 0 5 9 2 23 21 199261 8 27 11 0 3 14 44 25 4 12 19 0 4 12 0 3 6 11 19 0 4 11 8 15 12 6 17 3
91 TGG 11 22 17 2 15 2 22 2 3 42 12 40 0 8 8 38 41 9 1 9 2 34 2 6 4 13 26 16 2 7 23 9 10 6 1 9 27 21 12 23 15 9 7 12 12 19 11 0 9 18 14 3 11 2 13 6 8 14 199157 61 8 8 14 12
92 CTA 15 13 2 21 6 2 10 0 26 3 2 14 13 2 6 9 22 26 4 2 25 5 6 23 6 13 7 2 199279 23 1 10 10 11 17 6 21 14 17 34 11 4 9 2 6 25 2 11 0 19 4 16 7 26 0 1 23 29 1 26 35 10 4 1
93 TTA 11 30 1 4 18 23 17 4 3 8 24 14 24 5 21 31 3 3 25 10 3 35 24 11 10 8 6 11 4 39 5 9 23 0 7 9 10 0 0 24 6 47 13 1 8 6 11 24 4 7 42 0 26 15 2 9 18 7 20 11 199164 25 4 13
94 TTA 6 3 3 2 19 12 26 54 4 9 19 42 13 10 18 16 23 0 8 5 22 8 2 15 14 6 16 8 15 8 27 1 10 5 12 7 1 7 9 5 2 8 3 3 12 9 10 15 11 16 39 8 4 7 13 11 7 11 15 9 199280 14 0 3
95 GGT 3 7 10 5 10 14 3 44 11 11 28 3 6 42 15 0 3 7 3 18 13 43 13 12 13 4 3 3 5 8 11 12 5 19 17 11 8 1 1 2 22 9 4 199245 19 17 30 17 10 6 2 14 3 19 8 5 7 0 24 28 33 6 1 24
96 GAG 46 1 18 0 5 8 12 2 16 11 3 4 12 12 1 19 4 6 11 7 20 4 19 1 20 3 31 7 4 23 6 28 16 13 199154 2 96 3 9 23 19 5 59 2 20 17 7 7 26 12 12 9 31 3 11 9 7 24 0 0 13 18 9 0
97 GTT 18 1 4 8 19 3 10 25 20 0 7 13 9 4 6 27 27 8 0 25 34 23 32 0 2 49 7 25 17 11 4 25 18 21 3 17 5 4 4 16 24 34 1 10 11 9 5 199123 8 22 52 4 7 12 10 3 2 10 13 35 35 3 1 15
98 CCG 2 7 0 6 2 20 0 1 2 4 16 23 7 9 42 7 11 0 1 7 2 5 199243 3 21 14 26 48 12 4 7 29 13 7 0 20 38 14 11 8 3 13 15 25 25 16 14 4 12 14 2 11 6 6 3 1 3 3 24 46 21 0 25 16
99 GGG 6 40 14 6 6 8 2 2 35 2 0 10 28 50 7 6 36 6 12 8 14 18 0 1 3 20 25 33 19 4 12 8 7 4 3 23 6 15 46 6 12 22 199219 19 0 11 6 11 18 3 0 12 2 24 2 12 0 12 6 7 0 6 28 17
100 CAA 35 8 6 12 4 12 16 24 13 16 4 27 16 8 33 2 199284 9 0 9 13 5 6 28 5 23 10 22 0 4 13 4 38 9 22 5 3 3 23 0 9 8 15 4 1 2 1 0 39 4 6 21 0 15 1 15 2 13 16 5 36 8 4 1
101 GAC 0 6 20 14 1 13 11 10 2 34 4 17 19 2 12 1 2 38 11 12 2 6 1 13 10 31 19 29 10 12 7 8 3 199298 1 18 5 3 18 25 27 2 0 19 10 26 24 3 12 5 13 6 20 7 3 5 5 26 1 4 8 9 6 11
102 TTG 13 19 10 6 18 8 3 9 0 3 31 10 18 5 25 51 20 16 0 23 5 0 27 11 27 10 8 10 3 5 8 22 26 19 9 9 38 4 21 38 1 15 1 6 23 3 2 5 6 15 5 26 16 27 16 14 32 22 32 13 41 54 199021 16
103 CTT 9 11 15 4 7 11 13 0 7 7 9 1 7 8 5 10 4 36 3 23 6 9 40 3 15 4 4 41 2 29 11 199240 3 7 1 19 3 7 57 16 2 3 12 6 8 8 8 20 5 23 31 0 36 36 15 23 0 25 16 4 2 3 1 6
104 AGT 5 26 10 11 22 31 2 14 6 8 13 199088 5 5 25 53 7 1 16 15 3 56 20 17 40 0 4 8 5 1 3 17 3 12 9 24 11 15 20 29 35 20 8 13 27 0 10 30 18 39 0 13 1 7 21 2 16 15 2 7 14 23 10 9
105 TCC 0 37 30 1 3 2 4 2 3 20 9 0 8 1 14 10 9 16 2 18 2 12 8 0 22 11 10 9 4 3 5 4 27 22 12 20 0 1 12 10 49 2 10 8 18 15 11 13 16 0 17 8 11 199301 39 7 13 1 24 0 4 10 38 2
106 CAC 5 1 1 5 12 7 2 11 7 10 6 19 8 27 19 9 20 199147 59 2 10 12 56 11 26 3 8 3 11 1 3 9 6 14 37 19 9 1 5 41 15 6 35 5 13 11 9 9 1 3 7 18 0 7 5 8 36 20 30 12 32 0 9 47
107 CTG 10 15 6 5 32 10 5 4 15 4 0 7 31 3 2 10 11 5 19 11 2 1 31 2 7 16 6 12 15 5 199275 26 21 57 14 6 5 5 11 12 12 11 10 11 4 20 14 10 23 0 3 7 3 11 3 17 13 19 2 2 49 14 7 1
108 GCC 28 9 3 0 16 5 3 6 2 20 15 4 16 0 19 14 13 4 16 2 68 11 4 8 13 0 2 8 0 14 6 4 21 0 19 12 17 199308 2 11 12 14 5 5 8 7 3 20 3 12 3 6 10 5 1 42 5 6 41 7 7 19 23 13
109 CCG 0 4 17 3 2 24 1 2 16 4 13 16 0 8 12 12 23 4 6 3 1 13 199439 23 6 22 2 6 23 0 4 11 0 1 13 4 20 2 5 7 3 6 0 4 58 12 2 0 9 3 2 11 7 2 20 6 16 13 5 7 3 12 2 25
110 GCG 43 0 3 3 29 2 0 1 14 8 31 2 4 3 8 11 27 13 2 5 11 33 16 35 9 3 6 1 12 29 0 31 4 1 3 37 1 2 199277 9 2 28 0 2 3 15 0 1 7 3 6 11 3 4 9 26 16 12 2 62 14 18 10 17
111 GAG 11 15 2 3 25 21 0 20 18 2 3 11 6 27 10 12 5 25 13 57 36 3 13 8 6 9 9 9 1 6 4 14 11 0 199217 21 8 1 5 16 30 5 7 21 3 4 13 4 8 6 13 0 49 8 2 18 16 11 15 44 13 7 12 8
112 AAA 199303 0 5 14 7 8 5 9 9 19 0 3 4 24 1 25 1 9 3 8 22 21 3 9 14 3 25 6 16 5 10 10 3 10 11 19 8 3 4 0 3 14 13 8 3 1 16 8 4 25 46 7 2 12 0 14 51 42 5 30 6 5 9 17
113 GTA 9 0 11 9 18 22 25 8 7 5 6 1 5 11 12 0 33 4 6 10 5 7 1 28 11 19 23 6 10 0 22 28 1 12 3 0 8 5 8 5 17 2 31 27 199222 13 17 17 0 7 0 51 11 15 6 17 7 50 4 33 10 11 4 24
114 AGT 6 28 2 2 21 23 12 5 4 2 13 199358 7 5 12 12 17 7 8 4 47 16 13 7 5 1 2 0 2 8 3 14 11 11 9 4 25 25 5 14 7 16 7 13 12 6 7 34 5 8 8 1 10 4 11 2 2 32 1 1 20 8 12 3
115 ATA 27 0 21 12 7 11 8 5 2 0 23 23 199356 11 5 3 28 1 4 16 7 6 5 15 3 13 4 30 16 2 1 6 21 10 1 13 9 13 9 9 11 31 11 8 6 3 4 14 22 2 5 0 16 6 6 29 2 13 1 3 34 9 1 7
116 ATG 3 12 4 10 4 3 4 0 5 1 1 26 3 11 199303 2 15 2 20 16 57 23 3 17 20 1 11 20 12 5 8 4 2 11 7 2 3 13 11 9 2 5 7 2 26 29 15 13 12 24 1 10 3 1 18 38 27 13 17 7 3 19 9 15
117 GCT 13 13 11 17 31 14 8 8 45 2 40 35 10 12 15 12 16 13 11 5 5 27 16 11 10 29 4 23 45 2 11 10 3 1 3 16 8 0 19 199201 0 14 2 7 9 6 18 11 7 4 9 15 2 3 11 7 34 13 20 2 3 16 7 5
118 GAT 13 0 13 3 6 28 6 3 17 8 29 9 28 12 6 18 20 4 21 4 0 20 13 13 14 7 8 1 45 14 7 4 4 27 7 199122 1 30 17 7 17 35 5 3 37 0 32 11 3 30 17 5 29 15 12 7 13 35 5 9 24 3 1 43
119 GCT 6 16 6 1 3 0 41 11 2 4 17 15 7 4 28 11 15 5 2 7 10 24 6 1 5 21 1 23 6 12 10 8 15 20 12 6 6 15 33 199299 10 11 15 0 8 24 1 3 19 3 29 1 6 4 39 1 9 3 8 16 1 2 25 28
120 ATG 3 14 4 8 40 2 7 26 1 15 3 47 12 6 199248 4 2 15 49 1 1 9 6 10 26 4 8 24 2 12 13 0 26 11 18 19 3 2 6 1 10 71 4 12 15 3 8 14 15 0 1 24 7 0 7 7 0 15 22 1 18 14 7 17
121 AGG 1 4 13 0 0 18 6 53 46 35 199123 8 23 1 1 61 3 0 20 24 19 16 0 18 9 8 0 1 22 17 3 9 10 7 3 0 3 21 13 25 31 5 8 1 8 36 17 11 4 20 24 39 18 7 6 20 8 3 13 1 35 15 5 21
122 CGT 1 12 1 11 16 6 29 0 15 0 8 53 8 4 6 1 1 11 3 16 0 6 4 53 18 31 0 199205 1 23 12 20 21 1 5 13 5 45 8 11 13 34 4 14 12 10 28 19 8 4 4 7 17 20 2 35 4 5 14 4 36 1 20 1
123 TTA 3 0 10 1 12 9 10 23 21 2 0 23 0 4 19 45 1 16 18 31 4 15 7 4 8 12 13 27 0 13 10 5 3 30 18 8 1 23 0 19 13 62 3 6 27 18 15 3 1 10 11 20 1 19 5 27 4 30 46 10 199168 8 24 1
124 CAC 34 4 3 6 7 3 17 12 19 2 21 1 14 12 8 4 18 199297 1 14 2 3 9 15 26 10 1 0 31 6 20 14 0 17 19 12 2 0 20 1 9 16 16 11 1 8 3 6 20 0 29 5 8 8 21 12 11 6 1 15 2 21 43 23
125 ACA 0 6 2 20 199367 1 12 3 10 28 0 17 1 15 2 2 0 0 0 8 1 8 13 8 1 11 15 27 1 32 2 9 1 2 0 48 5 22 2 25 8 19 7 1 8 15 6 7 3 13 22 13 16 7 7 18 12 10 19 4 23 5 14 16
126 CTA 3 7 0 24 2 8 14 2 13 12 4 0 8 7 7 0 26 11 6 5 45 7 0 4 34 7 7 0 199405 1 7 13 0 2 15 13 4 2 11 4 3 5 3 8 4 22 24 17 8 15 24 1 18 10 5 16 10 22 0 10 0 13 16 6
127 GAT 11 11 26 1 36 0 5 2 1 2 1 3 2 35 1 9 12 0 21 5 3 17 5 1 14 20 18 5 2 4 5 25 14 21 11 199324 0 7 7 16 6 14 3 15 3 12 26 22 10 11 8 31 21 3 9 13 15 24 4 5 12 0 2 28
128 CCA 2 8 16 8 5 6 25 10 8 30 8 1 5 3 11 6 5 2 9 3 199327 15 3 8 18 4 8 17 20 1 6 23 9 2 7 51 17 11 0 11 8 12 10 8 3 2 13 13 1 1 49 28 7 11 4 12 11 1 13 23 2 2 16 21
129 GCA 14 28 12 0 2 3 26 4 9 1 8 4 26 10 6 12 8 8 1 17 9 27 8 11 6 4 3 12 10 24 30 2 5 14 10 12 199282 14 12 17 36 17 9 20 12 3 3 1 7 44 19 6 7 0 26 17 11 2 12 11 0 10 1 15
130 ACG 22 1 22 36 29 9 199301 3 9 61 19 1 0 18 24 6 8 0 0 0 2 45 18 8 29 0 5 5 2 5 26 31 16 3 5 4 5 4 0 14 7 7 24 12 22 11 7 4 17 16 6 5 2 5 12 1 0 7 9 0 12 6 3 9
131 TGC 5 9 6 19 9 15 21 13 22 13 14 0 6 0 19 13 13 17 13 1 15 12 1 0 2 6 9 1 12 24 5 25 12 25 46 22 23 8 4 27 16 6 7 0 25 5 0 4 1 3 10 42 36 2 16 8 4 199253 10 12 1 15 10 7
132 CCA 9 8 22 39 10 12 8 16 41 2 23 22 5 14 6 9 10 13 1 15 199226 6 22 5 5 0 6 32 6 11 19 5 2 8 0 17 32 7 6 5 9 6 3 22 10 7 2 1 14 13 14 3 28 27 12 42 41 1 9 0 8 10 1 12
133 TTC 33 15 7 0 21 9 17 19 7 7 4 2 19 13 4 22 1 6 2 6 0 10 3 3 7 2 5 15 1 8 0 12 3 17 4 12 22 1 5 12 1 0 5 3 7 2 5 1 11 5 8 17 12 3 0 4 5 17 44 19 25 199445 4 1
134 GAT 16 1 1 16 19 14 13 10 0 6 0 12 7 10 0 12 5 12 18 7 11 16 20 8 26 16 9 9 14 4 0 14 12 23 13 199339 35 13 18 0 8 18 3 1 15 10 7 12 4 16 12 1 4 9 9 3 11 0 44 4 9 14 3 4
135 CAC 17 5 21 11 15 38 24 10 5 7 4 12 24 1 12 14 51 199318 2 9 1 39 10 26 10 2 8 3 0 2 3 12 26 12 4 6 27 8 26 1 9 25 4 2 8 7 16 0 7 0 1 12 0 19 6 0 8 2 0 12 7 16 9 4
136 CAA 3 5 7 17 32 3 2 44 4 0 13 11 14 11 30 25 199249 12 17 11 4 2 5 7 1 3 1 2 1 15 31 18 6 16 16 5 14 20 1 9 4 6 10 13 0 15 21 17 12 11 18 7 30 5 34 2 20 14 3 21 4 10 11 25
137 GCG 12 7 5 1 58 2 18 86 3 4 19 7 14 1 6 18 45 20 25 26 8 8 19 6 10 13 1 4 3 13 3 11 12 9 2 7 16 1 199149 27 1 10 5 38 1 15 5 5 19 3 10 35 6 1 1 11 19 24 37 24 8 14 9 0
138 AAA 199381 11 11 21 2 7 7 3 11 4 11 48 3 2 13 0 0 12 37 3 19 5 2 13 3 7 12 5 7 8 8 1 8 10 7 7 16 39 10 15 3 2 9 0 3 0 10 2 17 23 13 4 10 6 5 12 34 10 26 1 4 9 2 6
139 CAC 0 11 40 14 8 5 10 10 13 19 25 5 14 0 13 21 27 199095 5 10 6 4 4 18 11 4 12 31 13 20 7 44 0 21 18 27 15 22 0 13 4 6 24 12 36 23 9 14 8 6 21 0 0 44 34 8 8 27 12 11 9 22 15 12
140 CGA 1 23 31 7 3 1 1 81 10 4 3 5 17 1 9 2 5 14 10 0 8 19 21 16 199372 3 2 1 12 8 11 18 1 4 9 3 11 0 1 7 9 20 0 35 4 7 16 23 0 11 1 0 0 12 6 18 9 0 22 2 23 6 18 3
141 ATA 6 3 6 24 19 1 9 20 9 16 22 3 199261 22 32 13 7 0 3 40 2 0 4 8 7 27 0 4 28 29 15 32 3 37 2 12 7 7 1 8 6 22 20 7 6 5 2 7 13 6 1 23 0 6 24 13 8 10 1 21 28 5 8 9
142 GAA 14 13 1 3 32 0 22 10 11 9 23 3 17 6 59 1 3 7 4 15 56 5 5 58 0 3 17 13 4 12 1 30 199253 13 0 21 2 3 2 0 5 7 19 12 3 9 10 9 19 39 25 4 4 6 12 0 7 1 9 27 0 15 2 5
143 CGA 13 0 5 18 23 4 2 36 6 15 3 11 52 7 9 37 15 26 2 4 14 15 4 6 199195 10 16 9 26 1 26 3 2 1 16 6 43 23 2 11 16 15 15 38 12 8 37 17 4 1 24 0 16 2 7 28 2 0 5 2 12 19 1 2
144 GCA 40 2 17 59 17 8 10 0 5 2 36 6 36 23 5 27 9 1 43 0 4 7 3 8 4 4 5 11 20 9 0 5 12 1 6 13 199181 14 27 8 2 12 14 0 1 15 30 11 18 19 20 18 6 6 2 4 8 14 13 18 0 68 1 12
145 AGA 26 5 0 8 0 6 11 3 199381 7 6 4 5 10 9 2 5 14 6 30 12 7 3 22 24 4 18 45 34 14 25 3 7 2 10 8 3 10 21 4 7 10 7 11 3 14 11 6 3 1 0 2 19 1 13 4 4 16 6 11 10 22 0 5
146 ACT 10 5 45 18 14 2 0 199258 22 10 16 11 9 0 1 2 8 30 8 11 10 1 36 2 8 22 26 1 5 1 8 2 20 14 13 25 23 32 2 17 9 17 5 7 21 3 6 34 33 2 5 23 9 1 6 6 6 11 6 2 11 18 6 5
147 CGC 9 14 27 2 5 8 9 13 16 4 13 17 6 3 7 13 2 5 8 20 8 9 4 25 1 199230 2 3 8 0 14 60 9 0 7 9 11 10 12 24 11 9 28 18 5 33 1 25 46 25 21 23 2 0 26 4 10 14 3 6 3 8 13 19
148 ATG 6 34 9 4 0 29 0 4 1 13 2 6 22 3 199417 12 7 27 19 20 4 2 8 4 7 14 5 9 0 18 5 3 9 20 9 19 7 21 2 5 7 6 6 3 35 4 1 1 10 11 1 17 6 9 10 4 3 10 0 2 6 1 5 36
149 GAG 25 16 18 14 4 1 15 19 0 10 8 3 10 3 1 28 23 5 10 2 1 0 1 0 0 7 9 7 8 11 12 40 8 12 199179 34 8 40 8 8 53 11 2 71 2 7 6 4 2 6 25 22 0 68 8 13 10 25 3 6 1 5 5 37
150 GCT 27 3 8 4 6 3 11 23 12 19 7 7 7 14 12 2 23 12 20 7 5 37 19 2 11 5 71 1 4 11 23 7 21 14 12 9 2 19 33 199217 3 0 18 29 0 17 14 4 8 24 5 20 11 16 16 11 10 2 15 6 5 10 0 6
151 GGA 21 32 18 3 6 23 1 2 6 6 38 11 9 17 8 13 3 23 2 9 17 18 8 10 22 25 6 11 29 5 24 3 15 8 9 4 11 1 17 7 199217 14 26 4 26 10 2 13 9 17 11 16 16 5 23 7 8 11 23 12 11 13 3 2
152 CTA 6 0 18 5 0 13 8 1 7 8 7 20 10 10 31 8 14 10 3 4 34 4 4 2 1 2 5 11 199227 13 48 27 13 45 29 9 7 20 2 9 1 46 4 0 9 10 19 7 21 1 11 27 16 16 2 33 10 16 9 8 1 0 4 34
153 GTA 1 7 3 28 41 12 13 6 22 17 12 9 12 12 10 6 0 1 26 14 16 61 9 24 33 5 3 22 10 12 37 33 15 4 18 0 35 3 0 4 15 21 5 22 199066 25 13 0 6 24 1 5 17 8 19 14 20 24 15 2 34 20 14 14
154 GAT 1 18 7 3 15 19 3 17 1 19 25 7 3 26 5 7 1 7 9 6 21 6 6 36 0 9 13 2 1 45 0 10 16 4 2 199366 15 8 0 1 21 13 6 17 4 26 23 7 15 0 22 1 21 4 28 3 1 5 3 6 6 2 1 5
155 CAA 13 7 9 14 11 0 7 11 50 3 8 18 7 11 24 14 199233 15 1 3 4 17 9 13 0 13 0 12 0 39 2 0 7 1 16 19 14 10 5 25 10 5 23 3 4 32 4 3 8 35 30 27 23 18 0 9 8 2 35 5 2 33 2 14
156 GAT 2 13 30 1 1 3 8 7 17 3 10 37 7 0 5 7 8 9 3 7 27 4 2 1 2 1 49 24 1 18 3 31 4 0 17 199240 21 7 26 32 20 1 3 4 13 14 5 3 18 56 0 10 5 4 17 9 28 25 9 13 17 3 34 1
157 GAT 7 13 11 19 0 11 9 18 0 0 2 7 4 8 3 7 5 16 12 5 2 1 2 4 2 13 9 7 27 10 6 5 34 4 5 199303 38 17 59 0 21 0 3 20 27 9 47 5 26 9 4 16 11 3 3 0 7 22 17 20 7 1 14 3
158 CTT 8 56 10 7 8 6 0 11 9 1 9 2 16 6 22 7 21 5 10 9 2 0 30 4 15 15 53 2 10 0 27 199314 6 2 11 0 10 3 13 5 14 13 12 2 5 9 7 17 14 5 10 18 12 4 11 7 42 16 7 11 0 3 7 9
159 GAC 30 8 12 14 35 2 9 16 11 39 2 0 37 2 6 1 9 7 22 12 12 2 6 0 30 1 9 13 4 29 4 6 5 199347 23 0 2 0 18 7 3 6 14 15 1 17 4 2 2 61 1 6 1 9 3 14 2 9 3 2 8 16 1 8
160 GAG 15 16 15 22 10 3 27 2 4 30 10 9 10 10 0 8 10 27 2 14 12 0 4 11 15 5 9 3 0 2 13 13 16 21 199321 20 18 27 7 12 1 14 0 15 7 0 11 9 16 3 11 20 26 6 10 2 2 10 8 6 0 15 14 21
161 GAG 21 7 10 13 7 9 20 22 1 21 57 4 25 1 12 24 28 10 6 12 19 6 23 1 2 2 1 6 1 7 1 23 8 0 199249 15 8 20 2 5 6 8 1 20 0 11 1 6 35 5 22 13 9 38 20 4 1 23 15 16 11 2 18 6
162 CAT 14 4 0 16 35 0 14 27 6 22 9 1 23 8 17 6 0 10 16 199296 19 5 8 6 6 13 22 1 19 14 14 0 5 29 2 0 13 0 17 10 40 0 7 27 1 12 11 4 0 0 15 18 6 2 30 0 4 1 5 3 50 17 18 2
163 CAA 11 14 3 0 41 17 19 6 10 5 50 3 3 11 12 4 199184 8 1 13 7 21 25 5 26 9 16 10 2 28 2 8 4 16 2 5 3 12 4 8 2 21 14 33 10 16 5 4 19 28 17 41 28 4 16 9 5 52 17 13 5 6 1 6
164 GGG 20 5 9 6 8 62 2 32 25 5 3 2 3 6 17 36 16 1 10 1 14 18 15 7 54 2 11 0 14 11 13 4 4 3 27 11 25 6 9 10 14 13 199093 19 29 7 5 11 57 31 20 28 23 4 0 9 35 17 1 23 7 19 1 7
165 CTG 5 20 8 28 4 2 1 4 9 14 1 6 11 6 9 8 1 7 7 8 76 12 9 7 15 27 4 2 4 6 199296 17 5 10 8 8 30 24 5 7 0 5 2 12 17 34 7 9 23 4 9 8 8 7 0 1 7 9 0 4 56 3 24 20
166 GCG 10 10 11 9 6 12 8 0 15 1 15 2 1 18 0 21 14 6 1 3 8 38 4 4 1 2 5 0 15 13 6 0 21 22 31 1 0 2 199351 21 2 0 4 29 1 23 6 9 10 7 2 20 9 22 0 0 64 14 2 12 27 11 17 1
167 CCC 11 21 41 9 27 9 3 8 5 1 12 8 20 5 17 33 15 1 16 0 20 199273 7 5 20 18 8 0 4 3 23 5 12 16 22 11 4 5 2 3 11 2 23 3 11 23 35 7 2 8 31 26 6 7 11 6 1 2 3 25 17 0 7 10
168 GCG 18 11 0 10 2 16 9 5 3 1 7 2 2 37 0 2 4 8 0 11 20 22 15 1 5 18 20 2 15 6 11 4 0 8 6 3 9 10 199495 25 14 14 9 0 2 7 11 8 4 4 3 0 3 3 0 3 14 3 26 7 2 4 1 15
169 GAA 13 14 2 3 1 18 30 37 3 25 35 60 5 10 14 6 12 11 25 19 19 44 22 23 20 5 10 4 5 27 12 6 199074 0 15 13 4 2 4 0 4 5 16 32 11 9 0 12 28 6 67 10 7 19 10 0 2 24 3 22 43 11 4 3
170 CTC 14 5 2 1 3 19 4 4 5 0 0 7 15 16 32 22 10 16 12 18 2 60 3 20 5 10 2 5 8 199243 24 11 17 9 3 15 16 44 0 3 3 18 19 22 16 28 5 15 2 2 15 0 34 2 7 7 17 25 2 1 2 7 10 36
171 TTT 6 9 2 2 1 43 13 24 3 17 54 2 4 7 36 6 3 1 12 5 6 3 12 17 5 22 4 2 75 14 15 9 10 13 7 25 19 0 3 13 5 9 35 27 6 14 43 3 10 14 18 2 22 12 19 15 16 1 9 1 6 1 13 199175
172 GCT 1 1 10 13 8 8 14 4 21 0 13 1 19 8 15 37 17 6 2 13 5 56 4 11 17 0 4 19 0 21 7 6 9 13 7 15 3 4 8 199318 6 10 0 0 16 1 14 21 22 0 23 14 0 16 0 4 13 19 42 2 7 4 22 6
173 AGG 38 19 5 2 5 19 6 16 40 4 199197 24 3 8 21 12 20 9 14 5 9 3 20 5 3 20 28 22 4 13 5 14 4 12 0 4 0 6 14 9 28 8 9 5 10 10 10 45 9 4 13 22 29 3 8 28 4 10 34 0 23 1 12 13
174 TTG 3 5 7 16 0 15 16 10 0 1 1 8 9 22 19 3 7 10 4 10 6 6 8 10 11 30 3 4 2 11 5 35 7 0 4 27 13 23 7 13 8 20 17 36 8 11 2 13 7 4 12 5 4 16 4 0 8 4 27 26 3 9 199360 5
175 AAA 199118 5 25 0 31 5 8 4 1 7 7 16 1 7 16 0 28 10 3 20 5 44 23 2 6 0 6 2 31 18 31 41 11 13 18 5 4 1 0 12 44 43 12 40 11 27 0 8 28 32 5 0 8 4 30 22 5 2 3 28 34 16 5 8
176 GCT 3 26 11 7 50 18 0 6 2 0 2 8 11 33 0 19 23 15 3 24 24 1 17 3 28 19 17 24 8 11 14 7 17 34 10 5 12 14 9 199139 13 13 21 13 4 30 9 14 5 18 1 4 5 24 7 21 26 22 8 0 9 14 44 1
177 CGG 6 0 0 7 2 13 2 5 7 2 23 29 9 15 29 4 5 0 7 8 23 12 8 23 21 20 199134 26 20 5 12 27 5 16 34 6 3 12 17 11 4 3 21 11 22 2 35 17 33 0 59 9 11 5 22 2 40 8 19 6 10 41 8 4
178 ATG 23 7 11 2 12 66 6 13 18 5 1 26 33 5 199108 19 0 17 4 9 3 12 7 11 4 5 17 37 28 21 10 7 7 4 9 2 15 1 60 2 13 3 4 10 7 1 13 16 6 41 0 23 5 17 13 21 11 13 47 28 16 39 0 6
179 CCC 2 10 11 2 3 17 4 2 46 41 46 7 11 17 7 32 14 0 17 28 8 199057 19 25 31 15 5 18 7 32 5 1 11 9 10 14 9 25 69 2 6 7 11 1 14 30 2 11 17 9 10 1 12 60 21 4 16 15 19 10 9 13 10 3
180 GAC 2 4 14 18 24 1 5 20 40 2 15 9 32 2 0 1 7 9 18 11 24 1 1 5 17 3 14 1 2 19 8 37 55 199232 5 23 13 14 9 5 16 17 1 9 5 3 18 15 14 3 12 7 2 0 25 3 28 4 33 0 1 16 29 17
181 GGT 16 7 0 0 5 7 4 2 27 6 12 51 3 8 1 10 23 2 1 16 22 4 2 1 25 9 24 27 6 14 2 4 50 1 11 12 7 35 32 9 1 7 1 199167 7 38 2 22 14 2 7 26 7 15 0 15 20 77 16 27 4 10 16 1
182 GAA 4 2 3 13 6 2 24 27 7 39 3 11 47 11 4 8 9 8 35 19 0 8 3 13 1 18 1 1 13 9 1 3 199290 13 9 11 13 3 5 10 7 8 29 35 7 10 10 4 5 6 15 5 5 31 42 22 6 5 3 1 18 14 3 2
183 GAT 8 10 23 12 7 2 32 32 7 14 30 0 54 12 4 33 13 4 11 20 3 7 6 11 1 2 47 3 36 0 0 3 1 3 9 199199 8 6 2 24 20 7 13 13 29 16 24 2 6 8 67 11 19 5 6 0 10 21 1 4 11 4 4 0
184 TTG 14 89 10 6 23 1 1 5 0 6 11 34 1 8 14 0 2 1 51 3 7 6 4 53 7 9 5 9 0 12 6 11 26 6 14 15 2 3 15 3 23 2 11 0 9 3 48 5 8 25 32 21 24 6 10 20 5 13 6 11 6 20 199198 1
185 GTG 2 7 9 2 8 28 5 12 26 14 12 59 10 20 7 19 3 18 17 13 2 10 1 27 12 27 10 7 7 15 14 12 0 10 5 10 23 12 54 2 1 9 7 6 7 18 199225 1 17 0 4 18 5 19 3 13 3 5 13 30 35 3 1 6
186 GTA 4 18 16 10 1 3 2 0 7 18 7 3 11 3 21 57 3 10 9 6 3 2 31 13 4 8 0 2 7 20 18 5 6 6 8 6 6 12 9 21 4 4 6 10 199396 8 1 16 5 0 8 7 6 1 16 35 20 23 3 8 7 2 7 11
187 ACT 19 8 31 2 1 9 2 199360 5 13 18 10 16 10 0 4 6 4 18 13 0 8 15 5 7 29 10 7 8 8 12 0 7 15 6 3 0 9 4 3 7 0 20 12 0 11 23 4 0 29 6 13 3 20 6 33 21 11 3 14 26 5 13 15
188 CAT 3 1 11 4 6 1 5 6 21 5 2 8 28 67 21 15 19 8 8 199160 5 11 2 21 4 9 23 28 6 18 37 12 0 12 11 14 11 15 10 2 14 14 6 11 11 12 0 18 14 18 12 107 5 9 23 3 15 19 4 3 4 14 4 10
189 GGG 4 27 8 3 7 33 8 2 4 24 0 37 39 4 5 10 16 12 11 7 6 45 5 2 2 4 9 0 12 32 2 4 4 5 4 2 7 7 3 19 5 3 199344 17 32 8 15 20 4 7 1 15 21 13 4 0 0 1 15 1 16 10 8 5
190 GAT 9 3 9 15 15 15 17 0 32 9 23 1 3 11 6 6 5 14 16 15 2 10 17 9 14 22 11 5 8 5 1 17 10 17 25 199364 1 6 0 2 4 9 9 30 4 4 6 8 5 4 12 1 5 34 0 6 0 32 5 20 10 13 4 5
191 GCC 7 4 8 36 7 2 4 1 2 9 5 5 7 16 22 12 8 44 4 5 4 12 16 4 14 13 4 4 25 7 0 4 4 7 4 8 4 199342 25 12 16 8 15 27 7 1 8 17 5 30 13 25 2 11 14 1 0 3 3 16 13 27 1 16
192 TGC 5 5 11 15 9 1 38 6 16 4 36 11 8 23 0 1 38 0 1 3 4 2 1 15 12 12 2 27 12 26 7 0 10 15 2 4 23 21 26 39 7 2 25 7 2 3 8 6 4 9 25 10 2 1 9 1 3 199323 2 6 5 2 23 24
193 CTC 3 14 8 7 2 8 37 9 0 16 15 7 13 5 29 9 51 14 1 15 2 5 20 34 5 37 9 1 2 199082 44 3 5 8 13 4 11 8 48 2 3 12 9 5 16 9 45 20 3 17 58 3 15 1 24 3 22 2 43 7 37 11 13 16
194 CCG 1 14 3 7 12 13 31 1 4 25 5 11 19 8 25 37 16 8 7 9 0 6 199230 25 12 8 3 5 0 25 9 3 6 0 8 34 16 11 10 0 14 15 5 15 27 11 10 5 25 13 16 1 1 14 13 10 36 24 10 1 20 9 29 9
195 AAC 26 199248 23 17 13 27 7 4 13 24 8 18 18 1 1 13 5 6 13 7 20 1 13 22 13 7 11 24 5 30 0 5 4 10 2 9 27 8 25 11 1 0 28 10 2 5 29 2 8 0 20 76 11 9 2 2 1 4 4 10 14 20 3 0
196 ATA 0 31 5 19 6 3 6 4 6 22 13 15 199260 12 21 64 11 16 4 5 7 12 3 7 19 33 13 6 0 11 1 4 0 4 4 15 3 14 0 4 7 4 46 16 0 4 3 3 8 16 7 14 35 3 24 11 24 24 8 19 23 0 3 15
197 ATG 8 7 18 0 15 28 11 8 13 0 1 0 3 5 199376 4 31 40 35 5 2 11 20 3 8 0 4 1 15 0 2 7 5 27 28 25 24 16 21 6 2 9 6 3 6 7 12 1 3 17 9 2 2 5 5 0 9 10 21 16 9 10 2 1
198 GTG 34 5 3 10 6 7 9 11 17 7 11 3 9 47 21 10 10 33 4 16 9 47 12 9 23 26 9 5 5 9 9 3 19 28 2 12 20 12 7 3 7 8 42 21 35 8 199176 22 18 15 3 2 23 3 1 17 3 1 0 3 8 12 16 14
199 GAA 11 1 10 17 7 20 6 2 6 21 0 4 3 10 5 11 5 2 6 0 14 17 37 16 10 0 11 23 7 1 20 8 199243 6 7 3 11 0 1 36 1 39 7 18 15 5 0 23 24 47 43 1 3 56 2 7 3 11 20 13 11 11 10 12
200 AAC 12 199136 3 25 7 64 14 1 17 7 8 5 34 6 6 4 2 14 3 24 11 5 10 13 9 7 12 28 5 2 102 1 30 14 4 3 6 31 22 7 4 9 3 6 14 9 6 11 11 2 30 42 6 3 7 6 22 8 1 13 10 21 8 34
201 GGC 6 4 15 25 6 12 31 52 12 13 18 8 5 10 7 22 17 9 5 1 0 5 9 2 17 19 3 23 2 11 10 19 3 7 8 35 28 8 14 21 45 199084 6 30 5 4 3 0 10 9 44 8 21 2 60 1 3 34 54 3 1 39 11 1
202 CGT 7 19 20 3 35 6 3 4 16 3 40 6 0 11 10 9 11 11 3 0 15 2 3 7 5 4 28 199288 3 0 42 7 1 7 34 8 1 2 4 3 5 32 2 6 0 1 12 5 5 13 19 0 10 17 38 3 4 20 6 16 22 3 76 4
203 TTT 1 5 2 4 15 6 2 10 2 6 5 3 1 20 6 16 16 1 7 2 5 3 2 14 28 23 30 7 11 2 2 69 5 0 8 14 12 16 25 14 30 7 15 7 0 19 8 8 3 3 16 10 11 2 13 0 20 10 16 64 26 30 11 199251
204 AGC 6 17 11 26 4 3 10 11 17 199274 0 13 2 13 3 31 19 1 5 8 12 46 2 6 16 10 21 4 4 2 6 22 16 4 21 30 0 15 0 8 16 0 35 13 1 4 12 9 3 10 4 1 4 17 17 12 37 30 16 12 1 12 13 2
205 GGA 9 3 13 26 11 11 15 11 3 10 34 1 41 2 0 9 9 16 16 0 5 8 4 6 5 13 3 6 0 3 21 14 20 0 5 1 1 5 1 2 199377 42 13 6 2 26 11 1 8 1 4 21 1 7 3 2 56 14 6 2 0 26 4 4
206 TTC 5 6 5 8 4 5 11 1 8 12 12 8 6 4 24 6 21 13 2 16 0 2 3 5 1 37 20 5 18 37 12 0 8 19 7 2 18 23 0 1 33 20 13 1 22 2 27 8 9 2 15 26 13 4 14 10 12 2 5 21 5 199301 30 10
207 ATT 11 9 15 13 12 26 25 10 5 13 4 10 7 6 8 199154 3 16 16 29 11 0 15 6 5 24 18 21 8 14 23 0 4 20 5 22 23 1 23 11 3 11 24 7 4 0 15 13 52 21 65 2 8 24 0 4 9 38 3 22 13 4 4 8
208 GAT 9 20 3 1 0 23 33 17 0 0 10 29 0 19 4 8 24 6 4 10 4 58 9 18 4 18 36 4 16 9 0 20 44 8 7 199107 26 23 15 14 26 4 39 44 3 1 14 10 1 3 8 12 3 17 5 6 38 0 27 10 6 2 44 17
209 TGC 0 34 8 1 2 9 31 19 8 23 20 17 0 42 26 16 6 7 8 2 9 8 48 21 8 15 0 27 6 19 7 8 5 14 18 2 0 4 2 27 4 4 0 24 5 3 0 1 17 1 3 22 5 6 17 7 2 199297 9 7 5 6 11 17
210 GGA 41 3 2 0 2 17 7 9 4 1 1 29 7 51 8 6 6 17 4 17 15 3 2 6 7 8 3 26 2 1 1 6 40 42 4 6 11 15 2 26 199212 12 8 24 12 28 26 16 29 38 5 3 16 11 2 6 2 3 10 1 4 0 2 72
211 CGG 18 19 0 1 1 12 54 7 5 6 4 0 9 2 6 8 19 3 5 19 27 29 1 7 6 18 199290 15 18 6 21 9 3 3 9 3 11 15 13 10 9 2 13 15 27 10 12 18 3 4 4 10 17 14 4 23 0 20 9 16 1 11 13 33
212 TTG 10 6 6 12 28 58 6 31 16 6 12 4 4 0 1 52 3 10 26 4 26 10 1 8 22 0 7 17 25 2 7 5 8 14 7 14 22 16 15 1 7 5 11 41 4 10 5 23 4 29 17 0 47 19 5 18 11 10 11 0 8 1 199190 2
213 GGT 2 2 1 21 1 2 1 33 2 8 36 13 7 3 3 12 1 6 29 16 41 10 28 14 21 6 0 26 1 8 21 24 3 15 3 8 6 14 17 14 12 4 1 199272 6 5 0 15 0 10 5 11 12 23 14 12 9 11 17 46 0 28 0 8
214 GTC 9 5 11 1 0 18 3 6 3 6 17 15 4 17 59 4 13 3 4 27 0 22 4 8 6 64 7 2 10 3 20 16 9 3 9 4 5 3 36 36 10 1 34 1 6 199252 6 6 26 6 4 6 29 23 5 14 7 15 2 28 8 14 0 5
215 GCT 6 36 1 45 0 0 41 23 29 0 5 2 20 15 0 5 5 5 11 6 7 11 27 14 18 2 12 9 3 21 15 47 5 2 3 1 16 3 0 199274 9 19 23 16 7 16 2 5 7 10 13 3 26 8 1 3 14 23 20 2 3 4 12 9
216 GAT 7 8 16 17 13 6 9 33 3 7 37 10 0 8 4 7 3 5 11 12 14 7 13 3 2 4 3 5 10 6 24 7 1 11 0 199356 4 6 0 26 14 13 11 3 6 8 12 12 11 29 2 14 17 10 49 4 0 1 3 2 0 1 58 2
217 CGA 5 2 22 0 25 12 16 3 1 13 7 21 5 1 17 32 31 1 4 32 2 16 13 0 199087 13 6 6 5 16 5 20 24 68 41 16 56 15 4 32 7 13 3 10 19 12 37 1 2 9 34 1 20 4 0 17 16 8 1 6 20 31 11 23
218 TAT 18 26 1 12 12 14 67 0 19 9 17 24 9 21 33 33 36 0 5 7 63 18 25 0 7 4 30 4 22 13 14 9 15 7 20 5 6 39 1 2 3 0 50 19 5 5 11 10 6 16 4 199046 12 1 10 14 11 5 3 6 13 1 78 4
219 CAA 16 8 7 3 31 6 1 1 4 16 1 9 38 31 17 13 199229 49 62 1 5 52 5 0 16 9 19 1 24 2 7 6 14 6 7 2 8 20 3 0 21 9 2 3 7 0 13 12 13 9 25 8 12 1 20 8 0 11 16 4 2 18 35 2
220 GAT 23 0 24 8 3 0 5 14 7 7 0 59 9 23 8 20 8 16 20 5 12 17 3 2 6 21 24 16 0 6 0 30 7 17 1 199187 8 25 0 27 21 10 12 21 0 6 1 33 13 0 8 6 5 24 8 2 12 63 1 9 8 43 21 5
221 ATA 5 10 3 20 0 19 16 21 10 3 0 12 199176 13 6 7 17 24 8 14 12 14 8 6 34 2 20 8 36 35 6 24 16 3 29 6 15 8 8 3 24 6 9 62 0 23 12 2 33 4 7 10 2 6 53 4 4 16 7 15 6 6 2 10
222 GCA 0 7 1 9 30 17 3 9 6 2 12 12 7 61 0 10 7 25 1 3 1 5 4 5 1 4 24 31 6 1 4 14 0 15 0 10 199400 5 20 7 19 6 5 4 18 2 4 33 4 29 0 3 1 12 0 0 5 14 8 31 9 0 11 3
223 TTG 10 8 2 7 19 0 4 7 17 9 15 13 5 11 1 22 20 30 10 3 5 3 6 3 0 22 1 4 27 7 2 22 1 6 10 17 16 20 5 0 4 6 13 0 6 30 11 41 9 14 1 3 10 8 1 2 15 9 6 10 22 4 199382 3
224 GCA 16 8 17 42 10 7 13 9 0 13 3 27 3 5 20 33 0 7 6 0 7 12 21 9 3 7 16 9 18 19 54 21 49 18 13 10 199160 3 6 6 10 0 10 11 10 24 24 2 0 8 5 3 7 12 14 9 14 12 17 17 38 14 15 24
225 ACT 17 10 0 0 1 5 0 199335 14 6 13 3 6 1 11 1 7 19 10 10 17 1 0 21 2 1 16 13 26 3 0 8 7 4 6 22 27 7 3 3 0 13 16 7 45 1 34 7 24 19 19 18 13 9 3 2 5 5 17 4 1 16 13 53
226 CGC 6 9 9 18 21 15 5 2 52 11 16 1 7 17 4 5 12 4 48 23 13 1 18 6 23 199231 4 9 15 2 22 24 3 7 25 11 0 4 19 7 16 2 18 8 22 5 1 11 14 22 3 12 29 18 17 13 1 15 3 2 19 0 15 5
227 GAT 7 1 6 2 11 35 4 11 28 1 10 28 25 1 8 6 28 22 11 34 5 29 4 0 25 43 10 14 10 1 9 15 26 17 8 199163 28 0 21 5 6 0 2 4 36 37 25 31 8 8 9 0 0 9 0 17 22 8 1 4 2 8 39 12
228 ATC 43 25 28 11 17 8 0 10 6 94 39 24 4 199068 12 25 14 11 0 2 6 30 1 1 27 7 1 36 6 8 27 1 11 46 7 6 0 25 22 21 9 6 2 0 12 3 24 5 5 25 30 15 9 27 4 4 16 1 23 1 28 7 13 1
229 GCC 4 3 2 3 9 18 12 16 15 9 34 21 18 6 2 10 0 3 21 15 23 6 31 6 9 6 14 10 7 20 3 16 9 35 20 4 3 199245 3 8 7 20 0 7 13 18 28 3 1 35 30 9 5 2 10 5 22 6 19 6 10 8 21 16
230 GAA 25 6 4 8 12 20 1 31 9 39 8 1 24 7 6 6 0 12 4 6 9 7 17 1 14 2 4 27 16 20 21 8 199254 2 14 18 19 5 6 13 2 28 24 5 5 20 1 8 17 4 15 1 12 2 58 1 3 7 36 17 2 2 22 2
231 GAG 5 7 19 20 5 0 6 7 25 7 17 5 25 13 4 15 1 14 26 28 2 8 12 2 24 30 7 6 1 9 1 9 0 0 199306 5 13 0 29 12 19 1 5 12 5 23 17 2 11 14 2 33 33 17 6 0 2 25 3 5 3 9 24 4
232 CTT 34 0 3 1 12 16 6 3 17 19 14 8 22 19 2 11 2 0 11 3 1 12 10 22 8 3 9 62 2 28 12 199191 29 16 3 22 22 27 17 6 6 4 54 24 14 6 10 2 3 32 1 8 5 2 30 45 0 11 10 5 0 9 8 6
233 GGT 9 4 12 8 5 4 28 36 17 3 0 5 24 32 12 14 0 4 10 1 5 3 20 4 7 11 0 1 4 5 3 1 6 14 1 4 29 41 17 15 5 15 4 199164 11 4 22 9 47 88 43 3 15 39 20 2 3 8 6 23 9 12 1 28
234 GGT 15 22 6 17 0 36 2 5 5 8 5 5 19 7 23 11 7 4 11 15 13 25 14 14 1 1 12 13 2 0 4 8 1 6 35 7 23 9 36 23 11 50 0 199206 12 14 1 28 7 12 2 8 0 6 11 32 3 10 13 19 4 29 47 5
235 GAA 33 12 22 39 13 12 26 11 10 19 26 16 24 1 15 3 14 7 2 16 40 8 15 4 7 34 6 0 3 2 37 51 199132 6 19 9 4 1 26 16 23 14 3 17 17 12 1 6 18 5 15 2 1 12 4 29 8 12 1 11 8 10 10 20
236 TGG 12 5 11 21 11 3 5 0 12 2 32 8 2 5 13 13 33 24 10 14 12 21 12 0 4 21 23 0 22 1 15 20 1 1 16 35 9 3 4 7 31 12 1 2 7 40 29 5 6 9 15 11 5 16 11 47 2 10 199247 2 14 2 4 9
237 GCA 7 5 5 28 16 3 8 16 1 7 1 67 24 4 8 0 24 3 7 30 1 9 1 4 28 44 8 45 1 15 9 7 3 15 11 8 199185 37 8 4 15 25 0 11 15 1 13 8 1 3 29 33 17 29 9 26 0 14 9 15 2 12 4 2
238 GAC 4 68 13 20 7 7 5 12 6 21 6 54 29 62 10 5 3 36 4 0 4 16 17 39 6 6 17 12 7 10 5 4 25 199108 7 7 10 12 3 13 13 6 7 3 5 22 18 15 20 18 13 0 16 5 9 13 22 4 2 50 9 2 6 22
239 AGA 8 4 14 8 14 4 1 15 199392 3 2 4 13 10 2 8 15 7 5 4 34 31 1 2 29 0 36 5 6 2 14 14 3 3 12 3 34 16 0 38 1 12 2 1 7 5 6 11 1 1 17 8 3 19 11 2 7 13 11 7 4 12 22 1
240 TTT 37 8 63 26 10 12 2 43 5 18 7 6 7 4 31 10 0 0 3 6 23 27 37 6 0 4 0 8 0 12 16 2 0 2 23 63 17 1 0 19 22 3 2 13 23 14 6 15 19 12 14 27 17 2 10 8 33 0 6 18 11 42 2 199123
241 TTA 10 1 12 52 7 24 6 3 4 22 29 23 8 19 5 29 3 12 16 8 3 35 13 8 38 4 22 27 3 11 14 12 1 2 6 2 5 6 3 8 9 15 1 9 22 9 31 5 13 36 0 13 57 1 11 2 17 10 3 26 199154 9 22 9
242 GTT 3 7 28 12 10 1 10 13 15 2 3 0 3 9 16 19 1 27 5 8 16 38 10 30 37 12 2 11 2 3 3 8 9 0 9 0 5 1 20 5 2 2 24 2 5 35 4 199327 0 4 5 9 5 32 25 20 1 3 20 13 11 21 15 2
243 CTG 21 7 3 16 15 6 3 2 0 6 1 13 8 1 6 1 8 5 38 4 12 19 7 0 6 7 13 19 3 20 199287 21 5 6 4 30 21 19 4 23 1 12 13 11 28 15 20 9 4 1 16 5 4 15 7 17 2 13 21 24 6 27 20 19
244 TAT 41 10 10 29 4 17 7 9 4 0 1 3 1 17 32 30 8 1 11 10 45 4 11 0 28 3 31 1 4 59 6 2 6 10 50 5 33 21 14 10 25 18 8 1 17 4 26 5 4 5 17 199155 13 1 5 6 0 7 34 15 0 32 9 5
245 GGT 8 11 0 4 0 3 27 14 48 3 2 0 13 12 11 16 27 2 15 0 4 4 23 9 0 5 13 15 4 5 10 5 6 2 12 17 3 21 41 69 64 10 26 199218 19 16 4 16 6 2 17 1 0 2 11 43 3 11 18 15 2 5 1 6
246 ATC 4 5 19 3 16 3 6 14 57 6 6 41 20 199136 4 6 0 1 10 22 10 3 28 3 26 4 13 10 5 2 9 14 19 23 4 14 27 6 11 7 1 24 22 15 33 6 0 9 14 5 18 41 27 20 20 5 20 25 2 15 10 27 0 24
247 GCG 1 4 40 18 17 8 24 11 13 9 28 73 5 2 29 11 6 6 10 24 48 5 0 21 15 13 2 7 9 1 3 22 6 39 2 1 1 3 199045 16 7 2 24 11 15 42 7 5 14 5 7 28 57 5 6 24 10 9 4 9 45 15 12 39
248 GCA 9 8 14 1 24 0 6 22 19 5 3 18 12 6 13 8 8 5 2 2 11 38 14 2 13 21 30 18 18 5 2 11 3 9 9 31 199246 10 6 5 11 16 17 20 19 28 14 6 1 18 47 1 10 18 2 4 6 6 9 1 18 31 9 1
249 CCA 0 10 5 3 3 0 22 12 27 13 4 14 16 1 24 12 21 35 7 12 199199 16 1 14 9 1 43 19 20 13 9 9 3 6 11 8 2 4 33 19 17 1 47 7 10 2 8 3 13 17 3 8 6 4 18 11 58 6 1 25 34 7 2 12
250 GAC 7 17 7 3 16 11 22 4 18 21 20 5 17 4 2 0 20 13 50 9 14 4 9 3 5 21 3 10 2 38 26 10 15 199139 7 6 20 34 4 7 6 15 16 5 3 3 32 41 1 12 1 21 15 27 5 6 2 9 4 14 33 17 13 56
251 TCT 6 2 7 3 10 6 18 38 7 15 8 4 2 0 12 13 22 7 3 1 5 2 21 1 8 26 43 12 7 2 38 31 10 25 7 8 5 6 19 11 8 5 19 18 19 3 5 4 9 21 4 3 3 26 5 199283 5 30 23 9 15 4 2 6
252 CAG 14 12 8 10 12 11 0 6 6 1 10 10 3 23 3 6 0 11 199395 30 5 5 5 2 2 9 17 4 0 4 6 8 5 22 0 14 15 1 5 2 0 7 1 0 22 10 11 3 2 5 16 35 16 1 22 9 6 9 0 6 17 45 38 17
253 CGT 6 4 2 3 8 4 4 6 6 21 2 23 28 8 33 33 45 3 0 14 4 7 12 19 12 0 1 199260 2 21 1 13 0 39 9 21 3 19 29 9 12 19 39 6 0 22 45 2 5 7 12 7 9 4 1 11 7 9 13 5 3 8 17 3
254 ATC 28 24 19 6 9 4 4 33 6 41 14 2 2 199253 1 2 13 11 12 14 7 23 7 7 6 3 48 2 1 9 7 3 15 7 11 0 26 16 3 11 1 12 20 0 0 5 25 18 48 1 10 4 6 29 4 18 2 0 11 1 19 24 23 9
255 GCC 4 20 18 8 2 17 0 30 21 9 5 19 18 0 5 8 1 1 7 9 4 0 28 14 4 9 6 17 24 3 5 4 20 16 2 14 1 199295 5 22 17 12 0 6 6 0 15 7 22 1 34 11 3 19 1 20 9 37 8 30 9 24 11 3
256 TTT 18 3 2 45 7 20 5 1 8 9 18 1 7 40 52 15 45 31 14 17 31 5 45 7 35 7 38 12 28 5 8 25 2 7 34 2 7 0 14 3 6 2 17 4 3 1 7 3 11 21 32 16 13 13 10 8 13 12 15 1 8 1 1 199109
257 TAT 7 7 6 5 1 3 3 11 6 3 0 1 4 18 36 12 0 33 29 27 38 19 3 31 8 16 13 1 13 17 2 14 1 19 12 21 30 1 10 20 8 1 15 5 20 19 8 18 9 5 34 199176 11 13 11 10 50 5 4 8 22 3 8 36
258 AGA 5 17 61 3 8 2 5 5 199202 10 3 3 7 3 25 4 7 23 46 21 9 5 7 28 19 5 5 2 23 21 0 7 41 4 14 4 18 16 6 22 23 0 13 9 3 3 6 2 1 8 5 10 27 36 2 4 17 6 11 26 37 3 4 28
259 TTA 0 4 11 42 32 9 2 3 31 32 5 16 4 31 25 1 1 13 22 18 1 9 18 1 9 9 19 13 9 1 9 15 3 2 18 22 3 20 5 20 4 8 17 3 2 17 20 18 3 35 18 13 3 6 12 8 25 28 6 8 199194 26 18 0
260 CTA 6 4 29 30 2 19 4 3 2 5 11 30 10 8 6 8 15 4 36 3 12 3 3 6 11 22 2 11 199323 46 5 1 0 28 6 7 3 14 1 16 3 24 2 0 0 26 0 8 22 0 5 14 7 0 15 10 9 9 50 7 0 3 14 17
261 GAC 12 2 17 10 3 18 3 29 27 32 6 10 14 22 7 4 38 9 7 21 8 10 7 19 25 3 17 6 14 1 5 2 8 199332 7 0 11 5 12 5 6 11 5 4 6 7 27 7 2 27 8 1 8 7 35 9 6 3 10 5 2 6 0 10
262 GAG 29 32 12 21 28 3 1 4 24 6 9 15 18 5 17 3 25 2 18 33 8 21 9 2 2 50 11 1 0 9 18 18 7 10 199090 10 0 21 2 8 8 1 36 0 19 9 27 16 15 12 14 27 44 35 4 14 29 28 0 6 19 10 20 5
263 TTC 2 2 16 28 20 12 32 3 7 30 0 10 2 49 0 13 17 0 51 9 7 9 10 3 3 14 1 4 3 1 22 11 2 6 19 4 6 16 22 11 3 26 2 18 15 13 3 4 12 20 5 6 11 13 9 16 10 16 15 20 36 199225 5 20
264 TTC 33 16 29 19 5 1 0 1 0 1 1 9 2 6 3 9 33 35 0 26 8 5 6 1 2 16 4 7 14 0 2 3 20 1 17 27 0 11 0 4 7 11 19 16 9 13 26 20 4 10 13 23 19 5 11 7 8 18 0 42 7 199322 10 3
