# POSITION WT AAA AAC AAG AAT ACA ACC ACG ACT AGA AGC AGG AGT ATA ATC ATG ATT CAA CAC CAG CAT CCA CCC CCG CCT CGA CGC CGG CGT CTA CTC CTG CTT GAA GAC GAG GAT GCA GCC GCG GCT GGA GGC GGG GGT GTA GTC GTG GTT TAA TAC TAG TAT TCA TCC TCG TCT TGA TGC TGG TGT TTA TTC TTG TTT
1 ATG 0 0 7 0 0 0 28 0 0 0 3 0 1 8 499902 2 0 0 0 0 0 0 0 0 0 0 0 0 0 0 23 0 0 0 0 0 0 0 0 0 0 0 0 0 0 0 3 0 0 0 0 0 0 0 0 0 0 0 0 0 0 0 23 0
2 ATT 0 0 0 5 0 0 0 22 0 0 0 31 1 2 33 499898 0 0 0 0 0 0 0 0 0 0 0 0 0 0 0 2 0 0 0 0 0 0 0 0 0 0 0 0 0 0 0 4 0 0 0 0 0 0 0 0 0 0 0 0 0 0 0 2
3 GAG 0 0 1 0 0 0 0 0 0 0 0 0 0 0 0 0 0 0 0 0 0 0 0 0 0 0 0 0 0 0 0 0 0 3 499979 6 0 0 0 0 0 0 3 0 0 0 0 0 0 0 8 0 0 0 0 0 0 0 0 0 0 0 0 0
4 CAA 11 0 0 0 0 0 0 0 0 0 0 0 0 0 0 0 499868 2 18 41 14 0 0 0 19 0 0 0 10 0 0 0 17 0 0 0 0 0 0 0 0 0 0 0 0 0 0 0 0 0 0 0 0 0 0 0 0 0 0 0 0 0 0 0
5 GAC 0 3 0 0 0 0 0 0 0 0 0 0 0 0 0 0 0 0 0 0 0 0 0 0 0 0 0 0 0 0 0 0 35 499870 3 0 0 48 0 0 0 14 0 0 0 0 0 0 0 27 0 0 0 0 0 0 0 0 0 0 0 0 0 0
6 GGC 0 0 0 0 0 0 0 0 0 1 0 0 0 0 0 0 0 0 0 0 0 0 0 0 0 8 0 0 0 0 0 0 0 6 0 0 0 0 0 0 9 499941 2 0 0 4 0 0 0 0 0 0 0 0 0 0 0 29 0 0 0 0 0 0
7 CTT 0 0 0 0 0 0 0 0 0 0 0 0 0 0 0 4 0 0 0 17 0 0 0 3 0 0 0 0 2 0 0 499958 0 0 0 0 0 0 0 0 0 0 0 0 0 0 0 15 0 0 0 0 0 0 0 0 0 0 0 0 0 0 0 1
8 CAT 0 0 0 40 0 0 0 0 0 0 0 0 0 0 0 0 10 0 7 499916 0 0 0 7 0 0 0 0 0 0 0 16 0 0 0 4 0 0 0 0 0 0 0 0 0 0 0 0 0 0 0 0 0 0 0 0 0 0 0 0 0 0 0 0
9 GCA 0 0 0 0 9 0 0 0 0 0 0 0 0 0 0 0 0 0 0 0 2 0 0 0 0 0 0 0 0 0 0 0 7 0 0 0 499894 56 6 1 5 0 0 0 1 0 0 0 0 0 0 0 19 0 0 0 0 0 0 0 0 0 0 0
10 GGA 0 0 0 0 0 0 0 0 4 0 0 0 0 0 0 0 0 0 0 0 0 0 0 0 2 0 0 0 0 0 0 0 0 0 0 0 9 0 0 0 499939 15 21 4 4 0 0 0 0 0 0 0 0 0 0 0 2 0 0 0 0 0 0 0
11 TCT 0 0 0 0 0 0 0 14 0 0 0 0 0 0 0 0 0 0 0 0 0 0 0 0 0 0 0 0 0 0 0 0 0 0 0 0 0 0 0 2 0 0 0 0 0 0 0 0 0 0 0 22 2 4 0 499948 0 0 0 0 0 0 0 8
12 CCC 0 0 0 0 0 22 0 0 0 0 0 0 0 0 0 0 0 4 0 0 27 499908 2 7 0 0 0 0 0 0 0 0 0 0 0 0 0 30 0 0 0 0 0 0 0 0 0 0 0 0 0 0 0 0 0 0 0 0 0 0 0 0 0 0
13 GCT 0 0 0 0 0 0 0 38 0 0 0 0 0 0 0 0 0 0 0 0 0 0 0 90 0 0 0 0 0 0 0 0 0 0 0 3 0 4 1 499810 0 0 0 0 0 0 0 37 0 0 0 0 0 0 0 17 0 0 0 0 0 0 0 0
14 GCA 0 0 0 0 0 0 0 0 0 0 0 0 0 0 0 0 0 0 0 0 0 0 0 0 0 0 0 0 0 0 0 0 30 0 0 0 499803 0 14 134 0 0 0 0 11 0 0 0 0 0 0 0 8 0 0 0 0 0 0 0 0 0 0 0
15 TGG 0 0 0 0 0 0 0 0 0 0 23 0 0 0 0 0 0 0 0 0 0 0 0 0 0 0 10 0 0 0 0 0 0 0 0 0 0 0 0 0 0 0 7 0 0 0 0 0 0 0 5 0 0 0 6 0 30 0 499904 14 0 0 1 0
16 GTG 0 0 0 0 0 0 0 0 0 0 0 0 0 0 3 0 0 0 0 0 0 0 0 0 0 0 0 0 0 0 0 0 0 0 0 0 0 0 0 0 0 0 6 0 3 5 499951 21 0 0 0 0 0 0 0 0 0 0 0 0 0 0 11 0
17 GAA 47 0 0 0 0 0 0 0 0 0 0 0 0 0 0 0 4 0 0 0 0 0 0 0 0 0 0 0 0 0 0 0 499899 1 3 33 9 0 0 0 4 0 0 0 0 0 0 0 0 0 0 0 0 0 0 0 0 0 0 0 0 0 0 0
18 CGT 0 0 0 0 0 0 0 0 0 0 0 11 0 0 0 0 0 0 0 27 0 0 0 0 10 41 1 499893 0 0 0 7 0 0 0 0 0 0 0 0 0 0 0 9 0 0 0 0 0 0 0 0 0 0 0 0 0 0 0 1 0 0 0 0
19 TTG 0 0 0 0 0 0 0 0 0 0 0 0 0 0 0 0 0 0 0 0 0 0 0 0 0 0 0 0 0 0 2 0 0 0 0 0 0 0 0 0 0 0 0 0 0 0 6 0 0 0 1 0 0 0 14 0 0 0 19 0 2 78 499877 1
20 TTC 0 0 0 0 0 0 0 0 0 0 0 0 0 5 0 0 0 0 0 0 0 0 0 0 0 0 0 0 0 46 0 0 0 0 0 0 0 0 0 0 0 0 0 0 0 24 0 0 0 8 0 0 0 1 0 0 0 12 0 0 11 499876 9 8
21 GGA 0 0 0 0 0 0 0 0 33 0 0 0 0 0 0 0 0 0 0 0 0 0 0 0 5 0 0 0 0 0 0 0 4 0 0 0 3 0 0 0 499903 8 6 7 20 0 0 0 0 0 0 0 0 0 0 0 11 0 0 0 0 0 0 0
22 TAT 0 0 0 10 0 0 0 0 0 0 0 0 0 0 0 0 0 0 0 1 0 0 0 0 0 0 0 0 0 0 0 0 0 0 0 6 0 0 0 0 0 0 0 0 0 0 0 0 10 2 2 499961 0 0 0 6 0 0 0 1 0 0 0 1
23 GAT 0 0 0 89 0 0 0 0 0 0 0 0 0 0 0 0 0 0 0 35 0 0 0 0 0 0 0 0 0 0 0 0 29 0 6 499789 0 0 0 17 0 0 0 23 0 0 0 0 0 0 0 12 0 0 0 0 0 0 0 0 0 0 0 0
24 TGG 0 0 0 0 0 0 0 0 0 0 0 0 0 0 0 0 0 0 0 0 0 0 0 0 0 0 36 0 0 0 0 0 0 0 0 0 0 0 0 0 0 0 7 0 0 0 0 0 0 0 0 0 0 0 4 0 0 31 499905 15 0 0 2 0
25 GCA 0 0 0 0 2 0 0 0 0 0 0 0 0 0 0 0 0 0 0 0 6 0 0 0 0 0 0 0 0 0 0 0 5 0 0 0 499893 6 3 16 0 0 0 0 36 0 0 0 0 0 0 0 33 0 0 0 0 0 0 0 0 0 0 0
26 CAA 25 0 0 0 0 0 0 0 0 0 0 0 0 0 0 0 499819 10 21 0 54 0 0 0 59 0 0 0 5 0 0 0 1 0 0 0 0 0 0 0 0 0 0 0 0 0 0 0 6 0 0 0 0 0 0 0 0 0 0 0 0 0 0 0
27 CAA 4 0 0 0 0 0 0 0 0 0 0 0 0 0 0 0 499953 2 0 6 5 0 0 0 1 0 0 0 1 0 0 0 6 0 0 0 0 0 0 0 0 0 0 0 0 0 0 0 22 0 0 0 0 0 0 0 0 0 0 0 0 0 0 0
28 ACA 3 0 0 0 499932 3 1 2 13 0 0 0 32 0 0 0 0 0 0 0 1 0 0 0 0 0 0 0 0 0 0 0 0 0 0 0 5 0 0 0 0 0 0 0 0 0 0 0 0 0 0 0 8 0 0 0 0 0 0 0 0 0 0 0
29 ATC 0 36 0 0 0 7 0 0 0 43 0 0 11 499894 0 1 0 0 0 0 0 0 0 0 0 0 0 0 0 0 0 0 0 0 0 0 0 0 0 0 0 0 0 0 0 0 0 0 0 0 0 0 0 0 0 0 0 0 0 0 0 8 0 0
30 GGC 0 0 0 0 0 0 0 0 0 11 0 0 0 0 0 0 0 0 0 0 0 0 0 0 0 4 0 0 0 0 0 0 0 22 0 0 0 5 0 0 106 499842 0 2 0 0 0 0 0 0 0 0 0 0 0 0 0 8 0 0 0 0 0 0
31 TGC 0 0 0 0 0 0 0 0 0 16 0 0 0 0 0 0 0 0 0 0 0 0 0 0 0 100 0 0 0 0 0 0 0 0 0 0 0 0 0 0 0 6 0 0 0 0 0 0 0 0 0 0 0 5 0 0 28 499835 10 0 0 0 0 0
32 AGT 0 0 0 3 0 0 0 10 37 95 8 499826 0 0 0 1 0 0 0 0 0 0 0 0 0 0 0 3 0 0 0 0 0 0 0 0 0 0 0 0 0 0 0 17 0 0 0 0 0 0 0 0 0 0 0 0 0 0 0 0 0 0 0 0
33 GAC 0 39 0 0 0 0 0 0 0 0 0 0 0 0 0 0 0 13 0 0 0 0 0 0 0 0 0 0 0 0 0 0 0 499884 32 0 0 3 0 0 0 10 0 0 0 0 0 0 0 19 0 0 0 0 0 0 0 0 0 0 0 0 0 0
34 GCC 0 0 0 0 0 1 0 0 0 0 0 0 0 0 0 0 0 0 0 0 0 5 0 0 0 0 0 0 0 0 0 0 0 1 0 0 22 499957 5 0 0 7 0 0 0 2 0 0 0 0 0 0 0 0 0 0 0 0 0 0 0 0 0 0
35 GCC 0 0 0 0 0 0 0 0 0 0 0 0 0 0 0 0 0 0 0 0 0 7 0 0 0 0 0 0 0 0 0 0 0 21 0 0 10 499815 12 68 0 0 0 0 0 64 0 0 0 0 0 0 0 3 0 0 0 0 0 0 0 0 0 0
36 GTA 0 0 0 0 0 0 0 0 0 0 0 0 0 0 0 0 0 0 0 0 0 0 0 0 0 0 0 0 66 0 0 0 62 0 0 0 0 0 0 0 0 0 0 0 499825 12 7 0 0 0 0 0 0 0 0 0 0 0 0 0 28 0 0 0
37 TTT 0 0 0 0 0 0 0 0 0 0 0 0 0 0 0 6 0 0 0 0 0 0 0 0 0 0 0 0 0 0 0 8 0 0 0 0 0 0 0 0 0 0 0 0 0 0 0 0 0 0 0 33 0 0 0 26 0 0 0 0 0 27 7 499893
38 CGC 0 0 0 0 0 0 0 0 0 50 0 0 0 0 0 0 0 1 0 0 0 1 0 0 1 499855 6 21 0 45 0 0 0 0 0 0 0 0 0 0 0 20 0 0 0 0 0 0 0 0 0 0 0 0 0 0 0 0 0 0 0 0 0 0
39 CTT 0 0 0 0 0 0 0 0 0 0 0 0 0 0 0 0 0 0 0 7 0 0 0 3 0 0 0 12 10 0 21 499939 0 0 0 0 0 0 0 0 0 0 0 0 0 0 0 1 0 0 0 0 0 0 0 0 0 0 0 0 0 0 0 7
40 AGT 0 0 0 8 0 0 0 3 3 12 5 499878 0 0 0 2 0 0 0 0 0 0 0 0 0 0 0 47 0 0 0 0 0 0 0 0 0 0 0 0 0 0 0 37 0 0 0 0 0 0 0 0 0 0 0 0 0 0 0 5 0 0 0 0
41 GCT 0 0 0 0 0 0 0 2 0 0 0 0 0 0 0 0 0 0 0 0 0 0 0 5 0 0 0 0 0 0 0 0 0 0 0 7 15 8 15 499927 0 0 0 0 0 0 0 3 0 0 0 0 0 0 0 18 0 0 0 0 0 0 0 0
42 CAG 0 0 0 0 0 0 0 0 0 0 0 0 0 0 0 0 0 13 499909 0 0 0 3 0 0 0 6 0 0 0 17 0 0 0 12 0 0 0 0 0 0 0 0 0 0 0 0 0 0 0 40 0 0 0 0 0 0 0 0 0 0 0 0 0
43 GGA 0 0 0 0 0 0 0 0 8 0 0 0 0 0 0 0 0 0 0 0 0 0 0 0 1 0 0 0 0 0 0 0 3 0 0 0 23 0 0 0 499939 3 11 0 12 0 0 0 0 0 0 0 0 0 0 0 0 0 0 0 0 0 0 0
44 AGG 0 0 4 0 0 0 71 0 18 37 499823 0 0 0 3 0 0 0 0 0 0 0 0 0 0 0 18 0 0 0 0 0 0 0 0 0 0 0 0 0 0 0 18 0 0 0 0 0 0 0 0 0 0 0 0 0 0 0 8 0 0 0 0 0
45 CCG 0 0 0 0 0 0 44 0 0 0 0 0 0 0 0 0 0 0 34 0 77 8 499702 2 0 0 1 0 0 0 1 0 0 0 0 0 0 0 131 0 0 0 0 0 0 0 0 0 0 0 0 0 0 0 0 0 0 0 0 0 0 0 0 0
46 GTG 0 0 0 0 0 0 0 0 0 0 0 0 0 0 0 0 0 0 0 0 0 0 0 0 0 0 0 0 0 0 7 0 0 0 46 0 0 0 12 0 0 0 36 0 12 67 499761 32 0 0 0 0 0 0 0 0 0 0 0 0 0 0 27 0
47 TTG 0 0 0 0 0 0 0 0 0 0 0 0 0 0 5 0 0 0 0 0 0 0 0 0 0 0 0 0 0 0 6 0 0 0 0 0 0 0 0 0 0 0 0 0 0 0 24 0 0 0 0 0 0 0 4 0 0 0 40 0 28 0 499884 9
48 TTC 0 0 0 0 0 0 0 0 0 0 0 0 0 15 0 0 0 0 0 0 0 0 0 0 0 0 0 0 0 18 0 0 0 0 0 0 0 0 0 0 0 0 0 0 0 72 0 0 0 2 0 0 0 58 0 0 0 1 0 0 12 499800 2 20
49 GTT 0 0 0 0 0 0 0 0 0 0 0 0 0 0 0 91 0 0 0 0 0 0 0 0 0 0 0 0 0 0 0 4 0 0 0 22 0 0 0 8 0 0 0 2 0 22 9 499839 0 0 0 0 0 0 0 0 0 0 0 0 0 0 0 3
50 AAG 12 1 499884 1 0 0 2 0 0 0 18 0 0 0 3 0 0 0 0 0 0 0 0 0 0 0 0 0 0 0 0 0 0 0 42 0 0 0 0 0 0 0 0 0 0 0 0 0 0 0 37 0 0 0 0 0 0 0 0 0 0 0 0 0
51 ACC 0 2 0 0 26 499914 5 7 0 4 0 0 0 22 0 0 0 0 0 0 0 1 0 0 0 0 0 0 0 0 0 0 0 0 0 0 0 3 0 0 0 0 0 0 0 0 0 0 0 0 0 0 0 16 0 0 0 0 0 0 0 0 0 0
52 GAT 0 0 0 0 0 0 0 0 0 0 0 0 0 0 0 0 0 0 0 0 0 0 0 0 0 0 0 0 0 0 0 0 0 7 22 499911 0 0 0 14 0 0 0 5 0 0 0 29 0 0 0 12 0 0 0 0 0 0 0 0 0 0 0 0
53 TTG 0 0 0 0 0 0 0 0 0 0 0 0 0 0 2 0 0 0 0 0 0 0 0 0 0 0 0 0 0 0 34 0 0 0 0 0 0 0 0 0 0 0 0 0 0 0 2 0 0 0 5 0 0 0 3 0 0 0 0 0 27 9 499914 4
54 TCT 0 0 0 0 0 0 0 11 0 0 0 0 0 0 0 0 0 0 0 0 0 0 0 0 0 0 0 0 0 0 0 0 0 0 0 0 0 0 0 0 0 0 0 0 0 0 0 0 0 0 0 0 0 1 3 499956 0 0 0 15 0 0 0 14
55 GGG 0 0 0 0 0 0 0 0 0 0 63 0 0 0 0 0 0 0 0 0 0 0 0 0 0 0 8 0 0 0 0 0 0 0 1 0 0 0 39 0 15 7 499779 33 0 0 53 0 0 0 0 0 0 0 0 0 0 0 2 0 0 0 0 0
56 GCG 0 0 0 0 0 0 0 0 0 0 0 0 0 0 0 0 0 0 0 0 0 0 2 0 0 0 0 0 0 0 0 0 0 0 5 0 30 0 499858 13 0 0 14 0 0 0 39 0 0 0 0 0 0 0 39 0 0 0 0 0 0 0 0 0
57 CTA 0 0 0 0 0 0 0 0 0 0 0 0 27 0 0 0 1 0 0 0 0 0 0 0 44 0 0 0 499885 11 2 0 0 0 0 0 0 0 0 0 0 0 0 0 30 0 0 0 0 0 0 0 0 0 0 0 0 0 0 0 0 0 0 0
58 AAC 5 499885 7 2 0 0 0 0 0 16 0 0 0 9 0 0 0 27 0 0 0 0 0 0 0 0 0 0 0 0 0 0 0 26 0 0 0 0 0 0 0 0 0 0 0 0 0 0 0 23 0 0 0 0 0 0 0 0 0 0 0 0 0 0
59 GAG 0 0 1 0 0 0 0 0 0 0 0 0 0 0 0 0 0 0 54 0 0 0 0 0 0 0 0 0 0 0 0 0 32 10 499849 6 0 0 9 0 0 0 38 0 0 0 0 0 0 0 1 0 0 0 0 0 0 0 0 0 0 0 0 0
60 CTG 0 0 0 0 0 0 0 0 0 0 0 0 0 0 6 0 0 0 1 0 0 0 7 0 0 0 7 0 82 0 499860 0 0 0 0 0 0 0 0 0 0 0 0 0 0 0 0 0 0 0 0 0 0 0 0 0 0 0 0 0 0 0 37 0
61 CAA 1 0 0 0 0 0 0 0 0 0 0 0 0 0 0 0 499917 23 1 0 0 0 0 0 0 0 0 0 10 0 0 0 0 0 0 0 0 0 0 0 0 0 0 0 0 0 0 0 48 0 0 0 0 0 0 0 0 0 0 0 0 0 0 0
62 GAT 0 0 0 16 0 0 0 0 0 0 0 0 0 0 0 0 0 0 0 13 0 0 0 0 0 0 0 0 0 0 0 0 2 4 28 499918 0 0 0 1 0 0 0 13 0 0 0 2 0 0 0 3 0 0 0 0 0 0 0 0 0 0 0 0
63 GAG 0 0 62 0 0 0 0 0 0 0 0 0 0 0 0 0 0 0 0 0 0 0 0 0 0 0 0 0 0 0 0 0 3 29 499896 1 0 0 1 0 0 0 0 0 0 0 0 0 0 0 8 0 0 0 0 0 0 0 0 0 0 0 0 0
64 GCG 0 0 0 0 0 0 0 0 0 0 0 0 0 0 0 0 0 0 0 0 0 0 10 0 0 0 0 0 0 0 0 0 0 0 9 0 3 6 499903 26 0 0 0 0 0 0 0 0 0 0 0 0 0 0 43 0 0 0 0 0 0 0 0 0
65 GCC 0 0 0 0 0 8 0 0 0 0 0 0 0 0 0 0 0 0 0 0 0 0 0 0 0 0 0 0 0 0 0 0 0 2 0 0 13 499931 4 1 0 3 0 0 0 26 0 0 0 0 0 0 0 12 0 0 0 0 0 0 0 0 0 0
66 CGA 0 0 0 0 0 0 0 0 9 0 0 0 0 0 0 0 0 0 0 0 39 0 0 0 499905 0 10 6 14 0 0 0 0 0 0 0 0 0 0 0 1 0 0 0 0 0 0 0 0 0 0 0 0 0 0 0 16 0 0 0 0 0 0 0
67 CTT 0 0 0 0 0 0 0 0 0 0 0 0 0 0 0 44 0 0 0 24 0 0 0 0 0 0 0 3 0 30 35 499853 0 0 0 0 0 0 0 0 0 0 0 0 0 0 0 10 0 0 0 0 0 0 0 0 0 0 0 0 0 0 0 1
68 TCG 0 0 0 0 0 0 4 0 0 0 0 0 0 0 0 0 0 0 0 0 0 0 25 0 0 0 0 0 0 0 0 0 0 0 0 0 0 0 26 0 0 0 0 0 0 0 0 0 0 0 1 0 1 2 499916 9 0 0 0 0 0 0 16 0
69 TGG 0 0 0 0 0 0 0 0 0 0 27 0 0 0 0 0 0 0 0 0 0 0 0 0 0 0 20 0 0 0 0 0 0 0 0 0 0 0 0 0 0 0 76 0 0 0 0 0 0 0 25 0 0 0 1 0 9 1 499809 1 0 0 31 0
70 CTG 0 0 0 0 0 0 0 0 0 0 0 0 0 0 7 0 0 0 0 0 0 0 65 0 0 0 7 0 15 0 499876 5 0 0 0 0 0 0 0 0 0 0 0 0 0 0 0 0 0 0 0 0 0 0 0 0 0 0 0 0 0 0 25 0
71 GCC 0 0 0 0 0 13 0 0 0 0 0 0 0 0 0 0 0 0 0 0 0 47 0 0 0 0 0 0 0 0 0 0 0 0 0 0 0 499879 0 56 0 5 0 0 0 0 0 0 0 0 0 0 0 0 0 0 0 0 0 0 0 0 0 0
72 ACA 6 0 0 0 499745 100 48 21 2 0 0 0 0 0 0 0 0 0 0 0 53 0 0 0 0 0 0 0 0 0 0 0 0 0 0 0 1 0 0 0 0 0 0 0 0 0 0 0 0 0 0 0 24 0 0 0 0 0 0 0 0 0 0 0
73 ACA 1 0 0 0 499830 43 22 5 20 0 0 0 8 0 0 0 0 0 0 0 14 0 0 0 0 0 0 0 0 0 0 0 0 0 0 0 53 0 0 0 0 0 0 0 0 0 0 0 0 0 0 0 4 0 0 0 0 0 0 0 0 0 0 0
74 GGG 0 0 0 0 0 0 0 0 0 0 42 0 0 0 0 0 0 0 0 0 0 0 0 0 0 0 33 0 0 0 0 0 0 0 12 0 0 0 16 0 72 31 499792 0 0 0 1 0 0 0 0 0 0 0 0 0 0 0 1 0 0 0 0 0
75 GTT 0 0 0 0 0 0 0 0 0 0 0 0 0 0 0 17 0 0 0 0 0 0 0 0 0 0 0 0 0 0 0 100 0 0 0 22 0 0 0 2 0 0 0 3 46 5 11 499748 0 0 0 0 0 0 0 0 0 0 0 0 0 0 0 46
76 CCG 0 0 0 0 0 0 8 0 0 0 0 0 0 0 0 0 0 0 8 0 30 16 499882 5 0 0 1 0 0 0 24 0 0 0 0 0 0 0 0 0 0 0 0 0 0 0 0 0 0 0 0 0 0 0 26 0 0 0 0 0 0 0 0 0
77 TGC 0 0 0 0 0 0 0 0 0 0 0 0 0 0 0 0 0 0 0 0 0 0 0 0 0 25 0 0 0 0 0 0 0 0 0 0 0 0 0 0 0 24 0 0 0 0 0 0 0 30 0 0 0 1 0 0 21 499840 37 13 0 9 0 0
78 GCA 0 0 0 0 6 0 0 0 0 0 0 0 0 0 0 0 0 0 0 0 29 0 0 0 0 0 0 0 0 0 0 0 14 0 0 0 499879 1 48 0 11 0 0 0 9 0 0 0 0 0 0 0 3 0 0 0 0 0 0 0 0 0 0 0
79 GCG 0 0 0 0 0 0 88 0 0 0 0 0 0 0 0 0 0 0 0 0 0 0 40 0 0 0 0 0 0 0 0 0 0 0 13 0 5 1 499751 0 0 0 102 0 0 0 0 0 0 0 0 0 0 0 0 0 0 0 0 0 0 0 0 0
80 GTT 0 0 0 0 0 0 0 0 0 0 0 0 0 0 0 9 0 0 0 0 0 0 0 0 0 0 0 0 0 0 0 24 0 0 0 0 0 0 0 0 0 0 0 26 2 20 3 499884 0 0 0 0 0 0 0 0 0 0 0 0 0 0 0 32
81 TTA 0 0 0 0 0 0 0 0 0 0 0 0 3 0 0 0 0 0 0 0 0 0 0 0 0 0 0 0 0 0 0 0 0 0 0 0 0 0 0 0 0 0 0 0 20 0 0 0 0 0 0 0 1 0 0 0 8 0 0 0 499898 21 24 25
82 GAT 0 0 0 0 0 0 0 0 0 0 0 0 0 0 0 0 0 0 0 4 0 0 0 0 0 0 0 0 0 0 0 0 2 9 15 499887 0 0 0 21 0 0 0 0 0 0 0 7 0 0 0 55 0 0 0 0 0 0 0 0 0 0 0 0
83 GTT 0 0 0 0 0 0 0 0 0 0 0 0 0 0 0 0 0 0 0 0 0 0 0 0 0 0 0 0 0 0 0 10 0 0 0 31 0 0 0 21 0 0 0 0 12 3 57 499852 0 0 0 0 0 0 0 0 0 0 0 0 0 0 0 14
84 GTA 0 0 0 0 0 0 0 0 0 0 0 0 1 0 0 0 0 0 0 0 0 0 0 0 0 0 0 0 6 0 0 0 3 0 0 0 27 0 0 0 2 0 0 0 499937 0 9 9 0 0 0 0 0 0 0 0 0 0 0 0 6 0 0 0
85 ACG 0 0 63 0 2 7 499836 0 0 0 1 0 0 0 3 0 0 0 0 0 0 0 2 0 0 0 0 0 0 0 0 0 0 0 0 0 0 0 57 0 0 0 0 0 0 0 0 0 0 0 0 0 0 0 29 0 0 0 0 0 0 0 0 0
86 GAG 0 0 22 0 0 0 0 0 0 0 0 0 0 0 0 0 0 0 5 0 0 0 0 0 0 0 0 0 0 0 0 0 2 20 499893 1 0 0 35 0 0 0 13 0 0 0 0 0 0 0 9 0 0 0 0 0 0 0 0 0 0 0 0 0
87 GCG 0 0 0 0 0 0 1 0 0 0 0 0 0 0 0 0 0 0 0 0 0 0 22 0 0 0 0 0 0 0 0 0 0 0 2 0 0 145 499738 10 0 0 30 0 0 0 0 0 0 0 0 0 0 0 52 0 0 0 0 0 0 0 0 0
88 GGC 0 0 0 0 0 0 0 0 0 39 0 0 0 0 0 0 0 0 0 0 0 0 0 0 0 0 0 0 0 0 0 0 0 0 0 0 0 55 0 0 10 499830 38 2 0 3 0 0 0 0 0 0 0 0 0 0 0 23 0 0 0 0 0 0
89 AGG 0 0 1 0 0 0 1 0 0 13 499768 55 0 0 5 0 0 0 0 0 0 0 0 0 0 0 17 0 0 0 0 0 0 0 0 0 0 0 0 0 0 0 6 0 0 0 0 0 0 0 0 0 0 0 0 0 0 0 134 0 0 0 0 0
90 GAT 0 0 0 21 0 0 0 0 0 0 0 0 0 0 0 0 0 0 0 1 0 0 0 0 0 0 0 0 0 0 0 0 13 7 22 499903 0 0 0 3 0 0 0 0 0 0 0 23 0 0 0 7 0 0 0 0 0 0 0 0 0 0 0 0
91 TGG 0 0 0 0 0 0 0 0 0 0 1 0 0 0 0 0 0 0 0 0 0 0 0 0 0 0 5 0 0 0 0 0 0 0 0 0 0 0 0 0 0 0 36 0 0 0 0 0 0 0 0 0 0 0 19 0 12 4 499901 8 0 0 14 0
92 CTA 0 0 0 0 0 0 0 0 0 0 0 0 14 0 0 0 0 0 0 0 0 0 0 0 4 0 0 0 499763 1 31 150 0 0 0 0 0 0 0 0 0 0 0 0 26 0 0 0 0 0 0 0 0 0 0 0 0 0 0 0 11 0 0 0
93 TTA 0 0 0 0 0 0 0 0 0 0 0 0 3 0 0 0 0 0 0 0 0 0 0 0 0 0 0 0 42 0 0 0 0 0 0 0 0 0 0 0 0 0 0 0 3 0 0 0 7 0 0 0 10 0 0 0 1 0 0 0 499895 1 34 4
94 TTA 0 0 0 0 0 0 0 0 0 0 0 0 7 0 0 0 0 0 0 0 0 0 0 0 0 0 0 0 2 0 0 0 0 0 0 0 0 0 0 0 0 0 0 0 32 0 0 0 1 0 0 0 18 0 0 0 40 0 0 0 499864 20 7 9
95 GGT 0 0 0 0 0 0 0 0 0 0 0 5 0 0 0 0 0 0 0 0 0 0 0 0 0 0 0 1 0 0 0 0 0 0 0 2 0 0 0 20 31 5 5 499930 0 0 0 0 0 0 0 0 0 0 0 0 0 0 0 1 0 0 0 0
96 GAG 0 0 7 0 0 0 0 0 0 0 0 0 0 0 0 0 0 0 10 0 0 0 0 0 0 0 0 0 0 0 0 0 34 21 499905 1 0 0 13 0 0 0 1 0 0 0 0 0 0 0 8 0 0 0 0 0 0 0 0 0 0 0 0 0
97 GTT 0 0 0 0 0 0 0 0 0 0 0 0 0 0 0 20 0 0 0 0 0 0 0 0 0 0 0 0 0 0 0 11 0 0 0 0 0 0 0 0 0 0 0 7 29 7 33 499893 0 0 0 0 0 0 0 0 0 0 0 0 0 0 0 0
98 CCG 0 0 0 0 0 0 0 0 0 0 0 0 0 0 0 0 0 0 3 0 0 0 499955 1 0 0 29 0 0 0 7 0 0 0 0 0 0 0 5 0 0 0 0 0 0 0 0 0 0 0 0 0 0 0 0 0 0 0 0 0 0 0 0 0
99 GGG 0 0 0 0 0 0 0 0 0 0 61 0 0 0 0 0 0 0 0 0 0 0 0 0 0 0 23 0 0 0 0 0 0 0 0 0 0 0 7 0 14 0 499875 4 0 0 2 0 0 0 0 0 0 0 0 0 0 0 14 0 0 0 0 0
100 CAA 4 0 0 0 0 0 0 0 0 0 0 0 0 0 0 0 499889 16 37 1 23 0 0 0 28 0 0 0 0 0 0 0 2 0 0 0 0 0 0 0 0 0 0 0 0 0 0 0 0 0 0 0 0 0 0 0 0 0 0 0 0 0 0 0
101 GAC 0 0 0 0 0 0 0 0 0 0 0 0 0 0 0 0 0 6 0 0 0 0 0 0 0 0 0 0 0 0 0 0 3 499925 13 30 0 16 0 0 0 2 0 0 0 4 0 0 0 1 0 0 0 0 0 0 0 0 0 0 0 0 0 0
102 TTG 0 0 0 0 0 0 0 0 0 0 0 0 0 0 25 0 0 0 0 0 0 0 0 0 0 0 0 0 0 0 0 0 0 0 0 0 0 0 0 0 0 0 0 0 0 0 1 0 0 0 0 0 0 0 1 0 0 0 3 0 40 0 499922 8
103 CTT 0 0 0 0 0 0 0 0 0 0 0 0 0 0 0 41 0 0 0 9 0 0 0 35 0 0 0 3 14 33 3 499843 0 0 0 0 0 0 0 0 0 0 0 0 0 0 0 4 0 0 0 0 0 0 0 0 0 0 0 0 0 0 0 15
104 AGT 0 0 0 1 0 0 0 0 6 0 2 499964 0 0 0 3 0 0 0 0 0 0 0 0 0 0 0 7 0 0 0 0 0 0 0 0 0 0 0 0 0 0 0 16 0 0 0 0 0 0 0 0 0 0 0 0 0 0 0 1 0 0 0 0
105 TCC 0 0 0 0 0 0 0 0 0 0 0 0 0 0 0 0 0 0 0 0 0 1 0 0 0 0 0 0 0 0 0 0 0 0 0 0 0 49 0 0 0 0 0 0 0 0 0 0 0 22 0 0 75 499835 0 0 0 10 0 0 0 8 0 0
106 CAC 0 0 0 0 0 0 0 0 0 0 0 0 0 0 0 0 98 499628 100 13 0 3 0 0 0 3 0 0 0 21 0 0 0 133 0 0 0 0 0 0 0 0 0 0 0 0 0 0 0 1 0 0 0 0 0 0 0 0 0 0 0 0 0 0
107 CTG 0 0 0 0 0 0 0 0 0 0 0 0 0 0 14 0 0 0 6 0 0 0 25 0 0 0 22 0 3 6 499901 2 0 0 0 0 0 0 0 0 0 0 0 0 0 0 8 0 0 0 0 0 0 0 0 0 0 0 0 0 0 0 13 0
108 GCC 0 0 0 0 0 0 0 0 0 0 0 0 0 0 0 0 0 0 0 0 0 6 0 0 0 0 0 0 0 0 0 0 0 7 0 0 30 499902 0 0 0 32 0 0 0 11 0 0 0 0 0 0 0 12 0 0 0 0 0 0 0 0 0 0
109 CCG 0 0 0 0 0 0 12 0 0 0 0 0 0 0 0 0 0 0 0 0 62 10 499895 6 0 0 11 0 0 0 4 0 0 0 0 0 0 0 0 0 0 0 0 0 0 0 0 0 0 0 0 0 0 0 0 0 0 0 0 0 0 0 0 0
110 GCG 0 0 0 0 0 0 23 0 0 0 0 0 0 0 0 0 0 0 0 0 0 0 8 0 0 0 0 0 0 0 0 0 0 0 2 0 1 60 499846 3 0 0 11 0 0 0 40 0 0 0 0 0 0 0 6 0 0 0 0 0 0 0 0 0
111 GAG 0 0 8 0 0 0 0 0 0 0 0 0 0 0 0 0 0 0 1 0 0 0 0 0 0 0 0 0 0 0 0 0 12 35 499894 15 0 0 0 0 0 0 12 0 0 0 9 0 0 0 14 0 0 0 0 0 0 0 0 0 0 0 0 0
112 AAA 499883 38 0 12 4 0 0 0 13 0 0 0 13 0 0 0 1 0 0 0 0 0 0 0 0 0 0 0 0 0 0 0 4 0 0 0 0 0 0 0 0 0 0 0 0 0 0 0 32 0 0 0 0 0 0 0 0 0 0 0 0 0 0 0
113 GTA 0 0 0 0 0 0 0 0 0 0 0 0 19 0 0 0 0 0 0 0 0 0 0 0 0 0 0 0 26 0 0 0 0 0 0 0 0 0 0 0 10 0 0 0 499854 2 58 30 0 0 0 0 0 0 0 0 0 0 0 0 1 0 0 0
114 AGT 0 0 0 155 0 0 0 7 12 4 24 499716 0 0 0 5 0 0 0 0 0 0 0 0 0 0 0 74 0 0 0 0 0 0 0 0 0 0 0 0 0 0 0 0 0 0 0 0 0 0 0 0 0 0 0 0 0 0 0 3 0 0 0 0
115 ATA 26 0 0 0 93 0 0 0 29 0 0 0 499802 16 5 14 0 0 0 0 0 0 0 0 0 0 0 0 0 0 0 0 0 0 0 0 0 0 0 0 0 0 0 0 15 0 0 0 0 0 0 0 0 0 0 0 0 0 0 0 0 0 0 0
116 ATG 0 0 9 0 0 0 116 0 0 0 9 0 2 2 499845 0 0 0 0 0 0 0 0 0 0 0 0 0 0 0 16 0 0 0 0 0 0 0 0 0 0 0 0 0 0 0 0 0 0 0 0 0 0 0 0 0 0 0 0 0 0 0 1 0
117 GCT 0 0 0 0 0 0 0 25 0 0 0 0 0 0 0 0 0 0 0 0 0 0 0 1 0 0 0 0 0 0 0 0 0 0 0 4 62 0 0 499880 0 0 0 0 0 0 0 12 0 0 0 0 0 0 0 16 0 0 0 0 0 0 0 0
118 GAT 0 0 0 0 0 0 0 0 0 0 0 0 0 0 0 0 0 0 0 4 0 0 0 0 0 0 0 0 0 0 0 0 88 13 1 499879 0 0 0 4 0 0 0 8 0 0 0 2 0 0 0 1 0 0 0 0 0 0 0 0 0 0 0 0
119 GCT 0 0 0 0 0 0 0 13 0 0 0 0 0 0 0 0 0 0 0 0 0 0 0 14 0 0 0 0 0 0 0 0 0 0 0 23 93 4 0 499829 0 0 0 6 0 0 0 18 0 0 0 0 0 0 0 0 0 0 0 0 0 0 0 0
120 ATG 0 0 1 0 0 0 1 0 0 0 39 0 1 25 499840 31 0 0 0 0 0 0 0 0 0 0 0 0 0 0 0 0 0 0 0 0 0 0 0 0 0 0 0 0 0 0 30 0 0 0 0 0 0 0 0 0 0 0 0 0 0 0 32 0
121 AGG 0 0 15 0 0 0 2 0 114 4 499826 10 0 0 23 0 0 0 0 0 0 0 0 0 0 0 4 0 0 0 0 0 0 0 0 0 0 0 0 0 0 0 0 0 0 0 0 0 0 0 0 0 0 0 0 0 0 0 2 0 0 0 0 0
122 CGT 0 0 0 0 0 0 0 0 0 0 0 7 0 0 0 0 0 0 0 19 0 0 0 0 29 9 7 499844 0 0 0 36 0 0 0 0 0 0 0 0 0 0 0 11 0 0 0 0 0 0 0 0 0 0 0 0 0 0 0 38 0 0 0 0
123 TTA 0 0 0 0 0 0 0 0 0 0 0 0 42 0 0 0 0 0 0 0 0 0 0 0 0 0 0 0 0 0 0 0 0 0 0 0 0 0 0 0 0 0 0 0 27 0 0 0 9 0 0 0 0 0 0 0 0 0 0 0 499880 22 16 4
124 CAC 0 58 0 0 0 0 0 0 0 0 0 0 0 0 0 0 3 499815 0 57 0 0 0 0 0 8 0 0 0 9 0 0 0 47 0 0 0 0 0 0 0 0 0 0 0 0 0 0 0 3 0 0 0 0 0 0 0 0 0 0 0 0 0 0
125 ACA 13 0 0 0 499931 3 0 2 0 0 0 0 0 0 0 0 0 0 0 0 39 0 0 0 0 0 0 0 0 0 0 0 0 0 0 0 2 0 0 0 0 0 0 0 0 0 0 0 0 0 0 0 10 0 0 0 0 0 0 0 0 0 0 0
126 CTA 0 0 0 0 0 0 0 0 0 0 0 0 0 0 0 0 2 0 0 0 4 0 0 0 2 0 0 0 499925 32 0 0 0 0 0 0 0 0 0 0 0 0 0 0 35 0 0 0 0 0 0 0 0 0 0 0 0 0 0 0 0 0 0 0
127 GAT 0 0 0 9 0 0 0 0 0 0 0 0 0 0 0 0 0 0 0 5 0 0 0 0 0 0 0 0 0 0 0 0 0 1 1 499955 0 0 0 26 0 0 0 0 0 0 0 0 0 0 0 3 0 0 0 0 0 0 0 0 0 0 0 0
128 CCA 0 0 0 0 21 0 0 0 0 0 0 0 0 0 0 0 1 0 0 0 499942 7 0 0 1 0 0 0 24 0 0 0 0 0 0 0 0 0 0 0 0 0 0 0 0 0 0 0 0 0 0 0 4 0 0 0 0 0 0 0 0 0 0 0
129 GCA 0 0 0 0 6 0 0 0 0 0 0 0 0 0 0 0 0 0 0 0 11 0 0 0 0 0 0 0 0 0 0 0 27 0 0 0 499910 1 1 1 1 0 0 0 1 0 0 0 0 0 0 0 41 0 0 0 0 0 0 0 0 0 0 0
130 ACG 0 0 2 0 103 3 499781 21 0 0 24 0 0 0 2 0 0 0 0 0 0 0 21 0 0 0 0 0 0 0 0 0 0 0 0 0 0 0 9 0 0 0 0 0 0 0 0 0 0 0 0 0 0 0 34 0 0 0 0 0 0 0 0 0
131 TGC 0 0 0 0 0 0 0 0 0 1 0 0 0 0 0 0 0 0 0 0 0 0 0 0 0 5 0 0 0 0 0 0 0 0 0 0 0 0 0 0 0 1 0 0 0 0 0 0 0 2 0 0 0 10 0 0 3 499959 5 12 0 2 0 0
132 CCA 0 0 0 0 0 0 0 0 0 0 0 0 0 0 0 0 50 0 0 0 499902 4 8 0 17 0 0 0 6 0 0 0 0 0 0 0 13 0 0 0 0 0 0 0 0 0 0 0 0 0 0 0 0 0 0 0 0 0 0 0 0 0 0 0
133 TTC 0 0 0 0 0 0 0 0 0 0 0 0 0 3 0 0 0 0 0 0 0 0 0 0 0 0 0 0 0 36 0 0 0 0 0 0 0 0 0 0 0 0 0 0 0 27 0 0 0 39 0 0 0 2 0 0 0 0 0 0 14 499874 5 0
134 GAT 0 0 0 0 0 0 0 0 0 0 0 0 0 0 0 0 0 0 0 1 0 0 0 0 0 0 0 0 0 0 0 0 44 8 27 499876 0 0 0 16 0 0 0 27 0 0 0 1 0 0 0 0 0 0 0 0 0 0 0 0 0 0 0 0
135 CAC 0 0 0 0 0 0 0 0 0 0 0 0 0 0 0 0 0 499977 0 10 0 10 0 0 0 0 0 0 0 0 0 0 0 1 0 0 0 0 0 0 0 0 0 0 0 0 0 0 0 2 0 0 0 0 0 0 0 0 0 0 0 0 0 0
136 CAA 21 0 0 0 0 0 0 0 0 0 0 0 0 0 0 0 499821 2 1 1 112 0 0 0 12 0 0 0 13 0 0 0 3 0 0 0 0 0 0 0 0 0 0 0 0 0 0 0 14 0 0 0 0 0 0 0 0 0 0 0 0 0 0 0
137 GCG 0 0 0 0 0 0 0 0 0 0 0 0 0 0 0 0 0 0 0 0 0 0 7 0 0 0 0 0 0 0 0 0 0 0 18 0 0 13 499941 0 0 0 1 0 0 0 8 0 0 0 0 0 0 0 12 0 0 0 0 0 0 0 0 0
138 AAA 499827 11 2 20 0 0 0 0 6 0 0 0 39 0 0 0 88 0 0 0 0 0 0 0 0 0 0 0 0 0 0 0 4 0 0 0 0 0 0 0 0 0 0 0 0 0 0 0 3 0 0 0 0 0 0 0 0 0 0 0 0 0 0 0
139 CAC 0 5 0 0 0 0 0 0 0 0 0 0 0 0 0 0 16 499855 40 20 0 2 0 0 0 43 0 0 0 11 0 0 0 4 0 0 0 0 0 0 0 0 0 0 0 0 0 0 0 4 0 0 0 0 0 0 0 0 0 0 0 0 0 0
140 CGA 0 0 0 0 0 0 0 0 1 0 0 0 0 0 0 0 63 0 0 0 1 0 0 0 499812 39 55 6 21 0 0 0 0 0 0 0 0 0 0 0 0 0 0 0 0 0 0 0 0 0 0 0 0 0 0 0 2 0 0 0 0 0 0 0
141 ATA 21 0 0 0 2 0 0 0 2 0 0 0 499893 44 4 23 0 0 0 0 0 0 0 0 0 0 0 0 6 0 0 0 0 0 0 0 0 0 0 0 0 0 0 0 2 0 0 0 0 0 0 0 0 0 0 0 0 0 0 0 3 0 0 0
142 GAA 25 0 0 0 0 0 0 0 0 0 0 0 0 0 0 0 31 0 0 0 0 0 0 0 0 0 0 0 0 0 0 0 499785 65 16 0 0 0 0 0 51 0 0 0 0 0 0 0 27 0 0 0 0 0 0 0 0 0 0 0 0 0 0 0
143 CGA 0 0 0 0 0 0 0 0 23 0 0 0 0 0 0 0 0 0 0 0 3 0 0 0 499906 4 21 29 1 0 0 0 0 0 0 0 0 0 0 0 8 0 0 0 0 0 0 0 0 0 0 0 0 0 0 0 5 0 0 0 0 0 0 0
144 GCA 0 0 0 0 3 0 0 0 0 0 0 0 0 0 0 0 0 0 0 0 7 0 0 0 0 0 0 0 0 0 0 0 8 0 0 0 499865 13 25 9 0 0 0 0 33 0 0 0 0 0 0 0 37 0 0 0 0 0 0 0 0 0 0 0
145 AGA 0 0 0 0 2 0 0 0 499766 90 47 1 21 0 0 0 0 0 0 0 0 0 0 0 19 0 0 0 0 0 0 0 0 0 0 0 0 0 0 0 0 0 0 0 0 0 0 0 0 0 0 0 0 0 0 0 54 0 0 0 0 0 0 0
146 ACT 0 0 0 39 20 43 3 499866 0 0 0 0 0 0 0 16 0 0 0 0 0 0 0 0 0 0 0 0 0 0 0 0 0 0 0 0 0 0 0 9 0 0 0 0 0 0 0 0 0 0 0 0 0 0 0 4 0 0 0 0 0 0 0 0
147 CGC 0 0 0 0 0 0 0 0 0 22 0 0 0 0 0 0 0 1 0 0 0 2 0 0 3 499907 5 16 0 4 0 0 0 0 0 0 0 0 0 0 0 40 0 0 0 0 0 0 0 0 0 0 0 0 0 0 0 0 0 0 0 0 0 0
148 ATG 0 0 16 0 0 0 22 0 0 0 39 0 37 5 499831 0 0 0 0 0 0 0 0 0 0 0 0 0 0 0 34 0 0 0 0 0 0 0 0 0 0 0 0 0 0 0 15 0 0 0 0 0 0 0 0 0 0 0 0 0 0 0 1 0
149 GAG 0 0 42 0 0 0 0 0 0 0 0 0 0 0 0 0 0 0 3 0 0 0 0 0 0 0 0 0 0 0 0 0 4 2 499915 8 0 0 9 0 0 0 8 0 0 0 8 0 0 0 1 0 0 0 0 0 0 0 0 0 0 0 0 0
150 GCT 0 0 0 0 0 0 0 0 0 0 0 0 0 0 0 0 0 0 0 0 0 0 0 24 0 0 0 0 0 0 0 0 0 0 0 69 1 7 0 499841 0 0 0 9 0 0 0 1 0 0 0 0 0 0 0 48 0 0 0 0 0 0 0 0
151 GGA 0 0 0 0 0 0 0 0 41 0 0 0 0 0 0 0 0 0 0 0 0 0 0 0 19 0 0 0 0 0 0 0 57 0 0 0 2 0 0 0 499857 10 10 0 2 0 0 0 0 0 0 0 0 0 0 0 2 0 0 0 0 0 0 0
152 CTA 0 0 0 0 0 0 0 0 0 0 0 0 9 0 0 0 31 0 0 0 1 0 0 0 6 0 0 0 499787 12 57 5 0 0 0 0 0 0 0 0 0 0 0 0 19 0 0 0 0 0 0 0 0 0 0 0 0 0 0 0 73 0 0 0
153 GTA 0 0 0 0 0 0 0 0 0 0 0 0 2 0 0 0 0 0 0 0 0 0 0 0 0 0 0 0 0 0 0 0 1 0 0 0 2 0 0 0 6 0 0 0 499941 2 2 34 0 0 0 0 0 0 0 0 0 0 0 0 10 0 0 0
154 GAT 0 0 0 1 0 0 0 0 0 0 0 0 0 0 0 0 0 0 0 0 0 0 0 0 0 0 0 0 0 0 0 0 1 12 4 499904 0 0 0 11 0 0 0 16 0 0 0 32 0 0 0 19 0 0 0 0 0 0 0 0 0 0 0 0
155 CAA 4 0 0 0 0 0 0 0 0 0 0 0 0 0 0 0 499882 11 66 0 1 0 0 0 5 0 0 0 5 0 0 0 20 0 0 0 0 0 0 0 0 0 0 0 0 0 0 0 6 0 0 0 0 0 0 0 0 0 0 0 0 0 0 0
156 GAT 0 0 0 1 0 0 0 0 0 0 0 0 0 0 0 0 0 0 0 20 0 0 0 0 0 0 0 0 0 0 0 0 0 78 12 499826 0 0 0 8 0 0 0 40 0 0 0 14 0 0 0 1 0 0 0 0 0 0 0 0 0 0 0 0
157 GAT 0 0 0 32 0 0 0 0 0 0 0 0 0 0 0 0 0 0 0 1 0 0 0 0 0 0 0 0 0 0 0 0 9 17 4 499915 0 0 0 13 0 0 0 0 0 0 0 9 0 0 0 0 0 0 0 0 0 0 0 0 0 0 0 0
158 CTT 0 0 0 0 0 0 0 0 0 0 0 0 0 0 0 0 0 0 0 66 0 0 0 15 0 0 0 14 12 30 6 499846 0 0 0 0 0 0 0 0 0 0 0 0 0 0 0 2 0 0 0 0 0 0 0 0 0 0 0 0 0 0 0 9
159 GAC 0 0 0 0 0 0 0 0 0 0 0 0 0 0 0 0 0 0 0 0 0 0 0 0 0 0 0 0 0 0 0 0 12 499869 79 14 0 18 0 0 0 0 0 0 0 7 0 0 0 1 0 0 0 0 0 0 0 0 0 0 0 0 0 0
160 GAG 0 0 34 0 0 0 0 0 0 0 0 0 0 0 0 0 0 0 3 0 0 0 0 0 0 0 0 0 0 0 0 0 2 4 499906 15 0 0 0 0 0 0 0 0 0 0 15 0 0 0 21 0 0 0 0 0 0 0 0 0 0 0 0 0
161 GAG 0 0 3 0 0 0 0 0 0 0 0 0 0 0 0 0 0 0 0 0 0 0 0 0 0 0 0 0 0 0 0 0 30 5 499845 15 0 0 1 0 0 0 56 0 0 0 11 0 0 0 34 0 0 0 0 0 0 0 0 0 0 0 0 0
162 CAT 0 0 0 21 0 0 0 0 0 0 0 0 0 0 0 0 0 0 24 499936 0 0 0 0 0 0 0 11 0 0 0 2 0 0 0 0 0 0 0 0 0 0 0 0 0 0 0 0 0 0 0 6 0 0 0 0 0 0 0 0 0 0 0 0
163 CAA 0 0 0 0 0 0 0 0 0 0 0 0 0 0 0 0 499869 19 23 10 0 0 0 0 1 0 0 0 29 0 0 0 6 0 0 0 0 0 0 0 0 0 0 0 0 0 0 0 43 0 0 0 0 0 0 0 0 0 0 0 0 0 0 0
164 GGG 0 0 0 0 0 0 0 0 0 0 5 0 0 0 0 0 0 0 0 0 0 0 0 0 0 0 13 0 0 0 0 0 0 0 2 0 0 0 2 0 0 3 499970 0 0 0 5 0 0 0 0 0 0 0 0 0 0 0 0 0 0 0 0 0
165 CTG 0 0 0 0 0 0 0 0 0 0 0 0 0 0 2 0 0 0 0 0 0 0 10 0 0 0 15 0 9 13 499939 1 0 0 0 0 0 0 0 0 0 0 0 0 0 0 7 0 0 0 0 0 0 0 0 0 0 0 0 0 0 0 4 0
166 GCG 0 0 0 0 0 0 1 0 0 0 0 0 0 0 0 0 0 0 0 0 0 0 4 0 0 0 0 0 0 0 0 0 0 0 11 0 17 9 499904 51 0 0 3 0 0 0 0 0 0 0 0 0 0 0 0 0 0 0 0 0 0 0 0 0
167 CCC 0 0 0 0 0 5 0 0 0 0 0 0 0 0 0 0 0 22 0 0 5 499803 73 68 0 9 0 0 0 8 0 0 0 0 0 0 0 7 0 0 0 0 0 0 0 0 0 0 0 0 0 0 0 0 0 0 0 0 0 0 0 0 0 0
168 GCG 0 0 0 0 0 0 0 0 0 0 0 0 0 0 0 0 0 0 0 0 0 0 3 0 0 0 0 0 0 0 0 0 0 0 8 0 27 5 499943 3 0 0 0 0 0 0 0 0 0 0 0 0 0 0 11 0 0 0 0 0 0 0 0 0
169 GAA 0 0 0 0 0 0 0 0 0 0 0 0 0 0 0 0 4 0 0 0 0 0 0 0 0 0 0 0 0 0 0 0 499871 0 0 0 65 0 0 0 34 0 0 0 12 0 0 0 14 0 0 0 0 0 0 0 0 0 0 0 0 0 0 0
170 CTC 0 0 0 0 0 0 0 0 0 0 0 0 0 0 0 0 0 0 0 0 0 69 0 0 0 0 0 0 0 499893 20 3 0 0 0 0 0 0 0 0 0 0 0 0 0 0 0 0 0 0 0 0 0 0 0 0 0 0 0 0 0 15 0 0
171 TTT 0 0 0 0 0 0 0 0 0 0 0 0 0 0 0 11 0 0 0 0 0 0 0 0 0 0 0 0 0 0 0 2 0 0 0 0 0 0 0 0 0 0 0 0 0 0 0 11 0 0 0 12 0 0 0 8 0 0 0 8 0 2 0 499946
172 GCT 0 0 0 0 0 0 0 23 0 0 0 0 0 0 0 0 0 0 0 0 0 0 0 22 0 0 0 0 0 0 0 0 0 0 0 7 1 31 12 499829 0 0 0 46 0 0 0 11 0 0 0 0 0 0 0 18 0 0 0 0 0 0 0 0
173 AGG 0 0 30 0 0 0 11 0 22 1 499886 1 0 0 4 0 0 0 0 0 0 0 0 0 0 0 12 0 0 0 0 0 0 0 0 0 0 0 0 0 0 0 4 0 0 0 0 0 0 0 0 0 0 0 0 0 0 0 29 0 0 0 0 0
174 TTG 0 0 0 0 0 0 0 0 0 0 0 0 0 0 9 0 0 0 0 0 0 0 0 0 0 0 0 0 0 0 75 0 0 0 0 0 0 0 0 0 0 0 0 0 0 0 1 0 0 0 13 0 0 0 3 0 0 0 5 0 8 29 499774 83
175 AAA 499873 31 0 0 32 0 0 0 25 0 0 0 0 0 0 0 25 0 0 0 0 0 0 0 0 0 0 0 0 0 0 0 7 0 0 0 0 0 0 0 0 0 0 0 0 0 0 0 7 0 0 0 0 0 0 0 0 0 0 0 0 0 0 0
176 GCT 0 0 0 0 0 0 0 2 0 0 0 0 0 0 0 0 0 0 0 0 0 0 0 5 0 0 0 0 0 0 0 0 0 0 0 27 12 14 0 499932 0 0 0 3 0 0 0 5 0 0 0 0 0 0 0 0 0 0 0 0 0 0 0 0
177 CGG 0 0 0 0 0 0 0 0 0 0 1 0 0 0 0 0 0 0 4 0 0 0 7 0 6 20 499944 13 0 0 1 0 0 0 0 0 0 0 0 0 0 0 3 0 0 0 0 0 0 0 0 0 0 0 0 0 0 0 1 0 0 0 0 0
178 ATG 0 0 6 0 0 0 0 0 0 0 31 0 9 6 499925 2 0 0 0 0 0 0 0 0 0 0 0 0 0 0 8 0 0 0 0 0 0 0 0 0 0 0 0 0 0 0 11 0 0 0 0 0 0 0 0 0 0 0 0 0 0 0 2 0
179 CCC 0 0 0 0 0 40 0 0 0 0 0 0 0 0 0 0 0 0 0 0 10 499914 11 14 0 0 0 0 0 10 0 0 0 0 0 0 0 0 0 0 0 0 0 0 0 0 0 0 0 0 0 0 0 1 0 0 0 0 0 0 0 0 0 0
180 GAC 0 17 0 0 0 0 0 0 0 0 0 0 0 0 0 0 0 0 0 0 0 0 0 0 0 0 0 0 0 0 0 0 2 499855 1 6 0 8 0 0 0 0 0 0 0 37 0 0 0 74 0 0 0 0 0 0 0 0 0 0 0 0 0 0
181 GGT 0 0 0 0 0 0 0 0 0 0 0 10 0 0 0 0 0 0 0 0 0 0 0 0 0 0 0 2 0 0 0 0 0 0 0 7 0 0 0 0 37 17 41 499886 0 0 0 0 0 0 0 0 0 0 0 0 0 0 0 0 0 0 0 0
182 GAA 13 0 0 0 0 0 0 0 0 0 0 0 0 0 0 0 3 0 0 0 0 0 0 0 0 0 0 0 0 0 0 0 499823 12 4 82 0 0 0 0 1 0 0 0 61 0 0 0 1 0 0 0 0 0 0 0 0 0 0 0 0 0 0 0
183 GAT 0 0 0 58 0 0 0 0 0 0 0 0 0 0 0 0 0 0 0 32 0 0 0 0 0 0 0 0 0 0 0 0 1 13 16 499808 0 0 0 3 0 0 0 10 0 0 0 56 0 0 0 3 0 0 0 0 0 0 0 0 0 0 0 0
184 TTG 0 0 0 0 0 0 0 0 0 0 0 0 0 0 0 0 0 0 0 0 0 0 0 0 0 0 0 0 0 0 35 0 0 0 0 0 0 0 0 0 0 0 0 0 0 0 47 0 0 0 11 0 0 0 3 0 0 0 1 0 28 111 499680 84
185 GTG 0 0 0 0 0 0 0 0 0 0 0 0 0 0 0 0 0 0 0 0 0 0 0 0 0 0 0 0 0 0 41 0 0 0 1 0 0 0 0 0 0 0 24 0 13 7 499894 16 0 0 0 0 0 0 0 0 0 0 0 0 0 0 4 0
186 GTA 0 0 0 0 0 0 0 0 0 0 0 0 1 0 0 0 0 0 0 0 0 0 0 0 0 0 0 0 0 0 0 0 2 0 0 0 3 0 0 0 40 0 0 0 499915 4 12 6 0 0 0 0 0 0 0 0 0 0 0 0 17 0 0 0
187 ACT 0 0 0 8 12 0 15 499924 0 0 0 10 0 0 0 18 0 0 0 0 0 0 0 0 0 0 0 0 0 0 0 0 0 0 0 0 0 0 0 6 0 0 0 0 0 0 0 0 0 0 0 0 0 0 0 7 0 0 0 0 0 0 0 0
188 CAT 0 0 0 23 0 0 0 0 0 0 0 0 0 0 0 0 2 0 0 499831 0 0 0 11 0 0 0 8 0 0 0 29 0 0 0 73 0 0 0 0 0 0 0 0 0 0 0 0 0 0 0 23 0 0 0 0 0 0 0 0 0 0 0 0
189 GGG 0 0 0 0 0 0 0 0 0 0 0 0 0 0 0 0 0 0 0 0 0 0 0 0 0 0 22 0 0 0 0 0 0 0 22 0 0 0 0 0 8 7 499901 7 0 0 33 0 0 0 0 0 0 0 0 0 0 0 0 0 0 0 0 0
190 GAT 0 0 0 26 0 0 0 0 0 0 0 0 0 0 0 0 0 0 0 30 0 0 0 0 0 0 0 0 0 0 0 0 5 16 3 499874 0 0 0 25 0 0 0 0 0 0 0 3 0 0 0 18 0 0 0 0 0 0 0 0 0 0 0 0
191 GCC 0 0 0 0 0 0 0 0 0 0 0 0 0 0 0 0 0 0 0 0 0 18 0 0 0 0 0 0 0 0 0 0 0 1 0 0 28 499880 0 2 0 27 0 0 0 41 0 0 0 0 0 0 0 3 0 0 0 0 0 0 0 0 0 0
192 TGC 0 0 0 0 0 0 0 0 0 0 0 0 0 0 0 0 0 0 0 0 0 0 0 0 0 12 0 0 0 0 0 0 0 0 0 0 0 0 0 0 0 3 0 0 0 0 0 0 0 50 0 0 0 10 0 0 3 499861 0 27 0 34 0 0
193 CTC 0 0 0 0 0 0 0 0 0 0 0 0 0 30 0 0 0 0 0 0 0 16 0 0 0 0 0 0 10 499915 2 25 0 0 0 0 0 0 0 0 0 0 0 0 0 0 0 0 0 0 0 0 0 0 0 0 0 0 0 0 0 2 0 0
194 CCG 0 0 0 0 0 0 9 0 0 0 0 0 0 0 0 0 0 0 0 0 38 2 499945 2 0 0 2 0 0 0 0 0 0 0 0 0 0 0 2 0 0 0 0 0 0 0 0 0 0 0 0 0 0 0 0 0 0 0 0 0 0 0 0 0
195 AAC 6 499867 21 2 0 8 0 0 0 31 0 0 0 50 0 0 0 0 0 0 0 0 0 0 0 0 0 0 0 0 0 0 0 4 0 0 0 0 0 0 0 0 0 0 0 0 0 0 0 11 0 0 0 0 0 0 0 0 0 0 0 0 0 0
196 ATA 25 0 0 0 47 0 0 0 9 0 0 0 499841 11 2 0 0 0 0 0 0 0 0 0 0 0 0 0 14 0 0 0 0 0 0 0 0 0 0 0 0 0 0 0 37 0 0 0 0 0 0 0 0 0 0 0 0 0 0 0 14 0 0 0
197 ATG 0 0 2 0 0 0 24 0 0 0 2 0 7 1 499710 182 0 0 0 0 0 0 0 0 0 0 0 0 0 0 64 0 0 0 0 0 0 0 0 0 0 0 0 0 0 0 4 0 0 0 0 0 0 0 0 0 0 0 0 0 0 0 4 0
198 GTG 0 0 0 0 0 0 0 0 0 0 0 0 0 0 2 0 0 0 0 0 0 0 0 0 0 0 0 0 0 0 49 0 0 0 0 0 0 0 6 0 0 0 4 0 18 0 499920 1 0 0 0 0 0 0 0 0 0 0 0 0 0 0 0 0
199 GAA 8 0 0 0 0 0 0 0 0 0 0 0 0 0 0 0 39 0 0 0 0 0 0 0 0 0 0 0 0 0 0 0 499867 8 23 0 11 0 0 0 40 0 0 0 0 0 0 0 4 0 0 0 0 0 0 0 0 0 0 0 0 0 0 0
200 AAC 5 499853 4 59 0 40 0 0 0 1 0 0 0 19 0 0 0 2 0 0 0 0 0 0 0 0 0 0 0 0 0 0 0 6 0 0 0 0 0 0 0 0 0 0 0 0 0 0 0 11 0 0 0 0 0 0 0 0 0 0 0 0 0 0
201 GGC 0 0 0 0 0 0 0 0 0 0 0 0 0 0 0 0 0 0 0 0 0 0 0 0 0 34 0 0 0 0 0 0 0 42 0 0 0 4 0 0 24 499888 0 6 0 1 0 0 0 0 0 0 0 0 0 0 0 1 0 0 0 0 0 0
202 CGT 0 0 0 0 0 0 0 0 0 0 0 47 0 0 0 0 0 0 0 1 0 0 0 12 2 14 27 499867 0 0 0 27 0 0 0 0 0 0 0 0 0 0 0 3 0 0 0 0 0 0 0 0 0 0 0 0 0 0 0 0 0 0 0 0
203 TTT 0 0 0 0 0 0 0 0 0 0 0 0 0 0 0 12 0 0 0 0 0 0 0 0 0 0 0 0 0 0 0 3 0 0 0 0 0 0 0 0 0 0 0 0 0 0 0 30 0 0 0 5 0 0 0 0 0 0 0 61 5 25 16 499843
204 AGC 0 19 0 0 0 47 0 0 1 499898 4 4 0 19 0 0 0 0 0 0 0 0 0 0 0 0 0 0 0 0 0 0 0 0 0 0 0 0 0 0 0 0 0 0 0 0 0 0 0 0 0 0 0 0 0 0 0 8 0 0 0 0 0 0
205 GGA 0 0 0 0 0 0 0 0 43 0 0 0 0 0 0 0 0 0 0 0 0 0 0 0 11 0 0 0 0 0 0 0 2 0 0 0 0 0 0 0 499890 0 15 5 2 0 0 0 0 0 0 0 0 0 0 0 32 0 0 0 0 0 0 0
206 TTC 0 0 0 0 0 0 0 0 0 0 0 0 0 0 0 0 0 0 0 0 0 0 0 0 0 0 0 0 0 55 0 0 0 0 0 0 0 0 0 0 0 0 0 0 0 9 0 0 0 11 0 0 0 1 0 0 0 22 0 0 0 499902 0 0
207 ATT 0 0 0 7 0 0 0 55 0 0 0 8 11 0 29 499882 0 0 0 0 0 0 0 0 0 0 0 0 0 0 0 8 0 0 0 0 0 0 0 0 0 0 0 0 0 0 0 0 0 0 0 0 0 0 0 0 0 0 0 0 0 0 0 0
208 GAT 0 0 0 39 0 0 0 0 0 0 0 0 0 0 0 0 0 0 0 11 0 0 0 0 0 0 0 0 0 0 0 0 11 7 1 499877 0 0 0 3 0 0 0 9 0 0 0 35 0 0 0 7 0 0 0 0 0 0 0 0 0 0 0 0
209 TGC 0 0 0 0 0 0 0 0 0 0 0 0 0 0 0 0 0 0 0 0 0 0 0 0 0 21 0 0 0 0 0 0 0 0 0 0 0 0 0 0 0 24 0 0 0 0 0 0 0 94 0 0 0 0 0 0 35 499814 11 0 0 1 0 0
210 GGA 0 0 0 0 0 0 0 0 10 0 0 0 0 0 0 0 0 0 0 0 0 0 0 0 32 0 0 0 0 0 0 0 5 0 0 0 3 0 0 0 499900 6 4 38 1 0 0 0 0 0 0 0 0 0 0 0 1 0 0 0 0 0 0 0
211 CGG 0 0 0 0 0 0 0 0 0 0 4 0 0 0 0 0 0 0 14 0 0 0 7 0 5 15 499919 0 0 0 16 0 0 0 0 0 0 0 0 0 0 0 4 0 0 0 0 0 0 0 0 0 0 0 0 0 0 0 16 0 0 0 0 0
212 TTG 0 0 0 0 0 0 0 0 0 0 0 0 0 0 0 0 0 0 0 0 0 0 0 0 0 0 0 0 0 0 0 0 0 0 0 0 0 0 0 0 0 0 0 0 0 0 0 0 0 0 0 0 0 0 3 0 0 0 27 0 68 58 499844 0
213 GGT 0 0 0 0 0 0 0 0 0 0 0 3 0 0 0 0 0 0 0 0 0 0 0 0 0 0 0 47 0 0 0 0 0 0 0 0 0 0 0 0 18 83 0 499844 0 0 0 1 0 0 0 0 0 0 0 0 0 0 0 4 0 0 0 0
214 GTC 0 0 0 0 0 0 0 0 0 0 0 0 0 0 0 0 0 0 0 0 0 0 0 0 0 0 0 0 0 1 0 0 0 0 0 0 0 11 0 0 0 5 0 0 15 499878 33 17 0 0 0 0 0 0 0 0 0 0 0 0 0 40 0 0
215 GCT 0 0 0 0 0 0 0 28 0 0 0 0 0 0 0 0 0 0 0 0 0 0 0 44 0 0 0 0 0 0 0 0 0 0 0 10 5 34 2 499828 0 0 0 28 0 0 0 21 0 0 0 0 0 0 0 0 0 0 0 0 0 0 0 0
216 GAT 0 0 0 9 0 0 0 0 0 0 0 0 0 0 0 0 0 0 0 6 0 0 0 0 0 0 0 0 0 0 0 0 2 4 4 499945 0 0 0 3 0 0 0 21 0 0 0 3 0 0 0 3 0 0 0 0 0 0 0 0 0 0 0 0
217 CGA 0 0 0 0 0 0 0 0 17 0 0 0 0 0 0 0 25 0 0 0 0 0 0 0 499770 93 3 69 10 0 0 0 0 0 0 0 0 0 0 0 13 0 0 0 0 0 0 0 0 0 0 0 0 0 0 0 0 0 0 0 0 0 0 0
218 TAT 0 0 0 14 0 0 0 0 0 0 0 0 0 0 0 0 0 0 0 16 0 0 0 0 0 0 0 0 0 0 0 0 0 0 0 5 0 0 0 0 0 0 0 0 0 0 0 0 74 1 0 499882 0 0 0 6 0 0 0 1 0 0 0 1
219 CAA 8 0 0 0 0 0 0 0 0 0 0 0 0 0 0 0 499891 11 20 53 0 0 0 0 1 0 0 0 0 0 0 0 7 0 0 0 0 0 0 0 0 0 0 0 0 0 0 0 9 0 0 0 0 0 0 0 0 0 0 0 0 0 0 0
220 GAT 0 0 0 56 0 0 0 0 0 0 0 0 0 0 0 0 0 0 0 0 0 0 0 0 0 0 0 0 0 0 0 0 0 10 11 499909 0 0 0 0 0 0 0 4 0 0 0 0 0 0 0 10 0 0 0 0 0 0 0 0 0 0 0 0
221 ATA 3 0 0 0 0 0 0 0 4 0 0 0 499942 3 31 2 0 0 0 0 0 0 0 0 0 0 0 0 1 0 0 0 0 0 0 0 0 0 0 0 0 0 0 0 0 0 0 0 0 0 0 0 0 0 0 0 0 0 0 0 14 0 0 0
222 GCA 0 0 0 0 7 0 0 0 0 0 0 0 0 0 0 0 0 0 0 0 16 0 0 0 0 0 0 0 0 0 0 0 24 0 0 0 499898 1 36 1 0 0 0 0 10 0 0 0 0 0 0 0 7 0 0 0 0 0 0 0 0 0 0 0
223 TTG 0 0 0 0 0 0 0 0 0 0 0 0 0 0 0 0 0 0 0 0 0 0 0 0 0 0 0 0 0 0 18 0 0 0 0 0 0 0 0 0 0 0 0 0 0 0 15 0 0 0 32 0 0 0 7 0 0 0 12 0 23 2 499891 0
224 GCA 0 0 0 0 35 0 0 0 0 0 0 0 0 0 0 0 0 0 0 0 9 0 0 0 0 0 0 0 0 0 0 0 4 0 0 0 499844 25 18 37 1 0 0 0 0 0 0 0 0 0 0 0 27 0 0 0 0 0 0 0 0 0 0 0
225 ACT 0 0 0 5 8 0 0 499919 0 0 0 0 0 0 0 5 0 0 0 0 0 0 0 32 0 0 0 0 0 0 0 0 0 0 0 0 0 0 0 11 0 0 0 0 0 0 0 0 0 0 0 0 0 0 0 20 0 0 0 0 0 0 0 0
226 CGC 0 0 0 0 0 0 0 0 0 0 0 0 0 0 0 0 0 0 0 0 0 2 0 0 0 499903 0 4 0 5 0 0 0 0 0 0 0 0 0 0 0 69 0 0 0 0 0 0 0 0 0 0 0 0 0 0 0 17 0 0 0 0 0 0
227 GAT 0 0 0 1 0 0 0 0 0 0 0 0 0 0 0 0 0 0 0 0 0 0 0 0 0 0 0 0 0 0 0 0 2 0 65 499915 0 0 0 5 0 0 0 12 0 0 0 0 0 0 0 0 0 0 0 0 0 0 0 0 0 0 0 0
228 ATC 0 1 0 0 0 5 0 0 0 3 0 0 7 499929 42 2 0 0 0 0 0 0 0 0 0 0 0 0 0 0 0 0 0 0 0 0 0 0 0 0 0 0 0 0 0 10 0 0 0 0 0 0 0 0 0 0 0 0 0 0 0 1 0 0
229 GCC 0 0 0 0 0 7 0 0 0 0 0 0 0 0 0 0 0 0 0 0 0 6 0 0 0 0 0 0 0 0 0 0 0 0 0 0 4 499895 0 17 0 1 0 0 0 64 0 0 0 0 0 0 0 6 0 0 0 0 0 0 0 0 0 0
230 GAA 2 0 0 0 0 0 0 0 0 0 0 0 0 0 0 0 7 0 0 0 0 0 0 0 0 0 0 0 0 0 0 0 499827 4 93 1 25 0 0 0 0 0 0 0 6 0 0 0 35 0 0 0 0 0 0 0 0 0 0 0 0 0 0 0
231 GAG 0 0 0 0 0 0 0 0 0 0 0 0 0 0 0 0 0 0 20 0 0 0 0 0 0 0 0 0 0 0 0 0 1 1 499954 1 0 0 12 0 0 0 9 0 0 0 2 0 0 0 0 0 0 0 0 0 0 0 0 0 0 0 0 0
232 CTT 0 0 0 0 0 0 0 0 0 0 0 0 0 0 0 9 0 0 0 0 0 0 0 2 0 0 0 9 6 4 20 499938 0 0 0 0 0 0 0 0 0 0 0 0 0 0 0 12 0 0 0 0 0 0 0 0 0 0 0 0 0 0 0 0
233 GGT 0 0 0 0 0 0 0 0 0 0 0 1 0 0 0 0 0 0 0 0 0 0 0 0 0 0 0 4 0 0 0 0 0 0 0 0 0 0 0 40 9 4 4 499929 0 0 0 8 0 0 0 0 0 0 0 0 0 0 0 1 0 0 0 0
234 GGT 0 0 0 0 0 0 0 0 0 0 0 5 0 0 0 0 0 0 0 0 0 0 0 0 0 0 0 8 0 0 0 0 0 0 0 0 0 0 0 18 15 32 4 499860 0 0 0 4 0 0 0 0 0 0 0 0 0 0 0 54 0 0 0 0
235 GAA 32 0 0 0 0 0 0 0 0 0 0 0 0 0 0 0 23 0 0 0 0 0 0 0 0 0 0 0 0 0 0 0 499842 8 15 0 22 0 0 0 49 0 0 0 0 0 0 0 9 0 0 0 0 0 0 0 0 0 0 0 0 0 0 0
236 TGG 0 0 0 0 0 0 0 0 0 0 25 0 0 0 0 0 0 0 0 0 0 0 0 0 0 0 4 0 0 0 0 0 0 0 0 0 0 0 0 0 0 0 48 0 0 0 0 0 0 0 1 0 0 0 0 0 20 6 499864 6 0 0 26 0
237 GCA 0 0 0 0 0 0 0 0 0 0 0 0 0 0 0 0 0 0 0 0 0 0 0 0 0 0 0 0 0 0 0 0 8 0 0 0 499771 16 50 15 14 0 0 0 126 0 0 0 0 0 0 0 0 0 0 0 0 0 0 0 0 0 0 0
238 GAC 0 9 0 0 0 0 0 0 0 0 0 0 0 0 0 0 0 26 0 0 0 0 0 0 0 0 0 0 0 0 0 0 7 499915 0 5 0 32 0 0 0 2 0 0 0 1 0 0 0 3 0 0 0 0 0 0 0 0 0 0 0 0 0 0
239 AGA 23 0 0 0 16 0 0 0 499931 1 1 0 8 0 0 0 0 0 0 0 0 0 0 0 6 0 0 0 0 0 0 0 0 0 0 0 0 0 0 0 0 0 0 0 0 0 0 0 0 0 0 0 0 0 0 0 14 0 0 0 0 0 0 0
240 TTT 0 0 0 0 0 0 0 0 0 0 0 0 0 0 0 7 0 0 0 0 0 0 0 0 0 0 0 0 0 0 0 0 0 0 0 0 0 0 0 0 0 0 0 0 0 0 0 4 0 0 0 182 0 0 0 0 0 0 0 4 1 0 17 499785
241 TTA 0 0 0 0 0 0 0 0 0 0 0 0 0 0 0 0 0 0 0 0 0 0 0 0 0 0 0 0 2 0 0 0 0 0 0 0 0 0 0 0 0 0 0 0 12 0 0 0 0 0 0 0 0 0 0 0 0 0 0 0 499936 1 47 2
242 GTT 0 0 0 0 0 0 0 0 0 0 0 0 0 0 0 28 0 0 0 0 0 0 0 0 0 0 0 0 0 0 0 4 0 0 0 0 0 0 0 10 0 0 0 2 6 1 29 499919 0 0 0 0 0 0 0 0 0 0 0 0 0 0 0 1
243 CTG 0 0 0 0 0 0 0 0 0 0 0 0 0 0 0 0 0 0 10 0 0 0 0 0 0 0 0 0 5 32 499911 4 0 0 0 0 0 0 0 0 0 0 0 0 0 0 0 0 0 0 0 0 0 0 0 0 0 0 0 0 0 0 38 0
244 TAT 0 0 0 1 0 0 0 0 0 0 0 0 0 0 0 0 0 0 0 11 0 0 0 0 0 0 0 0 0 0 0 0 0 0 0 0 0 0 0 0 0 0 0 0 0 0 0 0 1 35 0 499892 0 0 0 58 0 0 0 0 0 0 0 2
245 GGT 0 0 0 0 0 0 0 0 0 0 0 32 0 0 0 0 0 0 0 0 0 0 0 0 0 0 0 76 0 0 0 0 0 0 0 7 0 0 0 0 41 4 8 499715 0 0 0 35 0 0 0 0 0 0 0 0 0 0 0 82 0 0 0 0
246 ATC 0 1 0 0 0 19 0 0 0 17 0 0 11 499918 14 0 0 0 0 0 0 0 0 0 0 0 0 0 0 0 0 0 0 0 0 0 0 0 0 0 0 0 0 0 0 0 0 0 0 0 0 0 0 0 0 0 0 0 0 0 0 20 0 0
247 GCG 0 0 0 0 0 0 2 0 0 0 0 0 0 0 0 0 0 0 0 0 0 0 26 0 0 0 0 0 0 0 0 0 0 0 19 0 38 0 499898 1 0 0 7 0 0 0 9 0 0 0 0 0 0 0 0 0 0 0 0 0 0 0 0 0
248 GCA 0 0 0 0 0 0 0 0 0 0 0 0 0 0 0 0 0 0 0 0 69 0 0 0 0 0 0 0 0 0 0 0 2 0 0 0 499858 32 0 2 34 0 0 0 0 0 0 0 0 0 0 0 3 0 0 0 0 0 0 0 0 0 0 0
249 CCA 0 0 0 0 0 0 0 0 0 0 0 0 0 0 0 0 3 0 0 0 499884 4 32 47 6 0 0 0 0 0 0 0 0 0 0 0 9 0 0 0 0 0 0 0 0 0 0 0 0 0 0 0 15 0 0 0 0 0 0 0 0 0 0 0
250 GAC 0 1 0 0 0 0 0 0 0 0 0 0 0 0 0 0 0 7 0 0 0 0 0 0 0 0 0 0 0 0 0 0 2 499873 0 5 0 0 0 0 0 66 0 0 0 2 0 0 0 44 0 0 0 0 0 0 0 0 0 0 0 0 0 0
251 TCT 0 0 0 0 0 0 0 3 0 0 0 0 0 0 0 0 0 0 0 0 0 0 0 18 0 0 0 0 0 0 0 0 0 0 0 0 0 0 0 19 0 0 0 0 0 0 0 0 0 0 0 2 13 26 7 499840 0 0 0 3 0 0 0 69
252 CAG 0 0 0 0 0 0 0 0 0 0 0 0 0 0 0 0 10 7 499916 14 0 0 22 0 0 0 5 0 0 0 19 0 0 0 2 0 0 0 0 0 0 0 0 0 0 0 0 0 0 0 5 0 0 0 0 0 0 0 0 0 0 0 0 0
253 CGT 0 0 0 0 0 0 0 0 0 0 0 50 0 0 0 0 0 0 0 2 0 0 0 0 13 5 25 499729 0 0 0 111 0 0 0 0 0 0 0 0 0 0 0 7 0 0 0 0 0 0 0 0 0 0 0 0 0 0 0 58 0 0 0 0
254 ATC 0 5 0 0 0 65 0 0 0 0 0 0 2 499826 0 3 0 0 0 0 0 0 0 0 0 0 0 0 0 33 0 0 0 0 0 0 0 0 0 0 0 0 0 0 0 18 0 0 0 0 0 0 0 0 0 0 0 0 0 0 0 48 0 0
255 GCC 0 0 0 0 0 0 0 0 0 0 0 0 0 0 0 0 0 0 0 0 0 0 0 0 0 0 0 0 0 0 0 0 0 2 0 0 13 499940 4 13 0 13 0 0 0 11 0 0 0 0 0 0 0 4 0 0 0 0 0 0 0 0 0 0
256 TTT 0 0 0 0 0 0 0 0 0 0 0 0 0 0 0 6 0 0 0 0 0 0 0 0 0 0 0 0 0 0 0 4 0 0 0 0 0 0 0 0 0 0 0 0 0 0 0 0 0 0 0 127 0 0 0 13 0 0 0 4 13 7 22 499804
257 TAT 0 0 0 1 0 0 0 0 0 0 0 0 0 0 0 0 0 0 0 6 0 0 0 0 0 0 0 0 0 0 0 0 0 0 0 1 0 0 0 0 0 0 0 0 0 0 0 0 5 12 4 499940 0 0 0 7 0 0 0 0 0 0 0 24
258 AGA 5 0 0 0 30 0 0 0 499872 0 13 50 15 0 0 0 0 0 0 0 0 0 0 0 2 0 0 0 0 0 0 0 0 0 0 0 0 0 0 0 2 0 0 0 0 0 0 0 0 0 0 0 0 0 0 0 11 0 0 0 0 0 0 0
259 TTA 0 0 0 0 0 0 0 0 0 0 0 0 0 0 0 0 0 0 0 0 0 0 0 0 0 0 0 0 23 0 0 0 0 0 0 0 0 0 0 0 0 0 0 0 5 0 0 0 50 0 0 0 19 0 0 0 2 0 0 0 499853 25 18 5
260 CTA 0 0 0 0 0 0 0 0 0 0 0 0 2 0 0 0 0 0 0 0 7 0 0 0 3 0 0 0 499931 24 0 20 0 0 0 0 0 0 0 0 0 0 0 0 3 0 0 0 0 0 0 0 0 0 0 0 0 0 0 0 10 0 0 0
261 GAC 0 48 0 0 0 0 0 0 0 0 0 0 0 0 0 0 0 0 0 0 0 0 0 0 0 0 0 0 0 0 0 0 0 499929 0 16 0 2 0 0 0 0 0 0 0 1 0 0 0 4 0 0 0 0 0 0 0 0 0 0 0 0 0 0
262 GAG 0 0 6 0 0 0 0 0 0 0 0 0 0 0 0 0 0 0 2 0 0 0 0 0 0 0 0 0 0 0 0 0 0 17 499846 23 0 0 59 0 0 0 45 0 0 0 0 0 0 0 2 0 0 0 0 0 0 0 0 0 0 0 0 0
263 TTC 0 0 0 0 0 0 0 0 0 0 0 0 0 0 0 0 0 0 0 0 0 0 0 0 0 0 0 0 0 28 0 0 0 0 0 0 0 0 0 0 0 0 0 0 0 29 0 0 0 11 0 0 0 0 0 0 0 2 0 0 2 499820 102 6
264 TTC 0 0 0 0 0 0 0 0 0 0 0 0 0 82 0 0 0 0 0 0 0 0 0 0 0 0 0 0 0 1 0 0 0 0 0 0 0 0 0 0 0 0 0 0 0 0 0 0 0 26 0 0 0 4 0 0 0 3 0 0 6 499839 39 0
